752.000,132.000,330.000,276.000
748.191,137.524,340.795,274.053
742.414,134.621,348.635,274.152
743.073,136.739,348.886,276.540
741.449,135.137,349.538,281.345
745.785,134.487,346.854,285.519
743.333,134.809,344.907,284.732
743.889,135.210,347.444,288.027
742.403,133.211,339.870,291.289
747.813,133.547,342.807,292.663
745.491,131.936,337.803,293.643
748.023,130.299,337.140,296.225
747.746,132.289,337.692,296.765
748.417,131.757,337.588,296.121
747.443,131.866,335.512,298.665
748.514,131.960,342.348,293.386
745.338,133.211,339.186,293.541
747.059,130.314,342.272,294.191
744.335,131.463,340.437,292.624
745.431,129.264,343.868,293.749
744.723,127.498,346.551,289.174
743.655,133.404,353.047,280.508
742.508,132.858,349.585,285.733
745.772,130.232,351.247,288.843
742.845,131.366,349.871,288.429
745.083,128.544,350.380,292.119
745.026,131.574,349.016,292.357
746.333,129.761,346.386,290.262
747.562,129.769,350.458,289.741
745.323,128.789,349.572,288.245
742.482,130.519,354.657,287.752
743.638,129.735,354.762,287.937
741.276,131.062,355.750,287.846
743.092,130.225,354.916,292.480
741.477,129.136,352.645,295.430
745.055,127.240,352.406,294.527
744.239,128.648,349.466,292.989
746.627,126.500,350.519,294.206
742.405,126.805,353.274,290.590
743.050,128.089,355.849,289.836
740.397,129.535,355.990,289.413
744.838,126.403,353.833,293.646
741.226,128.949,353.657,289.711
745.668,129.562,353.833,294.397
748.862,125.759,343.591,294.527
750.459,127.571,345.441,296.720
750.971,125.728,340.072,299.233
753.569,128.056,337.504,299.052
752.381,128.353,336.571,297.484
752.966,128.226,333.368,297.299
753.707,127.822,333.880,300.481
752.127,123.454,332.183,299.287
754.490,126.597,331.926,298.930
754.981,123.326,336.946,298.778
753.729,122.592,339.111,299.045
752.587,124.130,341.072,297.088
753.417,124.315,334.606,298.416
755.828,125.150,337.575,297.605
752.953,124.126,336.478,298.474
756.247,123.476,338.046,297.507
753.828,121.904,336.723,299.280
755.981,122.583,337.182,298.956
754.337,121.955,336.451,300.676
755.145,121.037,338.440,300.336
751.891,120.749,339.164,302.041
747.674,121.757,343.705,304.144
744.844,122.059,348.674,301.198
742.692,121.579,349.027,301.419
740.090,121.425,354.394,303.545
737.279,121.540,357.029,300.891
733.348,120.650,361.930,301.020
731.519,120.015,365.065,301.963
732.475,122.514,368.135,300.637
729.854,117.607,365.516,306.861
726.958,117.410,368.317,306.821
731.715,117.677,366.502,306.649
737.334,117.428,365.224,305.485
736.843,117.312,362.836,305.598
740.122,114.907,360.305,307.073
738.992,116.823,362.067,303.877
735.619,115.974,364.807,303.674
735.577,115.662,362.826,305.800
737.035,113.636,359.929,309.786
738.409,112.899,360.057,310.433
738.394,113.323,362.166,310.519
735.416,111.635,365.204,310.077
734.689,112.093,369.087,309.123
732.845,111.259,371.612,310.550
731.373,109.935,373.290,312.817
728.833,106.408,374.257,312.244
731.076,109.915,378.208,310.690
730.381,109.464,379.066,307.137
730.962,110.558,377.290,307.928
731.768,110.261,375.259,308.476
733.579,109.909,374.555,309.763
732.715,109.621,376.838,308.137
731.754,110.966,381.895,305.944
733.156,110.894,376.964,307.231
733.472,112.329,376.574,304.842
733.770,112.635,376.423,303.575
735.479,112.581,377.301,304.156
732.620,109.131,373.486,306.318
734.216,111.161,374.891,308.371
734.884,109.839,378.719,308.498
733.100,108.617,371.318,309.859
730.694,106.652,375.164,314.169
733.410,106.913,379.127,312.758
727.741,105.446,375.259,314.253
731.674,106.067,369.717,316.986
730.747,105.158,372.885,317.994
730.059,105.818,377.672,315.187
726.420,104.533,371.336,317.408
727.570,106.971,377.111,316.289
727.851,107.607,380.443,317.135
724.044,104.657,382.050,318.850
721.059,105.707,385.438,318.778
721.121,106.221,382.373,319.159
718.098,107.213,385.468,321.428
715.184,105.431,386.790,320.495
714.403,107.586,389.250,321.771
707.138,106.674,392.547,318.788
710.711,110.043,394.082,317.161
709.958,107.552,390.821,318.861
708.768,106.485,388.173,317.822
709.289,109.984,388.304,321.652
706.199,107.333,390.356,323.193
704.023,105.931,392.873,320.135
702.659,106.723,396.030,320.506
701.433,109.128,400.923,321.101
696.752,108.134,401.278,318.725
698.018,108.102,400.488,321.901
693.619,106.999,405.645,318.696
694.396,107.371,402.080,321.686
694.202,109.305,402.207,324.189
692.471,110.210,405.208,327.747
688.360,107.787,409.657,328.941
682.311,108.409,415.017,331.151
676.769,109.740,415.813,336.121
675.126,110.109,420.335,335.049
672.335,110.478,421.020,338.978
666.261,114.029,424.628,340.020
657.959,112.012,429.087,338.884
648.744,111.897,435.870,340.796
648.947,108.592,439.877,337.007
646.989,107.511,443.608,337.087
643.474,108.491,449.567,334.656
641.353,109.378,447.725,337.709
643.180,108.942,448.406,331.211
639.660,109.563,441.883,332.873
640.262,110.804,440.741,331.953
639.916,110.396,440.935,332.316
642.997,110.808,434.245,337.428
640.990,112.310,442.063,330.496
642.294,113.129,439.223,331.974
640.844,116.409,435.497,338.734
640.443,113.956,436.249,341.374
639.380,112.967,440.573,340.947
640.528,115.118,441.543,346.498
637.800,114.771,441.993,349.176
640.664,114.012,436.021,352.818
640.663,113.285,436.085,355.779
638.645,112.818,437.732,357.993
636.625,113.877,440.172,358.392
641.112,112.754,437.125,358.409
637.988,113.990,438.696,360.320
639.411,114.494,436.373,360.855
639.968,115.487,436.092,363.084
639.855,117.265,438.128,363.446
639.902,116.191,437.104,363.059
638.992,116.554,440.466,362.900
638.573,115.804,440.971,363.467
633.471,115.248,443.052,364.511
633.336,116.511,444.496,364.864
631.916,118.720,444.754,365.782
630.949,118.142,447.047,366.724
630.681,119.627,449.667,367.028
627.992,119.508,451.723,366.165
631.135,119.755,452.683,367.971
628.708,121.249,456.066,367.176
623.108,123.086,457.430,366.676
620.819,120.554,455.450,368.666
625.013,119.495,458.231,371.360
615.198,121.043,466.590,369.055
624.019,119.750,461.033,371.928
616.767,119.270,470.115,371.916
623.128,117.795,467.959,374.336
618.664,120.977,473.511,372.333
620.703,118.911,472.839,374.525
617.981,121.573,476.269,372.980
618.342,118.301,475.810,374.099
618.279,119.165,476.099,375.683
621.321,118.470,475.490,375.918
618.546,118.860,478.530,377.230
618.857,119.243,478.126,376.897
619.858,118.316,476.494,375.863
617.083,119.820,480.545,377.103
620.783,118.743,481.403,375.678
619.881,118.715,483.042,377.274
618.120,116.985,484.105,379.178
616.036,119.385,484.446,378.560
615.513,120.051,483.799,374.138
619.878,119.967,486.338,376.853
622.657,115.147,486.945,379.357
624.514,118.778,486.031,379.749
625.275,112.308,478.843,382.589
629.220,115.519,480.301,380.899
627.181,114.831,481.588,383.330
629.568,115.996,483.488,383.901
623.219,112.575,482.886,386.244
629.502,114.446,480.691,386.639
628.028,111.627,479.777,388.850
625.554,116.159,482.812,388.543
628.788,113.439,483.272,385.385
624.175,115.865,484.805,387.198
625.813,112.031,482.258,387.142
622.913,113.825,483.927,388.800
623.305,111.756,488.042,390.304
616.188,113.837,490.631,390.456
617.585,110.494,495.946,386.244
622.686,112.623,495.114,385.832
617.021,112.473,495.984,387.933
612.115,111.807,501.617,388.357
612.022,111.272,501.518,389.051
605.497,111.699,508.837,390.393
597.283,112.435,518.122,388.593
601.929,111.209,517.867,388.660
582.894,109.768,536.046,388.920
595.175,110.414,530.361,387.865
565.172,110.975,548.313,386.889
559.731,110.960,557.349,386.964
566.520,108.629,553.838,389.708
566.948,109.922,554.656,388.313
568.143,109.734,555.999,387.423
560.635,111.945,561.860,386.111
565.010,109.265,561.652,386.617
562.378,109.434,562.688,386.397
555.648,110.060,567.185,386.583
561.918,109.166,562.122,388.230
557.754,108.716,566.732,387.478
563.002,110.050,561.428,388.026
558.031,108.838,565.828,389.527
562.514,108.316,562.042,389.752
560.444,107.281,567.242,390.627
561.777,105.751,562.908,391.562
570.401,105.927,559.751,393.376
564.148,103.342,554.819,398.559
573.471,104.479,553.715,395.192
567.978,104.669,545.932,398.937
574.235,104.683,546.525,398.981
567.709,104.516,554.381,400.749
574.328,105.274,551.376,400.895
574.290,104.269,553.391,403.672
572.399,102.815,551.533,406.699
573.023,101.584,553.217,405.997
572.871,101.914,552.194,405.413
570.535,101.484,555.655,405.534
567.577,101.505,557.309,405.361
566.901,104.117,559.715,405.727
563.494,104.306,562.676,406.702
562.909,103.565,558.019,410.065
559.189,100.711,558.317,414.076
557.999,99.235,566.661,415.641
549.227,98.030,566.321,416.144
551.416,99.820,564.794,414.437
553.146,97.211,566.941,418.731
546.392,97.947,566.345,421.207
546.628,97.123,567.938,421.552
550.480,97.523,565.746,421.742
550.979,97.733,571.870,422.694
545.905,96.738,573.879,425.751
536.933,95.786,576.023,423.285
534.392,96.758,578.343,421.702
530.894,95.993,579.357,422.466
522.981,93.598,583.815,424.635
523.686,95.603,591.187,424.475
522.777,94.853,590.374,424.063
515.156,95.125,595.759,425.526
508.623,93.232,602.465,426.691
504.891,96.653,606.441,423.154
507.783,95.916,605.956,423.888
497.518,95.495,614.313,422.700
500.551,95.708,613.547,423.672
502.312,93.083,609.502,426.539
503.923,92.280,608.894,428.291
503.799,94.047,606.082,427.608
505.849,92.466,605.272,431.307
505.110,90.039,606.417,431.061
505.060,92.030,605.875,432.515
503.859,93.003,607.856,430.231
501.156,95.510,609.055,430.487
504.925,94.860,605.480,433.382
507.969,92.245,603.195,438.248
506.732,93.881,600.313,440.606
507.507,88.626,601.584,447.819
508.490,87.278,596.644,448.959
501.839,90.996,602.532,446.586
504.538,87.699,604.985,450.594
496.522,88.625,610.630,451.476
491.783,87.444,611.670,454.159
495.966,84.324,614.252,457.675
485.424,82.970,628.090,459.649
482.762,84.499,635.060,460.360
478.581,83.343,633.861,461.747
476.296,82.898,636.719,464.683
473.165,83.052,639.936,467.411
467.046,80.641,642.239,471.304
463.422,79.931,645.967,475.694
458.655,79.012,651.866,479.302
456.689,75.232,655.821,481.392
455.658,74.342,657.348,484.441
455.537,74.869,661.335,485.678
448.383,75.758,670.822,485.005
449.374,77.425,675.311,485.715
443.241,74.261,681.837,489.313
442.456,70.870,688.079,490.158
434.153,72.306,684.325,490.879
431.463,72.006,687.117,491.406
431.967,72.029,687.276,491.838
429.909,72.399,689.749,490.548
425.729,72.061,693.633,492.166
429.552,71.452,690.246,492.984
425.572,70.734,692.330,495.248
419.918,72.966,694.970,494.130
421.142,72.964,691.271,495.858
421.513,71.651,694.426,497.704
421.525,68.775,692.156,497.894
421.958,67.183,690.901,502.881
423.635,64.187,691.208,507.825
404.276,65.605,713.007,507.380
392.025,64.201,730.507,507.634
367.312,65.930,744.642,506.586
368.553,71.277,742.945,504.902
374.927,74.128,742.073,501.941
360.125,71.366,761.904,503.148
355.975,70.454,757.137,506.115
336.040,71.048,768.772,507.340
345.035,68.287,771.772,505.969
323.518,70.422,775.311,507.966
327.076,68.003,775.969,508.044
330.645,64.810,777.166,512.037
329.413,69.174,766.712,514.687
341.432,64.655,776.143,516.966
332.797,67.481,763.290,518.100
339.772,64.505,768.943,522.001
338.743,66.345,775.280,522.420
336.521,65.199,762.922,528.158
339.414,63.545,753.325,531.102
336.330,61.054,766.353,531.389
333.568,62.994,757.968,534.394
332.282,64.376,758.388,540.242
337.002,61.400,768.557,538.608
331.274,65.757,767.878,540.495
337.823,63.665,773.445,544.294
325.571,66.168,783.845,548.498
327.622,65.911,764.838,550.510
332.199,61.277,778.291,556.490
331.466,65.608,781.959,556.860
330.231,58.632,780.905,563.321
325.528,61.746,781.210,570.080
318.736,55.239,787.289,579.353
