258.000,230.000,424.000,311.000
267.284,240.594,423.260,306.820
274.051,252.250,420.485,302.531
284.113,263.016,417.223,295.467
281.719,267.186,416.056,293.057
282.817,264.866,419.178,290.920
281.916,259.285,424.326,288.012
279.536,250.587,426.141,286.414
282.371,241.082,435.076,286.173
286.291,235.209,442.199,281.895
291.440,228.688,445.970,281.662
298.679,239.922,453.187,277.087
315.954,246.535,462.200,272.121
329.378,248.903,466.285,270.163
340.989,255.048,475.455,266.621
344.057,259.132,481.140,265.717
347.832,263.203,486.502,268.626
355.277,266.999,492.154,266.660
366.041,275.662,495.243,262.653
372.051,281.098,501.712,259.580
372.121,282.974,501.848,256.615
362.573,285.533,503.188,255.176
358.987,287.945,506.616,255.009
356.356,291.680,510.576,254.345
360.460,292.976,510.940,253.391
361.066,294.486,514.643,253.037
355.545,299.718,516.408,252.338
351.431,301.576,519.303,253.319
340.283,305.169,521.526,252.767
330.326,304.908,521.251,255.481
333.737,307.380,526.221,255.106
332.048,310.426,522.971,253.843
341.278,306.779,520.243,254.477
338.733,309.739,516.421,256.472
335.518,311.811,513.651,257.038
327.816,314.097,510.973,257.496
321.068,319.333,504.171,254.881
314.481,318.626,494.268,258.187
319.212,314.166,483.863,264.330
316.501,319.961,482.045,265.815
310.924,323.434,483.764,261.706
314.221,313.523,481.201,257.621
324.131,298.216,482.108,255.716
324.217,270.172,481.396,252.417
326.496,243.637,475.393,251.717
322.941,226.935,472.827,251.227
318.179,214.260,470.879,253.167
313.551,211.229,472.388,257.291
308.544,211.207,482.405,257.202
315.020,209.002,485.123,256.028
311.787,206.247,479.453,259.062
313.414,203.245,471.145,262.127
311.441,202.686,465.148,263.389
308.554,197.176,462.553,267.045
305.560,194.622,458.978,272.836
302.611,189.926,451.570,277.206
301.931,191.072,450.087,278.877
297.752,188.103,446.572,284.918
291.163,189.995,446.031,288.068
292.660,190.614,442.275,290.226
290.544,186.787,445.440,295.132
291.954,185.416,442.097,299.805
285.688,183.582,445.052,305.227
280.512,182.398,448.881,308.890
283.067,175.885,447.650,314.738
285.339,175.967,447.037,315.374
280.873,174.212,450.329,319.184
287.097,175.534,446.452,321.310
287.826,175.847,444.625,325.894
290.910,173.832,441.163,326.014
290.534,174.913,439.994,330.398
290.867,174.958,436.011,331.573
293.060,173.875,435.973,332.262
289.699,174.383,437.220,331.944
289.041,176.239,438.975,329.169
298.695,174.004,433.839,327.744
302.037,177.827,432.166,320.591
297.806,175.246,434.084,322.934
303.574,176.585,428.553,321.568
308.600,179.321,425.500,321.893
316.630,178.113,424.558,324.948
316.423,177.896,422.981,325.880
318.428,176.738,423.710,328.967
316.677,176.557,427.409,327.719
320.352,174.758,426.469,329.213
323.387,172.507,426.728,331.820
327.334,170.982,426.979,331.549
330.541,171.180,427.212,331.862
336.291,170.839,426.126,330.198
344.402,173.743,425.467,329.500
350.960,177.049,425.087,325.717
356.030,178.264,426.271,324.150
359.384,178.245,429.066,324.210
364.281,180.491,432.148,321.965
367.026,183.910,434.313,318.946
365.863,191.317,437.153,312.876
369.354,190.935,436.996,312.726
369.957,197.517,439.145,307.871
373.258,200.139,437.455,301.364
375.268,203.281,437.051,297.812
371.908,209.280,442.416,291.558
374.057,216.791,444.884,282.607
375.016,223.989,448.360,275.441
373.469,229.149,452.437,271.866
373.101,235.420,456.022,266.542
371.054,235.504,457.419,265.928
376.816,235.307,454.896,267.824
378.904,236.694,457.959,267.848
378.255,234.936,463.214,267.352
381.111,236.433,467.669,265.464
380.034,231.037,475.636,267.427
377.386,233.777,485.998,266.112
382.818,233.543,492.945,265.793
386.216,231.314,494.937,265.458
384.477,233.440,497.544,263.176
385.621,231.350,494.907,265.380
388.602,230.796,499.772,265.607
387.282,224.657,502.242,269.774
386.868,223.392,500.610,271.720
386.386,221.324,499.770,271.215
390.497,217.124,502.075,274.255
389.300,214.309,496.592,275.175
391.180,210.510,489.745,277.461
387.485,207.703,482.343,277.052
381.296,208.113,474.529,278.769
384.229,208.284,468.138,280.328
383.648,205.284,461.866,284.531
382.426,203.217,458.612,288.432
382.718,199.518,457.202,293.181
382.745,196.248,456.546,294.116
381.591,196.619,457.664,293.622
382.264,196.946,457.781,295.212
378.352,197.575,463.205,297.175
376.946,204.459,466.417,294.136
377.785,209.486,470.635,289.001
376.401,217.779,475.143,282.778
374.680,224.249,479.361,276.042
375.486,229.469,480.679,271.700
373.971,230.019,484.218,273.229
369.046,233.474,485.449,273.718
367.224,234.106,486.348,278.026
368.071,235.282,482.326,278.570
364.642,236.951,480.436,278.225
365.708,237.022,478.307,278.731
363.082,241.576,480.236,277.782
364.013,245.034,478.595,277.632
356.932,247.711,482.675,277.054
360.796,252.164,487.492,271.759
357.902,250.386,484.873,271.567
353.789,253.886,496.122,269.686
358.351,257.936,485.441,266.456
361.880,254.974,483.514,267.174
361.479,260.743,478.153,264.499
353.272,268.840,480.577,267.448
351.616,271.652,478.548,268.009
345.209,277.773,480.939,265.858
349.548,273.202,481.707,265.334
352.193,272.687,477.458,264.368
351.297,274.381,474.917,268.081
350.579,276.864,474.105,268.376
349.827,278.975,475.089,263.414
349.876,280.401,475.521,261.628
351.690,275.779,475.475,262.384
353.457,272.537,471.840,262.866
347.952,268.724,473.597,263.548
347.238,269.100,473.278,261.442
348.354,269.235,470.145,259.965
343.935,273.489,468.076,259.016
348.687,273.019,470.612,258.713
349.922,274.957,473.073,258.058
347.442,278.533,471.748,257.391
345.088,274.807,473.109,261.130
340.022,281.764,475.773,257.249
343.485,278.353,479.269,257.037
341.449,278.191,482.316,258.095
336.733,274.487,490.160,260.333
334.267,275.721,492.120,259.579
330.884,273.529,495.646,262.285
337.616,275.547,502.092,263.529
333.339,275.398,492.520,263.775
335.669,273.244,499.962,264.309
337.407,278.791,503.180,260.039
334.313,273.850,499.369,264.225
334.873,279.039,496.327,262.581
339.605,273.057,493.270,265.551
340.091,273.233,486.361,268.263
345.208,267.152,486.000,271.667
341.415,271.886,480.595,272.207
342.404,268.146,474.303,275.173
345.602,266.647,469.290,276.874
347.788,264.403,460.397,279.825
349.817,265.233,456.181,279.771
352.340,260.067,449.729,282.578
355.108,263.377,447.211,280.777
357.112,260.049,444.461,282.519
360.546,258.616,442.581,279.101
363.543,259.449,441.387,280.580
366.460,260.830,438.355,283.522
364.943,255.928,434.485,287.117
375.401,258.909,429.492,290.556
379.767,257.972,423.622,293.692
387.280,259.254,420.751,296.235
392.566,260.447,421.589,300.549
390.968,263.779,420.625,299.987
396.451,266.821,418.995,298.816
393.269,266.842,420.707,299.887
390.281,265.472,427.710,300.424
386.635,263.030,425.962,299.401
384.556,262.109,420.838,299.776
382.010,264.849,413.291,297.221
379.265,265.350,407.319,295.559
380.845,266.985,405.105,292.953
387.110,271.313,400.527,288.572
383.349,271.888,402.968,288.121
382.758,271.063,399.834,289.155
383.242,269.073,400.110,292.751
381.369,269.605,406.980,299.468
377.553,271.027,413.307,304.602
375.087,271.040,422.652,312.683
368.257,275.218,434.477,317.604
363.175,278.703,446.649,321.459
368.432,281.286,458.323,321.011
372.204,279.456,466.565,318.959
376.040,281.725,461.330,320.669
384.910,283.037,473.080,320.741
374.123,289.146,494.191,320.628
371.031,300.005,518.004,321.520
355.138,302.626,532.146,326.520
353.138,307.458,533.991,326.327
358.707,299.048,524.780,331.751
373.787,292.090,527.672,336.091
374.819,298.146,531.304,332.912
377.442,291.477,525.924,337.032
381.836,305.859,528.383,329.879
383.819,306.473,535.755,326.189
384.692,298.727,538.360,334.015
389.068,308.299,539.224,331.009
392.674,305.511,540.080,334.681
397.724,306.598,538.287,334.233
402.249,297.335,539.413,340.271
413.128,300.162,540.067,339.852
409.909,303.609,545.505,339.313
417.012,304.466,542.633,344.228
420.385,310.774,542.402,343.419
426.397,315.256,546.304,341.368
431.262,317.923,546.573,337.885
431.181,313.816,540.608,345.715
430.814,312.037,529.725,350.844
438.146,306.787,528.949,357.979
434.057,305.952,526.169,360.017
437.605,302.939,527.420,363.616
453.865,299.922,533.355,363.767
458.587,294.000,533.602,362.553
469.925,293.881,523.973,359.528
481.124,289.474,515.562,362.492
485.989,289.103,512.461,363.950
496.544,282.828,513.947,366.578
495.284,282.774,507.723,364.813
489.733,272.423,488.633,372.546
495.450,259.582,481.516,376.743
500.226,245.947,493.333,382.481
498.600,236.002,494.067,387.723
504.205,224.107,498.844,392.847
499.876,225.028,507.715,391.312
494.497,219.385,517.741,392.214
489.132,216.877,516.249,392.842
487.856,206.606,521.173,394.312
486.292,195.177,521.196,393.916
482.297,187.935,524.769,392.221
475.200,181.360,528.582,395.445
472.002,178.381,522.671,399.851
460.593,175.727,525.259,402.695
454.646,167.336,520.803,410.192
445.233,163.824,518.588,416.381
437.459,158.947,517.160,420.588
434.923,151.042,512.836,427.103
435.267,147.242,508.585,433.560
426.493,145.687,506.424,436.214
422.229,148.173,504.809,438.270
416.849,154.414,499.589,437.866
420.626,158.431,490.443,436.930
417.342,162.399,492.192,435.703
428.288,165.909,486.898,432.434
426.953,172.077,488.260,427.926
429.270,175.812,487.595,421.267
419.211,176.630,493.560,418.620
426.904,180.081,485.734,418.227
436.869,186.262,477.061,413.137
426.423,192.893,479.142,408.762
433.856,194.468,470.823,406.658
430.512,194.750,471.401,406.946
432.345,197.779,472.034,402.097
428.386,198.645,471.646,397.308
423.774,202.356,466.257,385.437
428.227,199.813,460.028,376.563
420.099,205.077,451.758,364.606
421.319,210.119,451.240,357.489
413.393,206.064,431.129,356.902
410.384,205.719,424.829,352.099
408.457,199.330,408.799,349.932
406.018,195.259,399.550,348.180
401.636,189.558,396.308,349.882
398.683,187.772,387.163,350.845
397.441,182.835,379.861,350.717
391.362,182.310,379.788,348.350
388.985,175.660,372.091,347.750
385.374,168.947,366.814,349.876
382.954,164.690,363.333,354.583
380.253,164.564,364.711,353.094
383.456,164.989,376.897,354.169
396.496,172.735,420.638,353.273
399.994,180.212,467.979,351.439
391.365,179.695,477.674,351.766
387.127,174.675,481.769,357.227
380.729,176.351,482.736,357.230
381.020,175.494,486.722,351.482
381.092,173.069,485.437,345.888
377.145,177.766,477.269,344.422
379.404,176.339,478.184,339.622
373.371,174.126,476.963,338.952
373.725,169.519,475.325,338.927
367.562,164.098,474.280,340.962
359.012,163.222,469.736,334.059
364.075,155.904,470.029,327.637
363.002,153.198,463.625,322.891
358.233,149.422,461.902,319.994
355.129,149.972,456.245,314.754
353.381,147.251,448.002,310.797
351.208,146.941,442.421,308.599
353.323,140.591,431.268,312.117
354.977,134.152,419.072,317.941
354.110,129.746,413.551,322.202
353.905,130.564,404.051,329.416
357.956,120.044,395.148,335.185
362.950,121.470,392.205,335.823
363.704,122.769,384.897,338.024
364.944,122.834,375.234,341.382
364.152,121.258,362.702,343.944
367.129,117.996,352.358,346.149
370.522,120.624,342.489,340.525
372.566,120.571,338.208,333.753
375.429,124.076,340.009,326.706
379.495,132.720,339.536,321.966
377.446,141.510,341.708,313.715
376.536,144.290,346.551,304.411
382.165,149.393,346.393,297.077
386.467,152.819,342.323,288.247
389.738,154.962,337.302,282.961
395.471,154.314,331.948,281.057
395.331,152.711,327.780,277.972
398.437,153.553,324.941,277.971
401.752,150.749,322.375,276.527
405.140,147.808,318.373,275.023
408.898,147.524,316.641,273.384
413.436,144.122,316.198,269.734
416.994,144.261,313.281,265.751
422.319,140.883,312.799,263.630
423.697,142.568,313.971,261.949
432.610,143.868,310.989,262.994
440.013,142.867,310.449,259.870
445.421,144.693,309.477,258.460
450.392,147.745,313.196,254.780
452.973,152.647,313.014,251.014
456.338,155.460,314.205,247.766
460.053,159.298,315.072,244.855
460.452,162.550,319.494,243.556
462.529,166.273,322.486,241.580
467.290,168.543,324.508,239.594
480.356,173.542,319.050,240.916
484.533,173.045,315.120,240.379
490.698,177.294,313.478,238.664
495.234,179.777,311.516,236.516
497.279,179.797,310.266,237.452
495.602,184.873,309.233,233.990
491.405,180.398,308.808,236.471
488.353,173.558,305.585,245.698
482.515,175.506,305.076,246.123
473.465,167.209,304.054,248.283
465.950,168.708,303.917,247.958
453.534,163.708,302.764,247.877
443.912,159.086,301.266,252.009
434.125,154.165,297.499,254.936
423.739,151.398,296.637,255.788
411.675,145.015,296.976,259.647
402.750,138.231,298.805,266.857
400.530,131.919,296.815,271.215
389.424,127.195,299.528,274.015
369.259,121.167,306.352,279.824
357.033,119.364,326.234,283.485
338.333,109.366,342.381,296.223
330.941,103.430,370.405,305.652
326.867,97.119,399.775,311.140
317.860,93.468,422.578,318.112
318.061,86.073,429.787,327.619
328.799,84.080,431.693,334.145
341.282,82.267,425.969,340.475
348.292,79.854,414.315,346.277
363.023,81.874,396.786,346.267
361.404,82.817,387.483,344.952
368.376,82.288,369.116,345.824
383.218,78.746,364.698,346.159
390.232,77.768,373.459,346.549
398.946,76.107,393.690,346.904
404.139,73.291,408.100,347.650
402.642,72.684,416.988,351.497
414.184,74.697,433.840,351.336
413.863,81.576,454.810,342.149
410.131,90.082,470.823,334.554
406.282,101.423,481.286,325.312
410.380,102.478,485.644,319.244
414.057,101.843,483.058,315.784
413.170,100.556,481.531,314.749
410.015,104.287,479.848,309.963
413.871,108.967,479.966,305.844
417.368,114.813,481.242,302.110
415.111,114.064,482.780,297.230
418.918,114.992,480.255,295.669
425.537,115.002,478.248,292.120
413.346,111.579,481.577,295.503
406.053,106.782,482.366,302.208
399.227,102.898,484.253,305.347
396.540,101.529,484.780,313.451
390.582,102.152,485.172,320.740
386.973,104.086,491.428,325.868
373.945,117.229,502.866,324.583
380.351,133.620,491.960,317.113
380.524,148.505,484.689,307.922
386.089,158.066,467.615,297.123
390.737,158.922,447.871,289.065
395.087,164.102,420.542,280.451
401.711,160.414,386.310,280.041
404.887,159.253,363.178,283.768
400.962,161.253,349.164,288.794
400.954,152.746,341.782,293.805
402.238,151.405,337.879,297.472
401.238,150.672,341.158,304.825
404.688,149.730,345.074,307.129
407.384,156.062,352.312,310.447
415.453,161.057,361.873,312.410
416.314,164.909,373.415,311.698
408.741,170.204,386.920,309.373
410.852,175.467,396.090,305.293
403.471,177.981,411.056,307.745
395.841,183.176,419.494,308.002
397.305,183.406,424.828,304.585
394.303,184.369,432.806,301.148
388.210,188.437,440.668,298.539
385.966,185.404,446.236,298.977
383.193,188.833,449.787,296.993
378.278,183.919,449.156,299.553
379.588,190.248,442.204,294.720
376.494,184.765,440.516,295.919
377.453,181.647,430.485,298.869
379.233,175.184,420.019,303.689
378.986,166.703,407.629,312.502
380.946,167.061,395.234,316.585
382.699,160.533,382.274,323.045
386.002,159.885,371.561,327.185
391.018,162.097,362.619,328.187
397.747,159.985,353.593,332.376
404.804,157.664,353.538,336.134
404.149,162.469,344.324,332.553
406.569,162.346,336.249,330.145
416.023,165.657,331.429,328.337
414.440,168.483,327.893,325.340
412.612,173.087,326.745,320.800
413.680,176.733,324.186,315.201
413.887,188.071,320.791,304.527
411.548,193.092,313.815,299.161
411.253,196.351,306.955,290.146
412.297,204.915,302.137,280.009
413.275,205.444,301.189,274.125
414.335,207.076,295.263,268.992
418.001,213.150,294.181,266.216
419.348,213.973,293.017,264.608
419.457,212.735,291.891,267.633
418.807,210.848,293.090,269.851
418.605,215.020,292.378,270.482
412.907,213.176,296.582,272.085
406.526,220.424,300.958,267.619
402.135,227.795,303.208,265.176
399.042,233.946,304.552,261.793
395.579,242.013,310.247,260.765
396.702,246.930,307.016,258.702
394.882,253.515,304.880,254.751
392.427,256.293,302.637,253.605
390.374,261.787,302.025,250.827
387.236,267.477,303.390,247.428
391.354,264.001,300.637,249.695
394.407,264.521,299.177,251.771
399.387,262.072,297.956,253.444
407.937,259.615,296.754,253.072
409.938,260.494,295.562,251.168
415.285,261.412,293.836,249.218
421.575,259.121,290.569,249.006
422.722,255.388,289.626,250.976
424.399,256.725,289.269,250.275
425.066,255.047,290.376,250.371
423.094,250.753,292.791,253.210
422.059,246.311,293.872,256.623
420.910,245.662,295.456,260.632
419.495,241.827,297.168,265.200
422.830,239.010,291.729,271.638
419.771,237.329,298.153,274.370
415.995,233.204,289.349,278.179
413.743,231.054,294.138,280.961
411.032,226.298,291.545,284.485
408.652,222.171,290.936,285.845
407.459,220.266,291.679,287.085
410.576,212.979,294.512,290.558
406.772,205.194,300.229,291.836
414.015,199.646,307.803,293.475
410.529,194.977,311.600,292.799
393.065,192.321,325.276,292.002
397.834,184.037,326.084,294.277
383.653,181.615,337.039,293.372
370.469,184.316,349.724,290.508
366.045,181.407,354.210,291.241
357.149,174.830,363.078,294.260
348.941,169.155,371.193,295.550
345.438,164.933,380.525,301.783
332.842,159.523,388.590,300.320
341.331,153.654,393.918,303.967
323.950,146.799,401.139,313.507
328.024,143.959,414.172,316.840
