57.000,53.000,267.000,190.000
60.006,52.817,267.249,192.790
57.368,52.768,265.633,195.077
56.158,61.234,268.380,188.912
95.680,89.934,252.769,177.534
93.869,99.505,254.920,160.324
105.781,98.536,253.036,151.626
126.392,100.514,233.565,151.939
141.335,80.467,211.018,157.422
153.723,69.290,196.908,164.054
154.267,64.522,191.787,165.215
149.061,68.802,194.813,160.317
145.070,73.958,196.655,157.554
155.599,87.761,190.221,150.571
159.578,90.608,185.535,142.624
169.458,97.575,177.058,135.285
173.226,95.114,171.608,131.409
174.263,95.570,167.851,125.675
174.432,100.430,166.075,121.061
175.854,99.211,164.677,117.721
178.194,101.735,163.847,113.542
180.118,101.840,162.142,109.632
176.786,103.804,162.954,106.486
177.414,105.021,164.817,104.344
176.982,106.648,165.044,103.121
176.713,106.676,163.963,103.668
179.294,106.608,162.915,103.523
178.557,106.582,163.226,101.581
176.975,106.355,164.746,100.822
174.709,106.385,166.959,101.212
175.247,107.929,167.684,103.477
169.039,105.561,170.967,99.725
171.207,107.553,172.837,99.943
169.069,107.585,173.036,99.757
175.585,108.276,168.482,101.088
175.098,107.450,165.851,102.547
180.542,107.330,164.311,102.703
178.866,104.776,163.307,100.520
180.718,107.043,164.017,99.099
178.674,106.721,163.464,98.710
179.583,107.606,163.276,100.085
178.002,106.572,163.967,99.007
179.311,107.993,164.020,99.983
175.373,107.884,165.190,97.874
178.086,107.758,166.502,97.923
175.405,108.869,165.147,98.317
179.179,109.227,165.395,100.179
168.124,107.911,170.196,98.296
169.056,108.496,172.843,99.000
166.125,108.438,175.647,100.540
166.351,109.790,176.796,100.012
160.721,110.008,180.831,99.686
161.376,110.414,181.371,98.769
169.281,110.884,176.455,101.511
160.295,111.265,180.010,101.318
153.912,110.667,186.057,100.982
153.785,112.721,187.629,103.289
157.197,111.004,185.370,105.233
153.719,111.383,187.766,107.338
152.012,111.155,188.867,107.594
146.833,114.328,193.819,107.893
139.656,114.902,200.298,109.373
127.763,115.458,209.684,113.435
134.413,104.516,204.473,127.575
123.213,84.625,209.838,143.235
109.703,80.373,222.316,156.654
102.316,74.476,232.684,155.138
125.496,78.238,217.097,158.635
147.856,77.517,198.932,159.336
153.692,75.811,190.543,156.600
122.848,97.445,203.888,139.052
174.127,104.966,180.402,141.078
189.638,42.896,154.380,169.675
199.705,38.325,140.538,184.904
198.651,41.538,135.928,186.367
198.015,34.845,131.366,191.785
174.324,49.585,145.141,174.834
154.933,45.923,154.327,168.934
136.751,56.377,168.315,161.794
108.015,66.738,191.908,160.244
75.434,61.449,221.495,158.475
61.527,64.682,243.822,156.295
57.393,64.598,254.418,159.051
53.210,61.737,260.301,163.882
50.337,70.745,271.406,161.369
73.518,98.955,263.176,154.698
80.757,102.571,261.435,143.939
95.288,100.783,248.494,143.278
135.484,63.473,216.284,165.885
155.858,38.249,189.957,187.970
168.463,33.176,172.494,199.524
173.205,33.001,161.135,204.499
142.020,51.253,172.803,187.470
148.060,48.291,173.703,181.331
129.231,49.823,185.587,179.410
113.502,54.845,196.319,190.603
107.369,54.347,205.874,199.794
107.918,50.183,209.499,206.927
109.016,49.187,213.523,210.122
106.546,61.517,215.889,207.750
124.408,86.248,215.646,182.174
105.525,93.328,232.662,158.826
119.945,104.273,223.969,152.582
142.010,105.361,204.407,152.145
129.188,100.178,209.020,141.128
116.774,101.242,218.098,129.614
132.990,102.986,211.476,125.745
137.432,104.303,201.927,124.379
133.870,102.971,202.603,117.301
148.208,105.214,194.302,115.806
157.387,104.260,182.463,117.030
163.961,103.215,174.090,114.143
163.330,101.407,171.454,107.659
174.921,102.628,162.128,106.704
183.551,103.832,152.837,107.783
182.684,101.630,150.456,103.944
189.200,102.298,145.969,101.913
200.204,85.676,130.296,119.198
196.088,75.457,125.881,133.947
211.185,73.034,114.089,150.781
199.867,68.426,119.235,154.685
198.863,67.780,122.394,157.666
192.332,68.083,128.445,160.924
175.171,70.022,142.458,161.821
160.555,70.563,155.913,166.053
142.729,70.796,171.560,172.185
141.651,75.911,179.207,178.839
141.969,100.920,185.816,164.763
124.160,100.275,203.305,140.407
104.096,102.443,224.706,122.245
111.580,109.812,225.216,118.071
98.786,108.573,233.976,113.789
110.699,110.597,227.909,114.336
104.667,109.346,230.268,113.067
117.778,110.618,222.218,114.119
121.083,108.898,218.719,113.128
103.458,108.324,230.534,107.731
118.903,94.469,220.005,118.564
138.691,75.334,196.421,134.708
133.115,72.559,192.152,152.263
123.297,71.570,196.113,166.885
118.654,68.670,201.433,179.778
118.738,66.286,203.954,186.188
121.983,64.385,203.755,189.761
118.869,65.932,205.127,190.284
137.558,82.138,199.332,174.912
114.876,100.807,216.378,151.966
119.894,103.481,219.084,142.373
131.261,76.445,210.874,149.279
159.625,55.831,187.772,166.816
169.844,62.491,173.526,170.809
177.968,52.949,163.891,177.436
179.528,42.762,158.463,185.231
181.403,38.344,154.347,189.605
156.171,52.249,168.173,175.277
115.645,61.857,198.693,155.815
141.484,67.674,190.585,155.548
121.991,65.425,201.875,145.345
112.915,67.206,211.097,140.551
111.718,70.362,215.570,142.736
109.121,70.222,218.416,141.832
120.682,71.386,211.544,145.215
93.555,67.800,227.348,135.596
110.652,77.878,220.957,142.006
73.225,98.752,249.522,123.056
131.578,116.214,219.931,135.207
122.356,87.798,213.270,141.342
137.726,67.419,199.961,154.829
128.802,47.857,202.132,167.689
134.597,45.931,199.587,181.312
141.048,47.865,195.948,188.134
138.819,38.351,195.900,193.626
135.901,44.045,199.423,195.630
131.975,40.109,202.147,197.138
129.865,41.425,202.693,196.777
128.992,46.861,204.477,194.816
112.569,33.845,212.310,201.188
93.875,54.397,226.932,187.081
106.809,39.727,222.291,198.092
140.552,31.410,198.692,216.769
132.608,92.214,195.763,208.435
174.910,56.030,171.711,232.499
221.244,73.191,154.405,243.931
237.552,52.589,159.961,255.157
221.128,43.730,141.515,276.218
225.203,41.916,131.920,282.793
227.374,39.809,130.177,285.258
232.485,39.433,133.157,284.977
230.853,41.910,134.111,284.364
226.500,42.087,132.250,284.708
224.023,42.437,122.664,287.417
227.137,41.462,116.506,288.088
225.777,40.027,109.790,288.134
225.514,45.724,107.045,283.521
226.871,43.124,103.722,283.356
227.612,44.941,101.626,283.343
228.742,41.814,99.875,282.634
229.269,43.471,98.894,281.549
228.912,43.699,98.296,280.249
228.997,45.591,98.843,280.143
229.344,45.112,98.583,279.730
228.840,47.110,98.942,278.792
229.761,46.853,99.264,278.854
228.363,48.553,98.464,276.872
228.256,47.631,97.675,276.974
226.993,49.382,97.806,275.101
227.026,46.742,97.875,277.756
226.946,46.631,98.573,279.122
226.173,44.052,98.551,281.240
226.409,46.060,98.599,280.393
225.152,46.301,97.868,281.912
224.278,46.557,97.890,280.818
224.526,47.788,97.978,281.547
224.713,49.846,97.498,281.131
225.298,49.973,97.683,278.989
225.343,49.475,96.554,280.121
224.536,49.856,96.510,279.009
224.559,50.209,96.114,278.438
224.201,51.528,96.082,276.459
224.413,52.727,96.710,274.986
224.693,51.865,96.075,275.656
225.692,52.211,95.914,275.487
225.441,53.118,95.604,275.056
224.848,52.884,95.833,274.268
224.475,53.840,95.995,272.766
225.136,54.823,95.924,270.814
244.343,63.949,140.992,228.513
218.013,90.900,167.702,186.782
201.476,117.039,192.709,157.702
189.137,124.654,209.988,140.571
188.620,111.303,213.522,140.457
186.588,114.180,216.443,135.684
210.273,86.448,192.897,155.959
210.927,115.871,178.268,169.011
210.248,93.066,162.081,186.201
211.342,87.433,145.091,195.806
216.979,70.989,137.220,192.107
214.368,68.369,123.742,190.927
213.553,69.994,111.389,200.064
215.548,62.893,100.590,209.215
218.714,62.365,93.118,210.659
217.805,61.401,88.667,209.788
218.225,60.062,87.494,204.472
218.673,61.222,86.277,202.602
218.495,62.079,86.017,197.303
214.449,66.999,89.983,188.456
213.465,64.831,99.943,183.763
152.015,50.026,119.516,150.870
143.369,61.301,133.846,136.159
124.370,68.794,153.922,134.732
144.402,67.812,145.276,150.539
139.676,68.274,148.690,150.460
111.356,67.302,169.507,144.325
80.591,65.377,196.584,140.771
64.326,69.149,216.439,147.740
57.428,68.421,230.142,156.264
50.200,66.157,239.298,158.655
46.183,63.658,246.145,161.736
44.003,60.592,250.941,166.056
44.533,57.684,253.661,170.436
44.303,56.257,256.059,173.942
44.073,56.672,257.370,177.055
42.295,55.123,259.708,175.963
43.958,65.457,262.266,173.589
74.900,77.944,245.689,169.744
90.992,73.263,228.524,175.083
118.718,41.375,201.324,198.386
105.582,42.311,201.462,199.185
89.789,50.446,210.375,188.783
92.990,59.126,212.406,184.999
81.753,61.696,219.138,179.135
77.679,68.278,227.778,169.897
70.799,66.338,233.154,161.922
60.851,71.532,238.321,153.935
64.302,76.688,241.513,148.382
68.531,80.395,241.600,147.943
65.637,78.279,243.482,146.297
79.181,81.506,234.047,149.762
67.763,80.467,234.606,147.131
45.063,75.607,248.714,136.136
70.994,83.830,240.065,144.879
43.649,79.391,251.129,139.006
45.823,83.288,251.969,144.164
42.083,80.222,258.137,143.185
44.427,81.822,256.298,145.481
55.358,82.248,251.197,151.592
61.118,84.794,246.550,158.309
58.467,83.314,244.142,160.663
62.686,84.896,239.214,164.867
83.472,83.020,223.676,171.866
84.765,84.171,214.687,178.672
85.714,81.361,212.139,182.251
90.040,83.090,208.154,187.024
98.084,81.631,201.288,186.425
98.378,81.725,198.640,188.287
96.139,82.937,196.604,191.849
100.503,80.531,194.747,189.422
101.168,86.941,189.219,199.586
106.301,83.625,186.968,204.628
106.919,83.546,187.293,210.598
107.695,81.133,187.926,210.906
110.524,81.206,187.747,212.365
115.257,82.631,185.879,214.512
116.449,82.579,181.298,218.977
119.680,81.629,178.490,214.868
131.003,84.594,168.339,218.153
139.287,81.280,164.783,213.259
130.212,83.819,163.188,217.374
131.471,78.028,164.456,210.470
133.339,84.520,161.545,214.725
146.075,81.389,155.064,211.374
155.223,85.169,144.358,214.797
156.426,85.237,137.067,214.846
153.386,84.183,139.577,213.632
152.068,84.471,140.978,212.791
154.274,83.712,140.804,209.835
158.794,84.290,135.155,210.416
165.648,84.010,129.246,207.675
164.584,88.492,124.023,214.681
167.141,80.220,126.324,207.628
159.489,85.575,127.676,208.542
161.932,87.081,127.790,211.929
166.333,81.252,130.347,205.363
167.892,86.413,127.018,208.084
171.881,88.576,125.242,212.255
172.478,81.399,127.430,206.432
168.679,83.898,130.512,202.498
171.060,87.062,127.329,206.493
174.143,88.389,124.128,213.976
176.335,83.436,125.475,211.091
177.631,84.325,123.712,209.495
174.984,85.458,124.258,209.229
173.282,84.271,128.573,207.136
172.119,86.173,128.062,208.977
175.950,86.148,127.808,208.032
178.810,86.975,125.019,210.935
179.814,86.547,124.790,209.625
176.672,85.826,125.469,207.761
174.468,87.686,127.176,208.024
174.365,86.812,129.272,205.713
174.526,87.742,129.662,206.236
174.581,87.201,130.086,205.063
174.052,87.595,130.874,205.506
175.198,87.143,131.524,203.265
174.419,88.500,130.327,203.618
171.783,101.651,138.807,193.958
127.579,98.481,174.947,156.718
153.490,94.208,171.926,147.509
167.716,85.231,161.373,146.830
170.659,82.440,155.830,145.766
178.903,52.645,147.260,156.223
168.622,94.204,151.469,142.408
176.153,93.621,149.468,136.094
138.416,51.656,157.234,125.510
165.191,64.926,139.356,138.260
165.763,62.840,134.980,143.555
162.838,60.293,136.568,139.959
172.807,59.374,131.199,137.857
168.236,59.558,131.031,134.870
171.258,64.930,130.226,129.533
125.758,96.248,169.910,109.598
169.045,113.998,159.745,114.722
169.071,104.191,158.815,115.604
171.112,74.977,155.163,127.375
176.628,47.305,149.173,142.615
178.461,61.740,146.056,143.530
174.722,84.769,151.401,134.823
144.077,63.232,163.461,119.478
182.996,75.990,136.169,149.890
166.590,62.354,141.862,156.438
188.677,60.664,130.155,165.995
188.647,60.114,124.390,174.248
188.167,57.835,124.835,176.334
184.887,58.178,125.683,177.427
165.573,63.584,141.382,165.957
124.959,95.087,180.195,134.757
119.099,116.519,206.725,117.301
149.086,93.319,195.557,132.286
159.159,83.019,184.254,149.961
176.707,53.842,166.333,177.330
180.911,78.986,160.433,176.904
178.899,101.451,161.661,159.255
169.150,104.182,162.714,148.412
163.726,73.328,163.150,147.599
172.225,72.818,152.543,157.557
162.512,66.849,158.563,162.303
136.416,63.111,177.499,161.514
118.348,68.116,193.326,166.917
102.392,64.641,210.160,171.945
97.387,65.516,219.316,174.355
90.903,64.840,225.118,177.181
86.916,66.196,229.972,177.171
84.482,75.808,238.201,170.449
101.038,107.549,232.544,156.634
99.754,109.323,238.778,146.454
102.864,74.686,238.704,158.713
141.257,46.929,211.457,186.583
147.490,42.276,199.542,199.391
169.218,49.096,180.051,203.713
159.940,92.228,183.447,178.651
165.967,92.028,179.335,168.263
170.045,92.289,176.441,158.993
173.252,86.147,170.563,156.144
167.580,48.200,163.861,169.147
142.528,60.787,177.518,169.620
121.802,68.620,195.651,163.703
119.616,70.264,202.519,162.990
102.684,71.572,216.045,162.852
93.282,72.627,225.213,167.984
88.752,72.886,231.796,170.281
86.934,75.376,233.405,172.421
111.154,88.373,224.825,165.449
96.893,108.171,238.738,146.868
138.396,111.679,218.697,144.371
141.534,100.119,206.853,145.739
139.885,68.693,202.465,160.978
137.287,58.787,205.689,171.802
131.891,64.300,209.577,174.413
130.840,71.449,210.760,173.631
123.523,78.835,215.551,168.861
120.189,70.636,219.100,173.607
117.489,87.869,221.698,165.538
119.385,92.215,224.330,159.804
125.604,101.840,220.050,153.322
129.082,106.148,212.904,149.200
120.672,106.605,214.263,142.462
138.595,109.080,204.311,139.069
140.498,110.371,198.705,133.071
132.227,110.331,199.837,127.197
149.583,111.859,188.709,127.059
132.557,112.321,196.923,120.244
133.635,113.656,201.198,120.036
129.614,115.624,204.669,119.107
122.036,114.192,211.153,117.480
100.298,114.705,227.297,116.089
93.495,118.562,236.415,117.954
92.350,117.347,241.957,119.499
78.656,116.043,253.880,118.107
87.221,118.592,252.569,121.481
106.525,116.229,237.381,125.938
104.446,114.322,234.268,125.291
122.062,114.526,222.295,126.796
102.806,117.067,230.999,121.072
101.365,115.737,233.239,122.432
89.259,117.077,242.477,124.457
89.543,119.646,244.773,130.680
91.136,118.726,245.232,135.016
90.506,116.550,245.767,138.404
92.080,116.633,243.878,140.739
97.753,114.523,240.933,143.767
105.112,116.125,232.893,145.584
110.935,118.464,225.160,149.532
116.294,117.831,225.300,153.507
115.312,116.750,223.612,154.996
112.544,117.364,222.671,155.420
114.165,115.923,223.892,155.232
115.586,117.747,219.752,159.435
122.050,119.290,215.436,162.374
131.845,119.945,205.878,160.139
134.575,117.931,200.953,157.285
132.999,120.578,202.141,155.863
127.041,118.489,206.659,154.739
126.723,119.461,209.686,153.554
131.533,120.770,206.926,156.013
133.814,120.033,203.004,153.710
142.639,121.447,196.982,153.601
140.000,119.602,196.405,154.200
142.813,120.320,195.261,152.034
140.504,119.933,194.556,152.004
141.552,122.606,194.224,150.018
143.341,121.327,194.052,149.101
151.066,121.438,188.140,149.933
153.407,120.584,185.341,151.734
155.416,119.528,183.383,151.651
155.400,121.140,182.589,151.828
156.999,120.230,177.826,152.881
152.907,124.495,173.873,153.341
157.443,122.830,168.386,153.147
163.118,124.849,163.035,151.422
166.596,124.158,157.845,152.453
167.620,123.846,155.854,150.715
168.985,124.656,154.953,148.836
169.015,124.740,155.003,147.793
168.154,126.207,156.075,148.701
167.944,125.478,155.861,146.875
168.591,127.150,155.296,149.068
168.227,125.632,156.140,147.111
168.724,125.881,155.784,146.444
167.350,125.684,156.289,146.647
165.771,125.603,157.303,147.119
163.280,126.131,158.974,149.499
162.908,125.299,159.341,149.750
164.777,123.126,158.626,145.026
158.360,123.141,162.946,133.585
131.705,131.713,183.857,116.199
168.621,119.105,165.187,123.612
139.104,88.460,170.017,128.227
177.613,67.535,148.669,148.572
184.621,39.955,128.113,166.377
188.527,34.349,118.475,177.150
186.659,67.203,127.253,167.556
186.195,55.679,124.262,173.215
181.937,60.564,126.121,168.691
162.214,80.203,147.121,147.209
136.659,83.723,171.195,134.270
145.669,88.402,175.014,134.503
122.778,87.580,190.622,130.411
129.094,90.380,193.021,136.246
121.629,86.689,197.838,137.083
124.683,87.733,196.710,139.772
120.468,87.528,199.476,140.048
116.551,87.301,202.694,141.133
117.212,87.108,203.608,140.710
117.029,87.458,204.806,142.610
113.730,86.010,206.826,142.358
113.603,85.794,207.345,141.646
112.805,86.738,207.979,141.556
111.503,85.759,209.002,141.210
114.810,87.632,206.983,142.080
110.637,86.476,209.923,141.501
105.885,85.945,214.103,139.457
114.811,87.070,209.263,144.878
82.332,86.852,224.918,145.723
88.501,83.908,226.200,148.006
106.021,87.158,212.309,155.212
111.016,84.299,206.408,158.270
94.337,77.463,213.784,157.526
110.217,80.789,209.395,163.354
104.288,79.385,210.372,160.938
104.540,81.925,209.543,161.634
103.628,81.168,211.587,161.790
99.487,81.004,213.781,161.044
106.255,82.713,211.840,162.211
96.274,81.245,215.527,160.668
109.550,84.107,209.806,163.280
94.734,79.755,216.341,158.540
99.895,82.995,214.345,158.482
111.380,85.323,208.044,160.622
106.397,82.764,208.498,157.832
116.933,88.998,201.864,158.770
120.141,90.171,206.245,154.076
173.347,82.412,170.289,173.986
199.087,36.875,137.301,207.095
222.965,70.795,156.598,184.081
217.318,96.914,167.508,166.123
207.876,102.576,156.231,164.435
216.042,88.543,152.173,162.554
193.597,88.992,138.259,177.251
193.538,79.445,143.213,165.911
112.979,64.566,178.056,143.219
85.600,73.107,208.203,129.675
74.585,78.068,229.472,123.937
86.245,80.627,227.515,129.390
102.226,83.301,215.758,140.691
94.270,79.216,216.270,138.816
125.854,82.806,191.269,158.841
126.500,66.333,183.932,154.904
113.726,69.133,185.767,158.593
104.910,73.388,192.394,165.754
95.234,72.079,202.581,170.810
91.044,71.268,209.709,172.998
91.502,69.701,214.541,171.449
89.437,70.413,215.693,172.600
89.351,69.972,216.942,174.499
88.353,70.048,215.792,176.155
88.585,69.081,219.149,175.802
87.369,70.294,218.318,175.947
88.307,68.977,220.471,175.829
88.858,70.853,217.750,176.453
88.595,68.035,217.522,178.295
88.909,67.998,216.367,179.056
89.473,68.356,216.500,178.879
88.244,68.302,216.466,178.342
89.656,69.109,218.288,178.228
88.746,70.126,217.448,178.184
90.476,68.688,216.634,178.780
90.019,69.331,216.589,177.981
89.775,69.025,215.894,178.161
89.464,68.541,216.190,179.199
89.112,68.733,215.691,178.551
90.090,69.475,215.732,178.462
89.097,67.742,215.812,179.521
90.705,68.656,215.247,179.107
90.729,68.922,214.594,179.207
89.879,71.849,215.754,177.701
103.914,99.632,221.727,159.994
92.662,114.409,230.938,145.564
89.134,93.843,234.450,147.330
133.100,63.986,206.110,168.989
156.210,44.422,179.825,192.848
153.057,91.315,180.399,170.259
164.598,78.355,166.664,171.836
136.200,68.143,165.868,166.188
124.040,65.544,174.379,154.926
124.701,65.937,176.756,150.208
125.130,67.109,175.674,148.160
120.969,66.977,178.732,143.476
128.313,69.656,175.768,142.821
98.631,66.058,193.389,133.297
108.388,69.319,193.944,136.239
88.773,68.321,206.133,132.743
90.024,69.920,211.887,136.940
72.954,65.794,226.037,135.266
84.328,69.823,223.632,143.600
84.228,71.372,220.639,150.828
70.812,67.588,230.420,146.428
69.691,68.090,236.177,149.045
86.311,76.038,229.297,153.451
71.026,97.246,247.259,136.882
106.656,63.201,225.516,161.696
147.836,48.773,193.663,188.824
155.788,34.817,177.473,204.188
163.023,30.954,168.113,209.929
164.455,43.311,163.739,205.269
163.201,71.721,165.625,187.114
143.585,66.822,164.855,178.397
131.333,71.112,168.597,163.345
102.418,72.403,187.637,158.718
78.043,78.571,209.381,163.148
61.719,77.212,228.270,169.215
51.629,76.374,244.843,169.736
46.674,76.821,255.359,172.283
42.462,76.965,263.548,173.768
42.907,77.155,268.081,173.012
43.320,78.269,268.349,174.471
43.893,79.025,265.739,177.028
46.698,79.251,263.922,176.888
53.894,79.378,256.944,177.971
64.611,80.797,248.415,183.309
66.098,77.056,243.266,184.052
77.986,78.194,232.396,183.399
83.143,77.717,222.043,188.649
82.602,76.832,218.912,193.203
88.561,74.065,216.257,190.094
87.992,75.626,213.092,190.193
91.019,76.424,209.399,191.659
97.612,74.554,205.501,190.453
99.308,74.599,201.576,195.458
102.043,74.650,199.711,196.587
105.429,76.148,196.890,197.977
106.548,73.976,195.838,198.592
109.699,74.980,192.476,201.118
112.512,76.537,188.725,205.845
114.762,75.428,185.001,207.221
120.944,75.508,179.888,207.524
128.916,75.387,172.084,204.557
136.193,75.574,165.396,201.429
144.417,77.233,156.410,203.734
150.634,75.881,149.468,206.877
154.604,76.262,142.683,210.942
156.995,76.087,138.221,213.923
157.880,75.060,135.604,213.448
158.718,76.901,133.071,215.653
159.632,74.213,131.377,213.485
161.592,76.109,130.162,213.845
163.733,76.015,127.975,214.720
165.622,74.468,126.242,212.541
165.837,74.093,125.391,212.345
168.334,73.600,124.343,210.422
166.161,75.549,124.698,212.995
167.730,75.187,124.153,212.915
166.477,77.449,125.128,215.994
165.098,92.771,148.154,180.852
152.529,101.707,170.841,150.961
163.018,53.355,163.804,165.949
169.879,38.015,149.341,183.351
176.972,37.957,137.767,197.036
175.264,34.458,134.152,202.555
154.985,50.622,157.092,179.533
147.008,23.530,167.920,172.727
211.166,64.401,149.873,184.767
216.729,83.205,156.371,169.701
210.879,86.734,151.455,164.838
206.224,90.426,143.799,159.787
208.814,90.562,137.838,155.926
206.520,93.702,146.112,152.484
180.224,96.092,150.161,151.319
130.359,68.971,158.147,135.740
103.118,78.526,180.316,124.120
102.674,78.695,190.740,118.554
83.968,80.328,207.235,113.573
80.555,82.825,213.619,113.929
81.652,82.754,215.767,115.187
76.915,81.288,219.091,116.797
82.823,82.750,217.762,122.126
79.004,82.578,219.455,124.223
77.071,82.787,223.006,126.467
79.026,82.278,223.171,129.113
79.578,81.934,222.464,130.445
77.262,82.077,223.985,131.308
78.996,82.352,224.084,132.787
74.169,81.412,226.013,133.060
69.060,80.995,232.619,131.492
71.332,83.638,233.222,136.277
61.333,78.462,239.654,130.442
72.534,83.151,235.712,136.035
62.939,79.317,240.039,132.225
74.981,84.885,233.586,139.214
69.850,79.943,233.742,133.158
78.065,84.572,230.206,137.843
62.503,80.594,237.286,129.487
63.317,82.644,241.001,130.706
62.581,83.953,242.599,134.050
61.842,82.555,246.159,133.533
53.480,81.991,251.672,131.333
47.261,81.852,257.637,129.086
49.087,82.055,257.655,126.911
76.651,85.128,239.440,135.572
79.619,84.167,225.810,138.916
73.947,84.903,223.595,148.930
82.230,86.968,219.511,160.337
91.113,84.875,210.893,168.270
103.581,84.264,204.091,173.680
108.524,83.274,203.391,176.076
113.902,85.620,198.277,179.595
115.360,86.185,192.555,184.901
131.792,85.049,183.653,182.964
137.375,84.370,177.769,181.755
144.578,84.745,170.050,182.796
151.074,85.705,164.630,181.426
159.871,86.767,158.796,178.657
164.434,87.301,154.391,177.210
166.938,86.785,149.558,174.835
173.061,87.329,143.147,170.765
175.784,88.464,140.026,166.681
176.124,88.687,135.726,166.029
177.829,88.359,134.327,164.865
179.195,90.121,133.073,165.027
182.133,89.723,130.123,165.840
181.423,88.499,129.349,164.807
181.833,89.847,128.423,164.581
182.205,87.937,128.349,162.672
182.716,90.745,128.503,163.892
184.052,88.190,128.455,161.024
186.004,91.033,125.290,162.009
187.649,89.155,123.746,160.519
187.229,91.087,121.793,162.675
188.253,91.354,121.727,165.191
188.735,90.793,122.291,164.278
191.128,90.441,121.646,161.792
189.248,89.727,121.508,159.754
186.264,91.221,121.305,163.008
188.926,88.869,123.356,159.875
189.320,91.058,120.953,159.090
191.026,90.401,119.816,159.317
190.382,90.559,118.806,160.789
192.953,91.234,116.227,161.821
191.054,89.847,116.315,160.825
191.947,89.700,116.051,159.756
190.825,90.665,116.817,160.762
