280.000,257.000,20.000,61.000
281.323,255.667,19.258,62.680
281.059,254.205,19.106,63.816
280.948,253.322,19.334,64.399
281.066,252.904,19.227,64.871
280.042,253.085,18.895,64.945
281.013,253.142,19.012,64.227
280.040,252.777,18.471,64.421
280.464,253.227,18.432,64.519
279.725,251.810,19.199,65.627
278.645,251.750,19.153,66.846
278.895,251.703,19.540,67.513
279.258,249.347,19.634,69.447
277.928,247.167,19.104,71.027
278.933,246.633,19.121,71.505
274.623,247.192,18.516,72.117
275.245,247.487,20.242,70.112
274.728,247.925,21.738,71.282
274.480,247.363,23.974,73.148
273.377,245.670,26.345,74.923
270.422,245.019,28.318,76.401
268.458,243.328,28.778,78.126
266.747,242.496,26.778,79.997
265.327,241.883,25.380,79.660
264.971,242.239,23.883,80.313
264.543,240.423,22.496,82.319
264.872,239.565,21.769,82.760
262.665,237.974,21.651,84.088
261.544,236.360,23.522,84.851
259.518,235.449,25.201,85.036
258.888,232.883,28.509,86.470
256.980,228.974,32.962,87.992
255.979,229.169,35.835,89.686
250.383,224.887,41.643,90.881
242.299,220.393,48.104,91.656
243.146,217.080,47.719,96.864
238.669,213.339,45.445,101.270
238.915,212.779,38.642,102.005
241.647,212.799,34.315,102.110
240.049,212.153,32.317,101.761
240.829,211.497,31.018,107.149
239.664,206.961,30.377,114.040
239.306,198.014,29.277,120.129
239.939,186.264,29.151,127.468
236.927,186.425,30.043,129.647
232.546,170.445,38.724,128.739
228.151,160.385,46.173,124.547
224.114,148.644,48.406,122.343
213.989,144.498,57.153,114.311
206.683,133.927,60.690,109.876
210.488,136.912,59.768,108.097
194.351,132.521,69.982,94.040
200.927,132.149,68.443,88.957
213.453,128.807,59.909,88.444
216.638,122.831,54.837,85.215
201.837,119.514,62.236,76.815
199.249,121.664,66.970,73.066
199.996,122.575,67.933,73.767
202.500,121.000,67.733,74.382
198.226,117.419,67.445,84.295
197.833,116.223,63.526,98.411
201.125,110.880,58.846,110.117
202.198,107.373,58.229,116.056
206.717,112.875,59.805,116.663
210.093,115.450,62.189,116.568
216.446,133.370,68.397,109.737
217.425,139.140,73.171,112.693
220.786,149.441,76.883,114.820
221.360,145.507,78.629,118.077
218.796,143.955,76.073,130.482
218.627,141.726,70.264,146.896
218.514,140.068,62.553,162.028
220.040,139.714,55.971,175.484
218.487,136.793,52.827,182.508
215.908,138.019,53.658,181.609
215.860,138.914,54.169,179.406
210.961,139.341,57.500,169.844
204.070,140.411,65.840,154.752
199.909,141.808,70.612,138.650
196.279,145.968,74.011,125.846
198.002,146.435,80.043,108.021
197.258,149.317,81.448,98.187
191.936,151.117,87.110,84.559
192.215,157.014,88.634,76.237
177.212,159.915,94.939,67.685
193.465,146.805,81.935,75.244
199.425,133.576,71.609,82.757
201.511,131.877,66.637,86.350
205.920,121.263,62.492,91.451
210.530,116.272,57.662,99.644
216.042,115.358,53.714,104.905
219.790,117.630,48.079,107.185
223.371,121.809,45.054,105.160
224.486,123.117,42.952,104.095
226.828,133.039,44.628,97.102
228.657,144.456,48.159,87.957
227.449,153.380,49.061,81.972
232.398,156.772,45.107,81.143
233.408,152.795,41.271,83.461
234.955,152.051,38.854,84.227
237.951,147.621,36.162,86.789
240.290,137.170,33.803,91.895
241.181,131.496,33.899,92.994
240.879,132.621,35.934,91.186
239.511,134.867,38.280,86.474
239.605,135.902,38.901,84.796
235.961,138.713,40.908,78.216
234.168,145.462,45.546,68.850
233.424,141.380,45.015,62.678
233.069,133.739,42.572,59.466
231.342,131.932,40.050,63.671
232.175,130.853,38.787,66.454
231.449,128.938,37.568,75.419
232.348,125.994,34.955,87.467
233.576,124.260,32.707,100.695
233.435,118.702,31.306,111.662
233.507,115.203,32.017,113.369
233.328,116.150,32.920,115.189
233.178,115.672,33.715,108.984
233.836,117.486,34.724,101.290
233.333,118.952,36.493,99.089
232.087,118.969,36.321,99.296
233.003,115.612,36.409,99.425
232.783,116.378,36.661,99.465
231.119,112.333,37.977,95.623
228.997,108.463,39.035,88.593
227.936,104.264,41.797,78.202
229.230,102.958,41.264,73.878
229.009,98.259,40.093,75.487
229.804,98.284,39.336,76.543
231.100,93.981,37.251,80.522
230.735,89.179,36.586,85.547
230.203,85.537,35.991,90.098
231.194,81.040,35.054,94.904
231.132,78.074,34.401,98.603
230.408,78.211,34.668,100.284
229.676,74.900,35.067,102.865
229.529,71.960,35.045,105.142
230.044,69.496,34.629,106.746
230.670,68.066,34.052,109.295
231.268,66.863,33.922,110.183
231.125,66.491,34.104,110.382
230.358,66.801,33.732,110.118
230.563,67.527,33.294,109.929
230.656,68.734,32.893,109.176
229.784,70.294,33.014,107.856
229.867,72.021,33.400,107.064
229.694,72.061,33.740,105.992
228.690,73.703,34.026,104.182
229.021,75.636,34.742,102.374
228.419,77.757,34.493,99.452
227.541,80.927,34.353,96.974
228.386,83.517,35.115,93.084
228.090,84.314,35.240,91.592
226.281,87.708,36.801,88.599
225.617,92.232,37.507,84.497
224.013,98.452,38.880,79.129
223.252,104.683,40.180,73.351
221.831,111.634,41.282,67.277
222.523,113.023,41.049,63.989
221.770,119.412,41.564,58.287
221.428,127.743,42.609,51.883
220.051,135.629,44.852,44.775
220.825,140.245,47.663,38.843
221.408,149.069,50.436,35.472
224.770,155.972,52.418,35.985
223.541,165.180,52.478,39.160
218.106,166.745,48.791,45.864
215.909,169.275,46.437,51.629
212.133,172.346,44.973,58.988
211.646,171.007,46.228,63.615
217.610,170.461,45.311,67.726
218.436,170.532,43.141,74.721
217.698,172.677,39.732,82.794
216.941,182.563,34.897,94.067
219.164,189.412,34.811,103.218
219.707,192.419,40.844,102.748
222.227,191.312,40.609,108.734
220.819,185.310,35.025,118.727
220.254,176.312,32.500,127.175
211.127,184.892,36.139,127.194
192.754,178.976,50.843,108.800
190.307,179.555,59.953,100.710
191.768,165.833,67.496,86.352
186.902,152.555,72.807,76.613
193.239,128.913,61.704,86.266
198.100,106.431,50.190,99.943
203.402,89.254,41.406,113.647
205.896,87.237,38.943,118.732
207.086,72.045,36.230,124.619
209.987,60.940,37.617,126.133
210.735,53.922,37.788,130.392
212.190,47.909,38.191,135.233
212.966,41.754,37.822,139.589
213.599,40.520,38.341,141.161
214.048,38.633,37.594,144.645
214.539,35.985,37.553,147.563
215.282,34.535,37.657,147.727
215.401,34.943,37.515,147.536
216.654,34.479,36.464,147.185
217.226,34.597,35.798,146.562
217.814,36.217,34.248,145.956
219.232,38.059,33.496,144.897
219.539,39.909,32.597,143.838
219.910,42.560,32.238,141.824
219.500,44.228,32.353,140.098
219.620,44.815,32.362,139.114
220.150,45.729,32.217,138.377
219.725,47.397,34.113,136.504
219.444,47.933,35.822,134.135
221.087,50.293,36.820,132.133
225.365,51.546,34.874,130.799
226.313,51.980,34.465,129.174
230.904,52.625,32.746,126.524
235.603,55.460,31.594,123.998
238.980,57.006,31.279,121.081
241.274,60.205,32.294,118.288
241.624,64.354,34.392,114.597
241.656,65.223,35.455,113.100
241.885,68.920,37.037,110.537
242.679,72.152,38.328,107.888
241.310,75.960,39.042,104.561
242.132,80.379,39.823,100.556
242.358,84.097,40.142,96.888
242.529,84.645,40.076,95.430
242.385,88.980,40.660,92.093
242.095,93.736,39.454,86.931
241.432,99.674,39.483,81.299
241.730,105.593,39.389,75.399
241.085,111.509,39.450,69.437
241.278,113.731,39.373,65.872
241.728,120.722,38.992,60.340
241.340,129.569,39.479,53.801
241.416,141.073,38.658,49.771
236.335,152.267,43.780,42.955
240.214,158.549,51.328,34.393
238.038,161.392,59.085,28.278
236.587,169.358,52.455,33.378
244.791,172.867,49.711,36.040
248.451,179.958,50.503,39.710
238.836,187.708,50.280,44.617
232.620,189.737,45.553,53.517
232.595,190.999,45.267,57.087
231.293,204.112,49.150,54.821
229.113,215.876,50.494,56.423
231.693,212.105,47.487,67.119
241.071,208.262,39.300,81.866
243.340,207.098,35.806,93.213
244.650,202.533,36.638,101.879
246.611,202.767,34.018,113.197
245.340,188.284,29.093,129.037
242.055,181.596,29.258,136.447
231.128,170.476,38.725,122.234
226.876,162.208,54.719,102.699
220.899,169.913,65.262,87.446
219.002,153.353,70.132,81.141
217.022,128.638,56.583,89.652
224.268,106.908,45.575,102.487
228.610,89.352,39.551,111.377
230.210,74.152,38.196,115.989
230.589,75.028,38.438,116.901
231.864,65.746,37.464,121.244
232.469,58.739,38.388,127.663
233.625,49.845,38.898,134.167
233.913,44.486,38.578,141.885
235.601,39.829,38.413,147.398
234.862,37.892,38.507,150.029
235.450,35.792,38.743,151.165
236.340,33.365,39.805,149.373
234.583,34.206,39.982,145.288
233.226,35.643,36.728,145.630
233.496,36.606,33.337,146.870
234.015,36.628,32.391,146.106
233.931,37.272,31.486,146.592
229.838,39.241,34.031,144.602
225.896,41.215,36.966,141.708
226.204,43.259,38.239,140.331
227.764,45.371,37.720,140.952
231.785,46.276,35.534,139.005
232.999,46.338,33.584,139.367
235.018,47.646,31.989,139.263
237.018,48.866,32.765,135.277
240.508,51.205,33.451,130.384
240.513,55.412,35.563,123.904
241.162,59.356,37.973,119.178
241.466,59.964,39.201,118.058
241.454,64.159,39.608,115.342
242.135,66.459,37.259,112.965
242.701,70.272,33.254,111.023
245.079,72.687,30.907,106.881
245.969,78.027,30.355,100.984
245.706,80.036,29.246,97.843
247.000,84.590,29.718,93.547
246.352,89.441,30.640,88.663
245.908,95.323,32.269,82.054
243.283,101.915,34.819,74.632
242.937,110.310,37.178,66.965
242.714,111.759,37.409,63.257
242.111,120.680,38.670,56.832
243.439,129.578,40.012,49.648
240.527,140.759,44.171,42.080
236.822,151.108,48.892,35.322
235.601,158.419,50.827,32.193
234.158,160.291,51.500,30.382
244.401,168.273,45.505,36.001
244.057,170.192,40.816,40.547
244.873,171.473,37.753,45.721
248.741,178.517,32.632,54.561
249.741,187.100,29.726,59.431
250.608,181.379,27.683,64.113
252.803,193.205,25.643,65.550
251.270,201.320,24.414,65.534
250.975,208.071,22.202,71.982
249.726,208.110,21.360,80.832
248.229,203.223,20.881,89.114
249.269,202.688,20.713,97.398
246.634,190.833,21.388,105.782
244.959,192.684,22.094,114.615
240.787,177.173,24.690,118.684
233.706,160.665,34.464,102.347
226.580,160.722,45.372,85.808
222.459,167.078,52.435,72.875
214.081,141.893,56.039,73.646
216.366,121.001,59.383,79.506
230.551,103.460,57.203,89.563
224.497,101.075,64.618,87.872
220.780,101.682,69.417,86.632
204.998,103.319,79.646,84.226
220.352,104.650,76.723,88.401
221.535,99.517,76.743,92.031
214.386,90.677,80.649,90.946
205.654,79.902,99.422,78.228
186.663,74.994,116.376,63.812
183.667,79.299,126.337,56.265
182.011,70.442,129.828,52.365
182.951,61.585,127.995,54.510
184.066,63.215,126.411,57.476
183.330,66.934,126.092,58.571
186.479,67.174,122.579,59.972
185.897,67.235,121.754,60.350
194.010,69.743,118.502,57.586
199.663,77.308,110.740,57.996
205.084,85.502,101.013,63.996
208.070,92.450,94.473,70.893
210.322,98.937,89.333,74.723
211.228,98.516,87.235,76.586
208.585,102.617,83.834,79.131
205.831,112.210,80.685,76.746
204.381,119.094,76.223,72.562
205.513,133.287,72.838,71.753
208.104,145.133,76.106,65.710
205.908,146.957,75.065,64.246
209.948,147.886,69.587,65.067
213.154,154.088,62.379,67.580
218.586,167.213,53.639,73.778
220.432,171.132,49.677,75.129
227.315,168.651,42.828,79.701
226.947,169.821,40.020,79.309
229.389,190.037,35.230,86.094
233.938,194.429,29.979,99.962
237.691,190.376,27.542,107.545
239.198,190.428,26.564,112.639
238.113,185.756,27.960,110.636
237.821,186.226,28.704,111.101
235.126,166.905,31.927,105.069
238.141,169.031,32.347,101.525
239.357,163.227,32.111,96.602
240.672,161.424,32.343,90.615
239.258,157.628,37.093,80.029
238.726,160.483,37.507,73.737
236.526,161.007,39.518,68.004
225.207,162.056,46.774,60.308
222.017,166.862,49.312,56.451
222.817,166.960,48.707,56.782
234.559,170.634,50.103,53.775
229.981,170.529,53.256,50.846
230.406,174.317,53.832,49.920
224.872,177.929,53.598,48.752
233.659,180.874,48.141,54.680
239.362,178.619,43.617,60.042
245.250,177.381,38.858,65.582
245.429,175.806,36.875,67.715
244.591,176.059,37.499,70.626
247.155,176.476,36.748,73.752
247.933,176.364,35.518,77.293
247.167,177.272,36.005,77.374
245.655,179.981,37.748,74.219
245.422,179.261,38.059,72.970
245.733,187.035,38.153,69.458
245.855,197.440,38.301,63.824
246.445,204.448,35.937,62.171
248.419,202.893,34.442,61.875
247.012,205.010,35.286,57.821
248.179,206.491,34.131,56.755
251.374,210.882,31.280,61.983
251.822,212.807,27.667,68.586
251.736,214.182,27.479,70.945
252.260,218.926,28.069,67.065
251.049,227.578,32.625,57.752
249.241,229.458,34.472,52.468
249.523,240.733,33.069,54.562
251.127,250.121,30.820,58.158
250.885,254.041,27.271,62.533
251.651,255.111,25.873,68.140
252.829,257.133,24.636,70.030
251.699,262.279,23.709,69.917
252.037,260.190,23.885,70.246
252.832,266.570,24.001,67.114
250.262,263.219,24.356,65.989
247.621,259.788,25.380,69.562
247.152,257.350,26.256,71.640
245.730,253.822,26.399,76.498
244.761,251.608,28.368,78.806
242.049,250.215,30.233,79.839
241.976,247.803,32.065,77.783
239.642,246.190,34.760,74.349
238.754,246.592,36.243,72.715
240.332,242.137,38.284,67.909
242.136,240.631,39.111,66.905
238.257,238.843,43.617,63.683
229.775,234.430,51.706,56.197
233.809,229.624,52.202,54.254
235.876,231.303,51.256,52.908
238.210,220.281,47.310,53.751
241.517,219.592,42.441,61.150
243.148,223.034,38.007,67.355
244.512,222.670,33.422,77.622
246.095,226.187,30.041,84.502
246.846,226.000,28.589,89.756
247.562,233.845,27.960,90.464
249.753,228.546,26.977,92.496
251.959,222.051,25.563,96.811
251.203,220.412,25.153,94.445
252.726,217.878,24.253,97.499
252.458,218.787,24.533,98.731
251.483,223.264,26.704,95.616
249.684,226.327,29.541,88.903
230.516,213.014,38.454,76.251
220.041,214.745,49.232,66.036
235.968,215.844,49.450,64.173
242.426,213.558,41.503,67.856
245.210,210.921,35.787,71.881
247.530,207.830,32.268,76.919
247.746,206.623,30.191,81.431
249.145,204.455,29.045,83.783
248.672,204.964,27.944,90.324
248.825,202.099,26.904,95.139
249.371,199.851,26.906,93.324
249.644,201.223,26.391,96.538
248.945,199.999,26.730,94.853
249.224,202.015,27.003,90.614
249.009,201.687,28.910,82.277
250.043,203.779,28.733,76.328
248.497,204.710,31.039,71.397
246.799,209.113,31.086,69.350
244.539,204.264,33.156,65.349
244.605,197.660,33.909,59.640
244.913,191.796,33.618,56.680
244.271,192.678,33.989,54.566
245.832,184.713,32.413,59.050
247.267,177.613,30.218,64.956
247.837,171.731,28.903,70.786
247.913,166.931,28.293,76.266
246.368,162.837,28.000,80.792
247.100,161.823,28.495,83.400
248.682,158.745,28.119,86.160
247.181,157.606,28.717,87.807
247.134,154.976,28.121,90.135
247.521,152.401,27.410,92.591
247.787,150.651,26.333,94.188
248.488,149.732,26.074,95.270
247.436,148.442,26.735,95.169
247.893,148.248,26.298,95.683
248.252,148.188,26.104,95.896
249.077,148.362,25.992,95.887
248.329,148.603,26.737,95.321
248.398,148.886,26.744,95.304
247.771,148.049,27.255,95.426
248.313,148.261,27.235,95.331
248.479,149.827,27.591,94.312
248.265,151.609,28.105,92.801
247.638,151.639,28.166,91.444
248.021,152.403,28.790,90.593
246.621,156.437,30.138,87.130
246.833,156.627,30.614,85.835
246.362,157.958,30.369,84.584
245.520,166.191,31.690,78.542
244.941,167.539,32.138,76.007
243.930,172.416,33.362,71.383
243.525,179.101,33.567,65.907
244.503,180.151,32.752,63.099
244.259,189.195,32.702,57.643
243.719,192.913,33.054,53.202
243.817,194.860,32.174,50.489
243.839,199.040,32.560,46.549
247.895,201.789,28.823,49.652
249.669,201.474,26.293,52.008
252.137,205.607,23.779,59.148
251.511,204.356,22.320,66.261
251.565,203.211,22.579,72.547
250.487,207.110,23.872,77.535
247.850,213.204,26.659,75.108
246.492,213.309,28.013,73.842
245.832,225.303,32.744,67.092
245.954,221.330,32.046,66.417
249.648,211.053,26.836,71.493
250.463,211.518,23.330,76.473
252.245,214.894,21.845,83.593
251.894,212.601,21.386,90.147
249.628,207.934,24.113,85.095
249.279,206.691,26.927,81.936
248.679,205.412,33.188,75.543
246.362,204.658,42.293,66.496
239.758,204.475,53.915,57.642
235.584,207.489,61.824,52.639
231.240,212.835,53.505,60.758
227.115,204.270,50.708,62.255
213.072,193.661,57.258,54.649
210.440,182.861,61.414,51.347
208.910,171.778,66.958,48.301
208.082,171.620,70.694,46.717
206.223,161.931,66.198,51.355
216.034,156.728,60.831,56.732
220.545,149.880,49.942,64.462
219.055,152.034,44.605,72.626
218.528,156.246,42.725,79.073
219.227,156.004,43.021,81.217
219.703,159.175,43.975,84.891
219.471,159.194,42.967,93.257
220.133,159.619,43.128,97.587
219.598,160.636,41.605,103.975
222.532,166.140,42.509,113.106
223.216,166.251,45.156,120.957
221.798,167.594,46.125,129.921
219.983,166.164,44.707,136.672
220.986,166.647,41.320,141.912
221.629,163.720,37.907,144.991
222.404,162.761,36.119,144.719
223.900,161.771,35.405,143.809
222.153,161.392,35.787,141.045
220.798,158.815,37.338,135.408
219.574,157.584,38.066,128.788
217.646,158.703,40.028,121.517
215.644,157.664,42.981,113.454
213.853,158.975,43.645,109.843
212.614,156.885,46.132,102.696
210.167,154.501,50.278,91.331
206.648,154.825,54.050,81.714
203.540,149.654,59.080,69.866
202.165,153.781,60.273,63.962
204.475,154.441,58.800,60.138
206.228,154.982,56.581,57.123
207.906,145.853,51.733,61.208
208.851,138.020,42.911,69.268
213.094,133.075,35.445,75.839
216.991,131.648,30.893,79.465
217.550,130.102,28.598,81.118
219.967,133.825,27.726,80.660
221.352,139.513,29.181,78.315
222.504,144.897,31.456,74.126
223.574,147.407,34.353,71.439
225.433,144.871,33.623,73.172
226.232,145.246,33.617,73.978
227.711,138.669,31.578,77.664
229.764,132.197,29.537,80.844
230.058,128.335,29.615,80.089
229.308,127.728,30.723,77.066
227.991,131.145,32.591,72.911
228.090,132.415,33.217,71.095
227.802,136.021,35.639,66.103
224.700,140.870,39.705,59.264
224.685,133.268,40.224,52.061
224.818,128.899,37.877,51.607
224.839,124.683,36.714,57.653
224.572,123.884,36.150,60.632
225.166,121.045,34.837,68.760
226.085,118.074,33.385,77.432
227.598,115.003,31.725,87.187
228.503,112.563,29.808,98.678
229.467,110.213,29.264,107.296
228.757,107.570,28.917,113.448
228.145,107.328,30.708,110.520
228.145,106.670,32.014,102.774
228.093,108.622,33.504,96.687
227.082,112.461,33.627,94.805
226.677,112.579,35.172,93.176
226.348,112.588,35.859,92.572
225.270,110.565,36.803,91.764
224.961,106.614,37.371,91.047
223.577,103.340,38.502,87.576
224.466,96.995,38.808,82.624
223.729,91.177,39.084,78.014
223.156,92.358,39.343,74.347
224.598,87.608,38.248,76.720
224.975,83.275,37.219,80.369
224.484,79.144,37.206,83.991
224.987,76.532,36.663,87.459
224.937,73.252,36.591,90.282
224.998,73.524,36.804,91.513
225.225,71.619,36.664,93.164
225.459,70.142,36.401,95.040
224.269,69.048,36.907,95.605
224.340,68.873,36.411,95.873
224.946,69.769,36.282,95.637
225.382,69.981,36.015,95.384
225.717,70.202,37.253,95.542
225.077,71.397,37.717,95.294
225.909,72.366,38.613,93.992
225.660,74.398,40.237,91.619
226.428,75.811,41.570,89.572
225.823,76.009,42.224,88.957
227.651,79.139,41.727,86.142
231.902,81.020,39.120,83.623
240.482,83.578,33.950,81.491
245.262,88.077,29.999,76.992
246.551,93.425,28.181,71.068
247.317,95.126,26.378,67.619
249.571,100.699,29.714,63.176
250.396,106.535,32.990,57.613
249.674,113.519,35.490,50.781
248.566,120.191,37.022,45.000
246.964,128.361,38.297,40.337
247.268,129.104,37.887,37.266
247.270,137.438,38.499,33.343
247.455,142.309,39.315,29.001
250.524,150.034,37.879,28.892
255.250,156.655,38.915,31.814
251.500,156.943,33.577,39.006
253.003,157.261,30.770,44.162
257.107,163.537,27.585,50.235
256.622,178.663,26.994,50.844
258.113,184.701,24.626,53.026
259.059,190.755,23.223,58.590
259.071,189.227,23.418,62.212
257.451,191.774,23.168,65.925
255.493,192.044,23.728,69.298
255.043,191.028,22.951,79.087
253.917,191.684,22.660,90.732
251.945,174.020,22.657,103.335
251.763,165.434,23.772,110.810
246.534,166.200,25.866,115.385
232.111,145.059,40.018,98.185
229.425,137.461,51.043,82.337
229.799,113.862,45.381,85.392
232.868,95.060,39.798,98.297
232.542,93.925,38.711,103.764
236.080,76.821,35.616,115.406
238.164,62.548,35.933,124.498
236.129,48.135,37.724,129.792
236.812,40.757,40.674,129.813
235.107,37.381,42.080,131.477
236.135,38.079,42.651,132.092
235.567,36.462,43.342,131.073
235.554,37.529,42.436,129.423
235.836,38.680,43.655,128.272
236.240,41.332,46.417,123.070
236.650,44.095,49.644,119.503
235.445,45.583,51.471,118.209
235.305,48.528,52.204,115.954
236.061,50.936,52.035,113.308
236.688,54.078,51.336,110.821
236.550,57.826,51.733,107.944
237.487,61.311,51.702,105.200
237.655,62.019,50.892,103.982
237.829,62.147,50.193,102.938
238.725,60.739,49.250,103.573
238.727,57.007,49.096,106.971
238.323,50.444,48.601,112.183
239.496,44.772,48.066,116.905
239.992,39.794,47.010,120.695
240.584,39.441,46.291,121.815
239.652,36.986,45.386,124.183
241.171,35.414,44.855,124.925
240.863,36.659,44.488,124.281
241.161,38.894,44.342,122.760
241.274,41.924,43.782,120.284
241.242,42.894,43.124,118.940
242.276,45.562,43.742,116.846
240.701,50.699,44.624,114.417
240.140,53.818,44.796,110.420
240.502,58.478,45.224,105.357
240.215,63.880,46.199,99.955
240.698,66.315,46.457,97.093
241.451,70.380,45.864,93.521
240.777,74.966,46.146,88.444
240.803,81.679,46.074,83.022
241.147,87.976,45.608,76.423
240.223,96.410,46.914,68.308
240.839,98.370,46.671,63.731
241.121,107.505,46.475,57.398
239.252,117.527,47.317,50.786
237.988,129.728,48.225,45.911
244.333,137.330,51.562,40.679
244.902,146.914,48.976,42.554
245.428,146.467,47.787,44.815
248.456,152.692,50.776,41.948
251.897,157.356,54.568,44.526
240.686,159.621,49.106,53.427
239.102,160.445,44.971,63.298
239.014,166.580,43.889,69.198
238.908,162.512,44.429,75.754
236.092,182.098,45.387,77.585
290.075,239.149,44.561,79.755
297.353,242.458,40.119,81.243
296.762,241.004,37.470,81.727
297.186,240.784,34.985,80.356
297.172,241.050,33.266,80.050
297.304,241.379,31.972,79.100
297.176,242.619,30.787,79.081
296.785,243.421,30.549,78.568
295.301,242.916,30.493,78.755
295.052,242.482,31.242,78.773
295.081,243.162,31.557,78.889
294.248,242.664,32.252,78.863
293.416,243.134,32.847,78.852
292.710,243.521,32.939,78.310
292.685,243.435,33.254,78.308
292.448,242.954,32.874,78.587
292.045,243.427,32.848,78.862
291.292,243.743,33.495,78.553
289.533,243.107,33.643,78.510
289.631,244.390,33.670,78.460
288.784,243.292,34.330,78.774
287.320,243.542,34.994,78.840
287.342,244.288,34.861,79.179
286.287,244.128,35.257,78.816
285.741,243.823,35.333,79.040
285.406,244.340,35.199,79.137
284.300,243.839,35.533,79.022
283.269,243.780,35.321,79.058
283.862,243.886,35.341,79.759
281.758,243.632,35.708,79.686
281.621,244.136,35.287,80.339
280.618,242.763,35.193,80.285
279.397,242.676,35.519,80.311
276.779,242.755,35.436,80.336
277.765,242.985,34.943,80.545
276.961,242.947,35.087,80.172
274.971,242.203,35.999,80.354
274.952,243.139,35.751,80.095
274.039,243.094,36.093,79.976
273.093,243.192,36.112,80.162
273.372,243.286,35.962,80.386
272.529,243.095,35.921,80.519
272.117,243.321,35.709,80.608
271.211,241.984,35.335,80.864
270.461,241.963,34.949,81.123
270.441,241.701,35.269,81.441
269.428,241.567,35.793,81.655
269.724,242.149,35.518,81.389
268.853,241.451,36.421,81.885
268.464,241.233,37.176,82.139
268.040,241.710,37.181,81.876
267.293,240.556,37.818,81.919
267.220,241.007,37.484,81.987
267.649,240.153,37.168,82.320
266.909,240.530,36.957,81.771
266.711,240.921,36.755,81.635
265.958,240.558,36.662,81.511
266.416,241.014,36.476,81.622
265.350,240.586,37.122,81.312
266.637,240.496,36.644,81.387
265.800,240.434,37.384,81.790
265.832,240.427,37.822,81.890
265.964,240.220,38.383,81.375
265.436,240.563,38.173,81.043
264.728,240.429,38.065,81.244
265.373,239.825,36.805,81.408
264.633,239.910,36.825,81.504
264.549,241.376,37.082,80.589
265.186,240.313,35.751,81.285
265.522,241.410,35.168,80.233
265.834,241.281,34.258,79.577
267.447,241.930,34.321,79.433
265.024,241.449,34.989,79.677
264.658,241.462,35.493,79.095
264.058,240.011,35.821,79.498
263.427,238.559,36.549,81.555
262.850,238.123,37.193,82.821
262.775,236.309,37.580,83.705
261.572,235.264,38.649,85.089
260.555,233.765,39.732,86.824
259.889,232.293,39.943,87.751
259.164,232.382,40.522,87.549
258.681,232.821,40.988,87.876
256.471,233.023,41.846,87.578
255.802,232.655,42.514,88.672
255.453,231.081,43.170,90.217
253.959,230.271,43.602,90.442
254.435,230.724,43.771,91.247
254.371,229.706,43.102,92.103
253.740,229.411,43.338,91.253
253.928,229.624,43.324,91.429
254.363,228.766,42.989,92.639
254.770,225.915,42.300,95.027
253.286,223.789,41.964,97.567
253.414,222.145,42.390,98.622
252.259,221.804,42.844,100.105
251.761,220.005,43.058,101.283
251.389,218.427,43.435,102.709
252.286,217.316,42.895,103.907
252.179,215.897,42.509,105.167
252.229,215.369,42.240,106.174
251.915,214.193,42.380,107.689
251.172,213.680,42.356,107.950
251.079,213.385,42.473,107.829
251.007,215.429,42.400,106.655
250.545,216.432,42.309,105.958
250.517,218.039,42.919,104.348
250.659,216.769,43.355,104.693
250.536,216.679,43.852,104.507
250.195,220.042,42.937,102.533
251.232,220.273,42.421,101.050
251.909,226.874,41.386,96.890
253.221,229.228,39.908,93.686
254.600,227.863,38.838,94.630
255.627,227.466,38.483,94.580
257.279,226.611,37.034,95.175
258.309,230.486,36.790,92.377
259.076,231.824,36.667,89.851
259.008,233.155,36.705,88.482
257.963,235.490,38.065,86.536
257.716,236.087,39.026,85.616
258.428,237.952,38.878,84.411
260.715,239.925,37.994,82.458
263.729,237.502,36.389,83.671
264.373,237.164,36.335,84.111
265.541,237.507,35.505,84.529
267.498,238.332,34.252,84.198
270.554,237.895,31.516,84.380
273.435,237.857,28.834,84.393
277.038,237.373,26.714,84.785
277.434,238.649,25.922,84.157
280.263,239.381,24.658,83.201
281.311,239.145,24.632,83.449
281.168,237.825,25.320,83.552
282.343,237.753,27.920,82.821
282.085,239.542,31.358,81.912
281.533,239.847,34.386,81.383
281.112,240.538,36.803,80.956
281.355,240.343,38.530,80.440
280.962,243.735,40.194,77.563
282.298,243.500,40.053,76.844
283.874,244.737,40.153,75.871
284.720,244.431,40.356,75.643
287.654,243.395,39.220,76.075
290.759,244.515,37.714,75.413
295.861,243.497,34.355,75.652
301.027,244.963,30.674,75.571
305.379,244.716,28.662,75.260
305.726,244.251,27.196,75.305
308.716,244.127,28.655,75.425
309.658,244.776,29.902,76.161
312.926,247.381,30.261,80.910
315.094,246.235,30.463,86.962
318.284,246.917,30.792,91.993
318.519,246.434,30.849,96.416
319.010,247.225,32.711,98.377
318.791,248.227,34.425,96.600
323.824,248.836,32.087,99.323
326.643,248.228,30.697,100.896
329.570,247.531,29.294,99.966
329.144,249.610,28.645,99.440
334.489,251.290,27.423,97.372
336.715,250.758,26.920,96.095
337.256,250.985,27.274,96.176
341.369,253.311,33.517,91.694
342.672,254.903,41.752,89.650
339.020,254.343,45.547,89.629
341.622,254.241,49.435,87.598
342.234,253.223,50.931,87.534
344.167,254.610,51.076,89.266
347.608,254.927,50.621,88.545
349.267,253.933,49.459,88.339
352.132,253.227,47.506,88.032
353.233,258.383,48.159,83.890
359.083,257.358,43.385,84.963
364.407,253.942,37.991,86.639
371.149,251.931,33.057,86.500
375.761,250.973,30.945,85.057
375.712,252.000,29.000,83.319
379.227,253.300,28.295,81.980
382.093,255.518,27.275,78.827
383.537,256.177,28.547,74.700
387.770,257.050,28.899,73.245
391.363,258.712,29.218,72.353
391.178,259.886,29.926,70.861
393.174,259.422,29.206,71.514
395.518,259.414,29.428,72.223
396.489,257.404,27.692,74.364
398.556,256.869,29.678,75.040
400.005,257.940,30.429,75.330
404.213,258.378,30.604,75.697
405.852,260.173,30.764,75.694
407.802,259.442,31.023,75.739
409.655,260.782,30.784,74.838
410.011,261.855,30.943,74.355
410.988,262.215,30.546,73.527
412.187,262.041,29.413,73.434
415.539,263.119,29.590,72.550
416.137,263.790,30.809,70.308
417.398,268.633,31.972,67.486
417.550,268.941,32.537,65.759
418.453,270.331,32.116,63.571
418.915,272.256,32.233,62.134
418.722,274.975,31.977,60.982
417.750,277.171,32.469,59.305
420.558,279.930,31.950,57.971
420.474,279.478,31.339,57.114
420.940,279.863,30.696,56.756
421.017,279.656,30.509,56.438
421.908,280.359,30.008,56.593
423.236,283.749,30.475,55.378
423.766,286.105,32.468,52.262
424.104,287.703,34.461,50.992
425.592,289.615,36.929,49.937
425.696,290.217,39.888,49.226
428.980,289.801,43.431,48.693
429.969,289.984,44.626,49.452
432.203,288.987,43.851,51.441
435.081,287.280,41.535,55.780
436.426,290.421,41.013,56.723
436.990,290.402,40.940,56.246
437.476,289.595,41.201,56.691
441.649,287.329,37.793,62.067
440.972,284.347,37.059,65.372
440.221,283.281,37.755,65.049
439.993,284.497,38.303,64.824
440.462,284.804,38.245,64.841
437.929,285.048,40.023,64.241
440.974,283.881,39.095,66.454
440.392,284.382,39.334,69.162
437.197,284.186,41.367,69.013
432.672,286.325,45.337,67.710
432.370,285.995,47.077,67.677
434.135,286.150,46.097,69.265
433.176,285.469,46.046,70.824
432.495,285.410,46.989,70.683
430.654,284.914,47.917,70.452
427.990,286.560,49.615,70.761
432.672,282.093,47.601,74.319
427.001,286.908,50.874,71.058
429.214,284.319,50.857,73.336
428.706,284.822,50.807,72.876
427.856,285.223,51.549,72.894
426.039,285.082,52.432,72.356
424.826,281.147,54.511,73.517
425.312,283.370,54.083,75.766
422.131,282.992,55.755,74.757
415.953,283.798,61.226,72.862
409.416,286.016,66.797,69.312
409.873,285.666,67.703,68.541
411.970,285.178,66.135,70.357
410.128,287.150,67.034,69.960
407.589,288.060,68.326,69.099
414.735,286.275,66.336,72.583
413.287,282.000,65.507,74.154
412.738,279.863,65.717,77.347
411.134,277.336,66.743,79.928
411.219,278.019,67.007,79.944
418.273,255.331,62.341,92.325
425.669,250.356,54.880,100.770
418.137,255.339,58.074,100.323
417.846,251.401,58.394,101.669
415.460,251.961,59.249,100.075
418.660,250.596,59.552,102.850
421.519,241.695,56.277,107.256
426.536,238.563,52.555,111.454
428.794,237.383,50.478,117.543
430.367,227.609,49.967,123.577
426.676,220.834,50.649,127.343
432.011,200.764,47.938,135.393
440.909,166.885,41.871,148.313
445.282,162.144,36.744,158.536
439.993,149.982,36.914,160.739
439.151,151.541,38.234,161.006
438.176,155.064,38.791,162.778
435.276,154.347,40.797,161.996
433.965,153.332,41.704,163.291
436.796,153.525,41.043,164.878
427.800,156.575,45.965,159.987
421.138,160.266,51.839,157.394
426.887,153.284,52.066,162.366
425.555,158.242,52.488,161.778
425.274,159.827,51.846,159.366
419.210,165.277,55.595,154.481
420.490,157.922,57.110,156.140
413.293,154.734,61.450,154.993
409.828,152.074,65.615,155.217
400.217,151.254,71.964,151.162
394.195,150.551,77.228,152.718
387.057,158.862,83.129,149.172
378.546,162.088,92.290,145.340
367.545,158.029,102.856,140.675
325.540,149.867,106.343,138.794
315.473,152.719,106.923,136.380
294.108,158.964,102.767,137.494
179.782,64.083,103.258,138.196
173.431,68.921,86.047,143.379
176.357,69.164,77.126,142.844
179.010,68.380,72.441,136.369
177.093,78.317,73.379,129.990
179.572,74.367,80.662,112.117
176.996,85.283,80.346,107.669
176.942,63.988,75.373,108.312
179.384,49.638,62.308,122.893
182.135,46.346,54.811,130.299
184.603,64.628,55.389,127.747
189.644,61.547,53.249,133.475
189.481,91.344,54.788,121.715
177.783,130.001,72.439,99.775
173.360,155.634,69.082,99.385
174.647,155.710,68.938,95.562
190.425,188.624,69.519,96.342
189.580,193.310,67.898,108.475
187.405,191.611,65.308,116.104
189.801,193.712,65.625,118.319
189.277,195.021,66.060,115.319
190.633,195.197,66.466,114.322
191.342,195.353,64.798,113.993
193.244,193.617,62.407,114.635
196.374,191.141,64.995,112.579
196.190,190.170,70.175,111.858
193.892,187.265,67.203,116.613
193.824,186.989,67.699,118.180
198.056,183.304,63.069,123.405
202.225,180.927,64.606,125.529
199.984,177.029,57.460,130.578
202.139,174.736,51.978,134.031
202.459,173.650,47.139,136.511
203.881,172.846,44.687,138.305
205.572,171.101,44.611,140.334
203.737,169.635,43.268,141.965
205.778,167.154,43.168,144.461
206.597,167.738,43.567,145.940
205.848,166.150,43.022,149.659
205.602,166.425,43.523,151.152
206.017,163.790,44.000,152.480
206.568,163.715,44.782,152.666
206.494,162.665,44.798,154.206
207.050,162.336,45.038,155.998
206.552,162.176,45.067,158.195
205.716,162.111,45.335,159.631
206.204,160.614,46.488,161.102
205.770,160.396,46.522,163.269
205.102,160.440,46.809,164.725
203.846,160.230,46.662,168.467
202.642,159.237,47.588,170.039
203.492,158.101,48.173,172.459
200.003,158.199,48.364,173.750
200.526,156.005,49.615,175.278
199.145,157.181,49.083,178.699
200.044,154.447,49.862,183.436
198.678,153.233,50.112,187.066
199.519,151.456,50.863,190.680
198.096,149.413,51.577,192.846
198.368,146.903,51.554,198.185
197.469,143.826,51.199,203.410
195.711,139.721,50.221,208.483
194.971,139.327,50.045,208.602
195.133,137.780,50.619,210.153
193.464,140.456,50.513,208.829
193.699,135.623,50.103,214.939
190.680,123.810,51.158,225.219
192.723,120.996,51.975,234.069
192.390,117.051,52.251,237.048
192.818,106.598,51.422,245.864
193.438,98.549,50.683,254.753
195.133,91.158,51.109,263.972
194.831,87.915,52.377,269.952
193.459,87.849,53.226,270.916
191.303,87.912,54.124,270.297
189.637,92.712,54.723,266.406
190.592,92.950,55.697,265.292
189.557,91.766,58.059,265.074
187.352,93.503,58.613,265.238
