71.000,88.000,264.000,253.000
72.251,82.126,266.989,256.412
73.262,77.332,264.785,258.385
78.112,73.407,263.498,259.345
80.560,67.685,260.429,260.785
83.266,65.646,260.884,263.436
83.268,65.985,259.324,264.425
85.495,66.224,261.806,263.906
83.707,70.154,262.399,261.008
86.022,68.946,260.601,261.755
86.570,69.269,260.227,263.293
86.904,70.548,260.292,262.499
87.696,71.668,261.142,261.885
88.624,71.998,261.388,259.988
89.522,70.629,260.876,260.089
89.613,65.095,261.580,258.980
91.803,59.829,261.793,255.843
90.201,51.807,260.270,258.802
95.332,46.352,260.442,260.643
94.437,48.411,259.473,260.272
96.800,47.633,255.663,258.235
99.385,48.294,254.212,257.690
99.173,47.584,252.874,256.765
100.085,47.356,251.528,254.686
102.406,47.666,248.552,254.968
100.734,49.446,249.868,252.674
102.123,48.376,246.658,252.051
102.257,48.743,245.572,249.364
102.268,49.661,244.638,247.072
103.315,49.708,242.641,246.870
103.286,46.865,240.556,244.727
105.450,43.782,237.922,249.845
106.359,37.770,236.620,252.801
105.129,36.441,235.659,253.407
107.711,30.662,234.060,254.327
105.966,35.398,235.534,252.931
106.458,30.735,233.282,254.134
103.754,37.123,235.191,250.509
105.228,34.184,233.158,253.490
105.399,33.667,232.112,253.692
105.575,30.363,231.415,254.394
101.421,38.064,234.440,251.241
102.632,35.194,232.812,249.823
99.420,42.256,234.599,243.818
97.337,46.206,234.546,239.938
95.039,48.400,233.952,240.942
95.237,45.346,232.291,237.060
92.728,44.041,231.640,237.884
94.171,39.581,229.292,241.484
93.901,38.921,229.939,242.201
95.258,32.290,229.617,244.667
95.292,28.240,228.840,246.357
95.095,25.546,228.630,247.199
93.797,25.221,230.087,247.990
93.216,24.019,230.977,248.549
92.050,24.656,230.976,247.808
92.139,24.214,230.454,243.908
90.761,28.417,230.416,243.489
92.603,25.625,227.878,245.154
90.981,32.748,228.713,241.413
92.917,32.669,225.865,244.057
92.682,36.397,225.917,242.334
94.585,36.775,225.047,239.090
93.874,42.100,224.965,233.863
94.821,41.960,222.675,232.728
94.167,46.052,222.389,231.207
95.476,45.250,220.587,230.033
94.371,50.568,220.760,228.767
95.325,45.576,217.509,231.243
94.874,49.459,217.474,235.490
93.913,48.667,216.572,238.615
93.882,49.400,217.037,236.767
93.115,50.926,217.888,239.820
93.594,49.933,218.246,236.980
93.302,52.420,216.608,242.280
92.962,51.956,215.759,250.300
93.841,54.003,214.081,265.476
94.416,56.673,213.231,276.396
94.137,53.475,213.324,288.555
96.247,50.853,213.437,297.795
95.332,46.685,213.505,303.942
95.329,44.055,213.331,305.683
96.352,44.467,213.535,305.324
94.990,39.475,212.758,307.739
98.216,39.361,209.802,307.994
96.165,36.716,210.226,307.535
99.366,41.021,207.997,303.153
98.115,41.992,209.270,300.077
101.386,42.142,208.022,298.428
104.259,37.883,206.371,299.590
106.190,35.747,203.846,300.315
107.519,37.048,201.948,301.402
109.076,34.795,200.736,301.901
107.889,39.414,201.076,299.274
109.643,41.916,200.549,295.130
109.052,43.576,199.627,292.404
110.573,42.633,198.922,292.612
108.117,41.777,197.665,293.929
110.199,45.436,197.910,289.897
108.621,42.968,196.529,290.006
109.257,45.242,196.321,287.980
107.153,43.726,193.481,287.284
108.538,43.328,191.887,286.384
110.334,42.099,187.043,284.741
112.000,43.298,184.405,280.981
112.101,45.546,182.544,275.908
114.840,48.018,180.185,271.176
116.749,47.826,176.991,266.613
118.568,49.137,174.605,261.395
122.721,48.306,172.735,259.202
123.635,49.120,171.590,257.068
124.713,50.492,172.228,254.844
122.542,52.203,173.946,252.457
124.513,52.040,173.548,252.335
123.450,51.702,175.405,251.654
122.624,51.059,176.370,251.292
124.152,50.050,175.568,252.151
125.919,47.067,175.714,254.847
125.865,47.593,175.805,254.971
126.681,47.387,175.183,255.775
126.429,48.592,173.749,255.023
126.947,48.530,174.094,255.121
123.577,51.587,174.236,253.337
123.420,49.631,173.602,255.165
123.009,49.344,173.215,255.546
120.975,49.111,173.267,256.271
123.877,50.544,173.928,255.401
121.073,50.467,174.085,255.699
123.261,52.716,174.484,254.112
118.423,51.421,175.523,254.212
123.192,52.039,174.180,254.020
117.817,51.632,175.115,253.567
121.838,53.637,174.617,252.695
117.431,53.820,174.682,252.770
119.873,55.505,175.050,251.536
119.491,57.486,173.981,250.461
119.135,57.356,175.092,249.207
117.686,59.001,174.939,249.394
115.600,57.859,174.279,250.002
113.193,51.997,173.179,254.854
113.536,53.435,173.230,255.125
112.865,55.556,174.334,254.782
114.426,55.377,174.164,255.785
113.904,53.362,173.658,258.786
116.810,56.992,172.246,258.668
116.229,58.513,171.281,258.696
114.537,58.767,172.866,258.304
114.625,59.907,173.982,257.150
115.143,59.618,173.392,257.083
115.325,58.626,172.840,257.424
115.844,56.345,172.193,259.037
115.708,55.533,171.839,259.572
115.829,55.735,172.135,258.362
116.012,56.395,173.057,256.916
114.296,56.680,172.759,256.189
117.489,58.789,173.200,254.465
115.206,59.430,172.287,254.085
115.842,58.063,173.340,254.121
117.065,55.509,172.413,256.224
117.261,55.679,173.072,256.021
116.793,57.648,173.366,255.681
118.218,58.833,174.116,254.432
115.765,59.139,173.424,254.329
118.937,58.689,173.383,254.441
116.001,58.719,172.490,254.125
118.480,59.422,173.798,253.265
115.861,58.601,173.066,253.548
118.545,59.314,173.461,254.275
115.799,59.769,172.790,253.464
116.652,59.618,174.103,253.035
117.350,54.945,172.786,256.074
116.460,55.675,173.094,255.180
116.155,55.861,173.564,254.931
117.790,55.921,173.670,254.526
116.844,55.992,173.188,254.822
118.174,54.140,174.157,256.354
115.057,56.265,173.352,254.882
118.973,56.425,173.462,254.809
115.783,57.053,173.670,253.965
116.797,55.088,173.731,254.779
116.549,54.706,172.703,256.414
119.104,55.238,173.119,255.562
115.507,55.697,172.048,255.063
118.383,55.750,172.473,254.536
116.494,53.994,172.432,255.925
118.036,55.779,173.441,254.971
117.114,53.243,172.532,256.924
117.991,55.233,172.228,255.306
116.777,53.953,171.872,256.194
117.054,54.892,173.177,254.320
117.593,52.549,173.390,255.550
117.184,54.242,173.133,255.322
118.085,54.732,173.149,254.787
115.622,53.300,172.804,255.692
117.567,53.301,172.679,254.863
118.494,54.231,172.644,254.436
117.704,52.406,172.318,255.737
117.257,53.532,172.437,255.813
118.012,53.043,172.606,255.761
116.953,54.397,172.489,255.235
117.905,52.424,173.136,256.301
116.265,55.852,173.186,253.920
118.141,53.783,173.229,255.196
116.939,52.396,172.740,256.556
117.447,51.056,172.855,257.169
117.347,49.199,172.355,259.141
117.888,50.419,172.372,259.054
115.926,50.606,172.442,260.058
116.727,53.128,173.086,258.150
116.678,51.774,172.838,258.426
116.055,55.299,173.462,256.484
117.145,54.396,173.092,256.932
115.392,54.596,172.906,256.498
118.322,54.305,172.977,255.600
114.638,55.336,172.741,254.166
116.320,54.425,172.814,254.579
115.601,55.246,172.788,255.104
114.305,54.553,173.254,254.916
116.142,53.317,172.712,254.953
115.256,54.423,172.774,254.017
114.412,51.809,172.153,256.422
116.119,49.860,171.842,256.471
114.610,48.304,172.001,257.961
115.443,48.064,173.067,258.111
115.152,48.214,173.233,258.260
114.800,48.674,173.603,258.598
115.961,48.017,173.000,260.318
115.665,48.499,173.472,260.293
116.506,49.562,173.964,259.007
116.183,47.630,173.517,261.149
115.811,47.984,173.613,261.610
114.870,48.049,172.994,262.236
116.818,48.754,172.702,261.608
114.445,50.941,172.668,260.531
113.753,51.525,173.667,258.917
112.946,52.179,174.047,258.638
112.475,53.614,174.333,257.079
113.513,52.483,173.253,257.390
112.478,54.928,172.548,256.863
112.348,55.509,172.393,255.672
109.310,55.172,171.495,255.653
109.908,56.856,171.788,253.710
108.648,56.688,171.219,252.809
108.038,57.743,171.599,251.993
106.604,56.296,170.646,252.312
105.303,59.599,171.315,250.828
104.797,62.123,170.592,247.929
104.634,62.373,170.718,247.397
104.403,61.708,171.334,247.596
104.756,59.905,169.556,249.751
104.444,62.201,170.290,248.228
104.299,60.241,170.125,249.561
105.105,58.631,169.814,250.830
104.045,58.136,169.665,251.380
104.085,58.295,169.031,251.331
103.418,59.887,169.239,250.580
104.443,59.795,168.605,250.487
103.854,58.723,168.539,250.847
102.902,59.304,169.284,250.306
102.726,60.950,170.172,249.211
104.899,61.354,168.962,249.278
104.460,56.350,168.223,252.948
105.199,56.293,168.239,253.360
105.274,55.759,167.986,254.116
105.521,54.618,168.542,254.651
105.742,55.883,168.517,253.766
104.873,57.155,168.815,252.835
105.233,56.520,169.005,253.810
105.487,55.537,167.639,254.655
106.442,55.714,168.230,254.191
106.841,57.628,167.621,252.974
105.365,59.551,169.598,250.292
106.290,59.101,168.987,251.078
106.332,59.147,169.364,250.726
107.163,58.371,168.827,251.184
108.651,56.335,167.473,252.691
110.230,55.353,167.677,252.606
108.463,57.257,167.827,251.505
109.797,54.427,167.170,252.135
110.228,52.772,166.349,253.715
112.105,52.536,165.166,253.860
110.258,54.011,166.272,251.789
110.957,55.836,166.318,250.990
109.869,55.943,166.576,249.958
110.375,56.366,166.177,250.618
110.060,52.845,165.798,252.465
109.888,53.180,166.372,252.423
109.785,52.137,165.700,253.584
109.896,49.421,165.733,255.233
112.059,47.173,164.279,257.168
110.313,47.570,165.039,259.010
113.131,45.941,163.214,260.396
112.188,46.170,162.688,262.835
112.477,47.099,162.096,263.911
111.184,51.056,161.895,262.937
112.494,52.709,163.350,262.540
111.417,49.999,163.374,265.065
111.585,48.542,162.219,267.156
111.831,49.440,161.973,267.175
111.569,50.797,162.298,266.487
109.934,51.475,162.900,265.638
109.244,49.849,163.325,266.609
108.909,51.019,162.822,266.864
108.547,51.561,162.803,266.841
108.819,53.862,162.892,265.936
108.869,49.377,162.738,267.563
108.331,48.888,161.951,269.120
107.033,53.337,162.194,267.870
106.888,49.077,162.962,269.516
106.114,53.461,163.040,268.367
106.973,51.978,163.823,267.833
107.369,53.360,163.996,267.241
106.950,54.480,163.811,266.219
106.928,51.235,163.410,268.110
106.191,54.961,163.647,267.051
106.829,56.266,163.490,266.257
106.921,54.005,163.389,267.146
106.697,55.473,163.929,266.182
106.732,53.661,163.787,267.072
107.003,55.799,163.446,266.744
106.775,56.418,163.790,266.409
106.242,57.481,164.127,266.157
106.058,57.420,164.122,266.428
105.679,57.288,163.836,267.100
105.311,57.335,164.243,267.420
104.572,58.620,165.271,266.837
103.140,58.973,164.994,266.754
102.281,64.848,165.800,264.844
104.387,57.364,164.594,268.234
103.354,59.566,163.525,269.377
103.447,62.220,165.820,266.933
104.768,60.548,166.238,266.241
105.138,55.100,165.052,270.261
106.268,58.716,165.611,268.249
107.214,56.321,166.851,268.353
107.207,54.167,166.680,270.079
106.938,51.793,166.192,271.764
107.439,52.710,166.455,271.498
108.289,43.158,163.990,279.432
108.821,44.766,163.548,280.662
106.113,47.876,166.309,277.053
107.204,53.620,166.724,272.874
109.853,49.950,166.710,273.825
112.406,56.237,165.732,271.768
114.307,48.174,166.608,275.731
116.700,50.353,165.548,276.338
117.739,51.169,166.293,275.664
118.090,39.456,164.406,284.275
119.968,33.521,163.567,291.600
118.770,37.310,164.447,291.898
118.922,35.036,164.765,294.743
118.870,33.957,165.368,296.186
117.423,43.002,166.980,289.481
114.953,52.536,168.243,280.591
114.476,53.083,167.202,278.961
114.127,60.270,169.873,271.426
117.066,55.787,167.418,272.791
117.979,57.906,168.183,269.867
117.118,57.726,166.044,269.088
116.873,61.922,166.216,265.038
117.823,61.052,165.707,265.458
117.678,59.293,164.289,267.337
117.476,60.180,164.503,267.867
117.825,57.089,163.013,268.935
119.154,56.812,162.237,270.100
118.757,59.033,161.215,269.566
118.485,60.674,161.586,268.326
118.269,60.961,162.241,266.621
119.453,65.844,162.009,264.269
119.036,73.725,161.709,257.941
120.137,79.665,160.239,251.409
120.209,85.526,160.218,246.071
120.644,82.787,158.947,247.067
119.089,82.185,159.948,246.637
118.169,86.983,160.145,244.596
119.266,94.691,160.486,238.512
119.337,99.490,160.691,234.328
120.964,99.912,160.897,232.438
121.054,96.923,161.910,233.541
121.643,96.771,162.785,234.114
120.880,99.117,164.472,233.268
119.912,98.244,166.609,233.334
120.070,94.218,167.236,236.490
121.019,89.620,167.400,241.123
121.452,84.487,166.634,245.768
121.263,81.081,167.826,248.507
120.583,78.337,169.001,250.681
120.194,78.805,169.541,251.168
118.155,79.365,171.478,250.384
119.832,76.139,170.410,251.111
117.701,75.994,171.738,250.756
120.122,72.677,170.612,252.166
119.545,71.483,172.059,251.417
119.028,68.190,172.234,252.293
121.548,63.511,171.653,254.591
121.227,60.415,170.846,255.342
123.531,54.993,169.912,256.756
121.753,56.335,171.154,254.457
121.430,52.818,172.006,255.065
120.904,54.912,174.479,251.989
118.570,56.913,175.686,249.770
123.001,51.553,172.843,253.897
121.669,52.602,172.820,253.263
121.061,52.751,172.658,253.111
122.551,52.848,172.523,253.215
120.704,58.031,173.551,250.032
119.310,59.915,174.728,248.053
118.061,59.941,174.269,248.643
118.426,59.487,172.854,249.566
119.570,61.587,171.110,249.002
117.713,58.962,170.827,251.067
119.908,56.789,170.557,254.272
119.055,57.690,171.483,253.920
119.390,58.637,171.023,254.058
117.903,58.643,170.437,254.949
117.651,61.053,169.284,254.219
116.826,64.185,168.950,252.726
115.958,65.263,168.273,252.822
116.854,66.515,167.723,252.923
114.393,72.637,168.743,253.490
114.050,79.239,168.213,255.997
113.130,86.066,167.984,258.255
114.105,87.997,167.513,257.305
115.362,86.374,166.345,258.245
113.736,89.355,166.562,254.616
112.504,84.661,166.244,255.328
113.153,84.427,165.316,255.173
112.765,82.335,165.846,255.009
113.943,78.252,165.421,256.975
112.090,76.900,167.344,254.391
113.537,71.079,167.963,254.564
113.476,69.826,168.855,252.185
113.363,66.700,169.124,252.245
115.170,63.440,168.872,253.539
114.036,63.351,168.727,253.444
115.379,61.327,167.390,255.500
112.922,64.851,169.013,252.565
115.871,62.153,167.300,254.716
113.907,64.147,167.930,253.060
115.830,61.855,166.102,255.099
116.052,60.988,166.078,255.171
116.049,62.908,166.220,252.938
116.862,63.872,166.373,252.043
116.906,63.754,165.917,251.681
119.739,64.555,166.165,250.166
122.489,60.049,165.763,253.093
125.297,59.380,165.892,253.087
130.395,56.830,167.389,252.071
135.008,55.787,167.271,250.305
140.838,55.294,169.172,248.030
146.400,54.165,170.708,246.760
154.503,55.719,171.153,244.862
162.596,55.298,171.010,244.603
169.475,53.331,169.922,248.369
175.936,54.978,169.394,249.018
179.611,58.497,167.979,249.444
182.653,59.378,166.458,250.305
184.236,58.393,165.647,252.789
185.072,59.376,165.305,255.375
186.384,59.802,164.251,256.580
184.325,62.615,165.542,254.207
183.930,62.652,164.900,253.868
182.541,64.686,165.131,252.176
182.226,62.962,164.286,253.268
181.108,64.860,164.142,252.719
179.368,63.618,164.753,252.808
179.810,63.826,164.259,253.116
177.437,66.043,165.279,251.974
178.432,63.718,164.323,253.907
177.851,64.209,164.184,253.712
178.956,63.869,163.992,254.802
178.601,63.669,164.054,255.102
176.903,65.492,165.186,254.243
177.825,65.972,164.446,253.700
176.523,66.892,164.744,252.527
175.910,66.653,164.986,253.357
175.379,66.348,165.902,253.926
174.033,66.959,166.660,253.343
173.851,64.585,167.583,254.726
172.952,64.730,168.326,254.787
172.557,59.920,169.202,258.070
171.618,55.824,169.963,260.831
170.514,52.286,170.699,263.183
168.711,50.661,172.068,263.792
167.475,49.558,173.087,263.605
166.122,50.347,174.034,263.317
165.322,46.007,174.421,265.674
164.462,46.614,174.780,265.175
162.947,42.643,175.196,266.896
161.625,43.938,175.861,265.328
159.585,39.785,177.163,267.368
159.114,38.753,177.666,267.776
160.179,36.363,176.837,268.858
160.277,39.325,177.315,266.393
158.633,40.323,178.601,266.019
160.274,34.135,176.909,271.655
158.923,37.021,177.331,269.645
157.312,35.413,178.648,271.037
156.381,33.763,179.239,272.424
154.824,37.757,180.489,269.104
154.152,36.092,180.846,271.305
152.590,38.308,181.383,270.594
154.202,35.796,180.593,272.606
154.054,40.827,180.607,269.176
151.305,45.234,182.476,266.485
149.156,48.558,183.719,263.784
150.008,43.822,182.550,267.938
152.298,32.325,179.336,278.094
150.234,40.128,181.737,274.404
150.996,36.989,181.359,276.728
150.989,37.427,181.391,276.863
150.565,39.336,182.882,275.958
150.853,36.919,184.644,278.731
149.540,27.095,184.232,288.411
150.396,23.196,184.667,296.173
150.376,13.650,184.816,306.289
150.617,8.679,185.730,314.782
151.045,6.928,186.222,320.246
150.818,6.218,187.025,324.005
150.496,8.392,188.737,324.606
149.216,9.296,191.858,324.605
148.808,7.566,192.865,328.073
148.625,2.336,192.536,332.504
147.994,0.618,191.591,335.914
148.322,0.000,190.835,339.731
148.078,0.000,191.373,341.436
147.968,0.000,192.708,340.320
147.149,0.000,192.098,340.909
146.802,0.000,192.380,342.523
144.803,0.000,195.444,341.861
144.365,0.000,195.126,339.683
145.009,0.000,194.748,340.299
144.382,0.051,193.877,339.187
145.027,0.000,193.848,339.693
143.727,0.000,193.280,340.751
144.647,0.000,193.431,342.576
144.186,0.000,192.847,341.385
144.604,0.000,194.549,340.915
145.580,0.000,193.300,342.127
146.122,0.000,192.595,341.780
146.375,0.000,193.337,341.778
145.917,0.000,192.511,342.988
146.407,0.000,193.509,341.675
146.790,0.000,194.767,340.918
145.275,0.000,198.153,340.056
146.567,0.000,198.475,339.585
147.029,0.622,200.154,339.054
149.022,0.898,197.142,337.899
147.573,3.396,199.070,336.546
150.165,4.203,198.977,335.194
149.088,4.820,199.258,335.381
149.111,3.610,199.420,336.906
148.971,3.182,198.390,341.431
145.840,12.672,199.544,338.905
146.901,11.741,200.254,342.297
148.714,9.176,198.693,347.788
151.670,3.056,196.929,355.083
150.640,4.546,193.145,354.748
148.960,3.253,194.712,351.551
156.023,0.000,193.411,348.630
156.078,14.136,195.032,337.641
159.767,12.756,192.924,335.841
155.912,15.664,193.478,332.824
158.844,18.617,192.019,331.365
162.481,16.019,191.702,333.708
162.698,18.688,191.930,330.932
162.222,23.425,192.393,327.361
161.891,14.941,191.666,328.525
158.121,22.633,192.781,322.126
161.678,16.937,189.668,326.104
162.177,18.183,189.486,323.798
164.234,19.641,188.892,323.742
164.348,15.739,188.517,323.285
163.635,28.903,189.637,316.398
163.585,18.297,187.551,321.206
163.701,16.977,186.523,322.536
163.371,17.647,186.524,323.884
165.403,15.019,187.574,322.300
159.630,26.310,190.829,315.255
156.873,32.253,198.707,308.193
145.747,41.134,211.610,299.985
144.644,53.625,219.825,291.287
139.003,39.987,225.611,281.238
137.308,69.386,228.734,269.399
128.600,75.777,234.920,250.822
121.892,90.506,239.084,238.954
114.117,98.659,244.312,229.984
105.392,103.038,251.298,223.459
99.533,104.938,255.691,219.261
93.553,107.214,264.526,220.885
94.485,103.245,269.848,228.202
96.978,96.485,276.067,233.633
99.526,87.359,285.900,236.988
107.257,82.990,292.827,249.064
116.868,78.457,297.370,258.645
125.747,66.461,303.522,269.995
126.396,62.099,313.858,278.063
123.068,67.967,327.919,275.529
133.571,74.752,331.149,274.821
148.316,74.152,326.073,281.912
147.540,69.286,319.939,285.204
153.065,65.554,312.337,290.199
152.993,64.854,309.320,290.352
152.080,61.395,305.778,290.882
153.808,63.811,305.313,289.604
151.312,74.835,308.355,284.173
142.882,75.318,313.402,280.370
146.813,83.355,316.545,275.337
134.729,87.131,320.765,272.226
127.285,89.066,326.581,270.020
132.512,85.845,321.975,273.440
135.855,80.711,318.784,271.208
129.530,87.391,322.472,267.201
125.619,87.679,324.884,267.988
139.391,82.622,314.307,265.266
152.251,86.695,303.989,262.748
157.712,88.585,297.547,261.304
159.125,87.948,292.511,256.024
162.040,86.559,287.514,249.579
163.393,89.883,282.450,247.705
163.886,89.997,277.622,245.641
166.693,88.200,275.461,242.155
167.372,93.359,274.074,247.564
165.528,88.802,274.608,245.783
165.386,88.056,274.067,243.036
164.375,88.131,272.916,241.150
164.484,85.735,271.883,241.823
162.458,83.258,271.102,243.470
158.722,83.213,270.546,247.235
156.712,82.893,270.026,252.662
156.767,81.370,269.264,256.898
152.714,80.826,269.412,262.303
149.033,81.660,270.795,269.331
144.547,78.831,272.831,271.801
143.535,80.013,272.074,273.071
140.166,82.527,270.774,274.637
132.492,83.485,268.575,272.694
122.070,84.833,267.800,269.378
118.412,85.299,267.176,271.108
117.050,82.302,265.876,273.796
118.929,75.829,265.182,280.994
119.192,70.432,265.012,286.379
121.934,69.373,263.071,288.150
124.828,70.443,260.684,287.043
128.129,73.345,257.540,285.447
131.318,73.312,254.270,283.595
132.703,72.261,250.403,282.889
136.612,71.604,248.688,283.451
141.207,68.951,245.524,284.192
144.223,67.968,243.144,282.238
