1028.000,215.000,157.000,174.000
981.090,271.271,160.436,178.164
942.089,321.715,161.559,176.084
898.852,358.307,162.469,178.103
863.906,387.443,166.875,174.359
838.289,410.367,167.311,170.093
815.210,423.567,169.907,169.131
794.676,433.061,172.901,165.199
779.065,432.098,174.906,168.773
769.047,419.319,180.904,170.194
762.829,404.670,185.416,172.110
761.704,384.386,187.623,172.053
763.912,366.133,189.916,170.662
770.637,351.284,191.496,167.619
780.771,336.488,192.564,167.168
800.759,318.292,193.592,166.698
819.181,300.651,195.203,165.949
835.189,281.629,195.531,168.140
853.081,265.304,197.964,168.877
869.366,248.309,199.862,168.322
882.308,237.146,203.929,169.659
895.242,223.311,206.967,169.318
906.584,211.454,209.278,169.968
918.974,201.150,210.486,172.557
925.858,188.347,208.984,174.270
933.252,178.453,205.141,182.308
939.451,167.932,204.343,187.545
942.300,160.636,207.868,193.097
942.081,158.173,206.634,196.443
942.916,157.985,202.398,198.477
940.155,159.320,198.153,200.123
936.218,162.993,197.171,198.825
931.679,167.408,196.390,200.496
928.238,172.230,197.792,199.417
925.223,179.914,198.958,199.615
921.661,184.867,201.336,199.568
917.971,189.882,202.395,201.017
912.136,198.069,204.185,202.237
908.969,202.833,204.491,203.379
905.103,209.829,204.366,201.901
901.077,217.087,204.662,199.534
897.608,219.605,203.907,204.375
895.165,220.516,203.569,207.889
894.455,223.033,204.386,211.119
891.558,226.027,204.197,211.335
888.078,230.790,205.932,212.012
882.777,233.410,208.262,214.400
874.640,239.494,207.790,212.733
869.619,243.990,206.152,212.291
864.024,244.559,207.592,211.402
859.872,245.216,209.655,213.808
856.907,243.581,211.999,218.982
854.241,242.639,214.840,221.186
848.804,242.520,216.175,225.371
847.695,243.224,220.115,230.038
843.873,245.611,221.580,228.474
841.981,247.802,225.317,227.052
842.400,248.119,225.644,228.416
842.864,245.985,225.349,232.136
844.271,244.964,226.565,237.125
845.372,243.260,230.427,237.966
848.307,243.650,230.602,239.956
841.483,246.337,230.448,245.339
838.316,246.923,231.048,245.558
833.230,252.080,234.474,243.896
831.332,252.383,236.865,243.245
831.158,255.074,243.321,243.484
830.856,255.784,249.671,243.503
832.921,257.516,253.291,242.530
830.908,259.864,262.374,243.135
830.250,263.726,275.985,243.659
826.808,264.057,287.369,243.277
822.464,266.481,284.084,246.045
833.655,266.152,279.783,249.705
827.947,263.348,288.089,258.441
824.728,261.221,297.338,262.515
826.472,262.133,304.470,269.337
826.242,261.770,313.565,269.584
824.144,266.295,323.853,268.469
814.222,267.828,338.377,271.071
812.373,265.413,348.415,269.154
803.975,267.902,360.272,270.541
800.362,267.380,367.134,272.411
800.430,263.541,369.695,274.545
795.839,262.328,358.992,277.563
790.206,259.943,340.517,287.726
798.472,261.788,354.103,285.405
789.632,257.456,353.089,286.223
794.270,258.910,358.402,287.895
783.643,259.846,364.516,288.774
782.563,258.175,370.909,291.311
783.918,250.861,375.656,298.868
777.591,247.541,378.568,301.911
772.337,249.283,375.128,309.512
771.997,241.950,357.332,313.987
787.976,252.653,343.832,311.179
772.621,249.510,341.028,310.854
766.461,253.734,351.852,305.625
757.887,251.939,360.054,309.259
750.344,248.690,375.476,312.106
749.029,243.962,387.375,319.701
750.244,244.575,391.660,330.005
746.945,243.849,385.126,338.222
745.884,247.982,377.250,337.883
742.234,249.782,377.478,337.344
740.560,252.215,372.254,337.057
738.866,252.992,383.978,336.634
731.833,252.167,400.224,340.112
734.137,249.541,409.881,347.792
737.385,248.126,412.439,352.733
737.393,249.732,414.780,357.498
732.901,252.621,415.974,359.705
727.988,258.972,417.798,359.686
721.881,266.704,422.414,358.575
715.698,267.497,427.052,351.782
713.500,267.754,437.099,354.582
723.652,263.135,443.736,358.361
727.134,262.417,450.387,363.751
725.537,263.792,457.776,370.144
724.889,264.818,457.065,375.630
727.618,270.849,452.070,379.794
731.972,275.261,448.538,378.370
727.970,281.353,458.730,377.497
716.383,276.476,475.523,377.524
731.032,277.350,496.940,383.443
728.382,275.916,517.804,388.221
734.025,279.336,536.124,393.217
716.899,282.120,551.496,399.006
726.630,284.470,548.611,403.881
730.760,294.012,546.272,403.267
720.041,283.982,557.990,406.997
713.078,285.548,566.219,405.995
711.250,282.757,572.829,409.063
710.893,273.348,575.277,412.806
716.281,267.041,573.163,413.795
721.616,270.429,565.331,416.259
726.449,264.314,554.171,426.794
725.738,260.099,547.519,431.711
724.962,260.259,553.613,430.777
741.109,268.994,542.952,429.114
730.239,260.009,551.856,428.419
720.070,251.566,560.048,427.964
717.569,250.235,566.584,422.174
713.469,248.260,572.775,420.117
722.159,244.292,565.992,423.457
728.307,248.540,554.568,429.191
746.621,244.948,535.683,439.366
746.096,235.068,531.937,440.454
751.482,232.416,526.268,439.944
755.033,212.347,515.531,459.881
733.984,211.531,526.654,462.498
737.419,201.027,518.965,468.196
726.481,205.651,514.852,456.160
730.980,199.553,496.854,457.497
729.259,193.440,477.202,466.457
729.786,209.277,467.814,451.252
730.516,220.720,460.538,438.300
717.572,232.500,463.303,419.052
709.675,239.002,460.133,410.278
702.462,245.489,452.354,396.109
698.867,252.512,443.537,383.253
696.985,245.703,436.873,370.467
707.928,243.141,421.532,371.365
702.500,246.668,411.074,367.828
697.598,237.744,399.674,365.467
695.722,244.045,388.406,363.282
691.562,238.530,375.658,365.532
691.018,233.128,363.323,363.936
684.142,223.319,353.769,364.427
684.998,219.604,339.377,364.462
681.712,217.383,329.167,360.638
678.848,211.639,315.175,357.421
678.059,215.053,304.135,350.362
671.559,220.546,296.705,343.469
661.816,223.590,290.190,334.974
655.254,222.335,286.094,332.363
643.291,217.284,283.013,335.055
626.898,206.645,283.943,338.689
617.905,204.759,280.622,337.685
613.451,193.323,272.060,343.492
616.757,198.760,259.857,333.362
620.603,199.000,246.268,330.359
618.107,212.030,240.546,315.943
615.640,222.016,237.750,302.343
611.355,228.013,227.838,295.825
607.556,220.791,219.487,297.671
606.685,204.813,208.868,307.776
602.027,208.238,202.564,308.867
599.464,203.587,199.658,309.203
596.293,201.690,194.480,308.158
592.428,205.174,190.155,300.551
589.487,209.335,185.284,293.927
584.459,214.973,184.353,288.030
576.298,213.067,183.263,289.550
568.925,214.866,179.584,288.628
562.818,209.862,175.048,292.574
559.168,207.623,174.616,291.985
553.870,211.090,172.451,287.555
550.365,215.526,167.130,285.784
552.552,214.375,158.975,284.286
549.923,218.726,151.111,278.276
550.140,232.894,146.664,269.076
547.714,238.678,142.807,264.940
545.566,244.311,139.671,264.431
543.943,252.337,136.867,258.225
541.187,259.621,133.853,252.580
539.485,258.000,129.822,253.526
542.704,255.705,123.908,259.348
541.137,256.614,120.597,261.786
540.997,259.071,119.066,258.881
538.559,263.336,119.420,255.373
535.987,260.841,117.364,258.985
534.470,260.924,114.571,261.347
532.501,255.145,111.398,267.521
531.292,251.899,106.814,274.882
530.217,249.836,103.728,278.924
528.401,253.272,102.489,279.925
527.357,258.232,100.427,277.594
526.887,262.013,100.197,272.804
525.825,262.608,101.340,270.985
525.123,267.232,103.197,266.153
525.189,271.510,102.372,266.986
527.477,272.733,98.082,268.877
526.491,273.183,94.041,268.737
526.286,273.140,91.184,269.164
527.553,277.735,89.463,265.835
527.303,280.817,89.378,262.246
526.445,287.204,90.233,258.045
524.896,286.889,92.510,251.987
524.697,290.296,93.069,247.280
524.008,288.603,91.959,246.318
521.994,287.065,91.312,248.015
520.762,287.499,91.820,246.590
518.030,289.017,92.092,241.671
515.632,287.214,91.452,240.848
512.872,281.842,91.003,242.560
511.177,273.284,90.958,244.762
508.163,266.655,92.073,243.968
505.533,263.629,93.196,240.007
501.753,258.195,93.078,237.632
496.196,254.959,94.999,234.814
494.669,251.165,94.251,232.782
494.260,242.710,94.654,231.751
490.710,235.148,94.289,230.500
489.149,228.323,93.949,231.944
483.723,225.318,96.369,230.857
480.554,226.294,98.446,227.331
474.467,228.917,103.283,218.708
464.740,225.603,107.997,217.491
456.930,229.584,111.849,213.554
448.218,234.329,115.346,210.437
440.860,234.579,117.731,208.643
431.810,242.273,121.614,205.154
424.200,243.374,123.517,204.626
417.799,241.695,125.667,205.739
406.067,240.246,128.532,206.246
396.073,243.349,131.530,204.837
388.691,246.095,134.375,199.144
379.798,249.050,135.589,194.856
367.315,256.875,139.251,189.466
362.593,259.685,139.608,186.713
351.392,263.121,141.967,180.609
340.851,264.613,144.675,178.746
328.572,263.478,146.646,178.706
318.866,259.142,147.972,180.468
309.818,258.260,149.702,180.063
297.643,254.982,149.533,181.642
285.553,250.305,150.728,182.139
272.722,245.732,150.940,184.038
259.995,244.152,152.421,184.548
247.870,243.557,154.701,185.323
232.802,239.154,158.526,187.020
217.491,236.291,162.771,188.458
203.950,235.130,165.831,189.002
191.465,234.754,168.982,189.423
176.378,232.018,173.837,189.892
161.666,229.276,179.075,191.086
148.338,225.534,184.341,188.664
134.509,225.537,190.031,187.376
126.453,222.820,191.097,188.563
116.721,219.330,191.715,188.667
106.017,216.733,192.427,189.601
99.445,211.759,192.006,193.062
95.200,207.536,191.205,197.552
89.835,203.463,190.845,200.873
88.547,199.529,189.712,203.359
91.525,197.399,185.931,202.857
89.404,196.637,184.422,199.564
90.116,194.668,183.242,200.498
92.845,192.301,183.294,202.202
93.422,188.966,181.528,205.239
102.540,188.648,182.143,204.762
110.278,186.044,180.482,205.449
123.764,183.233,177.584,207.423
135.033,177.477,172.990,210.128
148.028,175.596,169.758,208.955
161.404,173.011,168.827,204.503
173.265,172.937,170.357,200.008
183.363,171.167,170.908,198.544
190.788,165.407,171.790,198.017
191.937,158.083,168.022,200.416
193.938,153.332,166.030,203.251
191.193,145.731,166.101,204.207
185.510,139.887,164.679,204.048
177.148,137.075,161.502,203.400
169.439,133.263,159.879,201.561
162.334,128.582,159.121,199.296
152.341,126.864,161.164,199.123
143.066,125.135,163.964,200.764
133.844,123.196,166.724,202.424
125.668,120.438,169.216,204.158
116.781,118.431,174.958,206.120
108.999,120.091,176.808,206.408
101.965,119.716,180.310,208.778
101.847,121.614,176.108,210.260
100.881,123.458,175.582,211.445
99.106,127.270,172.873,207.517
99.237,131.228,169.991,204.923
95.177,136.586,168.758,202.304
95.319,138.229,168.424,203.007
94.434,139.377,170.894,204.750
91.571,142.544,170.733,206.726
88.065,147.226,168.014,206.628
85.843,152.160,163.825,205.183
81.018,154.679,161.254,206.368
74.272,154.661,162.651,207.478
70.542,156.258,163.679,206.100
63.572,162.646,168.944,203.227
57.319,167.511,173.779,201.874
61.233,169.012,177.183,202.726
64.539,170.664,178.730,203.622
63.447,171.729,178.855,205.409
58.043,173.584,176.411,205.353
62.805,174.959,169.193,206.317
66.728,179.213,164.425,205.880
69.010,182.795,160.784,203.874
64.021,187.025,159.465,201.888
55.107,190.383,160.187,198.188
42.985,191.881,163.369,196.686
28.585,190.440,164.447,197.495
9.246,191.200,169.589,200.206
0.000,192.836,162.327,203.777
0.000,192.753,145.043,205.928
0.000,190.471,122.942,203.957
