580.000,442.000,123.000,114.000
579.165,442.907,124.328,112.950
578.695,443.099,124.848,112.043
579.427,443.684,124.905,111.470
579.726,443.183,124.512,111.314
579.210,443.003,124.062,111.249
578.887,443.103,123.998,111.085
579.544,443.094,123.438,110.571
578.292,442.191,123.864,110.616
578.608,441.706,123.715,110.231
579.148,440.936,122.561,110.283
579.027,440.456,122.097,110.602
578.154,440.328,122.329,110.686
577.602,441.400,122.060,110.144
577.639,441.751,121.499,109.781
577.112,442.274,121.240,109.613
576.591,442.290,121.718,109.461
576.809,442.130,121.223,109.196
576.457,442.218,121.051,109.769
576.370,442.581,120.743,109.132
575.870,442.884,120.498,109.050
574.906,442.776,120.180,109.236
574.624,443.428,120.225,108.510
572.808,443.463,120.823,108.343
572.439,443.859,121.172,107.790
570.637,444.042,120.899,107.369
570.175,443.415,120.647,107.239
570.234,440.557,121.149,107.329
568.673,440.361,120.664,106.522
567.626,438.065,121.274,106.170
568.495,438.133,121.712,105.091
569.033,437.290,121.533,105.288
568.036,435.973,121.343,105.574
568.245,435.548,121.538,105.214
569.007,436.048,121.124,105.413
568.955,437.204,121.190,104.630
569.107,438.561,121.033,104.316
569.974,440.834,121.748,103.747
570.249,441.574,121.981,103.764
571.062,441.000,121.668,104.042
571.378,439.266,120.905,105.199
573.351,437.337,120.762,106.051
572.401,436.718,120.085,105.819
574.388,434.904,121.176,106.039
574.433,436.366,120.866,104.461
575.740,437.783,121.155,103.720
576.397,437.548,120.972,103.547
577.108,438.442,120.827,103.298
578.381,437.875,119.552,104.121
579.177,436.896,119.582,104.462
579.831,436.323,118.883,104.585
579.925,437.846,119.466,103.566
580.746,437.817,119.435,103.622
581.428,439.223,119.719,102.967
581.932,439.735,118.463,102.895
582.274,440.922,118.265,102.908
583.093,440.701,118.082,103.300
583.063,440.026,117.523,103.652
585.056,440.941,117.833,103.463
584.908,440.782,118.906,102.893
584.943,440.969,119.857,102.791
585.573,442.002,119.699,102.389
585.626,441.536,119.509,102.727
587.959,441.764,118.668,103.212
588.327,441.025,119.203,103.336
588.979,438.323,119.314,104.125
589.776,438.067,118.792,104.079
590.873,438.481,118.898,104.135
591.276,438.398,118.884,103.491
592.983,438.128,119.986,102.639
593.074,438.381,119.802,102.168
594.273,437.435,118.733,103.090
594.455,436.958,119.099,103.809
596.152,438.647,118.086,103.248
596.620,439.381,117.659,103.158
598.083,442.343,118.318,102.824
597.227,443.302,117.719,102.782
597.608,444.057,118.359,102.446
598.343,444.052,117.906,102.355
598.797,443.831,117.857,101.895
598.038,443.585,117.863,101.951
597.897,442.768,117.732,102.621
597.281,442.178,118.094,103.338
596.037,442.125,117.811,103.173
595.465,442.100,118.014,102.711
594.643,442.149,117.844,103.183
593.136,442.320,118.027,103.174
592.077,442.172,117.876,103.506
589.576,442.212,118.287,103.515
589.464,441.350,118.032,103.727
587.703,442.236,118.728,103.495
585.863,443.036,118.803,103.299
584.593,443.343,119.407,103.038
582.995,443.316,119.832,103.172
581.096,443.135,120.741,102.977
580.790,442.847,120.369,102.570
578.356,441.795,119.842,103.260
578.003,441.023,119.742,103.272
576.913,440.666,120.578,103.546
576.377,440.270,120.898,103.733
575.570,441.022,120.346,103.511
575.454,441.180,120.683,102.898
574.171,441.211,121.907,102.079
574.897,442.221,122.099,103.602
574.112,442.401,122.210,103.335
574.261,440.821,123.654,104.276
576.281,439.865,122.863,105.290
576.452,439.659,123.032,105.254
576.505,438.865,122.589,104.830
576.717,438.320,122.688,105.243
577.328,438.266,122.962,105.656
577.311,437.489,122.861,107.322
578.320,438.788,124.602,105.473
578.123,440.069,124.783,104.155
578.044,437.952,124.231,106.151
578.093,438.414,124.258,105.049
578.190,437.594,124.933,106.052
578.089,437.691,124.829,105.759
578.985,437.664,125.448,106.188
578.727,437.350,126.371,106.350
578.810,437.016,125.850,106.095
578.952,436.692,126.363,106.845
578.181,435.165,125.278,108.036
579.347,434.696,125.042,108.234
578.179,434.225,125.913,108.143
576.933,433.604,126.382,108.360
575.036,433.605,126.982,108.613
573.520,433.989,126.859,108.703
572.909,435.861,128.216,109.180
571.816,435.189,128.029,109.851
570.395,435.870,127.995,110.528
570.044,435.453,129.050,110.394
568.110,434.895,128.751,110.877
568.735,435.476,127.588,110.698
566.215,436.276,128.787,110.917
565.390,435.667,129.199,111.137
565.700,435.324,130.750,111.144
565.204,435.052,131.090,111.414
566.592,433.837,131.559,112.484
567.129,433.883,131.983,112.685
568.979,434.369,132.909,111.618
570.173,434.325,133.759,111.018
572.318,433.906,135.296,111.533
573.895,432.603,137.034,111.999
576.708,431.279,138.443,113.211
578.914,431.440,138.751,112.768
583.107,431.601,139.571,113.093
586.064,430.262,139.837,113.905
590.816,429.728,138.789,114.174
596.434,427.779,137.542,115.804
601.874,425.199,136.209,115.682
607.562,424.867,135.586,115.287
619.652,422.036,133.749,114.672
624.579,420.088,132.276,115.650
635.068,418.467,130.412,116.373
641.629,417.417,129.516,116.224
653.604,415.872,130.389,116.395
659.148,418.757,130.641,113.293
669.357,420.223,130.244,112.320
675.139,421.030,129.496,112.290
683.906,419.965,129.860,112.164
690.221,418.736,129.505,110.491
700.374,417.777,127.714,107.859
704.858,418.237,127.825,107.973
712.564,420.141,126.894,108.052
717.839,421.162,125.915,107.060
724.924,424.138,125.043,105.331
730.770,425.058,124.025,104.083
739.939,428.815,121.497,102.730
744.340,429.631,120.912,100.950
750.569,433.568,119.919,99.575
754.612,433.875,119.243,99.391
761.894,434.637,117.301,99.393
766.161,435.517,116.702,98.827
773.725,435.510,114.953,98.059
778.155,435.230,114.169,96.937
780.357,435.467,114.071,96.410
787.537,436.083,112.881,95.197
790.860,435.805,112.775,94.226
797.615,436.259,112.496,93.502
800.925,436.131,112.258,92.636
807.976,437.786,110.847,91.516
812.447,437.505,109.279,91.068
818.746,437.264,108.518,90.296
822.825,438.733,107.291,89.071
828.396,439.340,106.975,87.891
831.867,439.714,106.406,87.402
837.986,440.267,105.443,86.325
840.281,439.759,105.047,85.764
844.285,439.316,104.863,83.923
847.199,439.936,104.602,82.829
850.035,441.057,105.264,82.243
851.206,441.651,105.235,81.799
852.986,442.340,104.731,81.543
855.362,443.590,104.275,81.394
857.441,445.404,103.858,80.347
859.357,446.599,102.963,79.988
860.224,450.247,102.275,79.647
861.454,452.482,101.362,79.468
861.948,454.568,100.787,78.234
862.672,455.398,100.766,77.570
862.609,455.897,101.307,76.881
862.103,456.110,101.398,76.681
860.089,456.473,100.565,75.873
858.735,456.788,101.781,75.359
853.584,457.544,101.265,74.501
852.841,458.246,100.252,74.252
846.974,460.135,99.603,73.706
842.740,460.455,99.949,73.148
833.666,461.387,100.676,72.046
828.769,461.262,100.887,71.241
820.942,460.486,101.134,70.614
817.425,458.887,100.688,70.274
810.029,459.387,99.895,68.755
805.827,459.682,99.684,68.373
799.172,459.446,99.584,67.870
797.065,459.835,98.729,66.912
790.381,458.370,98.831,67.021
788.063,456.307,98.601,67.200
783.807,454.235,97.401,66.539
782.135,453.624,95.353,66.608
777.670,451.052,92.510,66.208
775.374,450.678,91.737,65.336
766.778,450.792,91.836,65.138
762.829,451.409,93.652,64.365
756.102,453.064,92.967,63.695
753.250,453.287,91.728,63.507
747.693,451.088,90.985,64.888
746.704,451.454,89.950,65.008
742.346,451.875,89.433,64.854
740.042,452.523,89.217,64.498
737.189,451.791,87.419,63.889
734.702,451.939,86.786,63.682
727.851,449.934,87.775,62.948
726.284,448.106,87.496,63.228
719.178,447.442,85.756,62.957
716.490,448.651,84.462,62.375
711.376,449.277,82.306,62.959
706.856,448.603,82.056,61.765
701.997,451.084,80.494,61.095
698.703,450.154,79.078,61.001
692.404,451.055,78.928,60.664
688.348,451.201,80.100,60.354
682.455,449.873,79.671,60.769
679.707,450.247,80.160,60.078
674.308,449.369,78.795,60.302
670.981,449.859,79.606,59.368
666.067,451.178,78.915,59.748
663.806,451.623,78.703,59.225
659.460,452.749,77.808,58.705
657.771,453.843,78.048,58.046
653.841,453.593,77.654,57.817
651.988,453.671,77.022,57.784
650.086,454.058,75.178,58.122
648.919,455.287,74.907,57.275
647.371,457.208,74.493,57.160
646.202,458.771,74.221,57.130
644.712,460.178,74.376,56.844
643.183,460.890,73.816,57.085
639.897,461.929,72.401,57.169
638.656,462.407,72.618,56.490
636.860,462.303,72.966,56.033
635.914,461.532,71.870,56.027
634.892,459.403,70.707,55.901
634.029,459.198,69.694,55.441
633.172,456.371,68.433,57.097
631.603,457.952,68.946,55.976
630.183,459.399,69.708,55.687
629.684,458.459,69.527,56.194
629.437,458.823,69.765,56.301
629.949,459.433,68.986,56.118
629.514,458.435,68.827,56.493
629.826,454.404,67.468,57.459
628.549,454.593,68.091,56.895
629.760,452.884,67.633,58.101
630.802,452.648,67.555,58.471
630.777,453.052,67.020,58.549
631.296,452.993,66.246,58.481
631.126,453.504,66.702,58.153
631.272,453.610,66.416,57.719
630.661,454.256,66.921,56.736
629.228,454.571,67.485,56.230
630.389,455.007,67.190,56.036
629.606,455.219,67.345,56.526
628.455,454.678,67.990,56.236
629.857,454.383,67.351,56.451
629.429,454.382,67.143,56.232
629.254,455.164,67.505,55.985
628.184,454.957,66.697,55.870
629.164,456.330,66.468,55.473
628.573,457.415,67.203,55.086
627.845,457.128,66.980,55.383
627.775,454.794,66.057,56.189
626.739,453.861,66.357,56.253
626.102,453.770,66.731,56.543
625.582,452.394,67.105,57.038
623.767,448.455,67.616,57.234
622.315,448.452,68.527,56.756
619.372,447.110,69.159,56.483
618.388,446.821,69.711,55.875
614.963,443.502,69.499,56.722
612.656,443.695,70.919,55.261
610.007,442.051,71.818,55.707
609.118,443.296,71.663,55.248
606.813,443.628,69.598,56.957
605.097,445.060,69.432,56.871
602.807,448.127,68.878,55.880
602.131,447.920,68.115,55.213
601.765,447.667,69.106,54.199
602.003,447.798,69.087,53.861
603.052,448.806,70.199,52.357
604.290,447.656,69.901,52.232
608.283,446.539,68.668,53.066
609.772,446.672,69.334,52.846
614.008,450.058,67.518,53.521
613.801,450.064,67.117,53.742
613.695,449.674,67.011,54.544
614.289,449.258,66.467,54.767
614.407,444.553,64.919,55.778
615.141,444.045,64.618,55.437
615.138,442.893,63.845,55.328
614.792,441.679,63.175,56.132
614.828,444.504,63.322,54.876
614.366,444.569,62.776,55.142
612.316,444.674,62.566,54.746
611.339,445.831,63.097,53.919
610.740,445.799,63.108,53.840
611.302,446.819,63.236,53.884
612.189,449.971,62.873,53.615
613.051,452.131,62.223,54.471
614.265,451.095,61.732,55.505
615.515,450.677,60.950,55.381
616.593,450.179,61.012,55.579
616.296,450.634,61.406,55.577
617.717,450.822,61.744,55.342
618.554,452.957,61.948,55.057
620.478,454.371,61.248,55.187
621.051,455.246,61.129,54.743
623.715,454.410,60.079,54.597
625.837,455.147,60.077,53.997
628.048,455.646,60.750,54.094
629.590,455.479,61.401,54.029
633.785,454.446,61.213,54.177
634.726,454.624,62.419,53.367
639.873,452.110,61.254,53.950
641.550,452.664,61.838,53.167
645.037,454.767,62.092,53.474
645.764,454.269,61.410,53.892
647.815,453.428,61.760,53.530
647.111,451.010,61.560,53.740
647.551,449.062,61.964,53.688
647.868,449.773,62.511,53.409
649.017,453.624,61.072,53.585
648.981,452.860,60.931,53.935
649.719,454.269,60.254,53.446
649.762,455.324,60.524,53.306
649.174,453.863,60.441,53.120
650.470,453.353,60.237,52.386
651.637,455.253,60.253,52.470
653.348,454.059,60.373,52.514
653.783,454.054,60.256,53.043
656.432,453.095,59.810,53.215
657.860,451.511,59.433,53.680
658.763,452.653,59.659,53.236
658.154,452.449,60.610,52.935
659.035,453.013,59.936,53.552
657.898,452.125,60.308,53.324
657.078,448.569,59.859,53.507
655.474,448.232,60.212,52.454
654.294,447.089,60.343,51.864
653.862,447.414,60.328,51.621
651.805,447.908,59.821,52.092
650.656,447.686,59.648,52.233
649.993,447.316,59.845,51.555
649.106,447.131,59.839,51.536
647.488,447.023,59.778,51.737
646.453,448.265,60.594,51.210
645.439,448.734,61.411,50.701
644.740,449.544,61.329,50.503
643.604,451.712,60.429,51.086
643.157,451.923,60.305,51.257
642.798,454.754,59.932,51.549
642.695,454.270,59.960,51.738
642.048,452.951,60.112,51.700
641.616,453.762,60.088,51.150
642.142,454.101,59.255,51.210
643.234,453.159,58.897,51.429
643.130,451.380,58.617,51.969
643.631,451.046,58.211,51.507
644.563,449.401,57.767,51.349
644.761,449.178,58.111,50.513
644.854,446.749,58.267,50.291
644.678,447.074,59.085,49.218
644.394,444.375,58.561,50.335
644.402,444.661,58.173,50.077
644.039,446.059,59.079,49.828
643.455,446.713,58.699,49.941
643.320,448.687,59.013,49.989
642.637,448.444,59.168,49.619
642.420,448.418,59.046,49.424
643.319,447.892,59.217,49.051
642.333,447.900,59.160,49.059
642.384,449.067,58.970,48.751
641.817,451.536,59.212,49.025
641.366,452.072,58.275,49.403
639.617,454.349,58.307,49.188
639.225,454.429,58.211,49.581
637.162,453.278,58.141,50.200
636.646,454.747,58.099,50.023
634.284,453.440,58.389,50.461
633.318,453.346,58.368,50.161
631.204,452.491,58.060,50.217
630.532,451.456,57.829,50.155
627.705,451.671,57.346,49.830
626.699,451.740,57.525,49.486
624.008,452.536,57.752,49.256
621.882,453.429,57.404,48.914
618.258,455.946,58.282,48.333
616.424,456.467,59.305,48.388
612.851,459.022,58.967,48.141
611.577,460.806,60.074,47.559
607.834,461.371,60.221,47.440
606.338,461.155,60.123,47.785
602.475,460.874,60.255,47.509
600.923,461.301,60.118,47.596
598.657,458.983,59.219,48.841
596.193,459.750,58.782,48.331
592.847,460.186,58.491,48.338
591.167,458.459,58.055,48.573
588.996,459.498,58.497,47.946
586.127,457.168,58.233,48.427
582.794,454.713,58.395,48.540
581.141,455.169,58.289,48.382
576.393,453.505,56.103,48.975
575.248,453.166,55.047,49.136
571.581,453.427,54.170,48.976
569.044,452.583,54.191,49.012
566.739,451.929,53.803,48.898
565.378,451.208,54.241,48.818
562.923,449.428,53.786,49.487
560.416,449.880,54.265,49.650
557.137,450.736,54.830,49.002
556.273,450.613,54.744,49.845
553.545,452.993,54.671,49.508
551.592,454.235,54.477,49.731
548.110,456.285,54.439,49.398
546.712,458.197,55.333,48.975
544.151,457.320,55.791,48.455
542.970,457.153,55.632,48.295
541.356,458.407,55.492,48.306
539.336,456.500,55.760,48.127
538.419,457.123,55.760,47.499
537.357,457.149,55.822,47.198
536.007,457.361,56.375,47.107
532.875,457.794,57.121,47.377
530.584,455.730,57.673,48.479
529.328,455.977,58.122,48.614
527.019,454.355,58.482,49.298
525.794,452.946,57.470,50.746
524.769,453.821,57.562,50.854
523.419,454.680,57.100,51.088
522.660,456.994,57.612,50.311
520.593,456.883,58.354,49.617
519.633,456.356,58.590,49.735
519.106,456.353,58.844,49.342
518.478,457.230,59.173,48.845
519.067,456.589,59.472,47.600
519.045,457.579,60.176,46.958
520.183,456.957,60.697,46.447
519.795,456.803,61.579,46.494
521.813,456.410,61.913,46.762
523.517,457.688,62.195,46.552
525.959,456.964,62.497,46.642
527.977,456.488,62.303,46.257
531.072,453.344,62.372,46.733
533.401,452.241,62.249,46.527
538.329,452.437,61.082,47.845
540.862,452.832,61.247,48.392
543.793,452.487,61.354,48.423
545.308,452.369,61.512,48.440
