473.000,103.000,200.000,589.000
468.799,103.109,206.863,590.235
470.002,95.015,208.652,590.842
470.617,89.759,206.015,594.309
472.824,87.281,205.497,595.380
473.192,91.309,205.932,590.883
475.421,96.791,206.376,588.794
481.412,102.118,204.691,591.290
487.470,114.678,202.709,590.068
486.717,128.403,206.232,579.991
493.594,141.169,204.381,570.485
494.994,159.519,203.205,555.723
491.648,174.474,204.639,537.689
492.923,182.787,209.415,528.674
491.580,189.196,209.476,518.752
494.666,192.385,208.203,505.873
495.339,190.657,209.287,506.176
500.101,178.094,208.666,512.416
503.684,164.711,206.716,523.508
505.072,148.338,207.776,538.841
505.214,131.011,207.322,548.129
506.442,114.532,208.375,559.997
508.056,101.093,201.959,572.153
513.238,89.085,198.131,578.484
512.315,79.922,199.090,588.146
509.508,74.672,200.417,589.831
509.258,76.418,200.982,590.597
504.128,83.814,206.246,580.465
503.486,94.900,209.396,580.526
502.438,111.791,209.371,571.441
504.542,120.295,213.585,565.621
500.074,131.824,216.962,551.423
498.198,150.353,217.632,542.752
494.187,163.316,216.174,533.209
496.526,166.417,211.802,524.775
490.857,168.273,214.061,522.217
489.617,171.678,211.466,515.796
490.771,162.955,208.362,522.090
493.938,147.825,203.799,530.612
496.004,132.856,201.852,540.831
497.482,115.774,199.052,552.548
493.203,102.470,198.394,564.951
496.262,90.079,195.946,577.639
496.764,69.304,196.586,589.528
489.203,66.307,199.371,591.335
487.723,59.468,199.379,598.411
486.613,53.296,200.955,595.577
483.803,60.601,203.450,594.377
484.338,74.306,201.913,596.327
487.060,84.777,200.447,596.309
490.246,104.338,198.289,590.728
487.282,118.705,197.143,577.123
487.303,128.147,198.053,562.741
485.143,150.461,198.026,553.465
482.788,161.616,196.635,539.248
482.579,170.303,198.780,526.800
481.820,172.420,200.527,517.302
485.113,166.279,199.771,518.696
489.168,157.695,195.279,528.280
493.898,140.524,192.080,543.544
492.406,125.097,194.068,555.008
499.442,111.954,191.469,567.208
506.907,85.654,187.578,579.180
510.441,64.763,186.240,589.340
509.627,47.693,190.988,606.249
511.326,44.230,196.211,608.100
512.016,45.544,200.778,611.562
512.741,50.096,211.713,609.213
517.293,61.746,211.697,603.743
518.273,73.026,206.929,597.821
522.254,96.183,207.002,584.723
526.437,112.324,199.823,574.183
525.021,128.070,194.624,562.540
526.126,137.799,192.337,537.824
526.006,169.832,195.472,518.375
523.153,183.086,198.720,499.536
521.541,173.087,199.918,493.754
523.693,168.189,195.387,500.231
525.710,155.351,194.484,512.679
527.586,143.459,196.289,532.793
529.915,127.391,200.181,550.612
531.662,104.888,196.874,565.553
535.388,82.800,199.071,581.156
531.560,65.645,203.683,595.953
525.675,64.471,210.256,601.320
519.984,58.133,216.862,606.576
516.409,62.910,222.483,608.771
510.050,76.919,228.099,603.891
507.318,89.141,231.495,595.710
493.674,111.960,241.589,580.948
485.547,121.501,246.518,577.771
481.826,140.551,247.632,570.676
476.678,155.171,251.113,554.056
470.657,167.050,250.681,538.160
467.164,184.916,250.851,521.541
462.746,199.165,252.935,507.800
458.785,189.656,252.931,516.114
457.194,183.743,247.718,518.120
454.395,168.055,244.699,528.187
459.894,148.963,237.760,548.169
462.973,130.112,229.380,562.893
463.572,112.319,221.110,568.163
464.680,97.760,214.734,570.758
464.169,78.962,210.385,575.049
467.321,67.812,209.273,584.555
466.942,55.491,209.251,590.725
466.430,57.654,207.511,589.918
461.182,59.849,206.035,585.557
456.530,70.255,206.171,578.531
452.168,88.337,205.490,567.307
448.069,102.625,201.719,560.203
448.551,120.982,202.488,557.271
447.604,139.791,197.316,546.087
446.949,151.152,196.501,528.127
440.677,156.137,202.364,509.984
442.029,172.928,201.305,504.345
440.535,170.882,201.763,495.446
439.714,163.824,203.195,486.791
444.945,165.501,196.851,501.327
453.774,148.728,191.235,513.203
456.361,129.810,191.373,528.224
462.428,103.691,189.304,545.579
465.835,86.786,189.295,555.600
470.680,79.469,189.414,562.538
474.813,59.772,190.363,573.743
478.131,61.402,192.116,578.102
477.133,62.119,195.753,581.038
477.612,65.521,201.002,577.544
474.978,74.668,204.400,574.023
474.157,92.726,209.054,566.136
476.910,107.101,212.895,560.430
479.092,121.475,216.319,550.934
477.644,135.090,222.791,534.853
471.804,147.654,229.203,522.118
471.332,162.140,237.431,509.130
472.565,167.923,238.877,504.596
472.319,167.536,239.336,502.948
471.766,160.477,241.866,505.382
470.660,145.983,241.735,513.267
474.717,134.022,239.876,525.195
473.215,114.520,243.344,541.982
469.655,104.665,236.284,554.326
467.661,82.972,230.727,569.083
467.453,66.629,231.303,576.967
460.255,58.613,230.083,578.068
456.105,54.156,225.309,582.811
447.756,56.373,227.711,584.860
446.038,65.073,226.079,580.631
441.520,82.374,225.421,572.090
442.274,99.865,222.807,564.138
441.694,112.077,218.704,561.666
438.585,122.097,218.481,556.120
431.069,136.229,217.701,538.993
425.141,150.899,219.656,519.605
426.468,164.807,216.472,505.171
428.228,168.296,214.274,500.367
425.730,166.279,214.149,497.394
425.612,153.894,214.447,506.373
430.402,140.276,212.334,519.760
433.188,118.849,212.161,538.211
439.528,95.925,211.473,556.739
441.151,64.604,212.682,576.252
443.331,50.095,215.509,588.293
435.920,32.963,222.991,597.097
438.793,24.502,225.320,605.849
432.779,23.179,234.244,610.288
427.303,34.109,247.896,613.480
423.939,50.361,257.699,615.849
421.209,70.527,267.273,611.760
414.100,92.193,268.771,588.302
424.215,116.253,262.643,575.657
424.079,137.704,261.585,555.711
424.539,158.563,259.973,535.209
420.923,182.186,259.881,511.023
420.257,202.233,263.877,490.310
421.278,205.531,264.549,482.227
421.480,192.758,264.043,489.114
431.060,181.075,259.847,499.707
432.587,163.854,257.035,520.070
434.551,144.829,260.432,535.088
430.946,116.254,271.436,541.957
431.159,102.011,278.414,543.055
429.381,84.966,281.571,551.467
432.650,73.880,284.149,553.381
433.440,63.278,283.915,556.436
431.758,63.635,285.580,552.517
427.396,65.707,285.124,550.485
430.700,71.637,286.089,545.555
430.736,83.732,285.597,545.974
432.825,96.782,283.626,544.544
433.256,113.515,283.668,545.046
438.506,134.147,278.913,549.037
444.626,152.017,276.485,531.770
443.128,160.080,272.484,518.966
435.193,177.394,275.686,506.040
437.379,186.892,273.565,497.207
436.193,191.815,272.902,489.378
439.216,181.846,269.766,492.809
438.002,166.971,268.500,504.350
432.989,148.881,272.325,525.279
435.571,125.758,271.170,550.484
431.647,100.631,273.943,571.974
428.757,85.638,276.840,582.788
427.345,65.054,274.423,592.997
429.910,50.655,267.703,598.450
426.742,44.233,266.391,596.427
423.426,40.545,263.273,601.967
420.332,39.049,262.516,608.293
413.868,49.758,265.273,602.868
406.253,64.434,264.878,597.323
401.536,80.975,265.614,605.464
405.332,91.371,259.870,595.648
398.700,111.898,253.114,574.757
397.121,128.161,250.982,560.142
395.897,140.401,248.985,548.767
396.805,158.020,243.417,534.004
385.429,164.275,246.198,524.388
395.208,157.408,241.705,526.515
395.143,144.256,237.098,533.579
403.584,131.041,234.151,541.766
407.324,113.733,230.692,560.933
411.087,97.172,226.598,579.554
414.624,64.174,226.355,596.937
416.466,40.464,228.552,603.267
419.340,23.661,228.502,607.610
422.663,16.759,229.396,610.115
422.784,15.596,233.785,607.082
426.281,16.823,232.850,605.327
433.055,22.124,226.765,601.721
431.928,42.626,229.833,586.692
431.909,62.351,229.464,576.558
434.920,91.335,226.366,558.651
433.730,109.262,226.481,550.615
432.339,127.987,226.211,533.055
430.524,146.676,225.280,514.550
430.463,164.259,226.465,496.696
428.436,174.267,222.523,486.107
434.932,177.293,224.374,481.133
433.751,167.181,226.832,487.466
436.091,151.162,227.229,500.175
438.102,139.937,230.335,513.703
438.499,117.282,233.259,528.816
434.890,98.357,237.541,538.655
431.300,73.455,243.623,548.712
424.191,61.997,247.380,553.428
410.843,45.693,260.774,556.280
403.906,47.305,262.142,556.670
399.264,44.131,263.474,562.024
399.212,47.070,263.480,568.181
395.727,54.414,266.799,567.272
398.596,67.728,268.108,563.651
391.701,84.864,271.470,560.569
398.813,109.932,270.798,563.820
404.627,122.666,266.512,561.904
403.706,137.658,259.438,553.070
411.957,146.449,254.832,538.482
410.285,158.517,253.612,528.023
408.639,160.269,254.101,523.766
406.599,159.916,247.892,521.851
410.698,147.153,240.638,532.512
419.649,122.687,233.325,547.610
424.451,109.203,226.387,562.390
427.862,94.829,221.899,575.956
431.843,66.360,218.500,584.314
433.897,47.122,218.670,591.726
431.618,29.305,219.417,596.005
429.000,23.499,226.329,598.938
425.196,27.480,229.935,596.148
428.387,25.697,232.961,597.448
430.268,36.702,236.401,589.843
429.976,50.249,234.790,579.940
427.323,73.464,238.551,568.198
422.691,97.976,237.900,556.372
420.205,114.457,234.668,545.540
418.308,130.901,233.356,528.381
414.110,150.585,230.700,510.310
412.943,164.582,231.210,496.177
410.032,175.902,229.538,483.623
410.058,169.360,228.469,480.973
404.232,159.320,225.869,488.503
406.166,141.958,223.752,502.753
411.307,128.758,221.171,518.378
414.270,109.006,221.073,537.079
410.789,91.017,222.423,555.059
412.122,52.288,221.724,573.272
410.227,35.111,224.985,586.025
410.306,21.688,229.719,594.694
406.257,15.631,233.614,603.351
404.419,16.985,240.296,605.118
400.659,12.744,248.244,605.999
400.329,26.295,244.693,604.133
403.037,48.450,245.016,592.354
398.733,73.875,242.526,574.018
399.636,100.846,238.867,559.929
395.729,128.707,239.562,543.214
391.816,149.117,245.636,524.772
390.315,166.776,251.120,507.366
392.685,186.442,254.317,490.307
397.844,194.265,255.945,477.688
401.005,185.565,258.448,479.324
409.545,171.866,258.742,489.318
421.598,151.808,262.992,503.856
430.660,132.161,264.800,522.734
430.000,103.123,266.803,545.177
435.357,80.220,263.942,558.900
440.166,69.784,260.041,563.306
445.418,55.194,254.670,572.504
450.091,44.876,251.014,583.677
455.645,44.382,244.907,588.141
462.359,48.068,241.239,590.343
465.787,56.653,236.534,588.850
462.459,75.660,239.113,580.923
458.248,87.711,243.612,578.373
458.707,105.324,242.903,566.712
455.093,114.975,246.854,547.151
451.257,131.050,248.157,533.539
452.047,149.021,246.577,516.761
451.552,153.817,240.937,511.804
452.513,149.865,236.785,509.274
457.208,144.138,231.011,510.992
459.984,127.727,226.422,524.168
463.140,116.142,223.861,540.701
465.264,101.652,217.953,558.597
462.628,82.892,215.837,580.515
455.546,54.061,213.416,599.232
444.483,44.350,222.908,605.716
431.111,40.564,236.063,608.100
420.127,34.376,246.130,614.960
404.223,37.062,259.101,613.215
390.489,40.705,265.534,613.663
389.400,57.936,257.928,603.667
389.401,72.193,248.133,584.719
382.848,93.966,245.268,570.406
386.071,113.011,239.913,563.174
382.907,132.061,236.069,554.941
376.722,148.663,237.882,546.868
363.279,155.829,245.861,525.733
360.395,169.430,238.847,523.494
351.696,170.084,236.590,523.363
350.961,165.746,232.861,522.086
348.493,155.162,229.070,527.924
352.305,138.349,223.084,537.247
345.713,121.056,223.740,553.287
349.142,105.777,220.359,575.423
349.498,84.579,216.555,592.673
350.769,64.867,215.122,599.950
347.922,51.392,215.723,601.735
346.947,46.652,212.976,602.642
343.237,45.663,212.740,604.054
345.109,45.730,209.058,607.349
341.399,47.481,206.897,605.537
336.877,53.010,208.300,600.680
333.441,70.934,208.098,606.184
333.314,83.768,210.255,596.429
334.366,105.997,213.041,585.250
329.149,120.272,215.469,565.186
328.762,133.913,220.644,547.926
328.979,154.116,220.381,526.660
337.687,164.152,219.393,519.395
344.609,157.731,218.506,518.762
349.690,148.060,216.687,523.839
360.196,138.518,211.880,531.375
366.786,122.551,210.190,543.623
366.803,104.893,214.512,550.886
375.533,86.892,214.211,558.658
388.044,72.475,208.310,570.632
399.832,57.753,202.383,583.577
407.863,48.605,200.158,591.782
412.981,49.790,201.018,591.958
421.962,53.499,200.192,593.217
427.227,56.337,204.250,598.823
434.057,64.221,207.561,603.124
436.058,76.504,213.210,591.073
442.138,93.874,216.348,578.935
443.661,103.144,219.989,566.904
443.510,117.991,223.062,550.335
444.504,137.292,227.443,531.556
447.962,149.482,229.309,516.192
444.577,151.456,235.341,511.678
442.681,151.857,236.835,511.496
444.258,139.320,235.779,520.671
444.244,119.454,235.940,535.753
445.789,113.275,231.781,545.580
447.924,102.991,226.987,556.942
450.933,93.107,222.617,573.791
450.312,79.184,222.358,579.507
447.180,69.388,222.780,585.869
443.820,61.145,226.989,588.782
440.343,59.962,229.406,593.280
434.028,65.639,233.297,590.328
427.924,74.459,238.479,589.388
424.874,82.690,238.157,586.851
419.046,95.488,241.867,588.554
410.981,101.075,245.965,579.704
408.827,115.758,248.340,567.134
396.296,129.152,251.292,553.115
388.311,142.180,251.711,540.010
381.193,151.638,261.155,524.657
373.989,157.505,258.161,512.096
372.734,158.065,251.497,511.821
369.138,156.239,242.553,515.677
371.860,142.342,236.813,526.621
374.226,129.065,232.568,538.270
367.110,116.116,232.786,549.449
359.696,97.860,236.846,569.328
356.424,79.076,240.835,583.056
354.082,65.683,240.523,582.968
350.647,58.688,244.437,579.069
349.522,59.262,245.881,574.880
346.661,58.018,250.561,574.937
340.228,62.183,254.282,575.228
336.530,71.681,257.520,573.769
337.841,89.248,256.862,570.102
336.033,98.390,259.119,564.960
337.653,112.528,260.839,555.438
337.322,127.025,257.461,540.251
338.515,137.320,255.233,529.443
337.592,144.664,257.071,525.238
339.358,151.892,254.895,516.777
335.885,152.534,257.457,513.471
338.915,145.910,255.419,513.705
341.690,139.654,256.500,513.756
340.861,125.708,255.809,524.169
342.243,106.918,260.366,538.427
340.506,89.433,265.413,552.694
345.545,74.394,263.896,563.657
350.504,63.963,258.562,567.738
352.464,49.890,260.884,574.516
357.169,51.462,261.233,569.993
364.691,53.572,257.490,571.445
377.113,46.761,246.891,582.230
386.047,56.572,241.892,581.054
396.822,68.436,234.997,583.140
401.045,77.648,232.665,577.383
407.146,91.642,229.597,566.656
409.154,106.836,226.331,548.458
410.544,123.010,225.491,530.990
413.786,136.221,222.123,521.591
414.356,144.131,220.975,513.778
419.431,147.932,217.560,509.042
423.292,148.257,217.555,507.132
425.514,149.047,216.590,505.917
428.737,142.345,212.989,512.598
430.556,130.417,209.098,519.557
431.826,120.144,207.545,529.389
436.681,109.105,204.951,544.801
439.358,93.827,202.175,560.390
443.076,81.885,202.151,574.827
444.381,71.735,203.699,581.995
449.440,63.939,204.098,588.505
451.500,55.046,201.346,592.719
453.260,53.565,195.319,597.823
450.380,59.747,191.801,597.475
449.460,68.369,190.654,588.560
451.193,78.052,187.445,565.059
451.101,89.749,184.888,555.964
450.915,110.240,183.551,553.585
449.603,113.192,180.891,549.188
454.246,128.046,179.902,542.657
451.474,132.224,178.068,524.724
457.327,144.452,178.489,525.410
457.940,144.624,177.532,507.972
460.571,143.650,177.961,514.997
462.505,135.132,178.495,525.824
466.838,113.918,179.932,528.311
472.694,108.934,182.426,531.540
476.632,89.593,181.848,526.106
476.459,88.692,180.862,542.908
480.171,72.495,179.586,552.989
478.956,73.227,184.206,558.333
476.358,69.189,188.830,559.519
477.351,73.704,192.226,555.362
483.202,73.088,191.629,549.881
477.481,81.598,198.161,551.875
471.688,99.734,205.143,552.454
465.486,108.273,216.052,548.469
460.610,118.938,223.511,547.408
456.217,128.549,232.003,533.654
453.467,142.120,233.081,522.589
459.767,151.793,230.003,515.151
454.809,158.129,232.751,506.057
458.315,156.826,236.105,506.259
460.423,151.301,238.876,509.643
468.496,133.535,236.856,521.357
471.953,126.035,236.246,527.411
483.774,111.068,232.044,539.411
487.944,91.256,228.500,559.937
494.973,83.801,226.985,571.581
498.158,74.186,230.620,581.441
490.432,65.291,236.114,589.729
490.314,60.215,236.861,594.241
484.214,62.826,240.643,590.479
477.195,66.386,242.908,590.051
478.078,78.834,246.012,584.095
474.682,94.099,249.674,579.437
477.638,99.051,252.615,571.983
474.605,114.304,253.060,558.381
483.388,124.758,250.047,546.528
484.373,132.743,253.851,537.716
481.645,142.577,254.392,527.816
480.074,143.270,247.605,524.450
479.297,145.711,243.831,520.771
477.442,142.355,244.565,525.263
476.822,128.392,243.030,534.427
476.977,119.189,244.773,544.346
477.729,101.428,244.472,559.824
474.548,89.199,242.453,577.812
470.686,70.129,243.411,594.693
468.982,52.813,242.951,601.775
462.882,40.702,246.856,601.981
461.722,38.868,249.643,603.416
455.605,42.089,251.150,599.987
458.180,40.862,247.441,601.696
451.421,48.843,250.625,603.579
448.736,61.833,257.254,595.457
450.546,81.809,257.980,586.856
454.909,96.091,252.489,577.012
452.766,112.114,247.617,561.482
449.403,124.957,248.151,554.397
456.393,134.200,243.660,540.906
460.084,137.051,240.298,534.794
459.392,142.339,237.696,531.086
460.375,138.755,234.132,531.326
463.936,124.773,234.967,539.101
465.091,113.532,238.955,550.005
461.482,91.845,244.063,567.285
465.290,76.027,242.365,577.743
467.860,58.989,239.583,589.009
473.883,42.139,235.590,592.984
475.299,39.233,233.728,595.031
475.837,34.244,229.821,597.064
474.498,37.246,228.673,599.757
475.982,42.786,229.355,599.071
475.811,52.275,228.706,598.524
483.585,75.905,231.454,595.277
490.731,83.458,236.893,586.157
494.713,100.076,237.755,565.091
492.639,120.427,238.251,546.126
498.210,130.679,237.835,531.342
499.629,140.156,238.186,519.666
499.354,140.838,237.707,517.281
500.057,137.415,239.635,518.498
502.318,129.575,236.393,523.923
500.676,115.161,239.343,530.261
497.933,99.494,249.228,545.758
507.127,80.164,242.162,563.677
514.950,64.963,237.185,578.146
520.095,52.210,230.359,588.593
522.643,48.100,227.039,583.323
519.903,47.474,225.957,583.390
520.101,46.173,224.836,586.974
518.712,48.848,223.522,590.862
513.642,56.526,226.762,588.542
508.570,66.805,230.832,585.046
507.833,78.702,236.106,575.610
510.767,90.006,236.573,564.619
508.376,96.908,235.130,553.276
507.158,109.491,237.479,542.799
506.799,119.813,238.558,531.601
501.425,123.764,243.040,524.231
502.914,124.051,243.341,524.204
503.570,120.921,245.938,524.435
503.480,110.104,247.884,528.569
502.879,98.592,252.807,538.174
503.937,87.393,257.385,550.945
501.354,70.457,261.707,564.604
495.261,61.720,271.041,566.760
486.505,55.235,277.377,566.732
482.687,57.454,279.338,565.837
475.251,58.387,281.262,567.517
471.500,56.280,279.846,572.817
457.417,61.068,284.141,573.354
457.935,70.377,282.656,570.197
455.025,79.364,284.342,562.102
448.091,88.862,296.731,552.971
445.782,100.376,309.144,543.846
439.254,115.561,323.927,529.754
440.838,120.056,330.619,516.487
449.087,123.433,327.488,515.070
434.759,130.805,340.290,511.137
436.656,121.526,336.703,510.609
433.679,117.899,333.869,516.316
436.002,96.022,325.991,535.700
437.818,84.762,320.918,550.278
439.755,74.690,319.975,563.193
442.147,57.070,320.020,579.765
442.859,49.867,321.186,588.197
443.425,58.752,324.484,584.855
448.850,51.441,319.761,590.610
447.469,56.516,318.576,589.625
447.536,55.095,312.144,592.878
458.609,57.536,295.144,591.981
470.137,59.409,280.154,587.634
470.240,64.630,269.686,581.204
472.878,75.702,259.548,571.246
475.060,83.791,255.667,560.444
479.298,83.925,249.897,556.105
478.990,80.627,251.891,555.671
479.033,71.246,254.691,560.857
478.492,52.596,255.520,571.370
477.823,46.163,256.643,577.463
483.664,27.325,255.000,593.453
487.465,17.038,262.537,605.635
487.111,13.656,264.945,607.332
481.663,10.007,271.873,607.838
484.268,6.901,274.980,608.761
481.001,8.616,277.042,611.621
481.971,12.063,280.229,609.343
481.055,20.502,276.868,599.612
476.622,40.184,281.943,584.063
480.135,52.459,285.297,569.210
476.395,66.447,285.621,557.376
477.895,75.115,289.916,547.021
484.423,86.755,285.947,535.488
478.254,90.429,286.439,530.014
482.249,90.745,283.259,526.776
477.548,86.325,285.887,528.029
482.558,80.660,280.426,532.440
484.696,74.371,271.755,535.058
478.554,64.069,275.640,544.737
467.771,56.874,281.748,551.150
458.654,40.085,284.359,565.170
456.006,28.053,285.534,573.246
454.020,18.696,288.419,578.781
447.961,16.137,295.248,581.305
436.326,11.916,305.555,582.243
429.427,11.940,310.251,580.584
428.676,15.839,309.087,577.393
419.936,29.432,315.501,568.678
412.706,38.568,315.931,565.884
412.602,52.149,311.347,561.829
415.071,64.674,307.179,558.803
409.943,77.227,302.451,549.268
405.610,93.162,299.643,539.278
409.375,103.258,295.261,527.557
411.148,107.053,293.324,518.880
408.222,117.351,289.145,506.027
407.148,110.551,287.148,507.823
392.968,109.185,294.988,508.880
410.035,68.716,285.674,529.237
412.031,56.721,277.701,543.677
414.036,41.693,278.330,558.882
420.279,23.933,270.949,573.693
420.229,13.058,270.862,581.434
433.371,8.664,265.562,580.412
419.502,12.421,271.678,567.547
432.660,9.143,266.036,568.854
427.547,7.987,266.019,573.630
420.548,8.808,271.473,584.206
411.643,17.011,276.512,589.131
411.414,23.471,284.003,588.096
419.471,35.241,283.507,580.827
421.309,48.384,281.842,566.666
423.118,70.446,281.206,547.737
427.643,84.395,277.613,535.339
446.728,91.757,266.799,524.887
438.833,107.637,265.052,508.166
451.826,93.088,261.184,517.955
432.388,72.746,274.351,527.287
433.852,58.362,281.262,543.693
425.600,44.848,294.571,558.755
433.650,34.280,294.901,567.979
436.054,16.435,296.831,582.472
435.712,11.596,299.280,585.711
431.847,8.523,301.790,585.318
434.983,6.725,301.059,581.361
436.704,7.994,299.701,581.907
442.769,6.709,298.880,584.966
451.128,1.767,296.193,585.740
452.918,5.280,298.591,586.132
460.305,18.381,296.781,579.025
465.841,31.468,292.021,567.431
463.459,46.761,286.904,553.376
462.742,56.428,282.868,546.114
463.228,59.377,273.435,542.052
472.666,62.051,265.540,534.505
472.156,67.441,265.419,527.430
472.929,54.355,266.064,532.788
474.633,40.641,267.654,543.280
474.421,22.945,271.690,557.796
473.053,10.906,282.994,563.493
469.592,4.827,294.365,566.245
467.101,4.562,298.860,561.597
461.040,1.403,297.613,561.925
459.272,4.289,297.795,563.093
457.209,3.751,291.874,560.331
451.815,7.643,286.570,560.539
452.334,6.549,282.101,563.640
452.048,7.464,283.705,563.340
446.092,17.882,282.352,557.962
445.979,39.514,282.542,543.505
444.106,49.908,278.358,528.717
442.168,69.077,280.350,509.734
447.796,71.294,274.262,505.331
444.703,80.445,274.336,498.939
442.052,85.103,270.308,491.053
445.260,74.631,268.155,492.521
438.611,65.295,272.589,500.718
444.163,45.563,266.766,521.177
441.587,20.708,269.158,544.486
432.185,12.717,271.105,552.961
428.620,4.130,270.703,559.747
422.431,0.000,277.653,556.475
417.747,0.000,287.072,553.142
414.349,0.000,289.979,550.494
406.056,0.000,291.238,546.091
407.929,0.000,287.095,549.962
402.491,0.000,290.203,551.306
393.002,6.841,292.775,555.661
394.229,14.129,286.836,558.362
393.717,29.924,287.453,548.956
388.235,49.421,289.992,537.164
399.564,63.399,280.881,524.449
410.948,76.930,266.825,510.729
407.892,80.110,259.636,504.415
410.737,82.188,256.013,496.535
417.862,76.293,248.393,499.966
416.156,61.616,247.329,511.260
412.568,41.558,251.779,527.038
418.830,23.136,252.712,548.129
395.865,15.124,269.019,564.863
398.904,7.029,277.664,565.327
410.420,0.000,279.912,564.529
415.481,0.000,284.710,557.987
423.364,0.000,281.243,550.724
423.868,0.000,284.707,540.836
427.135,0.000,287.516,537.751
422.254,4.612,291.176,537.494
426.024,7.294,290.614,543.655
424.648,16.976,292.808,547.024
431.668,28.284,288.918,551.970
440.195,37.476,285.671,545.598
438.685,60.122,280.110,534.840
448.626,77.749,270.928,524.147
453.587,84.108,264.811,515.178
453.163,93.976,262.110,506.804
453.229,88.553,263.777,505.918
457.761,76.475,262.030,511.852
465.671,61.469,257.045,522.063
463.854,41.828,261.036,539.267
464.951,16.457,269.712,560.354
465.762,7.031,270.969,566.557
465.348,1.916,269.979,570.214
470.262,0.000,266.260,564.849
465.478,0.429,268.588,555.080
467.629,0.000,267.624,545.309
463.844,1.414,269.502,529.054
465.120,5.403,271.819,524.699
462.027,3.533,272.379,521.177
461.957,6.719,275.437,518.597
454.703,12.733,276.327,521.457
