342.000,189.000,368.000,367.000
344.979,189.957,363.686,372.745
346.493,186.218,362.659,376.353
344.011,181.987,356.006,380.921
342.881,177.743,347.476,384.370
345.641,173.115,343.175,386.986
347.405,176.095,339.321,387.438
349.011,176.356,337.352,387.778
350.273,175.803,336.682,388.196
354.637,172.954,336.280,390.950
358.935,172.647,340.132,389.746
361.913,180.857,344.948,383.603
360.751,179.683,343.581,381.338
368.772,187.218,339.286,376.952
367.944,184.249,331.444,378.777
370.104,187.572,329.577,375.710
374.497,192.116,335.381,372.169
376.092,194.182,340.553,370.246
377.673,196.811,349.322,368.169
378.484,196.123,349.926,368.451
378.357,191.117,357.133,371.685
379.446,193.153,364.872,372.019
379.789,190.296,375.785,372.964
384.601,195.929,386.828,371.274
382.886,198.852,394.450,369.001
385.923,193.786,399.769,373.193
386.964,191.087,407.788,377.388
387.103,193.385,410.276,382.457
388.927,191.141,411.686,380.809
387.277,190.758,413.961,383.768
383.508,191.121,412.080,386.735
381.768,196.381,404.368,384.629
378.735,204.982,402.420,381.082
375.454,208.759,398.116,376.487
370.349,216.546,391.638,372.205
366.565,224.475,390.479,369.101
363.162,224.859,397.588,370.242
361.949,222.868,402.753,371.415
355.104,225.296,404.967,372.733
358.004,222.963,409.761,372.746
353.299,222.799,413.340,370.778
353.297,214.768,413.648,375.119
350.945,214.693,415.345,377.567
348.628,211.485,412.869,379.141
350.356,211.709,418.958,379.439
347.695,209.717,414.666,375.870
350.286,212.315,416.708,376.813
352.591,206.619,419.510,379.025
351.597,207.175,422.301,381.854
351.554,202.597,425.341,382.008
346.146,206.146,419.811,382.010
347.736,204.219,418.222,380.719
347.892,205.531,416.619,379.603
352.625,200.777,419.460,381.131
348.459,198.883,421.282,384.248
354.559,197.163,418.059,383.069
352.637,199.833,416.970,382.799
353.090,196.715,423.380,383.306
350.007,200.486,420.475,381.204
353.263,206.301,416.775,374.746
350.524,209.145,412.973,371.727
352.812,211.777,407.761,369.313
353.928,216.327,404.577,361.989
354.669,223.640,403.598,354.329
360.814,227.054,409.786,346.394
357.666,230.192,410.285,341.675
360.350,233.030,407.029,338.085
364.118,237.405,408.271,334.130
366.824,233.528,405.516,336.924
368.619,240.363,398.541,332.169
377.167,240.505,400.405,329.255
378.936,236.569,396.608,329.963
378.410,241.453,390.055,326.755
382.009,232.446,380.133,329.370
379.958,237.277,370.118,332.093
383.234,225.721,356.282,340.426
386.761,215.645,347.142,349.899
388.707,201.465,332.897,358.118
392.548,187.697,318.336,370.267
398.051,179.487,308.920,377.595
400.019,176.172,297.170,383.992
404.780,170.911,292.937,390.527
401.776,168.638,294.165,394.547
403.695,168.177,322.060,403.034
393.502,168.666,346.961,405.756
407.261,172.473,342.934,409.812
372.750,173.828,364.120,410.563
393.244,187.604,356.446,413.649
409.865,189.737,351.913,417.677
415.322,193.979,345.393,416.845
417.598,202.056,347.595,413.282
423.554,203.819,351.013,411.655
425.811,217.293,367.814,402.214
425.528,223.059,368.716,400.416
413.196,223.052,358.831,395.773
410.763,226.238,343.611,401.510
409.377,231.078,329.879,399.196
411.052,232.350,321.670,402.226
414.214,236.551,318.490,402.661
413.176,233.290,322.797,403.967
413.087,230.578,326.853,405.108
408.589,230.276,334.183,405.804
404.449,230.806,336.214,407.069
400.488,229.184,332.212,406.259
402.855,231.991,326.530,403.345
402.511,225.335,321.765,403.218
398.698,215.915,311.547,406.758
399.791,195.030,304.647,408.638
398.238,187.470,299.460,412.734
400.178,182.460,301.196,412.021
396.562,179.973,312.940,411.005
382.931,180.833,309.759,408.625
372.464,180.945,287.421,410.012
379.504,176.165,264.828,409.362
391.256,177.360,266.269,405.517
376.934,173.528,266.271,398.049
382.734,176.055,265.050,393.738
379.664,176.244,262.953,389.188
376.438,174.641,263.865,385.740
362.478,156.683,259.482,398.010
364.691,151.298,258.833,404.282
357.216,151.101,263.863,402.463
354.470,152.319,275.072,400.438
347.068,151.408,280.049,402.214
342.940,149.620,272.998,403.134
336.977,152.487,263.640,402.686
326.541,155.291,257.269,397.884
327.005,159.908,249.370,396.343
330.683,165.926,245.729,394.661
332.915,173.413,251.006,387.287
329.721,179.622,253.210,387.945
339.189,180.181,268.190,389.683
333.380,184.286,273.515,391.461
339.410,183.992,272.060,396.209
342.587,183.230,272.275,400.153
345.211,181.485,273.690,402.045
349.776,186.364,277.435,400.429
355.663,192.425,281.894,396.111
361.513,200.303,292.511,396.771
363.223,200.930,309.181,395.433
365.394,200.127,324.096,394.389
365.023,206.886,332.970,395.805
365.764,209.398,334.121,401.144
383.674,206.852,343.924,406.046
393.241,206.706,334.445,412.656
403.592,199.215,326.578,420.504
413.175,199.214,324.337,427.577
421.934,186.436,322.295,440.423
428.682,185.384,323.002,445.031
434.310,179.457,325.295,451.434
441.590,179.751,328.196,455.071
447.796,174.037,327.173,460.681
446.109,166.818,332.343,467.549
451.521,165.285,329.875,471.367
459.281,170.265,337.968,469.495
473.917,179.696,361.456,461.879
472.611,180.785,369.802,458.846
469.424,181.077,370.407,455.691
465.728,190.709,377.321,449.680
461.544,190.484,377.216,446.500
456.864,196.107,370.444,441.806
447.684,198.556,359.141,440.501
441.955,195.889,343.487,441.571
437.661,200.691,333.915,440.443
436.652,202.871,322.007,439.636
433.848,204.335,312.663,439.298
432.494,208.765,307.590,436.390
425.112,211.539,306.170,434.144
420.020,211.367,296.930,434.042
422.979,211.724,290.695,431.531
412.401,212.412,281.716,431.318
408.340,209.681,271.302,431.254
409.612,207.963,265.191,432.731
407.004,205.694,267.373,436.923
413.274,202.919,279.181,438.302
404.282,201.375,292.180,438.494
398.749,200.125,301.777,441.412
396.159,200.042,300.994,440.940
386.098,199.089,300.732,441.659
372.485,195.290,287.948,444.535
369.895,193.530,273.776,446.527
370.875,193.301,267.978,447.270
368.650,193.823,270.621,445.437
364.803,195.514,277.834,443.197
348.933,195.978,292.125,442.414
338.456,197.894,303.366,440.473
329.750,195.655,311.132,440.718
327.528,197.015,317.863,440.020
321.255,197.119,321.769,441.214
310.837,197.571,328.403,439.128
308.049,200.231,332.077,436.302
301.555,202.464,328.869,433.780
302.685,202.796,331.230,432.568
313.012,201.263,347.460,431.501
306.405,205.142,346.241,429.892
310.138,207.225,343.941,428.783
311.206,208.424,340.078,427.981
317.563,211.349,340.838,422.623
318.889,213.399,338.295,416.505
318.397,219.527,334.299,411.307
315.823,217.121,325.922,411.773
316.275,215.676,318.494,410.602
318.644,216.627,316.111,409.231
317.132,217.150,321.285,406.377
322.306,217.134,323.075,403.364
326.996,216.908,321.168,403.681
332.329,213.779,323.185,401.037
336.161,216.357,319.836,398.698
340.140,216.161,321.699,397.894
341.017,217.740,323.606,397.908
339.368,218.954,328.080,392.896
343.849,223.384,331.360,387.170
347.761,230.968,342.210,380.956
352.036,233.839,349.246,376.681
356.336,239.469,362.505,371.472
359.144,246.523,383.731,362.726
363.029,254.055,410.934,350.778
364.516,259.497,445.814,343.040
363.684,263.264,467.019,339.449
365.293,267.735,490.800,338.352
359.623,268.481,505.970,335.176
357.269,268.798,514.535,334.343
354.076,270.782,518.737,333.487
353.823,271.706,523.134,332.361
354.644,270.227,523.115,332.558
354.373,271.595,525.686,333.840
353.548,268.608,527.860,334.380
347.293,268.304,534.369,338.302
346.876,263.416,536.753,343.009
345.371,260.806,539.970,346.932
346.911,253.387,538.494,352.569
347.208,253.019,533.336,356.562
340.692,251.318,524.277,359.623
348.205,250.851,522.709,360.951
347.207,247.624,519.301,364.733
348.252,241.333,510.682,371.941
344.668,236.370,502.343,378.192
347.428,228.277,485.187,385.291
350.619,221.316,471.604,392.706
354.261,208.204,454.324,406.997
360.031,202.380,444.731,415.602
356.464,194.256,428.341,425.021
360.423,187.361,425.236,431.637
356.423,184.813,412.993,434.138
357.651,182.321,403.905,435.331
357.325,181.438,395.666,435.565
361.473,182.857,387.239,433.506
360.237,182.788,381.027,433.305
361.836,185.371,370.814,433.850
364.000,188.584,358.682,430.910
366.576,194.385,350.269,429.838
375.128,193.709,343.179,427.008
377.948,194.919,337.772,424.609
386.479,190.113,333.617,424.645
387.788,192.332,329.392,422.228
394.798,189.031,329.038,420.757
398.047,194.406,324.993,417.891
397.658,196.100,322.514,415.886
405.850,193.492,319.626,416.464
403.137,191.354,317.954,419.149
406.069,190.424,315.129,423.776
406.961,183.709,309.838,428.706
410.738,180.182,302.855,429.930
426.591,171.883,318.670,434.565
421.292,167.404,331.343,438.347
421.249,164.133,328.556,444.245
421.708,160.022,322.759,447.724
430.518,159.302,328.734,442.818
427.911,162.372,331.562,439.449
424.615,162.550,326.664,440.729
419.910,165.328,316.849,440.929
425.513,163.108,319.958,435.785
424.303,170.567,321.668,430.487
416.785,176.414,315.148,428.453
417.358,177.876,314.183,424.829
412.775,179.512,323.834,417.446
398.444,180.832,324.081,412.008
393.419,183.536,326.829,409.268
390.708,183.642,331.541,407.450
380.909,186.438,328.963,405.785
375.943,190.121,325.840,404.255
361.641,190.234,320.151,402.480
361.044,191.596,312.240,398.655
365.971,192.806,316.588,397.328
361.186,193.277,321.882,397.120
364.946,193.873,321.731,397.431
369.930,192.532,316.169,399.124
385.320,192.750,307.563,400.214
397.093,191.563,296.158,402.633
407.453,187.456,282.987,408.030
428.788,189.279,279.852,408.211
436.474,189.135,274.455,410.041
440.330,189.642,269.176,410.906
443.953,189.696,267.133,411.797
451.279,188.460,263.743,414.134
460.444,186.396,266.157,413.909
462.563,183.456,269.032,412.422
467.450,182.050,272.161,412.398
471.940,183.573,276.399,411.084
487.039,181.969,283.249,407.203
490.390,182.419,290.146,405.344
494.314,185.552,296.869,406.004
497.071,186.810,299.321,406.602
501.718,188.381,304.233,408.351
506.657,189.928,308.508,407.643
510.630,195.382,311.709,406.128
516.306,196.292,314.749,406.460
515.630,200.284,311.136,407.435
518.814,202.185,303.926,407.542
526.513,212.462,294.826,409.561
532.310,212.905,294.126,407.862
537.604,222.609,300.852,400.722
537.513,224.459,305.487,396.561
544.903,232.944,316.195,393.942
548.518,236.734,322.991,391.104
553.048,236.476,332.151,391.734
557.847,237.264,343.141,392.878
558.702,237.848,349.035,393.200
565.952,234.942,352.678,395.387
575.280,233.510,365.765,397.678
579.033,233.734,375.502,398.540
586.789,228.739,389.923,399.212
595.576,232.375,411.032,396.714
591.936,223.513,433.063,404.146
593.990,224.377,454.935,402.019
588.547,221.478,473.833,404.764
578.700,222.462,471.254,405.906
583.718,213.967,485.199,406.583
578.414,214.484,492.283,407.110
578.233,204.254,491.405,412.491
579.464,203.115,495.252,416.262
580.093,195.998,495.479,423.190
580.781,187.070,492.221,428.474
579.694,187.359,487.946,428.692
577.735,179.688,484.536,433.419
568.714,177.772,480.841,436.832
561.717,172.051,480.462,439.150
555.592,170.444,477.417,440.542
545.295,166.560,469.105,442.616
547.116,168.812,472.540,442.187
540.857,166.652,473.636,444.172
529.780,163.916,471.871,443.485
518.449,170.236,476.183,440.224
512.640,169.078,479.347,441.098
497.551,172.352,474.247,437.932
502.577,169.105,475.500,438.446
486.278,161.935,460.067,441.103
482.995,157.644,442.705,439.642
475.888,156.986,412.238,443.762
477.797,157.140,398.750,441.532
476.608,167.086,395.646,426.384
467.083,173.482,380.182,416.470
476.777,178.683,381.204,407.676
476.719,187.291,380.665,397.514
478.574,190.676,377.408,389.777
482.627,192.483,371.703,385.088
482.068,191.515,350.800,383.911
483.959,188.997,335.553,384.192
485.030,187.489,309.558,384.255
486.364,170.981,291.260,393.513
493.222,157.764,277.394,400.237
494.722,147.796,273.783,409.819
496.954,140.943,269.883,417.008
495.233,129.283,268.355,424.751
488.186,121.859,261.590,429.447
492.740,122.793,248.661,430.911
493.189,119.496,242.137,433.278
491.674,121.387,237.176,431.813
492.861,122.054,239.983,428.841
484.491,133.943,250.632,418.855
481.160,140.286,260.145,406.110
475.359,152.876,268.659,389.652
470.998,162.744,274.244,377.378
465.610,177.042,286.568,361.863
465.147,182.732,291.256,350.652
462.156,194.542,299.606,339.361
