353.000,298.000,250.000,96.000
349.947,303.020,246.478,95.017
350.390,301.168,244.879,95.284
349.793,301.368,245.324,96.744
348.591,302.019,245.200,96.325
348.369,301.456,245.430,96.891
347.697,301.829,245.643,96.927
346.641,302.755,245.245,96.935
347.369,303.365,245.526,96.580
346.210,304.514,245.225,96.415
345.573,305.101,245.110,95.689
344.613,305.839,243.677,95.654
343.184,306.067,244.709,94.591
342.909,306.394,245.580,94.644
342.625,306.893,246.412,94.706
341.064,306.350,245.392,95.052
341.277,306.212,245.637,95.504
340.300,307.169,246.339,95.625
340.526,308.393,246.313,95.305
338.484,308.975,245.993,94.919
339.927,308.141,246.406,95.803
337.478,309.293,245.731,95.097
337.890,309.340,246.370,95.001
337.494,310.156,246.549,95.133
336.227,309.910,246.483,95.230
337.488,308.952,246.329,95.576
336.649,309.303,246.585,96.652
336.634,309.823,245.118,96.302
336.151,310.723,246.324,96.306
336.588,311.279,244.651,95.837
335.698,311.976,245.686,95.615
335.577,309.985,245.334,97.122
338.151,309.456,245.225,98.075
340.165,308.010,244.091,99.918
342.156,311.524,244.911,98.052
342.983,310.516,244.794,97.542
345.041,310.557,244.078,98.623
345.232,310.553,244.573,99.106
349.101,311.390,244.335,98.013
350.205,311.794,244.798,98.261
356.885,313.479,244.706,97.317
356.471,312.030,244.544,97.830
359.009,313.656,245.891,97.594
364.144,313.428,243.693,97.699
365.343,313.776,243.996,97.080
366.981,313.961,245.610,97.780
365.860,314.076,245.525,97.348
367.888,313.644,246.049,98.038
369.473,313.430,246.094,97.882
370.856,311.517,246.200,99.638
371.471,314.759,245.515,98.066
370.651,315.047,245.563,97.989
371.442,315.764,244.814,97.240
372.287,315.681,245.951,97.521
372.614,314.973,246.522,98.316
373.619,314.897,245.728,98.309
374.439,313.057,246.819,99.542
374.042,316.565,246.635,98.217
374.459,317.517,246.818,97.482
373.504,318.854,247.522,96.185
375.236,319.511,247.141,95.327
373.778,320.156,246.996,95.250
375.836,319.719,246.317,95.383
376.981,319.383,246.275,95.921
377.473,319.569,245.869,95.931
378.178,320.060,245.909,96.101
378.034,320.842,245.473,95.455
379.122,321.895,244.003,94.490
379.089,323.571,242.928,93.441
378.831,324.459,244.226,92.702
378.875,323.229,245.568,93.407
380.600,323.522,243.861,93.248
381.799,324.032,243.459,92.882
383.768,325.320,243.360,92.242
385.354,326.720,243.932,91.410
384.318,325.656,243.664,91.612
384.674,325.794,244.817,91.509
386.930,326.180,245.487,91.036
386.944,326.583,247.387,90.913
387.135,326.181,249.023,90.969
387.579,325.510,251.277,91.585
386.425,327.047,249.842,90.783
384.172,328.644,251.548,90.217
379.747,326.830,254.234,91.801
375.895,325.308,254.810,93.381
370.875,327.654,251.384,93.524
365.078,329.895,252.756,92.369
358.636,329.596,251.475,92.953
354.849,331.712,253.553,92.670
347.940,332.931,254.912,93.094
347.546,335.931,257.831,92.036
343.925,338.021,256.955,92.026
339.425,341.713,261.332,90.611
340.250,344.957,264.050,89.241
345.247,346.593,263.319,89.157
339.598,344.599,262.263,91.961
347.666,346.354,263.315,92.680
358.790,346.241,263.567,93.853
365.474,351.087,268.645,92.534
362.441,348.139,277.513,94.726
366.766,344.973,286.740,97.259
384.656,340.212,287.237,101.556
403.032,337.464,283.708,105.738
419.510,333.607,283.860,109.562
442.248,336.587,285.378,109.275
477.542,340.165,286.958,108.142
508.176,341.413,291.022,109.058
539.436,343.340,293.532,110.225
569.944,347.762,299.818,108.847
593.944,353.659,306.538,105.724
623.580,346.308,306.788,113.260
656.737,347.556,311.296,116.958
683.650,360.835,317.843,109.254
701.579,359.934,325.945,109.647
713.602,362.386,326.895,110.539
713.396,366.562,328.369,110.385
717.369,370.358,332.887,112.740
711.584,369.313,336.899,118.726
705.155,375.061,345.248,119.889
682.540,374.932,361.148,123.874
673.581,376.962,364.040,129.890
660.372,384.202,375.502,130.511
648.946,391.337,386.379,128.619
644.811,405.163,400.845,122.318
642.272,409.832,409.023,124.780
635.406,414.768,417.412,128.057
635.024,423.592,425.003,128.301
660.870,428.652,424.006,128.541
686.490,422.629,440.767,134.627
700.568,425.807,456.852,134.814
712.318,432.879,479.786,128.813
738.471,412.597,485.060,139.497
737.298,414.949,494.736,138.409
740.402,397.852,503.014,147.222
753.343,394.789,507.788,150.696
751.533,391.019,512.058,154.628
746.314,392.830,510.631,156.895
727.073,398.889,523.883,155.056
708.779,401.926,548.580,152.961
678.177,398.959,571.644,157.233
637.634,400.348,593.076,158.367
577.614,403.656,597.611,163.335
538.976,413.222,608.015,161.006
483.695,408.715,621.598,168.145
430.632,420.299,641.369,167.107
379.488,416.800,651.122,171.232
341.221,414.729,664.115,170.570
307.464,410.496,672.234,168.598
273.117,396.003,678.359,174.199
243.972,399.860,682.854,172.691
231.893,388.726,672.818,180.660
233.341,399.058,672.325,177.201
242.299,394.131,677.428,176.316
231.131,392.684,677.209,179.145
209.658,397.927,670.574,177.290
191.798,405.634,689.839,174.062
176.791,393.382,654.680,177.629
186.899,383.051,643.124,182.008
176.365,373.620,631.663,186.565
156.194,375.465,628.004,180.107
141.154,382.956,618.671,168.884
117.224,378.630,605.521,163.993
62.933,389.154,588.703,158.392
3.647,391.422,569.305,150.311
6.801,397.667,543.678,142.160
9.061,387.579,517.087,144.461
0.000,389.119,482.412,144.054
0.000,391.064,445.849,146.300
0.000,400.264,418.690,139.641
0.000,395.962,414.143,127.216
2.409,386.591,401.600,118.917
0.000,372.612,380.803,112.033
39.880,334.236,365.827,112.506
103.337,315.612,353.296,107.464
101.164,308.977,342.777,101.524
54.910,298.004,329.944,98.314
62.526,286.525,315.782,95.041
115.818,282.407,302.677,90.701
146.858,271.825,286.428,88.389
167.820,265.909,272.688,87.024
172.553,263.456,260.623,86.304
144.929,266.950,249.409,85.498
141.349,269.605,238.155,84.944
195.328,270.410,227.269,83.419
222.502,280.075,215.267,81.412
209.238,307.321,208.040,78.252
216.356,321.138,200.751,72.281
233.082,340.158,191.390,70.858
243.992,367.230,182.098,68.902
255.317,377.654,175.636,66.759
299.784,373.722,166.789,67.083
321.410,365.397,161.311,65.372
325.985,340.448,156.686,66.774
342.250,306.694,148.706,68.244
386.050,272.975,145.615,67.728
442.938,254.755,142.529,65.386
470.054,242.416,137.937,63.826
486.919,232.702,132.858,61.362
517.866,221.586,129.642,59.356
543.643,215.329,124.056,57.826
547.204,212.814,120.846,56.762
555.422,214.767,118.580,54.629
572.631,216.406,115.250,52.869
583.331,222.582,111.974,52.229
582.132,227.614,108.476,52.674
587.822,236.846,105.522,51.033
600.667,245.240,102.992,49.793
606.640,253.406,100.069,48.782
606.579,261.591,97.859,47.952
603.803,267.158,95.427,48.051
601.647,269.221,93.750,47.538
599.029,271.699,91.142,46.355
601.345,271.206,88.842,46.030
597.767,272.303,87.486,44.471
588.746,272.646,84.887,43.194
584.322,272.193,82.656,42.216
578.308,271.905,80.844,41.290
567.837,271.846,78.117,40.913
558.175,272.080,76.497,39.843
550.756,273.013,74.989,38.350
542.813,274.933,72.117,38.151
543.475,275.314,67.581,39.076
537.043,281.009,67.186,38.048
534.200,273.880,66.110,38.826
533.363,273.779,65.873,38.981
530.843,272.016,63.692,38.682
529.523,274.197,63.979,36.384
527.782,272.350,62.894,35.139
530.706,269.796,62.107,34.647
540.469,269.499,60.896,34.977
544.425,268.978,58.976,37.564
546.105,275.289,60.243,37.318
551.150,283.300,59.298,35.941
555.717,287.610,57.947,34.746
552.226,293.125,56.848,33.304
546.721,298.310,55.346,31.967
543.198,303.675,54.942,30.359
540.569,307.649,53.772,30.056
537.248,313.092,53.569,28.126
531.361,313.870,51.823,27.917
525.991,314.659,50.934,27.553
520.433,311.615,49.580,28.116
519.608,309.046,48.461,28.661
514.515,307.571,47.695,29.116
505.975,306.942,47.410,28.973
500.269,308.402,46.912,27.788
491.699,308.569,46.084,26.722
485.742,306.870,44.728,26.957
479.416,306.956,44.119,27.022
471.710,305.280,42.226,27.312
465.466,303.580,42.108,27.055
461.426,303.112,42.536,25.867
457.019,299.443,41.931,26.329
453.783,301.316,41.541,25.202
450.840,301.515,41.623,24.043
444.589,300.889,40.984,23.368
439.511,301.138,39.772,23.111
437.245,301.533,39.059,22.539
433.022,302.932,38.324,21.540
431.380,302.875,37.449,21.372
428.703,303.136,36.761,21.190
427.514,303.452,35.946,21.141
426.916,303.079,35.459,20.894
427.371,302.132,35.054,21.008
429.039,301.530,34.446,21.010
428.441,301.438,34.130,20.652
428.731,301.421,34.186,20.182
429.846,302.045,34.385,19.450
428.461,302.702,34.237,18.628
427.903,303.300,33.362,18.783
