170.000,124.000,163.000,225.000
167.804,124.968,160.857,221.596
167.145,126.461,156.119,222.460
172.016,125.486,152.401,222.445
171.578,126.851,151.186,221.269
173.879,129.394,148.008,220.440
173.084,129.260,149.052,218.906
168.804,129.893,150.303,217.737
174.556,131.089,148.588,216.857
169.629,130.281,152.924,215.066
166.130,130.994,154.229,215.409
164.340,131.173,154.932,217.334
165.233,130.548,156.545,215.895
162.789,131.811,155.624,217.345
161.321,131.246,159.429,216.771
165.101,130.548,159.783,217.352
160.436,131.839,162.709,217.249
160.188,131.908,165.158,217.398
163.897,131.154,163.579,219.033
160.464,130.558,167.308,218.693
163.513,130.554,166.700,218.044
163.511,130.242,167.170,216.639
160.945,129.988,168.691,216.578
158.695,129.247,171.514,216.344
161.439,130.517,169.462,217.851
156.906,129.192,171.231,216.789
161.703,129.956,166.170,219.384
163.921,129.356,165.080,219.246
163.079,130.120,165.090,219.788
159.869,129.820,168.480,218.980
161.622,128.725,166.877,218.528
157.189,129.520,169.152,220.703
158.755,128.607,169.298,218.874
159.023,128.414,169.142,219.597
159.112,129.092,167.960,222.660
158.320,129.041,165.927,222.952
161.739,128.531,165.624,223.426
158.703,129.321,166.289,223.298
158.334,130.185,166.380,223.306
158.268,130.234,167.178,223.338
159.139,130.465,166.113,223.153
159.463,130.325,166.614,222.109
159.104,129.843,167.647,221.765
158.969,130.280,167.547,221.397
161.356,130.239,166.732,221.168
158.136,130.938,164.476,221.543
164.548,130.373,157.696,222.159
163.421,129.832,158.848,222.707
162.888,130.418,158.393,223.033
166.588,129.486,153.613,222.773
165.081,128.729,153.323,223.376
165.368,129.749,155.460,222.164
165.545,129.869,155.700,222.492
167.196,130.004,155.893,222.269
166.153,130.149,158.003,223.181
165.888,130.261,156.041,223.160
165.213,129.851,156.643,223.427
165.127,130.078,156.632,223.072
163.672,129.430,154.734,221.734
167.104,130.826,151.420,222.686
164.496,129.873,156.630,219.873
163.824,129.338,156.826,221.157
167.026,128.204,154.580,222.927
163.885,128.088,154.913,223.229
166.515,126.697,154.753,223.452
162.397,126.289,155.484,225.871
159.902,125.105,159.339,225.329
163.616,124.289,157.460,226.444
157.187,124.670,159.510,226.522
159.941,124.618,157.390,227.232
158.441,124.293,158.002,225.500
161.470,123.969,156.426,226.889
164.360,124.165,159.630,226.837
162.909,125.103,159.461,227.557
165.846,124.125,157.698,228.929
159.940,124.991,161.029,228.995
163.366,123.749,159.201,227.719
161.834,124.647,161.461,227.779
165.014,124.099,157.820,229.399
162.754,124.873,157.090,230.093
164.326,125.707,157.211,229.018
161.797,126.306,158.328,227.228
163.294,125.242,157.246,226.674
161.714,125.756,158.008,226.525
165.222,125.277,156.465,227.396
167.714,126.056,152.137,228.348
164.452,125.995,154.476,226.389
164.025,126.028,154.927,224.396
165.873,126.133,154.241,225.073
167.153,126.688,153.109,225.187
165.982,126.369,153.101,223.326
170.383,126.464,148.013,224.040
168.159,127.264,151.482,221.373
166.206,127.292,154.032,220.407
167.951,127.627,151.421,222.358
167.079,126.079,151.566,221.878
164.951,125.452,152.248,221.390
168.410,125.262,149.997,221.890
165.500,125.484,150.182,221.247
166.982,124.766,150.819,222.105
166.615,124.811,150.117,222.486
165.363,125.055,149.876,222.429
166.503,125.342,150.198,222.704
164.292,125.745,151.620,222.280
165.105,125.007,153.865,221.177
167.354,124.877,149.749,222.199
163.944,124.481,154.570,221.337
166.260,124.060,155.634,220.557
165.497,126.129,156.884,219.563
166.375,125.194,154.593,220.195
167.327,126.221,153.823,220.756
165.496,125.504,155.486,220.758
169.748,125.491,155.877,219.609
166.669,126.043,155.900,222.663
167.815,126.701,155.506,221.469
166.380,127.382,156.756,220.665
164.466,126.691,157.894,219.667
170.697,127.077,156.119,220.060
165.640,127.197,158.603,221.388
171.172,126.979,158.814,220.824
165.866,126.557,159.799,222.006
168.640,125.875,161.150,221.961
167.316,125.947,160.955,222.920
167.983,125.268,160.776,222.913
168.176,125.525,160.382,222.686
171.892,125.097,157.578,223.661
166.343,125.024,159.018,224.684
170.001,124.007,161.989,224.278
165.598,126.072,160.951,224.804
169.967,125.097,161.036,224.550
167.713,125.114,161.834,225.884
167.344,123.047,164.003,225.120
167.324,123.981,164.565,225.046
165.403,124.165,163.322,226.622
168.015,122.953,161.417,226.945
164.336,123.740,162.321,226.606
168.704,123.040,161.405,227.176
167.493,122.726,161.793,228.397
165.382,122.716,164.791,228.263
164.864,123.204,164.055,229.093
167.139,121.739,163.942,226.983
163.687,123.615,164.101,228.148
168.306,121.176,163.340,227.559
162.612,123.323,164.542,229.617
167.558,121.345,164.575,229.002
162.552,123.087,166.262,230.245
165.504,120.946,166.829,227.859
160.964,122.458,167.284,229.599
165.350,120.214,163.958,229.163
165.684,121.553,164.251,229.146
163.993,122.239,163.187,228.313
164.620,121.957,162.791,227.129
164.284,122.389,161.915,226.768
165.691,122.933,161.574,226.067
167.531,123.093,160.005,224.871
167.468,122.820,158.293,225.918
167.199,123.648,161.759,223.448
164.730,125.148,162.700,223.475
165.753,124.974,165.791,221.167
164.261,125.814,165.834,221.038
169.805,126.695,165.536,221.601
168.323,126.922,166.146,221.258
171.157,126.612,162.532,223.343
170.281,125.592,162.093,223.310
170.729,126.810,164.520,223.203
171.666,126.255,162.385,223.201
173.517,126.707,161.677,222.869
170.945,126.424,163.768,221.634
172.932,127.119,165.706,222.044
172.334,127.724,166.881,222.390
169.735,129.176,169.226,220.222
172.783,128.607,167.435,219.450
171.614,129.567,164.630,222.098
177.019,128.108,163.310,219.688
174.949,128.169,162.929,218.628
175.083,128.918,164.565,220.373
172.945,128.944,164.390,220.726
172.740,128.676,165.958,221.599
172.225,128.215,165.427,220.332
175.352,128.676,164.288,222.560
172.368,129.026,163.497,219.774
174.391,131.009,163.932,221.464
167.209,131.102,167.606,218.791
170.314,130.791,167.920,217.348
170.969,131.447,165.909,220.821
167.886,131.604,167.249,218.506
170.648,132.245,165.424,219.618
167.993,133.054,168.061,220.151
167.424,132.687,168.498,219.326
169.636,132.913,166.189,220.371
167.751,132.683,166.023,219.771
166.556,132.865,168.329,218.317
168.707,133.867,164.639,219.699
167.735,134.433,165.051,218.734
170.145,134.128,163.110,217.661
166.745,135.493,163.077,219.675
166.733,134.079,163.808,219.597
165.014,135.269,166.839,217.809
163.939,135.245,167.169,217.774
162.711,134.976,167.549,217.774
166.400,135.535,165.332,217.725
170.282,135.372,163.362,216.742
166.129,135.948,161.549,217.237
165.371,136.370,162.117,215.653
164.857,137.136,161.967,215.804
167.249,137.300,162.122,215.543
167.723,135.643,161.583,214.517
170.474,136.713,160.824,213.840
170.886,137.898,159.124,215.636
169.640,138.561,161.087,214.303
171.480,138.911,162.508,214.157
169.518,138.232,164.471,213.957
170.575,137.841,166.711,213.224
170.095,137.821,166.164,212.952
173.638,137.237,163.809,213.794
172.665,137.381,164.455,215.601
176.603,137.035,163.534,215.550
174.500,137.264,163.365,216.943
175.542,137.429,163.073,215.841
178.807,137.341,162.425,214.928
178.085,138.398,160.990,214.180
179.348,138.731,159.251,216.890
180.567,137.937,160.614,216.927
180.941,137.144,160.763,216.440
181.358,137.155,160.088,215.207
178.787,137.987,160.161,215.293
180.397,138.281,160.668,214.598
180.780,137.972,160.767,213.975
180.698,138.057,161.107,214.180
179.861,138.076,162.106,213.643
178.941,138.881,161.184,214.071
176.697,139.180,164.395,213.550
174.575,138.768,167.926,212.475
172.141,138.390,171.020,213.199
172.050,139.800,170.412,214.601
171.963,140.129,172.314,213.908
169.870,140.154,176.322,211.927
169.235,140.891,176.642,211.796
166.355,141.185,177.500,211.093
159.956,142.503,182.457,209.671
164.085,143.890,180.071,208.706
161.770,143.150,179.151,209.825
159.286,143.395,181.729,208.670
158.889,144.379,182.015,207.904
157.284,144.269,176.874,209.082
155.452,142.932,175.273,210.770
155.836,140.725,173.105,211.976
160.753,138.276,172.541,213.322
161.169,136.905,173.942,215.105
160.964,138.440,178.438,214.737
163.566,141.353,182.495,213.591
160.893,143.453,181.651,213.818
161.633,146.022,180.142,212.468
161.849,148.377,178.354,210.421
162.397,150.658,177.916,208.631
163.211,153.096,176.282,206.996
161.125,155.288,176.992,205.649
156.486,159.216,177.395,203.075
151.892,162.833,177.549,201.352
151.703,163.597,174.630,200.912
149.746,165.678,174.762,199.290
147.171,170.283,174.961,196.741
145.517,170.468,173.950,195.124
144.399,173.267,173.104,194.450
146.029,174.617,169.820,193.096
147.873,171.948,168.539,191.783
154.000,166.585,172.159,193.016
143.696,164.467,177.844,195.200
135.338,165.053,177.830,196.755
134.414,165.743,182.180,194.455
148.508,166.190,184.626,195.210
161.715,168.939,180.704,192.455
162.454,169.900,184.526,189.904
173.121,167.885,178.162,191.993
171.082,162.677,179.054,194.521
167.642,158.912,180.089,196.652
166.715,153.209,181.679,197.565
164.529,152.051,183.075,199.248
152.637,151.679,185.959,200.557
151.336,155.283,187.282,198.871
158.966,157.810,187.419,196.902
164.170,161.198,179.427,197.353
162.817,162.262,178.961,196.170
160.259,164.135,176.919,196.943
160.899,165.754,176.184,197.526
161.300,166.239,175.427,197.743
159.412,166.962,172.421,195.436
159.581,167.611,170.846,190.518
159.259,166.596,172.695,182.961
163.824,169.713,173.505,178.177
170.510,171.250,169.610,176.788
169.896,168.383,169.182,177.982
168.559,167.330,168.064,177.846
173.402,164.970,164.492,178.361
180.075,163.395,163.369,180.335
186.913,162.454,162.232,185.885
188.753,161.957,161.691,191.426
197.552,159.985,160.099,198.777
198.156,155.596,165.937,205.094
192.421,152.018,171.089,210.595
192.695,149.292,169.454,213.407
194.140,146.872,171.035,215.047
188.923,146.592,173.207,218.365
183.888,145.720,177.660,218.681
171.400,143.410,180.853,220.990
166.024,143.158,183.821,222.392
163.777,143.056,183.261,224.147
165.761,143.141,185.258,222.271
168.248,144.135,183.145,222.825
171.003,144.780,180.148,222.752
173.971,143.278,179.683,221.622
183.010,144.648,177.849,221.873
187.805,143.169,177.389,220.935
191.981,144.555,179.849,219.023
186.398,158.153,180.161,206.763
190.540,178.926,208.363,180.119
172.156,190.560,214.070,164.432
162.859,165.599,192.342,183.756
176.611,165.517,187.039,185.454
178.991,190.363,205.339,163.601
178.066,189.612,201.732,165.587
165.363,189.416,197.207,163.257
164.617,181.124,188.652,166.390
164.462,180.939,183.523,167.036
169.822,177.314,170.539,175.948
173.321,152.845,163.543,193.024
179.106,146.101,157.918,193.077
183.793,145.195,166.107,190.032
181.738,143.664,175.635,183.059
178.304,151.594,172.188,196.126
178.651,146.523,169.272,194.663
183.427,150.024,164.314,201.944
181.251,145.479,163.277,195.548
182.024,148.118,158.265,197.992
179.915,147.412,155.574,198.733
177.192,147.670,155.471,196.075
176.310,147.572,153.495,193.054
176.944,148.156,153.691,189.718
176.006,148.414,151.879,186.121
174.708,149.095,152.340,184.881
175.165,148.743,152.184,182.262
174.706,147.809,151.891,178.118
176.404,150.204,149.385,179.442
181.068,151.659,145.155,183.868
181.114,149.965,145.665,181.893
178.885,150.592,145.412,182.157
180.487,150.862,145.938,182.679
180.878,150.330,146.994,180.297
177.052,149.988,148.189,179.603
181.765,150.385,147.392,180.517
179.873,148.059,156.703,174.814
175.184,151.544,155.895,173.168
177.578,148.574,164.991,169.150
179.557,153.505,166.054,172.791
181.009,152.730,174.167,176.504
181.095,149.964,188.667,172.164
181.687,152.742,190.101,172.423
178.647,156.539,185.889,178.774
173.688,154.083,179.846,184.453
180.524,151.999,186.766,183.012
181.371,153.592,184.066,189.377
181.140,149.181,189.156,186.932
178.367,151.118,192.469,189.262
180.813,150.099,198.969,189.461
181.267,153.925,198.234,195.393
176.527,153.018,189.224,204.024
176.395,147.539,185.061,205.163
182.833,147.355,191.710,198.499
179.626,150.587,186.193,205.396
174.040,145.417,177.860,206.813
181.429,148.207,180.925,207.416
174.409,143.507,175.606,206.050
180.627,146.980,179.691,206.156
177.351,145.018,182.426,206.166
177.337,145.730,182.589,209.561
176.875,143.850,179.887,209.365
177.398,144.612,180.719,210.566
176.098,143.288,180.214,211.856
178.091,141.545,186.277,206.537
175.636,143.292,187.640,206.035
173.433,143.648,187.764,209.207
171.099,143.938,184.624,213.159
171.056,142.545,182.582,214.752
167.652,142.200,181.723,215.204
163.997,140.332,180.495,213.083
162.871,139.582,183.690,211.392
161.237,141.957,185.134,215.686
156.451,140.946,183.866,216.697
151.953,140.188,185.207,215.061
151.557,140.528,189.118,212.428
151.889,142.354,194.007,209.897
148.624,144.132,187.464,210.842
146.754,141.157,192.165,204.917
145.779,145.182,187.120,209.720
145.098,141.195,190.506,202.703
145.983,145.255,191.322,204.903
144.924,144.382,193.129,204.022
144.032,147.246,189.672,207.894
142.431,141.083,190.327,204.631
139.981,145.881,183.267,210.659
141.676,142.054,181.930,209.344
140.692,139.550,182.056,208.889
142.447,141.808,178.220,213.951
138.717,139.726,178.878,215.292
139.932,142.993,174.879,216.663
138.185,139.110,173.147,212.392
140.729,143.609,169.389,211.508
138.401,143.416,169.392,210.239
141.765,144.586,168.875,208.304
140.557,144.843,168.060,203.766
143.640,147.363,163.297,204.590
142.480,148.800,163.802,202.756
143.761,149.746,165.026,203.562
140.475,145.870,167.292,194.752
138.459,148.437,164.395,193.734
141.897,149.290,162.850,191.730
138.952,148.430,162.032,189.286
140.150,148.982,161.265,187.282
137.159,148.230,159.260,187.835
138.301,148.176,154.242,187.242
139.532,146.873,153.659,183.115
140.235,148.558,153.064,182.849
136.833,148.168,154.697,178.169
135.847,149.545,153.751,179.421
137.909,147.643,154.578,174.580
136.900,149.681,155.485,172.338
137.700,149.480,159.207,167.029
137.908,151.659,157.233,167.235
138.802,150.348,160.256,163.274
140.983,149.526,163.856,158.393
138.242,154.402,159.131,164.014
140.427,149.092,163.736,159.037
139.553,154.303,163.843,159.783
142.403,152.336,164.622,161.666
140.953,152.937,165.644,162.631
141.041,151.646,167.507,161.105
141.731,153.700,168.360,159.996
140.841,151.845,173.775,157.487
139.972,155.013,171.971,157.990
140.821,153.731,174.207,155.955
140.524,156.189,170.147,159.226
142.733,153.068,173.407,158.957
142.500,156.044,172.694,162.776
143.660,153.167,175.248,162.432
142.238,154.149,176.641,162.843
141.828,153.905,178.886,160.420
140.068,152.609,180.698,156.989
138.880,154.528,176.968,157.681
138.806,152.381,178.032,159.149
139.517,152.301,177.564,160.463
137.345,150.399,174.062,159.363
137.969,152.541,167.341,161.255
139.759,149.357,165.840,161.914
139.294,148.076,164.271,158.047
139.832,148.689,162.546,152.488
138.105,150.595,161.036,150.113
139.375,148.832,160.124,148.646
137.806,150.664,159.569,148.988
138.950,148.646,158.951,150.670
140.115,151.122,157.216,155.384
139.093,148.381,159.578,156.832
138.899,146.802,160.520,158.480
137.738,147.446,159.805,158.538
138.609,147.865,160.183,163.002
137.545,147.359,159.702,163.974
138.512,145.881,161.099,162.034
138.692,149.429,159.574,166.997
139.964,148.644,160.746,166.078
137.932,147.142,159.639,165.727
139.587,148.213,162.002,163.653
139.887,147.186,163.094,160.393
140.847,147.966,165.206,155.996
142.552,150.577,163.562,157.291
141.440,148.286,165.904,156.067
141.502,150.901,167.483,158.020
143.678,150.403,170.639,159.607
141.967,151.707,172.620,162.646
141.383,149.019,174.810,163.540
142.153,149.932,176.726,163.690
141.231,150.332,174.162,164.530
142.066,150.113,174.860,165.779
141.808,149.343,178.447,163.423
139.692,151.934,177.045,164.410
142.880,150.966,178.722,165.144
141.550,151.812,177.771,164.580
142.682,152.274,179.367,162.247
139.953,152.127,176.920,160.943
140.896,152.410,176.431,160.716
141.749,152.265,174.868,161.479
138.960,151.699,171.506,162.327
138.663,153.423,166.295,166.065
140.180,150.329,166.002,165.278
140.119,151.120,164.879,165.044
139.078,153.277,162.262,165.554
140.005,152.484,163.657,168.671
138.377,152.465,163.181,167.323
139.692,153.258,162.341,168.557
138.734,153.354,161.206,171.378
138.452,152.456,162.356,169.541
137.641,152.309,163.017,168.767
137.431,152.965,162.890,168.358
137.499,151.455,163.828,167.191
137.327,153.158,161.375,171.222
137.973,150.956,164.005,167.149
137.289,149.919,164.170,166.736
136.380,151.381,161.905,167.187
137.294,153.306,160.526,170.322
138.162,153.447,161.631,174.623
137.179,153.727,160.661,178.502
136.549,155.080,158.796,184.944
137.096,155.038,160.244,186.882
134.357,155.092,160.695,186.736
133.800,157.176,159.143,191.073
135.012,154.223,159.010,186.146
135.941,155.943,159.227,189.709
134.263,155.802,158.520,188.729
134.153,154.234,160.919,184.183
135.741,157.390,161.737,187.368
134.657,154.961,159.628,183.812
133.043,156.751,159.962,185.276
134.713,154.900,157.698,183.757
135.428,154.939,161.991,180.376
135.260,157.818,161.680,181.418
134.427,157.650,159.686,184.373
132.878,157.933,156.797,185.867
138.901,156.656,158.575,183.041
135.848,156.033,159.607,180.011
135.110,157.909,158.837,182.516
132.566,157.649,160.939,182.184
132.505,158.462,161.584,183.222
132.782,159.186,159.432,185.306
135.503,157.164,160.641,179.182
134.192,158.095,162.793,175.251
134.150,157.286,164.860,170.511
132.813,159.107,163.781,173.380
133.239,161.650,161.362,177.009
135.501,164.100,159.024,183.652
135.315,161.669,159.677,182.467
137.319,160.920,160.349,183.088
141.355,162.180,160.115,186.104
140.248,161.442,159.156,184.927
138.035,161.735,158.724,183.596
139.948,161.341,160.032,180.149
140.610,164.673,158.966,181.126
139.507,158.774,161.321,169.587
141.549,165.996,160.370,171.344
141.881,163.140,161.223,169.922
143.870,162.835,163.581,166.924
144.272,164.768,160.313,170.015
146.028,165.436,161.053,176.819
144.451,162.660,163.058,178.041
145.209,163.901,162.832,180.396
144.497,164.309,162.081,181.962
143.907,164.330,164.376,181.781
144.113,164.379,164.430,182.646
145.003,162.488,165.407,179.666
145.146,161.372,165.159,179.505
145.425,161.578,163.231,179.715
145.527,162.201,161.501,180.088
144.584,162.213,160.931,181.579
142.594,161.770,160.996,179.489
144.000,162.088,158.599,180.533
144.699,162.597,157.135,180.513
143.046,163.191,156.086,181.041
141.385,163.283,155.369,180.921
144.221,161.313,158.495,175.516
143.188,161.041,158.841,172.822
143.325,162.867,159.318,169.156
141.960,161.551,158.820,165.910
142.609,163.907,156.165,167.006
143.236,163.381,159.568,163.839
141.697,164.538,156.895,166.261
143.315,162.325,159.597,161.291
143.680,165.559,154.142,163.633
143.620,162.705,157.269,162.436
142.607,163.293,153.980,164.947
142.904,164.050,155.429,164.835
141.353,163.887,154.282,169.149
141.649,165.093,155.898,170.804
140.144,163.354,155.495,171.840
139.985,164.938,155.180,174.721
138.990,163.932,155.837,174.716
138.673,165.524,156.398,175.715
137.243,166.083,155.915,178.036
138.696,167.077,156.054,184.140
140.238,163.681,161.077,182.041
139.476,165.416,160.822,184.615
139.859,165.228,162.245,184.200
139.967,165.605,163.103,184.561
141.927,166.152,167.590,183.306
143.400,164.541,175.206,181.762
143.415,169.509,173.313,184.561
143.092,167.591,175.697,183.027
145.880,167.882,177.209,183.715
147.693,167.588,175.709,184.761
148.793,168.620,177.584,185.445
146.611,169.213,172.821,187.053
149.495,166.846,176.513,186.559
151.020,165.767,179.212,185.691
150.357,164.962,177.748,186.388
152.108,163.756,172.499,187.309
152.308,162.285,170.957,184.735
152.587,161.911,170.135,181.745
157.761,160.599,174.360,176.735
146.567,161.720,165.258,177.908
151.596,160.825,158.855,179.607
138.523,165.985,160.539,173.010
126.638,180.775,162.955,162.209
139.896,185.152,159.329,162.325
170.922,154.980,145.420,185.494
174.422,122.556,139.446,211.323
185.007,87.173,136.982,237.097
182.393,89.635,140.725,249.523
172.051,132.845,151.665,231.125
179.903,139.326,179.202,202.718
181.036,159.729,185.137,193.470
184.555,156.910,186.782,191.722
180.084,156.225,189.771,189.807
180.211,155.490,192.077,186.517
180.114,156.321,190.723,186.177
178.340,154.865,192.307,185.706
180.421,155.813,187.889,184.066
175.265,164.231,174.288,179.673
164.055,164.207,166.347,176.199
174.342,164.738,169.244,171.474
176.081,164.856,172.689,168.819
171.618,164.461,170.925,169.988
171.081,165.193,170.803,168.613
169.749,164.362,169.225,169.210
173.269,162.728,171.473,166.017
171.639,167.805,163.432,169.896
175.070,163.161,162.416,170.881
169.918,162.917,162.706,169.629
175.232,159.295,162.368,169.828
158.310,155.555,175.722,172.407
163.406,155.182,182.407,173.793
161.332,155.092,187.341,174.765
161.240,157.544,192.704,174.291
157.180,158.910,193.410,175.721
156.924,159.981,193.845,177.216
156.125,158.894,196.895,176.199
158.290,162.247,196.323,178.171
154.027,161.823,200.499,173.460
156.947,166.146,197.363,177.777
151.869,165.690,203.839,173.305
154.760,168.273,202.791,174.925
154.247,168.848,205.322,173.802
155.446,169.410,204.631,176.470
153.359,169.215,203.424,177.421
154.690,169.112,207.351,174.423
154.632,171.633,205.926,175.936
154.689,171.635,195.582,179.815
157.825,168.943,198.812,179.913
161.221,170.465,198.582,177.193
158.359,171.017,201.318,176.024
157.508,170.814,203.924,173.576
158.413,172.032,199.049,175.027
157.197,171.217,201.154,173.845
161.506,169.884,197.450,175.863
165.161,172.089,196.203,174.971
165.259,170.043,193.240,175.309
163.481,170.679,193.676,174.820
165.633,166.165,195.180,170.327
168.964,170.994,191.020,175.329
169.290,163.315,192.429,167.592
167.310,169.030,194.588,166.733
164.963,171.589,193.831,170.941
162.805,170.258,198.963,169.539
165.413,172.618,195.245,174.791
161.647,168.466,199.868,173.186
160.582,172.966,199.264,175.295
164.665,169.468,203.434,174.895
163.375,170.438,203.475,175.341
159.396,167.852,204.074,175.701
165.407,170.074,201.581,177.189
161.829,167.224,202.444,175.126
165.257,171.176,197.770,179.087
161.311,167.642,202.109,177.937
167.251,165.556,206.143,174.618
161.678,170.460,201.874,178.323
168.196,166.503,204.594,179.183
163.347,168.869,202.012,178.779
168.754,168.998,202.062,180.274
159.930,167.743,199.929,179.267
167.236,167.477,207.753,176.468
159.668,167.948,210.145,174.165
170.294,169.908,209.192,175.252
164.811,169.733,207.940,176.945
163.157,168.259,211.721,175.286
159.807,170.613,209.028,175.109
167.442,170.570,206.508,177.764
166.371,165.138,213.711,170.273
163.788,169.020,209.801,171.809
165.250,166.967,219.270,166.456
163.178,170.590,210.775,172.840
168.437,169.439,206.116,175.726
163.916,168.498,206.734,178.441
171.532,167.137,210.522,179.242
159.700,169.891,206.652,181.462
170.110,168.097,207.415,180.367
172.605,167.755,199.640,182.873
171.660,167.354,197.955,181.893
175.438,167.652,200.334,179.415
170.847,164.428,202.705,174.433
172.364,167.032,208.851,172.616
170.287,169.998,199.458,173.904
180.510,166.572,206.407,172.470
174.196,171.525,198.698,177.049
174.627,168.165,196.217,181.501
173.074,168.353,193.913,182.304
177.443,166.664,191.997,183.677
172.020,168.819,186.510,184.316
175.284,169.087,184.859,184.503
177.140,168.566,182.474,185.757
180.876,168.199,180.738,185.043
182.585,167.689,179.896,184.355
183.863,167.752,181.667,182.889
184.484,168.137,184.258,180.388
181.110,168.789,184.585,181.386
184.331,169.001,181.376,181.324
