161.000,194.000,61.000,14.000
163.127,193.107,59.867,16.379
165.768,189.284,59.648,18.120
165.928,191.490,56.662,18.963
169.328,192.181,54.755,18.980
173.022,189.184,54.575,19.350
176.593,190.670,57.151,18.926
177.441,190.125,57.740,19.203
178.967,192.939,56.164,19.214
182.707,193.118,54.742,19.156
184.453,194.818,53.474,19.358
189.999,197.640,52.459,19.223
190.579,198.039,53.083,18.852
191.015,200.502,52.002,19.042
191.947,201.105,52.164,19.007
192.264,199.121,53.007,19.142
188.588,200.026,53.087,18.738
188.799,202.369,52.628,17.953
184.946,204.437,52.854,17.554
183.449,204.430,53.137,17.539
182.416,204.731,53.737,17.503
178.532,205.682,55.084,17.744
177.510,206.492,57.691,17.749
175.250,206.924,58.449,18.336
172.459,206.987,58.633,18.433
170.156,208.704,59.199,18.210
171.518,209.839,58.834,17.857
170.966,208.321,57.486,18.446
172.284,204.991,60.592,18.463
170.177,207.418,60.854,18.461
172.141,208.316,60.270,18.405
173.669,207.359,57.305,18.537
175.047,205.262,55.901,18.867
179.066,205.859,56.047,18.360
179.943,204.298,55.550,18.693
179.386,205.277,56.120,18.759
183.999,206.418,57.117,18.559
186.521,205.135,58.855,18.739
186.951,206.109,60.643,18.071
190.408,209.223,63.955,17.397
191.512,207.758,63.792,18.000
189.419,206.709,64.896,18.257
191.327,209.502,67.224,17.973
189.285,207.927,68.561,18.142
185.094,207.090,69.668,18.009
185.842,206.836,69.996,17.711
181.471,204.428,68.897,18.079
177.290,202.513,68.035,18.501
179.112,200.853,66.406,18.944
178.835,197.946,67.764,19.063
174.352,198.921,68.350,18.684
169.861,199.386,70.323,18.303
169.324,199.663,70.254,18.391
163.336,203.111,71.463,19.127
158.181,205.697,71.107,19.465
159.350,210.069,68.637,20.874
159.635,213.800,70.273,20.205
155.685,210.496,73.309,19.804
156.403,212.523,73.603,18.942
158.937,211.567,72.356,19.199
159.150,208.405,72.449,19.680
163.273,207.474,71.348,19.849
167.643,206.826,70.300,19.553
167.372,205.785,71.993,19.023
170.633,206.810,72.660,19.509
174.159,206.303,72.435,19.787
176.424,206.392,73.017,19.634
179.810,201.928,72.178,20.655
179.956,203.038,71.725,20.295
180.833,207.159,72.564,18.964
181.334,207.149,71.889,18.602
182.701,205.499,71.793,18.540
184.695,206.083,72.558,18.188
185.116,205.806,72.772,18.106
181.921,208.459,72.795,17.555
183.313,207.228,71.825,17.782
180.919,206.513,71.751,16.900
176.536,210.624,72.766,16.833
174.030,207.831,72.976,17.159
172.693,206.216,73.161,17.412
171.125,205.267,71.989,17.975
166.745,203.324,71.840,18.031
167.109,205.008,71.105,18.199
164.697,206.266,71.170,18.115
162.893,205.667,71.993,17.908
162.217,207.219,71.614,17.725
163.835,206.349,70.953,17.674
159.608,205.174,69.719,17.455
159.135,209.369,67.707,17.606
153.836,210.462,68.068,17.540
150.185,210.433,67.062,17.560
148.612,208.112,67.419,17.295
145.755,207.541,68.597,17.041
142.864,209.187,67.287,17.622
141.682,211.373,67.917,17.341
139.373,211.321,68.149,17.298
138.665,211.999,67.458,17.266
144.083,211.669,65.581,17.822
146.268,207.773,65.368,17.735
146.641,207.671,65.735,17.963
151.018,204.490,65.946,18.143
154.044,205.057,66.163,17.724
152.897,204.665,66.868,17.115
154.128,200.676,66.434,18.524
154.812,197.866,66.568,18.872
155.061,196.305,65.281,18.680
154.395,193.593,64.953,18.448
155.980,191.265,63.592,18.841
155.127,187.101,62.572,19.073
153.551,186.342,63.373,18.294
154.470,185.332,63.143,18.106
156.711,185.370,62.056,18.233
156.417,185.271,61.182,18.651
155.448,187.223,60.549,19.092
160.243,192.409,59.777,19.382
162.440,194.197,58.936,19.022
165.933,192.337,59.706,18.270
170.029,195.852,61.622,17.098
178.086,197.132,61.631,17.068
179.042,194.002,61.485,17.724
181.410,192.008,61.381,18.235
182.557,190.048,62.521,18.135
182.336,188.422,61.913,18.582
180.342,189.525,62.377,18.289
180.769,189.657,62.110,18.397
180.752,190.357,62.208,18.071
179.481,189.984,61.706,18.381
180.424,191.055,61.432,18.343
176.673,188.180,60.950,18.886
174.379,185.729,61.072,18.971
177.424,188.727,60.496,18.455
176.931,186.028,59.756,18.052
178.016,183.777,59.526,17.704
182.740,183.554,57.891,17.703
183.756,181.007,58.923,16.867
185.507,185.003,58.139,17.089
189.141,184.867,55.918,17.335
188.571,184.574,54.573,17.043
189.505,187.405,54.892,16.455
187.275,188.029,55.906,16.012
186.063,190.350,56.078,16.020
188.745,195.014,55.204,16.086
187.072,195.584,55.124,15.889
183.745,195.566,54.921,16.105
187.989,197.168,54.150,15.941
188.656,201.009,52.756,16.356
185.615,201.319,52.680,16.377
188.619,203.241,51.622,16.613
189.157,207.503,51.383,16.267
189.776,207.024,51.168,16.476
194.156,211.177,50.577,16.781
196.499,212.799,50.575,17.076
198.934,215.691,50.919,17.182
202.383,216.891,51.302,17.018
204.974,220.157,49.735,16.765
207.557,216.714,46.977,18.137
209.071,210.969,44.920,18.173
211.616,212.306,44.606,18.284
208.555,213.175,45.240,17.475
206.711,212.878,43.344,17.129
204.818,212.225,40.817,17.580
201.514,213.083,39.931,16.876
197.063,215.144,40.084,16.248
195.854,208.816,37.761,17.766
195.528,207.634,38.037,16.984
188.479,207.663,38.392,16.585
184.696,208.174,38.640,16.350
186.460,207.494,38.079,16.556
186.168,206.651,36.780,16.798
182.666,207.797,34.658,17.652
184.493,211.155,34.013,17.383
182.803,210.712,33.425,17.471
179.963,216.090,32.303,17.136
178.276,216.230,32.138,16.712
178.917,214.453,31.843,16.306
183.717,212.431,31.117,16.579
183.010,211.187,31.004,16.577
180.066,213.333,30.397,16.751
182.454,213.857,29.729,16.609
181.599,213.027,28.651,17.235
177.049,216.512,28.228,17.570
178.412,218.864,28.024,17.713
178.266,223.971,28.401,17.535
175.352,228.569,27.830,17.657
173.791,232.630,26.986,18.027
169.720,233.706,26.548,18.283
168.795,233.131,26.420,18.923
168.684,229.582,26.196,19.773
170.065,229.041,26.590,19.492
169.132,227.631,27.058,19.349
167.705,224.488,27.418,19.602
171.691,223.846,28.042,19.579
171.421,218.329,28.124,20.243
170.236,215.507,28.702,20.089
170.726,220.781,28.792,20.187
170.561,224.519,28.832,20.062
168.544,221.975,29.354,19.521
165.618,227.665,28.288,21.401
156.091,240.357,29.460,20.060
145.018,237.494,30.561,20.476
141.904,236.977,30.640,21.187
141.346,248.811,30.986,21.428
135.280,254.712,32.095,20.265
132.091,253.619,33.754,19.032
132.924,252.915,35.457,18.383
132.819,249.689,36.093,18.435
131.829,247.430,37.184,18.333
130.019,246.635,38.187,18.126
131.866,241.127,38.259,18.847
129.650,235.231,40.015,18.729
124.078,236.066,43.279,18.478
126.619,234.036,44.978,18.619
128.913,229.387,47.441,18.234
130.832,227.179,48.858,18.123
135.997,229.842,50.463,17.658
149.938,230.112,51.526,18.079
165.880,221.979,50.154,20.525
168.779,216.855,51.026,20.046
169.299,215.649,51.834,19.817
172.049,214.947,52.897,19.554
177.064,218.737,53.440,19.218
180.280,219.826,54.238,18.862
179.228,220.110,54.213,18.862
179.101,221.561,54.665,18.772
180.411,219.942,55.296,18.544
179.286,217.903,55.747,18.356
179.099,219.481,55.234,18.735
180.122,224.548,52.472,19.440
175.999,229.176,52.408,19.361
173.471,224.374,49.532,20.875
167.695,223.082,49.480,20.491
163.333,225.392,52.873,19.399
160.909,223.019,54.669,19.415
154.181,220.824,56.839,19.860
148.423,219.824,57.703,20.102
146.811,216.697,58.038,19.988
150.140,215.243,58.181,19.774
151.930,213.033,57.326,19.843
153.728,214.193,57.258,19.861
155.578,214.100,57.909,19.602
152.275,213.998,58.179,19.867
149.853,212.402,57.700,20.074
152.082,207.515,57.565,19.568
153.324,205.833,57.298,19.433
150.430,203.201,58.033,19.400
153.338,199.283,56.979,20.174
155.586,194.532,57.088,20.291
155.543,192.934,57.184,20.040
160.204,190.675,56.290,20.407
161.734,189.083,55.907,20.395
158.980,188.020,55.734,20.798
151.348,191.920,55.600,20.255
144.369,194.240,56.698,19.634
143.017,196.926,56.767,19.204
139.567,197.379,56.750,19.056
135.453,200.595,56.789,19.442
131.024,201.523,57.818,19.747
126.674,199.862,57.378,21.079
126.409,204.180,57.219,22.033
124.325,206.903,57.105,22.857
116.877,211.125,58.811,21.584
119.648,211.087,59.378,21.673
120.951,210.403,60.338,21.689
116.507,209.469,60.173,22.083
117.171,213.333,61.017,21.529
121.515,208.669,59.585,22.950
120.371,203.170,57.672,23.261
128.171,196.764,54.412,23.997
131.046,192.729,54.179,24.044
127.592,189.406,57.183,23.099
132.704,188.886,58.193,23.323
138.973,186.770,59.147,23.153
142.810,185.332,58.847,23.438
152.045,180.377,58.964,23.469
159.064,177.876,58.507,23.859
163.335,178.398,58.833,23.537
169.304,176.187,60.336,23.067
175.988,174.068,60.734,23.168
178.821,171.301,61.179,23.159
181.524,171.233,61.838,23.026
182.356,171.944,62.266,22.785
181.446,170.632,62.283,23.181
180.142,170.244,63.053,23.038
179.168,170.011,64.301,23.202
178.710,169.031,65.324,22.959
177.114,164.886,65.763,23.494
177.368,167.872,66.028,23.210
181.649,167.543,63.544,23.377
178.411,167.205,63.901,22.655
175.518,170.435,65.587,22.213
176.249,171.079,66.191,22.086
172.923,171.092,67.183,22.144
172.194,171.302,68.113,22.132
174.087,171.576,68.114,22.298
170.946,169.757,68.845,22.747
169.060,170.000,68.050,23.321
170.276,166.771,68.555,24.591
174.282,163.966,67.137,25.587
173.240,165.072,66.799,25.136
171.783,167.696,66.823,24.394
167.854,168.926,66.760,24.116
167.017,166.095,65.659,24.271
161.743,168.080,65.859,24.649
154.717,169.377,67.580,24.553
151.623,165.367,68.507,24.350
145.474,166.008,68.903,24.092
139.799,164.510,69.114,24.496
137.462,162.354,69.135,24.456
134.257,161.588,67.442,24.498
131.082,161.693,66.414,24.376
129.411,168.082,64.353,24.880
126.235,171.978,67.911,23.921
123.045,174.708,71.754,23.650
120.834,175.431,73.741,24.388
119.679,179.708,77.345,24.534
121.513,181.133,77.437,25.048
118.841,184.214,77.803,25.304
119.867,187.824,79.880,25.439
122.912,187.515,77.309,25.859
119.954,185.040,78.436,25.941
124.383,186.379,77.339,26.152
124.746,185.595,77.511,26.151
123.332,187.625,77.560,26.237
120.816,185.308,78.267,26.992
117.366,180.248,79.514,27.051
117.080,178.160,80.403,26.588
113.701,178.991,81.722,25.921
113.796,176.568,80.934,25.634
120.708,180.003,76.937,27.078
116.321,181.251,76.741,26.850
108.344,182.112,77.240,27.397
101.504,184.845,78.821,26.868
105.307,188.614,76.714,27.273
96.724,193.124,81.987,26.190
94.094,193.149,82.474,26.082
93.095,193.807,84.093,26.382
88.919,194.867,85.721,26.086
83.605,195.504,85.509,26.476
85.155,195.311,85.466,27.390
89.686,195.008,86.465,27.179
88.118,195.057,85.442,27.614
91.757,194.654,86.556,27.531
99.714,193.454,89.909,27.808
106.062,195.018,90.461,27.747
111.862,196.710,91.630,27.564
114.304,198.242,92.689,27.986
114.412,194.105,93.089,28.294
121.203,195.036,91.516,28.586
122.108,196.054,90.786,28.237
121.090,196.326,90.841,28.044
120.858,196.694,92.747,27.917
123.081,197.657,93.183,27.655
120.211,199.197,94.397,28.365
123.448,200.244,95.185,28.480
122.953,201.530,95.024,29.084
125.854,202.786,92.793,30.075
128.966,206.033,92.221,29.901
127.323,209.072,91.982,29.115
123.800,206.332,93.285,28.984
123.687,206.650,93.933,29.017
123.991,207.651,94.942,28.499
121.007,206.959,96.403,27.353
119.508,202.366,98.634,27.619
117.867,205.426,99.507,27.885
113.877,202.081,100.554,28.667
112.639,201.040,101.261,28.744
110.800,200.396,100.586,28.501
107.994,199.072,100.329,28.098
107.745,198.041,98.738,27.721
105.441,197.356,96.264,27.445
104.489,195.727,95.835,27.042
103.866,196.829,97.224,26.702
100.599,197.971,98.461,27.104
100.229,197.523,98.907,27.770
99.624,198.320,100.862,29.036
98.319,200.068,101.601,28.950
98.135,195.331,101.295,30.292
99.749,195.330,103.027,29.408
99.940,195.985,103.233,28.994
101.024,196.577,103.584,29.208
101.926,195.451,102.151,29.462
101.088,195.305,100.784,29.198
103.598,198.065,103.801,28.508
104.193,197.209,105.007,29.063
100.345,196.688,104.784,29.930
100.793,198.883,107.342,30.071
95.502,199.864,110.544,29.463
90.108,198.113,109.887,29.928
90.769,200.940,108.766,29.844
87.483,203.765,108.561,30.160
86.425,210.015,106.893,30.815
92.702,213.102,110.441,30.068
93.714,212.312,112.201,30.872
97.246,214.019,118.546,31.400
101.505,212.999,121.033,31.989
102.967,212.839,122.509,32.714
107.724,211.260,126.371,32.495
112.010,211.496,126.770,31.930
115.151,211.127,123.950,32.237
121.505,211.383,128.937,32.205
129.601,211.777,127.215,32.419
130.645,210.713,124.384,32.465
134.217,211.751,120.872,33.825
142.289,211.024,121.088,34.405
137.818,207.014,123.355,34.224
135.016,207.687,122.804,33.996
132.832,206.779,122.309,34.008
128.516,202.805,123.504,32.788
124.121,203.201,124.270,32.255
124.247,205.133,121.937,31.298
123.078,205.335,122.520,31.048
123.951,206.726,124.774,31.164
121.146,208.207,127.407,30.791
117.516,208.053,131.271,31.465
120.592,205.596,132.603,32.177
121.929,197.876,128.994,33.481
124.268,197.375,130.501,33.638
127.268,193.768,125.530,34.268
133.758,185.359,119.091,35.703
131.760,184.897,121.391,35.169
135.402,181.135,122.066,36.024
142.280,177.134,124.843,35.895
143.423,171.292,122.462,36.397
136.525,166.953,125.114,36.101
132.135,167.356,131.750,35.728
132.391,167.746,139.075,35.288
129.070,167.579,143.150,35.125
121.679,168.758,143.240,34.816
117.300,172.294,143.803,33.739
106.145,174.994,141.209,33.535
107.906,176.948,144.991,33.313
103.232,177.318,147.869,33.816
97.466,177.700,148.894,34.281
102.944,173.351,147.484,33.996
106.006,167.565,145.808,34.545
105.106,164.904,150.921,34.351
105.105,161.269,150.794,34.841
109.507,160.030,152.703,35.025
108.439,156.372,152.844,35.014
101.543,152.933,158.038,34.947
102.674,153.182,159.086,35.761
101.575,152.329,160.658,35.985
97.929,152.846,162.234,36.129
94.870,152.677,163.718,36.605
87.845,152.348,167.715,37.074
81.747,152.732,169.604,37.095
78.061,151.546,170.065,36.650
74.181,148.197,171.622,36.617
72.647,148.069,171.212,37.320
72.151,150.346,173.372,37.489
76.332,146.577,171.078,38.076
77.242,145.789,172.338,38.683
76.565,145.403,173.315,38.447
83.621,144.374,172.272,39.580
84.694,143.118,170.727,40.699
84.001,152.130,170.822,40.044
90.656,159.485,170.039,37.545
94.573,161.389,167.423,37.858
102.883,163.703,164.857,37.904
107.013,165.926,164.259,37.851
110.621,166.520,164.426,38.183
115.721,166.265,163.924,38.769
118.323,165.543,162.303,38.700
122.745,165.347,161.164,39.370
120.379,161.995,164.586,39.971
125.386,165.828,161.181,38.795
127.716,165.363,159.886,39.505
122.414,166.207,160.570,39.307
121.473,168.441,159.965,38.761
118.162,168.775,161.576,38.869
111.444,172.136,163.918,38.376
110.240,174.179,164.057,37.566
109.285,176.310,164.305,36.980
109.564,176.566,163.130,36.999
112.604,176.503,159.963,37.394
113.595,176.187,157.334,37.692
114.547,176.383,154.647,38.212
104.188,178.138,157.179,37.145
105.455,178.456,157.326,36.942
100.004,177.933,159.940,36.161
97.107,176.363,160.845,36.375
97.250,174.725,160.090,37.664
100.405,173.832,157.788,38.009
88.573,176.159,162.942,36.983
88.602,174.547,164.409,36.104
98.802,173.356,157.881,37.421
92.882,173.505,156.889,37.764
96.826,172.764,154.648,37.701
100.503,172.178,150.902,37.495
101.841,165.689,146.945,37.738
104.771,169.166,144.860,37.002
105.679,166.034,141.491,37.002
103.920,162.919,141.423,36.327
102.102,166.229,138.091,35.534
100.558,167.259,138.104,35.381
97.381,169.086,138.475,34.862
99.104,171.055,136.593,34.580
95.339,172.334,133.564,34.099
89.287,175.598,128.611,32.705
94.042,178.026,133.222,31.712
87.148,179.872,137.442,31.758
79.640,184.279,137.467,33.175
75.816,184.702,140.207,33.792
72.781,184.659,140.826,34.799
69.447,189.508,142.053,33.106
73.360,190.084,139.559,33.092
75.313,188.849,136.675,33.422
78.179,187.728,134.957,33.186
79.951,190.798,133.825,31.723
76.468,191.477,135.580,32.062
80.143,197.458,131.876,31.333
81.626,199.167,129.845,31.118
78.747,200.525,128.887,31.161
79.881,198.176,125.458,31.533
82.047,194.555,124.389,31.274
82.003,192.807,123.811,31.242
78.267,189.960,122.625,31.730
86.999,187.402,119.452,32.208
95.535,181.272,116.997,31.554
93.727,182.605,120.550,30.501
103.814,181.258,120.731,30.879
113.449,179.642,121.001,30.202
121.820,182.407,118.888,29.263
127.362,182.372,117.575,29.471
132.174,183.630,116.528,29.491
141.507,185.486,115.511,28.421
145.253,182.330,115.530,28.763
152.908,184.354,111.499,29.488
162.087,186.155,107.731,29.171
166.917,184.611,107.714,28.613
172.888,188.307,105.242,28.856
174.688,188.418,101.740,29.031
176.843,187.616,102.995,29.037
181.133,188.530,104.373,29.238
180.203,190.007,105.532,28.802
179.707,189.734,104.683,28.861
184.910,189.955,103.666,28.482
185.368,192.071,101.336,28.395
182.218,191.844,98.894,27.946
183.684,191.156,97.732,27.597
185.305,192.150,97.257,27.733
182.947,188.437,96.008,27.804
184.710,186.892,95.822,27.549
186.496,186.258,95.586,27.167
185.791,183.251,94.367,27.062
186.952,183.332,92.865,26.860
189.466,183.034,91.662,26.450
190.869,181.328,90.516,26.529
195.290,181.265,88.165,26.193
195.661,181.377,86.327,26.113
197.695,184.282,83.702,25.962
201.569,186.169,82.543,25.633
203.434,188.241,82.624,25.588
205.711,190.417,83.124,25.512
211.654,192.580,82.113,25.571
216.405,194.180,80.644,25.604
219.830,195.088,80.357,24.987
222.171,194.163,80.828,24.938
226.309,195.254,80.421,25.443
228.387,194.797,79.867,24.947
231.854,197.264,78.265,25.719
238.065,198.782,77.076,26.131
236.701,201.111,76.217,25.081
234.223,201.450,75.613,24.747
237.945,198.323,72.227,25.919
230.302,198.229,71.815,26.226
221.631,199.309,74.005,25.593
213.353,198.039,74.087,25.029
209.307,195.778,73.924,24.771
208.393,196.043,71.292,24.226
203.679,193.898,68.904,24.299
198.445,194.392,69.713,24.371
195.378,196.876,70.476,24.328
190.285,199.078,70.784,23.578
186.110,198.197,70.142,23.557
185.963,198.737,67.720,23.432
182.753,198.078,67.499,22.824
175.882,200.150,68.948,23.358
174.189,199.313,67.395,24.072
175.054,198.996,65.707,24.130
172.636,202.765,64.937,23.390
170.092,204.258,64.933,22.770
169.839,201.049,64.590,22.606
172.129,203.362,63.623,22.023
178.299,203.998,59.825,22.289
185.690,197.632,59.492,21.162
201.115,202.915,54.993,24.687
217.658,211.192,55.794,24.099
223.886,212.044,55.427,23.105
229.380,205.109,53.410,24.164
235.271,202.585,54.079,23.612
242.956,200.525,51.715,23.959
244.259,189.050,48.597,26.042
239.819,184.984,52.808,23.022
244.346,187.749,55.467,21.671
243.975,182.939,53.080,22.746
244.198,183.168,55.167,21.148
252.383,179.931,54.143,21.259
255.032,178.961,53.421,20.990
258.200,178.310,53.217,21.095
262.029,174.996,50.975,21.052
263.911,176.211,49.049,20.842
264.288,176.776,48.735,20.564
261.664,176.977,47.743,20.960
260.268,180.876,47.094,20.979
