255.000,171.000,52.000,14.000
254.061,169.074,54.277,14.049
254.267,169.469,54.589,13.976
255.764,168.195,53.667,14.329
253.630,164.812,53.714,14.195
252.744,164.604,53.814,14.144
254.529,161.638,54.081,13.859
252.489,160.558,54.082,13.786
252.401,159.162,53.917,14.011
253.809,158.211,54.946,14.286
253.776,157.145,55.472,13.871
251.339,158.531,56.133,13.797
250.095,158.621,55.023,14.052
248.811,157.811,55.497,14.009
249.714,156.935,55.561,14.473
249.500,157.880,55.259,14.364
248.539,154.761,52.934,14.617
248.403,154.312,52.811,14.748
249.028,155.834,54.924,14.444
249.567,154.502,54.881,14.533
247.928,157.952,52.806,15.327
248.841,160.584,54.320,15.028
248.994,158.500,53.591,14.637
248.652,160.299,55.102,13.863
246.970,163.666,54.777,14.162
244.949,160.150,52.281,15.316
243.981,158.740,51.609,15.143
242.997,162.475,51.858,15.377
241.928,158.803,51.712,15.240
238.454,160.483,50.984,14.852
238.283,161.119,52.369,14.677
238.491,161.988,54.243,14.579
242.136,160.943,56.046,15.041
245.274,167.199,55.062,15.347
244.785,168.140,55.327,14.866
243.153,169.684,53.989,15.014
245.884,174.478,54.490,14.958
248.223,176.559,55.941,14.696
250.062,178.902,57.007,14.856
250.847,180.539,56.887,14.372
250.758,181.640,57.651,14.204
249.466,184.469,57.685,14.420
250.308,181.977,55.505,15.353
250.158,180.726,55.300,15.343
249.916,182.000,55.633,14.877
247.202,179.192,56.322,14.652
246.539,179.424,56.655,14.501
240.999,178.872,56.708,14.287
235.324,176.408,57.373,14.691
236.392,180.162,57.084,14.586
236.300,174.890,56.498,14.842
227.869,175.858,53.435,16.116
227.120,178.056,56.067,15.115
226.492,177.188,54.685,15.368
224.860,172.854,54.231,15.280
223.082,175.122,54.018,15.256
225.758,172.481,50.404,16.817
226.950,167.448,54.122,16.259
223.092,170.802,55.490,16.468
218.357,172.716,57.954,16.012
215.830,172.237,58.176,16.255
214.356,175.715,59.472,16.367
211.750,176.266,60.177,15.907
210.572,175.050,60.780,15.918
211.319,180.529,57.228,18.867
211.223,184.963,58.528,19.201
210.244,176.674,58.423,18.955
207.449,173.590,59.520,17.222
211.363,177.957,58.991,17.436
221.023,183.490,62.075,17.169
225.895,183.080,63.853,16.828
227.055,180.837,63.489,17.297
228.443,179.446,62.492,17.330
233.306,187.650,59.755,18.416
235.619,188.098,59.146,18.169
236.253,184.838,63.221,16.836
237.738,185.895,65.393,16.166
236.269,183.857,67.442,16.723
235.614,179.863,66.114,17.089
226.768,167.915,59.423,21.531
225.839,159.626,60.256,20.475
223.258,156.414,62.675,18.518
223.755,157.213,63.052,17.613
228.809,161.870,64.572,16.960
230.218,159.294,61.152,17.847
233.752,156.527,64.560,16.519
234.447,158.223,65.895,16.204
233.034,160.016,65.461,16.318
227.837,161.767,64.034,17.108
225.745,165.100,62.679,17.184
224.968,167.839,63.597,16.662
225.715,169.248,63.082,16.513
224.618,172.904,63.797,16.350
222.330,174.395,64.783,16.132
216.799,177.554,63.961,16.433
219.631,181.234,65.295,16.531
221.536,183.222,64.471,16.339
222.952,179.373,63.868,16.506
222.906,176.530,63.899,16.667
220.171,173.287,66.503,16.421
222.006,172.132,67.092,16.706
219.344,169.410,68.186,16.553
219.433,165.650,67.597,17.619
218.527,163.088,69.672,17.164
218.246,165.777,70.436,17.027
218.095,165.847,71.335,16.963
216.398,164.929,72.178,17.310
217.167,164.270,72.406,17.619
220.373,165.420,72.714,17.734
217.735,162.402,71.424,18.384
219.634,160.268,72.847,18.296
225.095,162.416,73.955,17.508
228.798,161.380,73.814,17.794
229.701,161.007,73.875,17.225
229.789,159.476,72.974,17.124
233.001,156.334,73.265,16.705
236.034,159.097,73.524,16.613
238.201,159.602,73.509,16.889
239.063,153.723,67.352,18.357
245.442,152.995,69.346,18.112
244.074,154.957,70.678,17.193
243.815,153.766,70.341,17.448
246.951,152.429,70.472,17.110
249.065,155.337,71.509,16.935
251.274,156.032,72.592,17.244
250.591,157.218,74.890,17.169
252.530,156.322,74.785,18.144
256.795,157.595,74.638,18.233
265.467,158.713,69.714,19.587
261.073,159.098,69.661,19.868
252.398,162.274,73.760,19.502
230.173,166.698,83.956,18.727
218.470,168.309,93.489,19.814
221.834,166.870,97.693,21.888
225.372,165.814,96.945,23.400
229.018,163.652,92.580,24.672
234.671,161.297,88.345,26.145
235.919,161.533,87.142,26.283
242.764,160.048,87.344,27.115
238.947,154.560,93.930,27.226
238.360,157.255,100.220,27.358
237.937,155.458,105.636,28.004
230.484,154.778,114.989,27.955
231.040,155.346,121.475,29.418
229.251,161.001,129.447,29.060
227.525,163.405,137.330,29.323
221.794,161.763,144.725,31.362
222.590,166.541,150.813,31.262
212.941,165.425,153.061,30.414
207.479,164.695,152.094,30.471
198.664,165.969,147.824,29.560
190.188,165.557,140.687,27.734
182.721,165.784,130.091,27.742
183.516,166.508,118.279,28.390
181.556,167.015,107.187,27.995
185.404,166.081,98.448,26.050
186.266,169.811,92.667,24.051
187.695,168.279,87.974,22.422
184.907,171.186,84.999,21.069
184.471,169.986,82.762,20.850
184.924,169.565,82.217,19.705
186.010,173.118,83.013,18.634
184.565,172.201,82.352,19.088
184.378,172.199,82.435,19.061
184.686,173.162,82.857,18.887
184.124,172.057,82.762,18.933
185.348,172.543,83.525,18.578
188.538,171.530,84.369,18.111
189.057,168.477,85.741,17.425
191.261,169.601,84.913,17.430
193.259,167.880,81.791,18.425
196.290,169.053,81.633,18.275
197.349,171.684,80.866,18.204
197.470,171.566,80.920,18.483
198.679,172.879,81.329,18.157
199.814,176.031,83.445,17.232
197.163,175.322,84.957,17.635
197.689,176.537,85.470,17.344
200.118,178.318,86.485,17.129
198.553,177.490,86.756,17.869
198.775,176.946,87.677,17.723
200.798,179.249,87.655,17.597
201.125,176.988,85.790,17.974
200.210,177.935,85.466,17.871
199.254,180.695,86.275,17.259
202.222,173.994,80.670,19.344
207.652,172.073,79.892,18.732
206.886,174.652,80.306,18.195
199.767,170.124,78.861,18.711
199.120,167.785,83.123,17.970
197.019,167.836,84.361,18.305
194.628,163.942,85.166,18.925
191.228,164.092,86.369,19.464
190.414,163.227,87.271,19.892
187.301,160.879,88.373,19.881
187.117,163.532,88.490,19.544
185.016,163.940,88.415,19.629
183.524,163.650,87.909,19.627
184.881,164.546,88.051,19.258
185.736,166.301,88.120,19.054
183.670,166.018,87.489,18.673
182.569,164.606,86.466,18.251
184.537,166.867,87.179,17.796
184.863,166.788,87.731,17.922
184.763,165.967,87.764,18.168
187.399,164.817,87.393,18.017
188.592,165.238,88.069,18.123
189.710,163.790,87.488,18.029
191.692,165.812,88.662,17.874
192.146,167.155,89.097,18.046
193.434,164.648,88.437,18.282
193.969,165.804,89.699,18.402
190.971,164.770,90.919,19.062
187.365,167.645,92.067,19.002
186.783,168.495,92.633,19.236
185.240,166.323,92.760,19.892
183.371,163.790,92.680,20.599
184.655,166.017,91.742,20.835
182.673,165.907,91.456,20.906
180.928,166.086,91.744,20.902
181.072,170.562,91.675,20.622
179.268,172.982,91.912,19.983
178.132,175.605,91.120,19.394
178.043,177.834,92.058,18.762
176.497,177.897,92.804,19.416
177.146,180.150,92.388,18.863
176.596,180.247,93.145,19.193
173.065,179.365,93.053,19.104
177.042,180.528,92.738,19.323
179.872,182.166,92.708,19.366
176.325,181.277,94.121,19.719
177.020,182.443,95.909,19.850
181.056,182.844,95.955,20.198
177.151,183.669,96.528,20.402
178.710,186.756,95.535,20.317
178.144,187.874,93.530,20.286
176.904,187.345,93.339,19.716
172.129,191.702,91.815,19.096
172.508,190.564,92.033,19.230
166.715,191.774,92.816,19.132
165.326,194.037,93.956,19.385
161.581,187.048,88.349,21.735
161.573,183.272,90.831,20.970
160.099,182.764,91.238,20.605
158.362,182.853,91.271,20.069
160.955,182.147,91.640,19.716
161.280,183.998,92.858,19.287
159.570,185.654,93.785,19.146
161.892,186.807,94.788,19.179
165.297,185.389,93.185,18.938
165.710,187.141,95.049,18.544
168.157,185.310,92.154,19.758
171.938,182.530,92.192,19.625
172.406,184.009,93.011,19.816
173.205,182.405,92.727,20.397
172.425,182.781,93.467,20.547
179.343,183.793,93.031,20.818
180.965,181.984,93.560,20.762
178.440,183.896,91.455,21.063
180.376,186.525,92.699,20.340
180.862,181.977,92.877,20.150
181.052,180.446,91.962,20.147
180.615,175.624,91.701,20.140
181.252,177.182,91.533,19.579
178.547,178.779,92.640,19.863
177.217,176.350,90.947,19.883
176.810,175.315,89.766,20.270
177.735,180.350,89.390,20.278
172.361,181.716,92.507,20.086
167.141,184.546,89.075,21.255
171.809,188.769,93.689,20.445
169.460,186.408,94.800,20.743
164.788,189.584,92.770,20.870
166.298,191.959,94.730,20.258
167.617,190.582,95.395,20.244
168.557,194.160,95.115,19.933
173.041,196.479,95.734,19.910
176.296,194.407,94.338,20.181
177.156,193.300,94.273,19.991
181.119,193.259,93.436,19.963
185.094,193.963,93.961,19.802
187.439,190.171,94.670,20.211
186.820,191.429,95.205,20.210
190.222,192.233,95.885,20.231
193.507,189.259,95.730,20.011
194.470,189.142,95.981,20.056
194.608,188.750,95.340,20.144
196.431,187.648,95.756,19.531
196.387,188.478,95.005,19.554
195.650,190.282,95.055,19.549
194.261,189.418,95.835,19.968
192.547,189.267,96.152,20.440
191.224,187.669,95.362,21.110
190.501,184.385,95.245,21.227
185.802,185.063,96.216,20.784
182.896,184.371,97.133,21.036
178.970,183.201,97.298,21.117
178.119,183.333,95.631,20.972
179.149,183.500,94.830,20.832
179.338,180.987,95.609,20.509
179.182,182.392,93.639,20.339
178.043,182.096,90.716,20.514
179.642,177.013,90.124,21.118
179.031,178.691,89.622,21.037
176.907,178.064,88.483,21.474
176.824,174.765,90.688,21.302
175.005,176.591,92.033,21.064
176.509,171.108,90.798,21.128
176.302,172.205,90.029,21.096
171.116,177.186,91.512,20.174
166.508,177.812,93.228,19.559
166.351,179.133,93.625,19.298
168.299,181.049,94.376,19.262
170.325,179.862,92.448,19.491
172.128,177.132,91.120,19.385
176.348,180.025,92.162,19.219
183.037,177.581,91.384,19.715
183.705,177.746,93.955,19.303
183.999,178.177,95.789,19.740
184.997,176.315,94.762,20.295
188.112,175.910,94.088,21.197
188.784,175.119,94.234,21.450
187.717,175.103,93.624,21.042
187.653,175.258,94.295,20.912
187.522,171.896,95.943,20.624
188.515,173.388,97.026,20.423
192.510,173.808,95.941,20.656
193.135,172.263,94.662,20.474
192.733,172.342,94.264,19.289
195.234,171.288,91.778,19.688
196.687,171.132,91.652,19.873
197.536,172.850,92.718,19.704
199.662,172.976,92.465,20.197
203.476,172.169,92.692,20.683
209.065,176.134,89.310,21.432
207.365,180.006,88.102,21.710
202.509,184.066,87.740,21.830
198.445,188.500,88.038,21.485
194.835,190.300,89.718,20.623
191.518,191.340,91.869,20.329
191.765,192.855,91.873,20.078
184.669,189.149,91.299,20.095
183.720,188.257,88.885,19.918
186.327,189.686,91.399,19.444
185.885,191.509,92.346,19.296
185.415,188.598,90.011,20.095
189.845,188.827,91.007,19.815
189.009,189.549,90.340,20.181
188.281,188.940,89.853,20.448
188.941,184.717,92.048,20.297
194.436,187.023,92.768,21.425
197.079,192.071,94.312,20.722
197.252,194.457,95.769,20.005
196.713,196.534,95.297,20.144
201.554,198.381,95.304,20.616
201.104,201.049,95.869,20.423
204.629,205.557,95.117,20.097
207.232,205.015,94.648,20.596
206.207,205.524,97.089,20.243
207.786,208.029,97.698,19.907
205.629,208.038,97.882,20.303
204.428,203.872,96.437,20.506
202.754,206.690,94.535,20.442
202.144,207.075,93.339,20.922
201.913,203.709,92.992,20.771
204.382,205.560,93.405,20.460
200.950,201.877,93.599,20.628
198.680,201.611,94.324,20.511
201.112,201.419,94.160,20.099
201.738,197.544,93.185,20.353
204.283,198.269,91.669,20.251
209.888,197.864,89.944,20.748
214.512,189.170,91.524,22.507
215.922,186.981,92.511,21.650
217.809,191.982,90.204,21.906
216.902,194.676,92.210,20.503
217.038,192.569,91.706,20.300
213.890,195.177,92.392,19.251
207.658,196.974,93.103,17.964
206.053,198.273,91.684,17.833
205.606,199.928,89.827,18.164
205.939,199.576,88.530,18.504
207.768,199.108,88.653,18.620
208.536,202.715,85.071,19.011
203.172,204.113,87.424,19.241
206.970,205.811,92.705,19.430
196.844,211.053,90.821,20.012
188.925,213.819,89.182,19.418
190.513,213.210,85.280,19.976
187.545,211.164,82.966,19.764
180.249,211.077,81.599,19.088
179.379,214.665,79.656,18.844
176.521,211.297,78.680,19.620
172.980,210.901,82.510,19.325
174.435,214.987,80.920,19.489
169.638,217.236,80.866,19.084
167.385,218.173,82.771,19.532
165.394,218.984,83.934,19.560
161.110,219.503,84.894,19.122
161.674,222.123,84.515,19.532
164.466,225.641,84.433,19.763
160.071,228.031,85.773,19.930
157.387,232.869,86.037,19.349
157.070,234.047,86.751,19.048
151.424,235.170,87.446,18.508
153.906,234.199,87.017,19.706
162.550,230.701,86.156,20.883
164.579,227.218,84.324,21.681
167.189,228.035,82.702,22.013
169.297,228.788,82.846,21.833
178.208,227.296,85.162,22.226
180.356,228.874,85.420,22.503
189.519,234.022,84.936,23.084
193.288,238.204,85.729,22.080
196.988,238.608,84.710,22.467
202.480,240.510,87.455,22.187
205.211,239.750,88.506,21.701
209.770,234.856,84.122,23.210
211.396,233.627,81.850,23.487
214.037,232.151,81.432,23.336
213.103,228.554,82.660,23.562
218.144,226.625,81.549,23.261
217.307,225.898,81.361,22.327
218.773,222.973,82.230,20.972
220.714,219.630,81.750,20.958
219.524,220.817,86.554,19.235
217.106,221.901,88.023,18.619
214.612,221.541,87.034,18.968
209.514,218.790,87.461,20.303
208.591,216.784,85.086,21.125
207.579,217.896,83.225,21.172
206.189,219.339,80.126,21.029
206.313,218.145,77.979,21.201
209.377,216.558,76.900,21.061
211.906,219.259,76.325,19.821
213.736,220.774,76.916,19.114
213.168,221.164,77.033,18.828
212.111,220.965,77.715,19.136
212.584,222.341,76.978,19.393
209.108,224.044,77.609,19.020
205.648,226.986,76.061,20.017
209.140,229.743,72.990,19.889
205.076,225.638,70.575,19.846
200.076,229.446,71.440,19.105
197.467,231.602,74.708,18.495
198.230,231.196,74.724,18.623
195.537,231.961,77.224,18.340
192.608,231.839,77.160,18.989
189.545,229.426,77.724,19.870
189.463,227.783,76.198,19.998
185.228,227.266,76.066,19.539
185.600,228.265,75.223,19.285
186.271,227.019,74.503,18.951
184.879,222.433,76.168,18.943
189.743,222.553,76.044,19.295
191.194,221.795,75.499,19.274
190.167,220.932,76.035,19.581
194.209,218.627,74.316,20.116
195.321,217.352,74.684,20.200
195.090,219.774,75.735,19.992
196.142,219.009,74.890,20.393
199.436,216.527,77.077,19.400
199.560,218.822,77.518,19.096
200.211,219.523,76.842,19.617
197.508,218.456,75.586,19.865
198.446,219.716,74.841,19.694
196.586,217.938,74.826,19.917
194.910,218.323,73.458,19.493
191.476,218.418,72.787,18.943
188.915,218.303,71.518,19.108
188.327,218.494,70.241,19.130
186.465,221.500,71.802,18.747
182.885,221.322,71.705,19.272
180.907,217.581,71.575,19.392
181.728,217.506,71.411,19.376
180.898,218.002,71.036,19.031
179.211,217.719,70.471,19.117
177.508,215.661,69.417,19.269
178.916,218.286,68.809,18.747
176.702,217.054,68.975,18.615
177.927,217.792,68.859,18.710
178.859,219.347,69.153,18.465
176.302,217.629,68.690,18.687
177.780,218.307,67.008,18.557
181.886,218.629,67.654,18.424
182.015,214.786,66.103,18.456
185.626,215.715,66.442,18.051
192.345,217.428,66.031,18.104
196.151,214.547,66.008,18.019
198.479,216.040,67.968,17.372
208.640,216.206,67.952,17.733
212.772,213.130,70.373,17.563
218.595,213.448,67.160,18.226
224.129,213.323,64.276,18.661
229.191,212.650,62.989,18.294
231.505,211.849,62.573,18.266
236.955,211.822,61.070,18.267
