194.000,106.000,213.000,116.000
192.864,115.076,214.468,108.630
191.899,117.801,215.651,104.453
192.996,117.662,214.587,103.110
192.872,117.635,213.984,102.350
192.365,118.958,214.380,101.021
192.377,120.700,213.681,100.084
192.666,120.051,213.386,99.944
193.075,118.651,213.669,100.732
192.346,119.506,213.909,99.925
192.785,117.742,213.132,101.408
192.091,117.864,213.197,100.641
192.636,117.258,212.807,100.833
193.278,116.688,212.081,101.459
193.827,116.446,211.518,101.633
193.881,116.710,211.618,101.894
194.646,116.355,210.928,101.328
194.268,116.710,210.760,100.406
193.773,116.268,210.593,99.804
194.035,116.862,210.418,99.437
193.893,117.281,212.550,98.715
194.401,117.610,217.377,98.141
193.712,116.598,219.766,98.492
193.646,117.019,221.567,97.776
194.819,116.848,221.715,98.056
194.323,116.246,225.347,97.725
192.633,114.076,228.214,99.582
191.006,114.421,222.558,99.325
191.855,114.121,218.922,98.775
191.818,114.500,216.551,97.747
190.292,114.524,214.069,97.748
191.223,115.500,211.293,98.549
191.908,114.838,209.535,98.694
191.760,114.295,208.487,99.303
191.437,114.539,208.036,99.615
192.369,115.026,207.494,98.338
192.749,114.484,207.419,98.693
194.170,113.850,207.203,99.339
194.821,113.910,207.363,99.775
194.397,115.451,207.502,97.916
194.904,115.296,207.652,97.961
195.462,115.381,207.479,97.451
194.948,115.634,207.844,96.865
194.825,115.297,208.887,96.719
194.833,115.829,209.091,95.906
195.159,116.447,209.015,95.386
194.181,115.917,210.940,95.337
191.410,114.934,213.610,95.559
191.971,114.077,215.478,95.440
191.932,115.349,215.408,94.582
193.048,114.856,215.564,95.296
192.722,114.849,216.288,95.257
186.235,115.326,222.602,94.883
185.743,116.371,225.614,92.907
185.063,116.308,226.419,92.929
184.891,115.632,228.487,92.614
188.565,113.568,227.055,95.648
191.644,111.778,225.685,97.519
191.305,111.151,226.331,98.500
191.808,111.535,226.351,98.682
191.144,111.726,228.224,98.706
190.234,109.172,230.308,100.003
188.178,109.080,233.397,100.559
187.412,108.800,235.105,101.926
187.494,108.018,235.461,101.795
185.412,109.712,237.355,101.344
184.112,108.951,239.558,101.488
180.406,107.779,244.003,102.406
171.448,107.763,253.492,103.014
168.835,108.383,256.596,102.414
161.491,108.999,264.384,102.024
166.042,108.103,266.454,103.477
163.500,108.550,269.713,102.659
161.891,106.720,273.935,104.301
161.748,107.237,274.270,104.623
163.842,104.208,275.484,106.015
166.944,103.076,272.482,108.875
168.075,102.100,270.720,110.361
167.914,102.958,271.027,110.269
167.988,102.740,271.474,110.484
168.242,102.917,273.958,110.467
168.042,101.078,278.419,111.869
167.314,99.895,281.551,113.523
165.883,98.735,286.105,114.358
165.313,98.094,287.976,115.473
163.390,98.718,290.649,114.393
163.582,97.368,291.808,116.068
163.064,96.522,292.590,117.189
158.513,97.986,297.831,115.452
159.365,95.923,300.138,117.283
156.416,98.030,308.087,116.796
154.839,95.892,314.240,118.173
151.526,93.972,319.328,118.826
157.457,93.676,318.957,118.309
155.745,94.588,319.321,118.023
164.894,93.663,318.107,117.873
166.203,93.774,316.659,119.423
167.740,92.877,312.723,121.356
165.450,94.866,314.368,120.530
168.645,93.696,314.873,120.675
160.743,94.971,319.769,120.175
146.070,92.700,332.097,121.153
153.781,90.564,330.624,123.635
157.763,91.893,327.373,123.496
158.032,91.067,326.256,123.532
161.542,91.354,323.211,124.276
168.884,91.009,315.671,124.159
174.038,89.210,310.084,124.468
174.085,91.759,307.824,124.741
177.005,91.756,305.342,125.124
176.622,92.815,305.831,124.367
182.111,93.129,301.489,123.237
185.941,97.146,298.812,121.612
185.977,94.434,297.344,122.038
186.102,94.052,297.121,122.967
185.952,90.935,296.064,125.353
188.017,92.622,295.357,125.611
185.388,89.421,297.276,128.063
182.385,91.587,299.561,128.042
182.055,87.154,300.579,129.325
178.869,90.923,302.829,127.538
176.347,89.711,306.956,127.190
177.339,93.245,306.604,124.680
172.811,94.643,309.922,122.746
173.114,94.286,310.167,121.761
173.037,92.290,309.168,123.975
173.180,93.525,308.841,122.550
172.809,96.340,310.602,120.970
173.549,97.472,309.587,119.928
173.876,99.143,309.376,118.850
171.507,97.358,310.935,119.106
170.478,99.306,312.267,117.766
167.659,101.796,312.566,115.809
168.721,100.973,313.464,115.305
166.030,102.754,316.518,114.181
167.707,103.319,314.954,113.058
170.288,105.734,313.552,112.959
168.076,101.942,312.367,114.792
168.513,103.987,311.958,115.520
171.992,102.055,309.179,116.040
168.692,105.878,309.767,114.513
172.374,107.084,308.574,111.783
164.538,105.962,309.305,112.182
168.908,106.540,302.238,112.057
173.981,106.690,297.139,111.683
168.352,104.670,298.531,112.867
164.751,108.162,298.686,111.695
164.106,106.445,292.933,111.751
159.388,110.361,294.009,109.308
160.768,110.364,290.148,109.028
158.936,111.652,288.814,107.788
159.021,109.127,286.725,108.632
156.378,112.261,283.283,107.796
155.288,113.613,281.714,106.402
155.624,112.322,279.321,107.043
151.644,114.078,281.068,105.928
152.140,115.790,279.114,104.631
148.819,116.253,275.162,103.814
153.040,118.920,268.339,102.731
154.827,118.928,261.515,102.227
155.733,120.183,261.530,101.170
152.229,121.215,252.914,100.807
157.436,123.334,251.608,98.086
157.369,123.708,247.932,97.408
157.509,124.616,244.520,96.768
159.574,124.876,239.234,95.650
161.903,127.266,238.327,93.722
164.310,129.901,238.438,91.992
164.467,130.525,234.501,90.256
166.482,130.736,236.654,89.902
165.771,132.369,233.580,88.700
170.467,134.111,227.120,87.468
172.842,135.409,222.167,86.394
177.212,136.630,217.913,85.582
176.890,137.735,217.640,84.933
180.009,136.600,214.602,85.495
182.607,136.551,213.249,85.221
186.011,136.385,209.625,85.222
186.233,136.320,204.849,84.954
187.466,137.191,204.292,84.873
189.684,135.793,202.644,85.855
192.226,134.339,200.925,87.051
195.463,131.267,200.129,89.236
195.729,131.790,197.037,89.255
196.262,133.039,196.987,88.646
196.989,131.677,194.432,89.546
198.354,131.943,193.858,88.948
200.181,132.509,189.884,88.143
201.388,135.083,186.595,85.725
201.583,135.934,184.765,84.850
203.646,137.319,182.067,83.216
204.292,137.485,178.674,82.673
206.006,139.185,174.946,81.106
207.544,138.337,172.269,81.046
207.868,139.876,170.553,79.969
209.139,140.262,169.497,79.200
209.401,141.185,167.867,78.458
210.365,142.852,166.768,76.563
211.066,143.655,163.242,75.329
210.451,144.941,162.161,74.617
211.273,145.098,158.835,74.163
215.823,144.562,154.850,74.325
215.545,145.327,152.858,73.322
216.694,146.142,151.660,72.640
215.711,146.756,151.162,72.312
216.871,147.483,149.864,71.699
217.846,148.275,147.610,70.459
218.063,149.648,145.004,69.081
219.467,150.601,143.973,68.659
220.290,151.388,143.269,68.227
222.192,151.108,140.952,67.921
221.706,151.683,138.964,67.080
221.889,151.909,137.327,67.193
221.093,151.616,135.216,66.831
222.036,151.600,134.997,66.964
220.853,152.103,134.054,67.083
223.411,153.043,131.280,66.759
222.970,154.295,129.148,65.626
225.565,155.166,126.270,64.947
225.785,155.499,125.018,64.417
227.607,156.523,123.700,63.535
228.459,157.795,121.454,62.420
227.769,159.056,119.243,61.257
228.039,160.607,117.490,60.210
228.695,160.889,117.431,59.945
227.677,160.680,116.219,59.822
227.368,160.305,114.747,59.814
227.961,160.664,113.987,59.189
227.572,161.457,112.172,58.909
227.688,161.387,111.570,58.821
227.360,162.235,110.123,58.025
227.136,162.648,108.096,57.289
226.181,163.369,106.234,56.922
225.762,164.280,104.100,56.639
226.103,164.917,103.948,56.021
224.440,165.242,102.313,56.061
222.815,166.035,101.305,55.125
222.739,166.057,100.523,54.664
220.720,167.072,99.241,54.309
221.229,167.855,99.243,53.567
220.279,167.438,97.853,53.841
220.103,168.307,97.369,53.790
218.873,169.262,96.971,52.595
217.752,169.445,95.607,52.090
217.249,170.227,94.385,52.101
216.801,170.664,92.895,51.623
214.896,171.746,91.409,51.043
212.669,171.883,90.183,50.425
211.252,171.519,89.490,50.120
211.578,171.509,88.997,50.004
209.375,171.696,88.824,49.628
208.428,170.903,89.475,49.431
206.195,171.997,88.997,48.902
205.150,173.061,89.275,48.055
204.247,172.825,89.607,48.024
203.476,172.590,86.973,48.046
202.989,173.559,86.794,47.802
204.102,175.034,86.380,47.391
202.403,175.643,88.022,46.092
202.731,175.948,89.292,45.549
199.394,174.634,84.368,46.013
199.220,173.858,81.027,46.999
198.880,175.065,78.679,46.887
198.081,175.501,77.345,46.126
198.577,175.973,76.429,45.512
197.160,175.112,76.184,45.481
194.326,176.824,76.125,44.648
193.880,176.434,75.797,44.222
193.344,176.125,74.772,43.841
194.427,176.450,73.694,43.618
