436.000,286.000,430.000,256.000
430.165,288.585,438.995,252.880
428.080,284.256,443.905,255.769
425.458,284.754,444.627,254.295
424.906,290.524,442.636,253.472
429.697,291.279,445.427,248.185
432.999,289.917,444.544,251.219
438.459,291.155,444.121,246.418
435.389,290.296,440.291,244.813
436.595,288.390,437.531,245.257
435.120,284.822,439.779,247.092
434.017,286.925,435.592,244.511
442.092,286.745,440.542,241.634
445.286,284.433,438.198,240.086
445.859,285.862,437.422,237.501
448.897,287.826,437.138,237.575
454.837,284.639,436.209,239.088
456.757,288.758,436.820,238.347
458.686,286.287,435.590,239.156
462.681,288.041,435.155,239.228
466.239,289.860,431.726,236.319
473.966,289.853,432.776,237.411
475.466,291.922,433.399,237.583
480.011,284.999,430.513,238.919
485.444,291.833,430.469,236.973
486.147,293.538,429.618,235.774
483.557,292.952,426.620,236.288
492.456,290.746,428.517,236.113
489.815,291.547,427.069,237.266
488.942,295.489,426.027,233.186
489.390,292.639,423.804,235.355
487.876,290.928,423.104,236.037
487.884,292.700,426.824,235.589
492.976,297.945,423.862,232.855
490.337,298.273,425.100,231.666
492.909,298.516,425.384,231.135
487.755,298.819,424.720,231.242
488.589,298.616,427.259,232.884
487.538,297.280,428.312,234.973
487.825,298.853,430.871,236.379
488.310,300.524,429.191,235.973
486.238,304.915,430.133,234.972
481.953,303.529,434.843,236.481
475.863,303.865,436.471,235.383
480.384,305.648,436.008,235.583
476.953,303.653,438.657,238.217
477.965,304.729,438.202,239.609
473.612,302.313,440.367,241.858
471.135,300.743,442.250,241.041
467.265,298.022,442.613,242.278
465.111,296.207,440.783,242.545
461.707,301.961,439.777,239.717
460.791,300.344,443.427,239.522
460.057,301.838,443.184,238.822
460.654,303.450,440.306,235.833
466.173,299.834,437.080,236.214
462.654,303.969,434.295,233.681
462.282,304.273,433.792,233.012
463.339,302.729,432.152,234.916
463.333,305.633,434.466,233.657
465.021,297.344,437.458,238.929
465.039,302.118,438.923,236.511
465.643,302.833,441.477,239.027
463.737,303.276,442.793,238.315
462.107,302.800,444.782,240.566
462.924,304.299,449.561,240.944
463.522,302.208,457.697,244.818
459.557,300.326,458.597,249.246
457.193,301.566,461.610,248.288
456.720,303.392,464.574,247.300
454.710,302.047,468.850,248.302
454.679,302.425,465.700,250.018
454.392,303.188,466.183,252.158
452.425,299.838,473.069,254.062
450.604,297.752,475.292,256.922
449.091,299.992,476.819,255.336
449.658,297.196,478.320,255.741
452.003,303.263,481.620,253.262
449.673,305.630,479.707,254.365
448.539,305.660,482.416,250.232
446.145,306.288,484.472,251.335
444.182,309.028,486.971,248.617
444.250,309.280,489.105,246.546
449.585,307.712,485.605,247.407
448.899,305.849,487.468,248.969
446.744,305.536,486.940,252.129
445.279,306.231,487.779,248.613
442.432,305.327,485.510,249.191
440.878,304.116,483.431,252.337
436.047,304.132,484.388,254.235
438.812,304.279,486.480,252.917
436.083,302.913,483.409,254.008
432.151,302.511,481.608,251.574
428.130,302.001,479.959,252.686
429.607,307.742,475.983,249.632
424.994,306.397,479.817,247.841
424.759,307.732,473.606,250.428
418.510,311.431,470.086,248.019
412.049,311.400,471.423,244.455
413.461,302.874,467.690,247.099
413.553,309.678,464.675,242.609
410.316,308.187,463.614,242.952
404.191,311.879,463.368,243.283
397.543,313.827,459.579,241.374
397.424,316.801,458.105,237.045
392.104,317.566,457.316,237.404
385.665,317.687,455.001,239.628
381.851,319.226,457.383,237.067
377.097,319.410,455.798,238.219
376.260,320.874,456.480,237.970
370.598,319.475,453.990,239.265
368.199,317.244,455.467,240.493
366.117,320.104,454.086,238.784
366.996,322.416,453.633,236.734
366.933,320.182,454.212,236.742
364.319,319.692,453.304,238.584
358.093,318.701,448.499,241.572
360.321,316.563,440.554,240.593
354.955,321.809,438.397,238.319
355.986,319.729,435.409,237.171
352.486,318.486,429.491,241.481
354.460,325.458,416.206,238.383
358.391,320.801,412.267,238.988
353.839,323.598,404.553,239.336
344.276,324.130,405.192,236.408
352.223,326.002,401.806,237.106
337.636,324.703,403.492,237.130
350.091,318.939,396.561,236.873
336.918,322.327,398.531,236.288
340.095,321.422,402.906,236.029
338.467,315.321,396.088,244.329
335.740,323.062,388.741,239.676
337.683,317.699,384.781,243.416
338.758,318.703,380.116,237.346
335.835,321.516,381.235,236.782
339.020,320.806,376.668,233.518
332.892,316.477,373.754,231.938
334.750,318.311,367.687,236.303
340.798,309.716,363.025,236.288
335.638,313.767,363.835,233.252
339.665,313.950,354.853,233.143
345.324,303.918,345.197,238.601
345.826,304.199,339.631,242.147
348.365,305.172,336.997,235.189
348.218,309.902,335.665,233.259
341.895,317.122,336.202,225.514
340.684,311.079,332.431,227.073
341.545,307.400,325.285,232.991
348.872,314.823,319.609,228.822
337.269,315.600,320.005,225.785
330.680,315.930,322.265,223.254
325.782,315.018,318.784,222.902
320.796,323.006,319.052,217.280
318.037,322.138,318.573,213.414
320.884,323.994,311.323,211.218
325.561,324.467,302.640,210.312
327.233,330.843,297.825,207.318
320.581,326.032,298.229,201.881
324.230,325.404,289.153,203.871
325.045,322.783,285.346,203.842
323.036,317.323,284.059,206.006
324.300,317.792,275.423,208.343
322.446,317.788,268.143,209.372
325.431,315.484,265.396,209.521
325.713,314.918,260.518,210.287
324.575,317.149,255.716,208.732
325.142,316.670,255.725,206.839
323.940,319.936,254.359,204.724
331.205,324.860,248.392,199.018
333.226,324.129,247.084,198.770
338.238,329.332,244.642,194.151
332.430,329.638,246.332,191.008
328.418,335.242,245.544,184.471
327.531,331.368,242.312,183.160
330.263,328.099,238.052,185.716
321.998,329.883,242.433,184.817
318.683,328.586,242.718,183.917
307.905,330.830,248.577,181.350
307.588,331.102,248.192,180.475
302.343,332.647,252.767,177.974
298.697,330.543,255.709,177.531
296.936,329.387,257.250,177.308
303.969,323.020,250.305,183.250
298.231,319.675,250.916,185.801
300.146,314.147,254.029,188.953
309.058,311.700,248.213,193.414
305.813,310.803,258.866,193.110
300.517,313.729,252.994,192.248
305.064,314.653,254.014,190.719
303.831,312.937,250.551,191.579
302.242,316.309,248.718,190.748
299.027,313.688,250.960,191.044
299.968,309.585,252.462,194.465
308.223,312.564,249.988,194.895
311.260,310.068,249.201,193.061
313.285,308.945,250.118,196.568
322.341,312.072,249.003,195.297
327.907,311.526,258.039,194.234
336.611,312.387,268.706,195.740
319.381,308.418,278.761,198.662
327.236,309.762,293.804,196.521
317.299,310.867,288.489,197.981
317.899,314.263,286.341,196.002
326.101,315.700,283.039,194.316
333.035,312.030,285.603,196.762
335.027,313.852,284.708,196.742
345.170,313.370,283.275,199.355
352.463,314.125,287.096,200.558
349.112,320.268,295.446,198.064
351.940,315.880,301.023,201.439
352.402,311.821,300.848,205.459
344.917,316.980,307.973,203.146
343.698,320.841,317.755,202.969
348.183,319.064,321.875,205.431
346.669,317.967,324.913,208.160
350.506,317.704,327.351,209.201
349.590,320.238,330.266,210.138
353.076,319.952,334.153,211.912
356.624,321.724,332.453,210.079
351.987,320.420,331.701,212.849
361.454,314.701,330.373,216.243
359.768,320.160,331.860,216.957
361.572,321.342,337.834,215.973
364.681,314.875,338.612,219.029
365.274,318.981,348.933,220.566
371.373,306.828,348.846,227.688
360.441,301.811,351.157,236.563
357.001,316.840,363.166,229.208
368.611,320.544,365.011,225.302
377.721,317.143,360.187,229.362
373.189,315.622,361.551,232.671
395.274,303.392,352.027,246.886
375.184,299.124,357.062,253.865
390.047,286.427,356.491,263.145
356.794,301.547,378.654,256.817
359.307,299.162,379.322,260.118
350.089,285.556,374.577,272.798
354.140,292.001,373.132,274.434
374.781,287.355,375.864,275.580
353.346,293.449,386.563,271.455
363.713,296.389,390.137,265.701
351.035,296.074,383.690,273.878
368.073,300.457,380.202,266.305
381.940,299.754,391.574,262.130
383.195,296.065,397.380,262.851
425.084,292.381,386.564,267.177
376.463,298.437,390.849,266.227
376.141,298.639,377.920,257.516
394.708,306.099,382.839,251.038
383.289,310.584,390.916,246.534
381.449,296.695,369.195,253.754
387.579,310.406,384.310,249.339
402.428,306.634,401.533,248.243
405.463,309.597,415.027,244.704
400.509,305.208,421.823,252.988
403.810,299.331,425.871,253.163
405.676,290.494,431.452,266.279
406.837,300.501,437.353,258.476
412.037,296.436,434.200,256.679
416.003,300.084,436.916,257.506
421.579,294.440,427.929,258.357
427.927,303.347,424.584,257.361
436.633,295.618,418.979,259.899
438.949,295.062,418.463,259.918
444.096,286.919,409.634,268.449
465.109,295.665,416.462,261.672
453.844,288.970,416.217,266.126
472.771,284.743,423.456,269.526
461.653,289.024,403.209,270.792
480.268,290.661,422.005,266.385
487.495,292.507,444.133,261.946
480.705,289.442,456.933,264.424
495.494,291.612,451.060,265.498
504.070,293.028,452.697,262.503
504.024,296.461,448.919,259.584
506.641,294.848,434.919,258.018
521.543,300.563,438.329,258.131
517.226,295.338,437.340,257.871
525.974,295.337,436.085,255.035
527.179,295.897,439.183,255.413
531.806,292.723,432.333,255.164
524.392,292.167,428.700,255.810
537.573,286.921,436.227,255.601
541.996,287.212,426.385,254.222
542.719,287.627,429.653,251.757
542.608,291.379,421.369,249.296
550.130,290.963,420.083,249.437
542.518,298.713,421.888,242.466
547.221,296.868,418.069,240.861
542.051,296.676,418.743,240.548
544.966,296.906,416.290,238.596
546.318,298.359,412.490,237.093
542.770,298.938,413.109,236.586
540.930,304.305,415.968,230.329
538.843,303.301,417.305,230.157
544.078,308.181,411.471,225.257
545.864,306.519,409.391,227.605
539.290,305.277,403.684,227.801
542.639,310.021,409.856,222.768
543.681,313.060,404.249,222.381
545.892,317.007,401.414,216.694
539.728,318.558,401.952,212.841
538.755,318.528,402.810,212.282
532.345,316.089,401.790,212.608
530.590,317.902,405.395,211.802
539.463,319.596,397.849,210.096
534.431,319.548,397.284,212.208
529.322,324.654,399.552,207.899
534.992,326.939,400.701,207.092
529.501,322.793,407.662,208.682
526.740,324.393,410.278,206.653
532.739,317.002,409.543,209.668
541.920,319.966,401.386,207.473
547.118,323.316,399.766,205.129
549.011,314.991,395.177,210.516
553.601,319.290,390.244,206.336
556.033,321.891,394.389,200.575
561.504,318.300,395.783,200.317
565.588,316.032,386.927,201.257
563.906,303.444,382.581,209.372
567.636,304.275,372.293,209.840
573.442,310.208,379.658,204.874
574.447,306.413,377.258,205.514
586.173,312.398,378.149,198.909
588.045,310.735,378.628,197.036
590.282,306.850,374.361,198.683
589.238,306.421,372.148,198.262
595.809,317.081,373.727,189.428
594.546,303.658,366.888,197.395
603.972,303.349,365.167,198.667
603.301,302.923,363.175,198.696
609.012,305.376,361.277,195.890
604.513,301.627,357.594,197.906
613.784,295.919,358.434,202.327
607.869,295.498,363.338,201.233
615.344,299.771,355.169,198.090
612.422,296.371,356.484,200.241
616.949,301.549,351.986,198.270
625.623,300.325,342.862,198.793
622.313,287.728,346.816,207.479
623.581,296.449,344.202,203.768
621.886,300.474,347.499,199.346
619.822,303.172,343.808,198.136
622.110,308.487,350.680,194.262
620.704,305.562,357.980,194.127
616.661,297.750,354.965,201.201
616.099,300.213,358.195,200.178
619.377,298.655,351.839,201.283
621.906,297.671,360.048,199.982
618.788,295.787,360.697,202.735
