630.000,301.000,211.000,157.000
632.827,307.217,204.061,155.544
622.425,315.959,205.379,145.871
616.273,313.922,205.291,148.024
616.233,304.850,212.340,154.890
616.050,297.257,220.610,161.748
615.510,300.575,221.428,159.990
620.398,320.829,231.486,146.562
620.431,323.432,241.526,139.338
618.887,323.862,241.846,144.438
623.119,332.335,235.264,161.948
617.296,332.065,239.535,161.108
608.648,336.398,244.052,156.392
603.887,339.650,247.472,151.649
598.741,339.595,250.225,148.628
588.120,344.483,253.620,144.923
585.286,350.075,255.898,137.719
577.637,354.329,259.884,131.239
569.031,359.066,266.778,126.198
565.391,361.799,267.193,124.412
567.266,360.372,261.979,125.426
564.903,356.481,258.419,126.552
559.706,357.448,248.289,131.528
557.990,365.104,229.138,146.634
541.496,321.907,198.463,173.872
552.858,354.877,215.185,155.054
564.325,305.061,183.109,189.908
527.783,351.657,194.319,172.571
524.842,350.350,201.108,173.382
519.527,349.762,206.452,179.498
511.372,354.043,206.621,183.084
521.769,337.679,206.380,192.602
536.429,232.860,230.998,192.685
544.935,224.775,231.638,173.522
528.408,232.983,221.821,165.816
514.310,235.391,210.501,169.194
503.422,231.349,201.418,168.375
491.414,229.165,192.666,170.861
479.225,222.242,185.158,175.189
467.890,220.882,182.215,181.208
457.740,214.391,182.805,179.616
453.452,220.055,180.350,181.306
447.441,222.633,183.803,183.159
442.799,221.444,175.217,183.979
418.202,206.200,172.718,172.135
413.551,205.757,164.233,164.571
417.181,203.155,150.061,160.060
412.847,205.035,139.787,153.121
406.162,203.623,133.139,151.852
398.484,200.187,130.237,153.464
391.816,193.978,127.069,157.221
386.341,188.949,125.493,160.561
382.878,185.531,125.251,164.187
378.347,182.593,123.440,165.389
375.039,183.464,119.533,161.681
373.889,187.937,115.665,155.330
371.263,192.653,112.363,146.334
368.985,194.493,108.672,140.736
365.378,194.643,104.636,136.905
360.285,193.464,101.572,130.600
357.614,193.188,98.051,125.679
356.753,197.004,95.800,124.731
356.891,199.610,93.486,124.685
356.819,200.707,92.794,123.258
357.260,202.430,93.340,122.481
357.142,204.664,92.508,122.930
357.180,207.235,91.669,122.578
357.422,207.690,92.324,121.932
357.781,206.259,92.009,121.851
359.132,204.434,91.869,122.875
358.831,202.749,91.685,124.920
360.195,199.177,91.014,123.451
363.495,198.090,89.216,120.704
367.304,198.312,86.260,117.840
372.393,199.952,83.247,116.577
375.081,201.659,81.025,115.796
377.636,203.951,80.570,113.988
379.509,204.827,79.180,113.071
381.535,205.568,77.942,112.150
383.002,205.024,76.194,112.373
385.647,204.733,75.252,112.088
386.683,203.153,73.882,113.550
390.066,201.290,70.884,115.735
393.924,197.990,69.028,117.990
397.725,195.991,66.204,121.230
400.872,193.805,64.239,123.558
403.412,191.007,62.605,125.673
404.642,190.006,61.483,126.256
406.271,189.271,60.255,127.555
408.851,188.069,58.717,127.774
409.062,186.628,58.469,125.312
410.055,186.548,58.141,124.344
411.239,186.443,56.952,123.990
412.557,187.789,55.770,123.374
413.006,188.111,55.317,121.122
413.068,188.802,54.737,118.549
413.406,188.456,54.094,116.974
414.106,188.712,53.194,115.919
415.460,187.124,52.325,115.253
415.805,186.204,52.080,114.741
415.508,184.690,51.549,114.898
417.080,184.012,50.568,115.577
418.635,182.546,49.567,116.121
419.277,181.503,48.823,116.552
419.873,179.956,48.441,117.013
420.696,179.748,48.190,116.786
421.059,178.188,47.680,117.153
421.513,178.104,47.499,117.283
422.342,176.906,47.303,117.355
422.303,175.227,47.745,117.409
422.445,174.788,48.437,117.294
422.699,173.853,49.295,117.117
422.767,173.563,49.345,116.836
423.463,172.769,49.363,116.689
422.930,171.830,49.041,116.276
424.108,172.139,48.750,115.881
423.792,171.985,48.662,115.450
424.204,172.317,48.416,114.725
424.831,171.999,48.233,114.534
424.179,172.088,48.528,114.037
424.491,172.327,48.331,113.629
424.144,173.456,48.392,113.001
425.500,172.728,47.946,113.045
425.726,173.011,47.886,112.788
425.418,173.026,48.613,112.592
424.467,173.629,49.061,112.391
425.985,173.656,48.718,112.875
424.961,173.115,49.104,112.852
424.449,172.722,49.229,113.071
424.864,172.979,49.330,112.692
423.456,173.545,49.676,112.470
423.676,172.305,49.172,113.065
422.614,172.307,49.346,112.887
421.665,170.878,49.568,113.107
420.210,170.762,50.055,112.972
419.823,170.855,50.075,113.028
418.343,170.718,50.542,113.155
417.593,169.693,50.905,113.444
417.078,168.416,51.195,113.726
416.573,168.774,51.967,113.672
416.395,168.238,52.499,113.616
416.879,168.501,53.051,113.215
416.572,168.710,53.359,113.154
417.065,169.011,53.665,112.914
416.889,169.428,53.668,112.699
416.791,168.695,53.513,112.253
417.521,168.658,53.542,111.903
417.645,167.825,53.425,111.659
417.217,167.777,53.572,111.880
417.613,166.899,53.458,111.701
417.494,166.730,53.780,111.980
417.714,166.500,54.053,111.675
418.188,166.006,54.149,111.530
418.447,165.890,53.874,111.463
420.036,165.070,53.661,111.395
421.085,165.186,53.215,111.900
421.588,164.427,52.576,111.676
423.664,165.003,51.548,111.450
425.217,164.837,51.180,111.415
425.590,164.055,50.744,111.226
426.449,163.212,50.175,111.691
427.215,162.315,50.022,111.456
429.656,161.041,48.389,111.660
430.428,160.915,47.674,111.869
431.055,160.938,47.044,111.882
431.524,160.222,46.847,111.764
432.360,158.809,46.724,112.008
432.129,159.066,46.716,111.635
432.679,157.563,46.310,112.126
431.749,157.209,46.524,111.362
431.550,157.657,46.467,111.073
432.436,156.223,46.376,111.289
432.143,156.401,46.626,111.161
432.113,156.042,46.870,111.012
431.690,155.389,47.167,110.979
432.268,154.586,46.916,111.170
431.918,154.721,46.928,110.713
432.346,154.081,46.877,110.946
432.605,154.616,47.133,110.727
432.286,155.195,47.066,110.655
433.158,154.704,46.630,110.629
433.799,154.658,46.734,110.694
432.954,154.143,47.245,110.233
433.711,154.835,47.779,109.736
433.753,154.697,47.824,110.098
434.104,155.403,48.013,109.326
434.017,156.764,48.197,108.564
434.459,157.757,47.954,108.096
434.368,157.714,47.730,107.554
434.004,158.520,48.088,106.684
433.460,158.967,48.802,106.057
431.279,160.356,50.098,105.856
427.451,160.203,52.283,106.348
423.872,160.454,56.172,107.454
420.079,159.652,60.207,109.366
415.844,160.202,64.931,111.320
411.744,160.316,69.422,113.091
408.114,160.441,72.997,114.083
405.390,161.036,76.075,115.535
404.772,158.915,77.626,116.252
402.482,158.681,79.585,117.352
401.790,157.453,80.549,118.886
401.621,157.398,80.991,119.176
400.444,158.583,81.727,119.444
400.122,157.209,83.642,118.831
398.796,157.060,85.004,119.402
397.099,157.290,88.245,119.891
395.179,158.483,90.543,121.266
392.179,158.213,91.767,123.083
391.134,159.972,94.594,123.780
390.038,159.572,96.560,123.214
389.593,160.184,98.894,122.616
389.001,160.631,99.008,123.617
389.352,160.828,99.752,122.943
390.657,161.284,99.435,123.025
390.922,161.679,100.586,122.779
390.169,160.943,101.684,122.770
390.538,161.153,101.961,123.251
390.494,160.611,102.359,124.095
390.511,159.078,102.497,126.615
390.243,156.912,102.529,129.490
390.258,153.337,101.832,132.763
392.149,151.412,100.091,136.332
393.413,148.513,98.623,138.909
394.595,147.275,97.175,140.247
397.147,150.498,97.057,140.699
398.296,152.196,98.366,140.297
400.273,158.222,101.106,141.508
400.644,162.655,107.809,137.471
401.984,166.168,113.387,134.538
403.520,169.875,120.355,129.965
404.045,170.346,126.563,128.083
404.747,170.943,131.435,127.625
405.510,170.258,136.476,129.687
407.769,169.191,141.953,129.616
409.217,170.809,145.596,129.490
411.790,171.787,151.592,128.531
415.024,172.240,157.523,126.840
416.815,172.621,162.100,126.159
421.049,171.289,164.733,126.526
425.371,170.845,164.575,128.139
428.314,169.853,163.403,131.384
430.257,169.264,164.289,133.356
430.481,169.945,166.456,135.574
428.676,171.022,169.576,136.305
426.264,173.377,170.454,135.244
421.999,175.183,169.940,134.120
418.207,175.744,169.651,133.431
414.427,177.377,170.667,133.523
411.207,177.182,170.181,133.246
406.477,177.553,170.856,133.109
402.889,178.593,168.446,134.142
398.949,178.093,166.694,134.239
394.197,180.488,164.632,135.976
387.687,181.143,162.090,135.998
381.721,180.927,160.508,135.844
374.905,181.638,159.236,136.104
367.162,182.259,157.331,137.216
361.260,181.887,154.820,138.937
355.228,179.619,152.618,140.317
349.127,179.420,149.382,142.039
343.186,179.293,146.652,142.715
337.949,177.256,145.691,144.098
333.648,176.331,144.784,143.964
329.310,174.990,143.707,145.048
324.519,172.918,143.426,146.581
320.764,173.811,143.261,145.616
318.117,172.680,142.636,146.142
315.514,171.314,142.473,147.562
315.264,167.473,142.397,148.746
316.472,164.893,141.228,150.537
315.465,162.106,141.105,153.299
314.774,157.934,142.323,156.578
316.259,154.216,139.912,158.726
313.838,148.720,136.656,161.073
312.395,145.794,126.922,168.264
312.921,138.454,119.981,175.103
314.039,131.193,113.052,182.976
316.997,125.416,105.981,190.662
320.449,120.507,102.395,195.863
320.769,115.113,101.754,199.100
319.707,112.532,102.600,200.818
315.403,111.329,104.923,197.003
309.528,111.514,106.983,194.884
303.042,111.431,112.116,192.904
299.435,109.464,118.457,190.445
292.359,108.718,124.674,189.390
270.989,108.565,138.601,186.024
262.159,114.351,145.347,181.868
262.485,121.023,146.337,177.535
257.493,127.826,149.877,171.908
245.510,136.244,162.401,162.200
233.589,146.283,175.923,149.237
219.407,155.803,190.449,140.005
187.456,163.512,187.682,131.876
172.844,167.439,178.469,130.165
164.449,168.931,183.139,122.957
150.379,172.213,179.367,120.166
133.832,178.525,163.042,114.801
124.944,181.141,151.593,110.267
119.454,184.289,150.802,112.375
116.965,184.612,151.032,119.764
119.892,180.640,146.024,123.607
123.669,181.448,142.768,124.760
133.001,180.340,136.447,127.429
140.004,178.254,128.765,128.048
150.332,179.838,120.482,127.565
155.973,180.655,114.532,127.276
157.980,181.180,111.371,124.779
157.182,179.100,109.479,123.452
159.730,178.417,108.436,123.117
162.719,180.094,106.206,124.072
162.446,177.134,104.415,126.444
163.786,181.065,103.579,127.477
160.709,180.715,109.522,129.388
155.742,180.703,112.793,130.937
150.976,180.218,126.446,131.240
148.328,176.558,140.752,130.059
234.986,154.183,161.893,137.364
249.823,138.986,154.969,145.743
248.843,136.622,153.039,148.103
248.231,136.641,153.972,146.979
244.124,134.211,157.310,146.221
237.597,132.244,155.202,151.937
240.539,133.656,149.541,155.708
236.756,126.252,149.088,157.902
237.622,132.020,144.845,161.081
233.095,128.826,141.131,164.494
227.182,132.900,142.381,161.310
220.708,138.924,144.129,154.118
211.118,147.759,147.730,147.691
205.589,157.644,149.421,141.036
202.866,164.765,152.216,129.939
200.570,173.650,153.757,123.445
197.631,180.432,155.153,117.025
202.716,187.811,149.229,116.171
210.550,187.540,138.027,113.507
213.201,187.934,125.914,115.357
210.124,188.558,118.719,121.389
208.716,181.937,118.918,114.983
200.610,180.527,115.694,108.513
202.025,181.584,113.616,100.318
189.482,180.671,115.810,91.634
179.662,187.448,116.077,88.262
194.495,191.868,107.006,93.892
193.191,200.942,98.251,100.761
187.837,217.326,86.118,124.851
193.665,210.695,83.666,144.051
195.012,206.957,86.939,156.133
192.088,206.413,91.821,165.815
189.998,205.713,96.158,170.571
186.191,205.446,100.081,173.685
182.873,203.894,103.764,175.325
180.775,203.404,105.793,175.951
178.802,203.601,107.111,176.180
177.688,204.454,108.704,176.666
178.559,206.401,110.283,176.464
179.561,206.628,112.650,175.854
179.793,204.541,117.733,172.083
178.736,205.086,122.060,170.175
180.291,206.341,127.468,169.237
182.011,206.162,132.559,169.633
183.759,204.927,138.456,169.378
186.464,205.753,144.205,169.271
187.059,206.146,145.930,170.567
193.028,206.759,152.287,169.922
196.550,207.161,155.236,170.745
199.262,209.838,157.137,170.204
202.335,210.650,160.636,171.799
204.395,211.959,162.394,172.149
205.959,213.128,162.876,172.035
208.153,215.040,164.098,171.176
212.747,215.263,164.224,170.104
217.849,217.201,161.042,169.826
225.940,217.671,157.605,168.856
236.762,217.645,152.365,169.366
246.028,218.475,148.257,168.407
251.198,220.821,146.438,166.431
256.030,222.522,146.947,164.251
259.719,225.733,148.157,162.811
264.303,225.597,151.648,162.399
267.644,227.492,152.700,161.437
270.499,228.190,155.070,160.212
273.902,229.720,159.480,159.313
276.257,232.293,161.102,160.284
280.366,232.649,163.858,163.882
285.252,234.713,167.092,166.633
287.182,235.971,167.773,171.356
289.481,236.874,168.029,173.808
292.517,238.492,169.286,174.636
296.201,237.777,169.550,176.230
299.243,239.445,170.081,175.540
301.360,239.690,171.652,175.884
302.996,239.852,170.088,176.898
305.679,240.039,169.184,177.185
307.491,239.706,166.638,178.926
309.964,238.690,163.818,180.681
312.042,237.713,164.093,181.621
313.735,238.465,167.695,181.809
315.443,238.611,167.154,182.646
316.573,238.517,167.796,182.875
316.408,239.595,168.693,181.602
316.990,241.597,170.553,179.716
318.906,242.522,173.001,178.923
322.152,242.584,180.147,178.503
321.662,242.449,185.276,178.194
321.692,242.135,193.875,177.539
324.639,242.723,204.463,176.935
320.540,241.476,203.715,178.197
324.293,241.010,206.956,178.604
330.125,240.882,215.934,178.635
337.804,239.480,222.874,178.733
341.597,238.082,224.074,179.361
348.754,236.753,220.452,181.430
359.409,235.152,222.116,183.460
366.097,231.728,222.587,182.909
372.461,233.469,219.377,183.783
376.810,231.585,221.169,185.605
376.474,230.006,221.887,185.197
387.483,236.522,221.997,185.729
384.804,235.783,217.582,185.668
386.490,236.073,214.396,185.082
384.999,237.157,212.380,184.739
421.972,252.764,201.512,182.571
458.761,269.250,199.822,201.554
462.233,263.642,196.810,220.497
452.842,250.760,196.097,232.517
429.837,237.704,207.869,231.066
420.592,241.409,216.694,231.733
429.912,250.333,216.093,247.173
415.096,248.020,224.862,257.111
393.473,237.815,236.608,258.254
381.074,242.218,246.066,266.626
376.434,240.142,248.071,266.298
379.388,244.828,251.002,265.043
381.170,245.190,247.694,263.377
383.108,247.573,241.567,261.482
387.595,242.969,242.254,261.005
386.737,238.368,237.467,269.807
389.027,223.735,228.113,279.571
396.607,213.293,216.100,293.820
399.959,202.525,210.790,302.382
406.805,199.330,204.562,313.553
409.234,189.877,197.724,327.933
414.585,176.837,195.800,341.382
409.167,216.274,208.338,316.833
402.325,231.141,210.947,305.791
394.912,232.620,211.572,302.968
400.030,235.445,208.848,298.357
399.507,234.460,208.256,298.561
399.378,236.813,215.033,297.819
388.823,234.162,203.825,303.683
390.148,226.766,198.533,306.696
390.961,224.493,198.147,306.799
383.980,219.259,203.001,312.665
380.154,215.638,207.369,313.796
376.718,222.220,213.194,313.060
357.266,206.332,211.858,322.170
358.876,199.286,204.788,324.720
349.833,213.060,189.472,324.933
354.074,207.736,190.686,323.533
343.390,202.313,183.496,322.249
340.229,205.115,176.227,331.941
345.953,193.764,194.951,330.841
330.605,209.728,189.837,339.493
329.779,213.495,173.074,352.328
327.972,212.206,167.515,357.011
323.293,213.136,161.570,361.442
325.388,212.892,162.894,358.936
320.606,217.298,164.591,355.534
319.960,218.142,168.537,351.500
313.877,221.299,170.390,348.474
313.334,220.808,176.198,337.883
313.291,222.149,182.876,327.192
308.553,227.204,186.345,327.305
308.627,227.427,193.423,319.342
305.122,233.342,198.477,313.943
304.007,236.314,199.143,312.905
301.794,226.832,206.438,301.131
301.446,237.148,205.109,302.175
