582.000,403.000,184.000,228.000
584.944,408.742,184.827,224.199
585.234,414.148,187.762,225.076
583.531,416.186,191.026,223.251
586.149,415.400,196.612,220.569
583.915,416.131,199.979,217.774
583.228,415.177,209.985,214.085
582.571,415.643,213.938,210.182
582.929,418.121,221.078,213.345
581.768,416.291,227.588,214.249
580.970,414.338,230.797,214.737
583.333,413.577,233.176,219.687
584.246,411.853,234.392,220.440
587.915,410.115,232.809,217.665
588.023,409.441,232.042,221.038
592.704,412.669,231.654,223.427
592.977,411.329,231.347,221.953
599.991,415.684,233.394,220.343
599.552,418.310,234.649,214.577
605.566,420.501,235.912,210.695
604.655,423.250,235.695,207.785
604.043,422.873,241.550,207.439
604.722,423.934,245.284,204.610
604.850,423.977,248.306,206.467
605.008,425.080,252.591,207.571
606.220,423.371,254.846,210.016
606.075,422.642,255.176,214.951
605.612,419.847,255.469,214.372
607.036,419.401,253.371,220.892
609.330,418.530,253.209,228.640
608.349,414.011,253.573,226.717
610.683,412.411,254.185,228.739
609.148,412.155,256.337,221.582
611.563,416.305,255.552,223.713
611.902,416.941,256.968,217.615
612.892,418.660,255.764,218.587
615.933,423.168,258.811,213.244
614.603,425.549,263.509,207.126
616.358,427.648,263.538,205.588
615.793,431.300,265.624,204.147
614.991,432.126,267.645,204.812
613.746,431.984,267.736,206.461
610.400,432.107,268.740,211.304
607.126,430.407,271.127,212.640
608.883,426.191,265.484,212.835
607.469,424.892,262.719,216.468
607.196,421.952,260.734,218.884
608.252,420.194,258.514,219.737
607.684,417.060,257.047,220.519
608.203,416.116,257.272,220.416
609.979,415.622,256.977,219.706
608.971,416.505,256.699,216.742
612.583,417.953,252.315,217.097
611.442,418.464,254.448,216.809
612.745,421.651,254.023,215.527
614.311,424.613,254.971,212.925
613.248,425.081,258.094,208.930
613.151,426.112,260.346,207.757
611.721,425.495,263.692,207.772
607.523,426.421,270.080,209.539
605.395,424.515,274.299,210.666
602.154,421.727,277.777,212.063
599.958,418.893,280.686,213.679
597.753,415.859,281.529,217.860
598.744,415.367,278.585,220.149
595.998,412.625,280.476,221.733
597.589,411.407,278.427,225.926
599.503,410.591,277.978,230.332
601.033,409.551,277.770,229.993
603.237,409.397,277.362,229.058
605.893,408.780,272.097,228.913
607.498,410.065,270.418,227.729
609.157,413.517,267.973,224.251
609.884,416.559,265.775,221.768
611.446,418.959,265.183,219.485
611.744,420.847,266.479,218.239
612.578,421.877,268.998,216.476
611.803,423.863,272.617,215.194
609.567,424.178,274.284,214.799
606.734,422.155,277.606,213.797
603.548,420.724,282.307,215.004
604.445,419.742,280.521,216.453
602.094,417.328,278.607,217.936
600.080,416.592,277.022,220.021
596.283,414.926,279.683,219.908
596.178,413.982,279.572,222.238
594.326,411.405,279.171,225.029
594.630,412.663,277.485,224.069
595.372,416.458,275.281,222.214
595.846,416.499,274.176,224.050
596.262,418.171,272.518,221.008
595.711,421.108,273.040,222.202
596.127,423.778,272.681,221.020
595.873,424.763,275.841,219.940
593.429,425.515,279.750,218.536
592.429,425.057,282.946,216.955
591.434,426.472,290.744,216.751
586.355,426.811,297.550,214.653
585.402,423.797,300.794,216.127
584.655,420.438,298.902,218.353
583.662,417.614,295.266,221.046
580.841,414.751,292.734,223.734
583.947,411.007,286.215,228.391
587.513,408.323,280.374,231.360
590.021,408.522,277.614,231.398
588.150,408.986,276.281,229.835
588.810,409.822,276.889,230.634
586.595,411.987,277.811,228.274
587.225,413.911,276.642,228.531
587.555,417.423,277.191,227.767
585.574,419.615,277.727,225.594
583.186,418.313,279.789,223.848
578.587,416.354,283.416,224.751
577.004,413.764,283.939,226.902
572.619,409.040,284.014,230.410
570.143,407.168,284.884,231.892
569.778,402.358,284.676,235.811
567.441,400.696,282.506,237.534
566.601,401.993,286.185,236.897
565.603,401.776,286.141,236.046
563.264,396.134,282.624,238.721
562.368,398.577,281.597,239.661
559.210,397.935,279.149,239.188
555.694,401.546,281.544,238.857
553.113,405.191,285.606,238.635
552.046,403.819,290.485,237.732
549.170,402.256,294.516,237.124
546.257,398.180,296.601,242.465
542.918,393.738,292.056,247.556
543.756,389.150,284.281,254.632
546.756,383.838,275.213,260.745
546.916,377.459,267.743,264.869
546.497,373.408,262.624,269.355
548.664,371.256,259.622,270.276
549.188,370.360,258.105,271.173
548.882,367.948,258.497,270.372
548.687,366.310,256.509,271.040
549.892,367.468,256.383,270.785
548.860,366.271,256.117,271.940
551.087,366.860,257.531,271.199
552.400,368.180,259.225,270.114
553.461,368.805,261.362,269.988
553.429,368.346,261.857,269.568
551.911,370.060,264.759,272.598
552.882,370.697,267.996,272.008
552.563,369.763,266.678,269.608
552.408,368.367,264.613,266.402
552.723,368.797,260.709,265.804
554.081,368.622,258.034,262.368
554.167,368.727,256.830,264.313
555.661,367.108,253.950,266.186
556.622,368.284,251.533,267.977
555.687,370.263,252.131,268.561
552.603,372.002,251.885,263.480
552.031,374.663,251.867,259.135
551.664,383.712,251.394,254.144
552.370,386.403,252.226,249.415
552.029,390.903,254.439,244.617
549.935,396.214,258.146,239.077
547.221,399.247,263.391,233.465
547.389,400.572,267.024,231.506
546.887,401.173,272.338,230.948
548.813,399.128,274.379,233.932
552.274,396.197,271.914,238.815
553.700,391.644,269.357,242.018
557.069,391.115,267.917,242.667
559.608,388.916,263.260,246.249
561.287,387.114,258.910,253.681
562.700,386.856,255.049,255.932
564.588,386.095,250.920,258.439
563.919,387.996,250.888,258.920
563.696,386.758,250.593,258.467
563.961,387.100,250.198,257.874
564.686,386.917,249.596,256.786
563.873,391.244,252.814,254.090
561.156,394.836,253.169,252.244
560.821,397.276,254.831,248.505
556.765,400.062,258.838,248.416
555.339,401.087,261.036,247.276
556.003,402.030,259.140,249.220
555.637,400.520,260.027,250.232
555.601,398.701,262.380,248.326
556.145,398.783,261.823,253.665
556.133,396.942,261.841,250.640
555.495,396.517,261.288,253.681
558.826,396.583,260.626,255.437
556.987,395.375,262.883,251.726
555.031,398.762,266.882,250.812
556.343,398.771,268.639,249.873
554.403,402.135,272.589,245.668
553.779,404.266,277.227,242.702
554.185,405.418,277.976,243.252
551.612,412.346,276.143,241.734
550.674,414.717,272.991,247.383
551.594,412.695,267.310,244.957
552.588,411.771,256.359,253.874
551.259,410.808,251.111,259.159
552.528,408.559,247.416,257.617
556.340,406.080,243.650,257.662
557.395,403.940,241.955,250.384
560.064,403.849,238.446,250.812
561.202,404.675,238.057,255.143
560.390,401.834,234.179,257.268
565.236,403.836,233.368,256.160
566.854,404.281,229.225,255.434
569.240,405.648,228.450,256.033
568.096,411.429,229.381,250.214
567.985,413.301,233.443,244.228
570.952,417.122,238.405,240.361
569.215,419.583,240.306,237.449
571.270,422.438,244.505,233.220
569.847,422.447,246.971,229.635
570.977,423.886,251.618,228.928
569.187,422.562,256.952,221.607
570.632,423.349,257.846,224.287
570.688,419.595,254.015,228.278
573.188,417.875,251.426,232.803
575.810,415.763,248.846,232.960
575.696,416.475,248.256,232.905
577.603,415.148,244.838,236.012
578.810,414.536,245.038,235.489
580.186,413.619,242.721,236.560
580.858,413.612,240.147,236.731
583.891,416.766,237.829,236.072
585.493,415.894,232.604,234.024
585.946,419.658,229.944,233.329
585.748,423.256,228.275,230.698
587.184,425.233,227.982,229.034
585.701,427.748,227.161,227.630
585.603,427.605,228.086,230.155
581.504,427.954,232.834,223.628
582.543,428.889,235.712,225.846
581.594,428.191,238.045,227.247
581.825,426.208,239.413,229.410
580.796,424.704,242.576,231.484
581.118,421.255,245.732,227.292
584.201,422.280,241.011,230.846
583.584,419.272,241.976,231.926
587.490,419.173,242.898,232.902
590.212,417.534,245.528,232.867
593.406,417.479,244.887,234.665
595.924,416.227,243.815,237.367
598.797,416.023,244.149,235.806
598.100,417.751,240.586,233.103
601.447,419.754,240.287,233.842
598.206,422.585,241.239,231.182
599.391,424.457,238.927,228.701
597.638,424.645,238.667,226.901
597.456,424.440,237.988,226.136
595.956,422.470,236.250,225.325
596.439,418.983,234.536,227.472
598.062,415.861,229.951,227.655
597.094,413.976,227.985,229.901
601.217,413.902,226.481,232.545
604.406,409.238,221.273,236.126
601.949,406.961,221.863,236.048
609.252,406.591,217.414,238.422
598.885,403.789,222.670,232.170
599.186,403.417,220.932,230.761
601.985,406.929,220.438,235.646
600.559,404.490,219.524,239.051
603.804,408.190,220.333,237.163
606.549,407.785,219.801,237.052
606.588,410.406,223.019,237.440
601.886,412.696,226.254,236.198
601.740,412.151,231.684,234.838
597.094,412.413,238.416,232.490
596.281,411.054,239.798,234.269
598.793,406.766,236.631,237.677
601.365,404.607,232.375,239.790
602.567,402.842,226.784,241.251
607.920,399.196,228.854,238.430
601.728,401.493,230.811,241.882
609.609,399.051,228.131,245.350
608.841,396.953,226.739,246.645
608.869,393.879,223.340,249.506
609.954,394.905,220.972,250.113
611.302,392.661,219.878,252.254
610.891,392.964,219.953,254.327
600.373,391.542,224.279,255.372
594.672,390.496,227.269,258.680
578.003,383.505,237.743,259.216
554.826,385.064,261.326,256.117
545.177,380.074,272.384,260.968
543.748,389.204,274.465,255.800
544.771,393.301,276.064,244.823
546.449,391.702,273.137,241.040
542.436,401.948,271.676,229.987
552.212,396.571,265.321,230.351
543.917,398.797,262.810,228.024
549.236,402.517,258.116,225.384
553.085,395.864,252.815,229.494
561.712,390.913,244.787,240.585
558.409,373.650,238.972,254.377
569.625,387.313,233.570,247.910
567.418,382.280,229.377,249.981
568.339,389.897,232.347,245.571
574.432,392.767,226.775,242.687
558.495,395.949,237.061,237.795
557.088,385.947,240.959,247.306
554.199,390.213,248.172,244.929
552.948,394.334,251.581,241.463
554.325,396.808,252.150,239.273
556.482,396.161,247.530,237.093
555.654,394.077,246.871,237.420
558.194,393.263,242.705,238.876
559.128,395.752,241.556,237.715
561.921,396.115,240.453,233.404
563.475,398.562,234.990,237.805
563.856,396.270,235.048,237.620
565.353,398.809,236.410,234.710
565.465,398.720,233.928,233.989
568.883,398.995,232.822,231.195
568.152,400.666,230.485,231.746
569.890,401.540,229.037,231.659
571.894,399.443,225.703,230.862
572.205,396.403,221.426,231.820
574.613,397.564,218.284,231.839
575.142,396.795,217.221,232.541
575.758,396.066,214.970,234.637
578.825,396.941,212.674,235.749
579.921,396.735,207.548,236.708
580.971,396.987,201.747,236.559
582.967,398.269,197.640,234.267
584.486,397.452,192.016,233.206
584.823,398.460,187.825,230.215
582.593,397.782,185.892,228.184
583.288,399.822,185.802,226.616
583.829,397.872,184.359,225.764
583.331,399.876,184.292,228.268
585.376,399.014,182.589,228.034
585.473,396.171,181.275,227.137
587.402,396.779,177.987,226.205
588.898,393.943,175.294,228.867
589.184,387.723,174.358,234.740
590.538,387.753,174.761,237.045
591.477,386.064,175.081,238.279
589.819,384.643,178.015,238.577
589.959,384.566,177.907,239.492
588.070,382.204,177.836,241.395
586.358,383.835,176.384,242.086
585.799,382.094,176.778,240.407
584.415,380.837,178.772,242.234
581.825,380.240,180.767,242.304
582.198,380.795,179.301,241.115
580.726,379.234,177.473,239.462
579.643,380.327,173.842,237.491
578.188,380.880,172.659,237.595
577.248,379.459,171.486,236.723
576.976,380.486,170.230,237.204
577.356,379.558,168.963,234.629
576.052,382.004,169.519,230.942
575.062,380.760,169.577,231.686
573.791,380.083,171.203,231.157
574.458,380.425,175.236,231.120
573.315,381.470,179.360,232.390
572.569,379.314,181.787,234.014
571.990,378.979,186.505,233.287
571.921,377.870,188.329,235.531
570.680,377.890,189.697,235.032
573.468,376.048,188.798,236.373
573.420,374.497,189.924,235.946
572.698,374.295,192.050,233.990
574.855,374.066,192.867,235.586
575.616,371.732,195.119,235.175
578.422,371.382,197.909,235.246
581.349,370.511,194.608,238.962
583.866,370.095,193.706,239.140
586.636,369.582,192.863,239.939
590.989,368.560,192.320,240.169
586.399,368.500,196.141,238.976
591.949,368.331,195.005,236.961
590.869,368.746,196.289,237.940
593.412,367.138,195.138,236.359
593.625,368.351,196.444,237.058
597.610,365.666,195.038,236.716
596.505,366.554,196.447,236.286
600.415,367.068,196.391,236.906
606.564,365.401,192.168,237.150
606.519,365.965,192.853,235.835
615.730,366.328,190.755,233.744
619.235,366.756,187.261,236.192
620.916,365.781,187.046,234.978
627.058,364.934,184.066,235.289
632.089,365.420,181.679,235.277
635.219,365.361,180.223,234.905
642.297,365.213,176.530,235.092
652.200,365.515,171.915,235.809
650.681,365.302,169.464,234.131
662.447,365.586,163.436,234.293
661.001,365.609,162.039,233.102
659.224,366.549,161.963,233.060
670.221,365.154,158.521,232.171
665.979,365.520,158.967,230.657
671.070,365.459,156.165,232.326
672.408,364.778,154.700,233.732
679.218,364.169,152.457,232.360
678.720,363.459,152.290,232.337
680.120,363.547,152.660,233.256
678.885,363.530,154.213,232.576
679.961,363.921,155.597,232.773
679.629,364.324,157.817,231.904
679.492,365.699,158.752,233.441
688.789,365.590,156.222,233.899
684.959,364.757,158.286,233.476
687.833,365.761,157.784,235.221
689.943,365.906,158.311,234.289
693.825,366.056,157.538,234.238
694.257,365.976,156.990,233.822
695.802,365.651,156.589,232.615
699.114,365.669,155.590,230.822
699.953,365.288,154.998,231.352
701.781,365.472,153.346,231.654
704.958,364.828,152.309,232.582
702.503,365.396,154.083,233.881
700.719,365.685,157.327,233.870
707.075,365.108,155.031,235.155
712.532,363.841,151.756,235.726
713.632,364.451,152.747,234.989
713.440,365.681,153.917,233.833
710.503,366.161,156.385,233.258
711.187,366.252,156.549,232.401
715.989,366.092,153.559,232.611
713.731,366.252,156.339,230.779
715.635,365.665,154.880,230.803
718.306,365.579,154.171,232.130
719.970,364.926,155.361,233.474
707.919,364.860,165.418,232.502
702.363,362.825,173.307,234.717
696.528,363.287,181.488,236.011
698.566,361.547,184.578,238.496
702.930,360.337,183.438,242.051
703.504,359.714,181.705,241.957
708.093,358.397,178.970,241.911
711.603,360.001,176.526,241.969
712.502,361.281,175.429,241.338
713.874,362.929,173.371,240.129
716.787,363.862,173.525,237.689
718.442,365.708,171.364,235.882
721.092,366.655,169.275,234.074
721.664,367.080,168.053,231.569
724.802,368.395,164.649,232.694
726.499,367.478,163.325,231.454
726.486,368.395,162.579,231.872
728.065,369.093,160.428,232.641
729.615,368.762,159.069,232.517
731.269,368.139,157.330,232.964
732.512,369.299,156.588,232.982
733.853,369.847,155.908,232.309
735.815,369.845,155.110,232.286
735.263,370.991,156.085,232.345
736.337,369.302,155.635,233.587
734.738,370.229,156.395,233.685
736.537,370.003,155.651,233.780
735.634,369.463,155.543,234.977
741.332,367.560,151.986,238.826
738.816,365.255,151.911,239.095
738.799,366.207,151.206,237.456
743.775,365.087,147.346,238.526
746.435,364.880,145.133,239.334
746.874,362.796,142.559,240.142
750.207,362.482,140.099,240.728
748.452,362.494,139.806,242.034
755.177,360.604,136.607,242.887
752.474,359.025,137.016,243.707
749.463,360.323,138.519,242.097
752.518,360.542,137.828,243.628
750.085,360.291,138.924,244.126
750.639,358.944,139.732,243.945
745.375,361.324,142.460,244.030
747.406,360.065,143.060,244.597
744.460,361.497,144.779,245.283
744.250,361.462,146.055,244.094
745.892,360.441,145.860,243.619
747.322,360.854,143.566,244.259
746.406,362.373,143.234,242.570
746.263,362.048,143.347,243.102
747.835,361.214,143.426,243.359
750.701,360.670,140.522,241.899
753.400,359.212,136.615,242.196
756.972,361.198,132.774,244.959
759.741,358.223,129.889,244.268
763.957,359.148,125.740,244.832
766.140,359.005,122.921,245.161
765.979,359.001,120.406,242.962
765.957,360.607,121.489,240.374
765.794,360.215,120.842,240.286
765.418,360.748,122.101,239.604
764.974,360.419,123.025,237.821
764.062,360.242,123.408,237.976
762.050,359.483,125.015,237.695
759.641,360.853,125.895,238.002
757.752,360.112,128.812,237.951
755.314,359.873,131.555,237.663
751.836,361.214,134.527,237.355
749.532,361.560,138.157,235.855
748.688,361.858,140.311,235.043
749.823,361.564,141.123,234.478
751.155,362.400,139.906,237.294
749.319,362.255,140.863,236.244
758.264,361.431,134.985,238.794
763.590,361.341,129.167,241.742
761.012,360.888,127.851,240.327
766.212,361.703,125.310,240.803
762.126,362.637,125.669,238.332
766.800,365.189,124.906,237.978
766.517,364.395,123.042,236.150
765.527,365.275,123.870,237.594
767.021,366.160,124.257,240.979
766.635,365.623,123.571,239.734
