573.000,405.000,21.000,15.000
582.921,406.366,21.964,14.825
595.662,403.487,22.824,14.714
604.654,401.220,22.476,14.919
621.493,409.468,22.718,14.717
644.223,424.980,22.862,14.886
663.370,427.676,22.797,15.299
678.747,422.509,22.681,15.085
693.543,417.669,21.837,15.359
707.369,425.047,22.038,15.391
697.178,409.884,21.849,15.304
693.580,402.987,21.695,15.575
689.830,399.044,21.752,15.307
675.687,393.746,21.708,15.146
666.286,388.350,22.039,15.263
662.716,392.622,22.317,15.567
653.534,388.611,22.949,15.047
642.040,374.673,23.569,15.100
631.872,362.789,24.186,15.009
620.189,354.382,24.743,15.043
604.167,358.467,24.859,15.026
587.985,363.183,24.932,14.714
573.037,365.358,24.701,14.455
557.733,370.407,24.335,14.462
546.019,375.528,24.287,14.311
527.424,375.636,24.139,14.311
507.936,377.753,24.177,14.406
495.051,379.661,23.900,14.546
484.440,379.393,24.558,14.317
474.791,375.671,24.988,14.306
469.173,377.470,25.385,14.662
468.413,375.398,25.877,14.929
472.402,368.845,26.149,14.994
468.051,359.222,26.782,15.200
466.710,355.890,26.999,15.274
469.845,357.150,27.035,15.622
471.811,361.346,27.057,15.788
476.086,361.629,27.355,15.841
487.201,360.922,27.469,15.705
489.885,352.166,27.014,15.811
495.482,347.956,26.356,15.920
502.330,352.893,25.968,15.876
517.198,359.182,25.391,15.873
520.718,362.397,24.764,15.822
521.390,377.583,24.340,16.390
530.172,394.847,23.930,16.365
535.381,401.561,23.652,16.211
531.897,400.128,23.821,15.993
531.201,403.441,23.704,15.844
525.802,404.908,23.812,15.933
521.747,405.436,24.326,15.906
518.135,404.111,24.963,15.636
515.751,398.660,25.166,15.804
506.435,386.773,25.463,15.883
498.409,379.919,26.294,16.032
503.858,384.273,26.027,16.275
508.622,390.915,26.176,16.367
506.322,403.361,26.271,16.433
497.802,404.908,26.037,16.285
495.803,403.624,25.625,16.050
490.637,391.457,25.513,16.085
489.943,388.141,25.295,16.384
493.842,391.055,25.303,16.348
505.533,394.177,25.012,16.360
526.640,400.344,24.744,16.408
513.315,386.382,25.249,16.107
505.033,380.438,25.761,15.919
495.913,387.582,26.399,16.153
488.216,384.759,27.095,16.137
472.913,378.921,27.445,16.257
460.971,385.755,27.869,16.478
469.824,381.125,28.110,16.513
477.508,363.700,28.540,17.370
486.239,358.257,29.022,17.418
485.807,358.350,28.739,17.467
474.160,358.081,28.717,17.427
471.358,353.495,27.905,17.250
471.894,351.531,26.970,17.044
483.454,349.833,26.272,16.795
475.872,337.276,25.833,16.727
474.941,330.045,25.222,16.649
464.814,332.881,25.023,16.905
464.789,349.033,24.987,17.624
492.674,362.305,25.305,17.739
520.149,354.748,25.256,18.118
514.793,374.815,24.733,19.676
503.785,381.534,24.798,19.130
493.521,369.487,25.597,18.390
507.506,348.198,25.802,17.943
532.626,338.775,26.504,17.945
551.426,332.971,27.120,17.512
580.097,332.387,28.263,17.532
581.173,334.930,29.499,18.614
579.757,338.035,30.407,20.861
581.416,334.526,31.515,22.934
585.586,334.130,33.558,24.606
575.247,356.877,35.376,27.041
584.822,361.905,39.287,24.277
594.611,366.192,41.407,23.367
604.116,370.049,41.825,22.894
615.244,375.023,41.553,23.666
607.873,377.318,41.853,24.949
607.282,384.889,41.631,25.522
620.826,389.950,42.045,25.314
625.151,400.558,43.037,24.518
623.672,410.869,43.329,23.597
636.293,399.033,43.861,23.234
648.485,387.306,44.082,23.263
648.256,393.899,44.632,22.810
646.023,404.945,44.453,23.140
658.295,406.300,45.668,21.499
659.637,403.464,46.121,20.812
657.923,404.489,46.670,20.682
651.010,402.306,48.724,19.780
637.741,405.375,49.674,20.121
627.683,410.948,49.821,20.663
618.534,410.746,49.449,21.216
606.182,417.853,49.703,21.263
588.036,435.388,49.862,21.312
569.191,451.228,50.740,21.060
559.620,455.191,51.169,20.575
552.151,452.557,50.699,20.494
545.547,446.919,50.453,20.265
538.057,444.558,50.486,20.261
527.737,442.613,50.731,20.484
520.113,439.826,50.891,20.262
516.579,439.636,50.870,20.202
511.553,439.303,51.284,20.137
509.327,438.923,51.647,20.179
504.641,436.403,51.380,20.226
499.425,434.238,51.568,20.371
499.879,432.122,50.917,20.490
497.933,433.184,50.208,20.848
498.166,433.326,49.787,21.030
499.107,431.472,50.240,21.184
494.785,429.734,50.245,21.483
490.084,432.516,49.983,21.622
487.637,433.331,49.402,21.839
482.750,430.605,49.393,21.687
483.478,426.952,49.740,21.567
480.334,423.950,50.110,21.442
481.915,419.513,50.024,21.512
486.418,415.060,49.912,21.528
492.010,410.230,49.798,21.541
496.873,405.934,49.753,21.527
502.636,402.684,49.805,21.767
504.677,397.485,49.781,21.687
508.385,392.492,48.965,21.713
512.641,385.557,49.166,21.816
517.482,380.421,49.402,21.332
523.723,380.913,49.201,20.914
533.208,380.336,49.074,20.550
541.958,382.098,49.429,20.060
546.586,385.886,50.081,19.562
553.490,388.949,50.166,19.339
555.535,388.702,50.054,19.406
555.344,390.872,50.055,19.789
557.662,391.564,50.370,19.703
556.942,392.973,50.001,20.059
556.670,396.241,49.078,20.264
556.234,401.189,48.296,20.565
554.251,409.385,47.879,20.719
549.965,415.196,47.694,20.693
546.553,417.807,48.275,20.551
545.611,417.899,48.183,20.676
543.129,418.340,47.807,20.868
540.820,418.210,47.695,21.106
537.504,417.899,47.275,21.267
533.028,419.055,47.755,21.009
527.785,421.109,47.964,20.907
522.402,423.843,48.828,20.799
520.962,425.499,48.656,21.071
518.367,424.850,47.899,21.266
516.265,423.281,48.012,21.488
517.294,421.682,48.422,21.477
515.393,423.499,49.484,21.455
514.510,426.836,49.627,21.413
514.356,431.489,49.224,21.350
513.497,433.721,49.335,21.171
514.359,433.672,48.678,21.536
514.727,432.127,48.384,21.903
515.589,431.301,48.037,21.936
515.132,431.730,48.095,22.095
513.724,433.113,47.956,22.205
513.218,433.598,48.049,22.038
511.269,435.133,47.705,22.051
510.326,435.946,48.001,21.858
509.340,438.946,48.474,21.859
507.485,439.831,48.944,21.680
507.480,440.443,48.939,21.790
507.861,440.867,48.640,21.861
506.608,439.707,49.536,21.997
506.741,438.787,49.858,21.757
506.668,439.115,49.779,21.865
505.307,440.936,50.592,21.429
507.808,440.824,49.683,21.435
508.372,440.838,49.327,21.354
508.869,439.314,49.376,21.204
509.083,439.494,48.921,21.322
509.765,439.093,48.551,21.297
509.555,440.108,48.413,21.310
509.625,439.537,48.395,21.260
510.724,438.198,48.632,21.228
511.431,438.316,48.439,21.359
511.067,438.664,48.724,21.384
510.933,439.332,48.994,21.641
512.192,438.991,48.988,21.451
510.358,438.226,49.125,21.154
512.499,438.026,48.746,21.096
511.476,436.523,48.556,21.361
511.967,435.000,48.887,21.158
511.405,434.931,48.998,21.177
511.639,435.033,49.134,21.207
510.300,435.567,49.162,21.317
509.667,436.201,49.107,21.364
509.791,433.972,49.540,21.216
509.465,432.031,49.422,21.278
510.939,431.382,48.698,21.438
510.232,433.234,47.625,21.879
509.689,436.105,47.611,21.958
508.283,439.898,47.467,22.012
507.173,442.177,47.351,22.081
507.326,442.788,46.942,21.834
507.174,443.307,46.978,22.102
506.948,443.132,47.161,22.096
506.268,443.621,47.216,22.230
504.986,444.063,47.880,21.980
506.279,443.147,47.451,21.988
505.803,443.579,47.451,22.040
505.013,442.024,47.344,21.818
506.650,442.104,47.341,21.747
506.635,441.732,47.182,21.797
506.440,441.237,47.233,21.989
506.968,441.468,47.430,22.370
505.852,441.382,47.927,22.555
504.477,441.856,47.992,22.772
501.979,443.205,48.206,22.621
501.563,442.684,48.153,22.477
500.295,441.930,48.163,22.558
497.336,442.789,48.334,22.748
496.116,444.515,48.134,22.712
494.333,447.063,48.254,22.586
493.762,447.192,48.125,23.074
491.244,449.863,48.160,23.006
491.159,453.124,48.003,22.996
490.664,455.580,48.162,22.935
490.008,457.011,48.741,22.754
491.347,457.475,48.597,22.833
491.948,456.969,48.349,23.134
491.938,455.906,48.767,23.184
491.830,455.059,49.269,23.183
491.154,453.648,50.659,23.273
491.718,451.962,51.669,22.967
493.018,451.015,51.375,23.489
493.621,450.761,51.004,23.644
492.436,449.437,51.164,23.587
491.802,448.668,51.110,23.473
492.823,449.651,50.861,23.326
492.246,449.579,50.858,23.518
491.944,450.274,50.742,23.512
491.349,451.351,51.015,23.438
490.012,452.355,50.708,23.263
488.954,453.482,50.291,23.511
487.956,452.567,50.061,23.411
487.805,453.416,50.148,23.255
486.954,453.771,49.881,23.123
488.294,453.780,49.098,23.079
486.687,454.523,48.761,23.055
486.871,453.685,48.062,22.938
487.064,454.047,48.021,22.659
481.847,457.041,48.482,22.440
478.855,459.407,49.525,21.979
478.258,459.616,49.846,22.024
475.747,460.444,49.655,21.983
474.835,460.779,49.114,22.054
473.116,460.986,48.975,21.966
470.229,460.823,48.880,21.807
467.182,459.377,48.837,21.822
465.410,461.304,48.246,22.326
462.592,463.588,47.967,22.603
459.704,465.776,47.695,22.688
455.575,468.550,47.856,22.923
451.917,471.920,48.121,23.047
447.351,477.907,49.058,22.691
441.940,481.895,49.335,22.513
437.007,484.718,48.828,22.724
431.403,488.436,49.069,22.528
425.490,490.899,48.838,22.487
422.313,492.734,48.319,22.200
422.272,490.915,47.875,22.029
421.592,489.601,47.872,21.976
419.949,487.421,47.827,21.675
413.942,488.769,49.513,22.013
410.462,490.917,49.224,22.415
405.656,492.727,49.915,22.510
399.289,491.442,50.727,22.095
402.557,486.983,50.392,21.957
406.080,483.317,50.489,21.559
406.552,477.281,50.339,21.506
403.740,476.951,51.314,21.008
401.127,473.247,52.139,20.575
406.971,471.754,52.130,21.121
403.233,471.575,52.184,21.365
397.943,472.724,51.918,21.341
396.501,468.171,51.694,21.357
395.171,459.376,51.564,22.114
386.081,452.631,50.973,22.530
377.888,449.149,50.589,23.591
364.766,445.423,50.150,25.038
358.465,438.067,49.325,25.799
349.841,434.001,48.919,27.267
345.951,439.936,48.243,28.056
340.144,448.346,47.965,28.551
339.266,456.304,48.268,28.789
336.808,459.594,49.093,28.629
343.143,458.492,48.958,28.252
350.855,460.725,48.863,28.852
348.440,462.922,48.248,29.223
349.250,462.362,48.064,29.006
349.053,461.299,48.037,28.824
343.170,461.264,48.066,28.641
341.285,461.829,48.260,28.022
343.842,463.581,48.751,27.476
342.488,462.832,48.706,27.639
351.658,459.313,49.135,27.385
356.311,457.725,49.315,27.635
354.398,457.533,48.619,27.756
354.342,456.912,48.946,27.522
359.397,455.752,49.045,27.230
367.488,453.092,49.109,26.762
369.711,448.151,48.992,27.330
375.618,438.741,48.662,27.813
388.551,430.136,48.447,28.086
394.376,425.739,48.861,28.560
404.981,419.426,48.816,28.700
413.581,413.110,48.638,28.869
419.116,407.193,48.815,29.253
432.483,401.533,48.569,29.445
446.589,392.663,49.265,29.666
457.479,382.800,48.937,30.132
462.856,378.745,48.685,30.060
462.180,372.507,49.409,30.031
467.289,364.674,49.627,29.994
472.263,353.492,49.940,29.997
471.382,342.423,50.277,30.325
473.415,330.599,50.468,30.417
473.060,324.760,50.443,30.278
469.748,322.050,50.430,29.822
470.673,320.898,50.021,29.505
471.500,320.177,49.839,29.586
468.885,319.295,49.704,29.259
462.273,320.861,50.193,29.534
460.864,323.329,50.533,29.476
460.977,317.839,51.381,29.911
458.989,306.635,51.664,30.005
453.831,304.974,50.813,30.872
454.480,302.642,50.139,31.209
452.797,302.317,49.716,31.212
446.550,302.199,49.624,31.709
442.086,304.352,50.347,31.376
433.960,311.097,51.452,30.705
430.880,315.759,51.816,30.144
422.828,315.141,52.781,29.385
422.161,311.434,53.488,29.244
415.909,314.880,53.907,29.164
406.214,321.719,54.481,28.650
400.608,324.068,53.673,28.534
395.999,323.669,52.631,28.140
395.316,322.126,51.450,28.435
394.770,321.667,50.664,29.244
389.872,325.191,50.733,29.699
383.818,328.171,50.959,29.766
378.327,330.198,51.031,30.117
375.584,330.859,50.621,30.482
375.100,330.268,50.146,30.946
373.900,329.387,49.828,31.276
376.654,326.884,50.008,31.591
374.231,330.852,49.757,31.755
369.686,334.687,50.048,31.712
366.780,334.437,50.316,31.908
366.809,335.097,50.060,32.444
364.966,337.783,50.410,32.580
366.389,337.884,50.683,32.625
366.046,339.968,50.522,32.715
366.576,342.911,50.498,32.547
365.127,347.371,50.773,32.592
362.901,352.581,51.095,32.616
359.808,352.904,51.060,33.054
356.583,357.574,51.318,32.602
353.575,359.218,51.763,32.120
357.611,358.618,52.056,31.702
361.650,359.835,51.651,31.912
358.297,376.381,51.757,31.857
358.972,389.886,51.459,31.316
365.705,393.944,50.921,32.127
376.435,388.331,49.943,33.641
382.615,378.986,50.087,34.873
384.328,370.479,50.283,34.174
384.002,370.032,50.238,33.424
384.367,375.717,49.573,32.711
376.830,375.751,50.468,31.791
369.989,376.281,50.631,31.202
368.120,373.037,51.492,30.492
368.192,374.277,52.186,30.025
365.830,375.486,52.346,29.599
369.035,371.893,52.556,29.544
368.602,366.379,52.764,29.594
366.503,364.356,52.773,29.271
372.932,367.149,53.111,29.046
376.281,367.080,53.377,29.152
376.737,370.336,53.989,28.798
383.096,373.003,54.461,27.767
390.994,373.159,53.899,27.388
391.306,373.382,54.193,27.724
395.336,374.758,54.924,27.478
398.911,376.746,54.489,28.251
400.706,376.848,54.006,28.496
399.588,373.979,53.996,28.534
400.185,372.499,53.550,29.303
399.413,374.242,53.580,30.061
