916.000,148.000,114.000,170.000
908.294,156.245,122.652,160.797
896.399,159.735,126.672,157.345
889.132,167.408,129.271,155.531
890.687,168.144,129.998,155.235
900.111,164.321,130.444,155.626
908.971,157.527,130.615,155.668
915.845,153.126,130.691,156.922
914.640,152.701,131.133,156.795
911.129,153.001,131.402,156.720
903.381,158.550,132.162,155.418
895.222,161.010,132.821,155.011
887.254,165.745,132.610,154.170
888.666,163.007,133.439,155.386
899.195,158.929,134.236,155.709
908.348,159.126,131.471,156.127
915.688,156.294,132.965,156.074
910.633,161.517,134.082,153.913
903.514,171.601,136.371,154.254
887.502,183.314,137.323,154.774
876.462,189.700,136.743,156.729
874.132,188.730,134.470,158.101
878.203,182.497,135.210,156.690
886.984,177.674,135.571,156.634
899.250,170.282,138.529,156.491
914.931,164.155,140.824,156.943
922.824,171.885,138.083,155.750
924.983,185.722,134.043,157.275
926.951,206.526,133.703,156.845
929.351,224.616,132.697,157.721
928.214,238.397,133.567,158.717
925.417,244.254,134.554,158.516
923.029,249.839,138.198,154.413
923.648,245.512,138.333,154.692
925.516,246.221,138.107,156.017
931.716,242.440,138.479,158.406
938.345,231.100,139.756,158.606
942.839,224.799,141.553,158.291
943.374,220.047,142.435,156.126
945.161,215.750,143.413,156.718
949.596,214.829,141.809,159.707
952.059,214.619,141.889,159.317
947.014,217.097,142.261,158.881
940.793,213.292,142.786,159.132
931.458,210.833,141.659,158.373
925.525,205.576,142.871,157.249
924.645,200.660,142.376,156.706
922.833,189.184,143.392,156.175
922.937,183.495,143.451,156.245
925.538,180.247,142.220,158.117
922.923,178.876,141.349,159.855
917.635,182.427,141.854,158.130
910.250,181.991,143.971,158.181
903.764,183.542,144.773,157.381
900.012,183.190,143.663,159.554
902.979,178.584,143.344,160.850
908.021,173.639,143.743,160.517
912.627,168.767,143.536,160.873
914.592,166.468,142.876,161.835
908.505,170.771,143.742,159.888
902.125,172.829,144.972,159.569
893.863,174.296,145.167,158.483
893.561,172.290,142.156,159.990
895.160,172.379,141.794,160.114
896.828,172.138,141.638,160.500
895.277,173.483,140.829,161.914
893.405,177.363,141.754,161.726
891.967,177.802,141.307,162.639
890.335,175.796,141.397,163.772
887.321,179.234,142.514,162.557
887.577,181.915,142.637,162.261
889.605,182.276,141.419,162.632
887.858,186.254,142.589,162.454
886.171,189.052,143.043,162.671
886.208,190.740,143.090,162.853
886.666,191.167,142.387,163.725
886.039,194.310,143.276,162.825
885.433,196.012,143.662,162.930
884.778,196.654,143.861,163.287
884.156,193.851,143.031,164.739
882.435,191.212,142.313,165.461
879.176,195.448,142.854,162.678
876.832,194.872,141.837,164.363
876.503,192.884,141.673,164.639
878.034,194.118,142.195,163.048
881.237,190.593,142.378,163.468
885.380,188.130,143.690,164.400
885.200,185.967,144.038,165.666
883.107,190.672,145.101,164.294
881.069,193.886,144.722,164.053
879.092,198.656,144.405,165.052
878.862,198.465,145.185,164.803
882.741,199.592,145.391,164.179
893.232,196.592,144.179,166.355
894.882,196.743,144.550,165.523
889.883,198.021,144.141,164.688
880.822,204.751,146.042,165.850
876.176,204.311,145.133,166.456
872.418,199.293,142.952,170.158
870.197,199.144,143.287,169.193
868.266,201.289,143.054,168.807
868.906,201.795,144.087,167.268
869.632,204.040,145.535,166.086
870.282,202.551,144.808,167.323
871.205,205.018,146.093,167.217
874.486,205.376,145.364,166.797
878.040,206.981,145.340,167.811
878.893,209.252,147.810,166.192
879.082,210.683,149.247,165.126
878.708,212.009,148.634,166.757
877.148,208.282,148.933,167.386
876.078,209.221,149.499,167.473
875.538,208.338,149.982,168.607
875.602,209.769,150.478,168.182
878.529,209.619,148.885,169.184
877.502,210.521,149.862,168.344
878.345,211.364,149.267,167.323
881.968,209.572,148.154,168.318
885.598,207.943,148.417,168.411
885.263,206.102,148.495,169.481
884.021,205.751,147.542,169.359
882.073,204.053,146.880,169.943
879.786,206.868,149.990,167.651
880.370,209.429,151.434,166.286
880.480,210.321,151.425,165.972
881.266,208.818,150.980,167.298
879.751,207.193,150.139,168.831
880.679,206.265,150.824,169.102
882.377,205.718,150.294,169.019
885.289,201.133,148.879,170.286
888.895,198.089,148.177,170.205
889.817,195.004,149.842,171.540
889.264,195.437,150.654,170.589
889.668,194.450,152.473,170.496
888.666,192.157,152.442,171.328
885.683,191.479,152.368,171.372
883.269,188.551,153.256,171.219
885.733,179.686,153.235,171.144
893.218,180.046,152.353,170.014
892.925,174.641,152.808,171.079
893.893,171.225,154.567,171.856
897.492,169.166,155.599,171.737
897.562,171.894,158.527,170.004
897.218,169.646,157.152,171.481
891.180,167.630,156.768,172.332
885.022,172.450,157.131,171.189
878.029,176.343,157.440,170.575
870.986,179.426,161.346,171.079
859.908,182.449,158.638,171.617
858.685,180.269,158.971,172.019
864.918,173.078,161.902,170.707
873.490,163.645,159.864,170.412
878.505,156.072,160.174,170.843
877.242,155.100,160.241,171.374
871.168,158.492,161.979,171.255
861.368,162.868,162.054,172.645
853.441,168.379,164.097,173.722
849.249,172.570,164.424,173.389
848.055,174.197,164.542,173.007
848.330,176.095,163.563,172.629
845.888,181.760,166.602,172.427
838.036,187.041,166.544,172.453
830.453,189.959,164.984,172.318
826.235,193.911,165.255,172.268
821.905,195.930,163.806,172.799
817.121,199.978,163.230,173.071
807.299,202.137,164.186,172.969
801.284,205.633,164.438,173.686
800.452,208.831,164.281,172.592
807.661,209.716,161.105,173.631
817.464,211.215,159.859,174.413
831.101,207.565,158.753,176.392
838.745,203.671,160.664,176.481
835.566,203.255,162.127,175.388
820.831,203.280,164.502,175.334
806.647,207.801,164.992,174.411
799.242,213.537,165.555,171.651
805.826,206.823,163.708,173.527
810.609,201.404,162.612,174.503
804.484,205.898,163.170,172.065
802.482,202.305,162.101,174.523
799.789,196.313,164.342,173.433
797.566,189.494,163.678,174.322
796.220,182.472,162.949,175.793
790.489,184.413,165.222,174.874
783.847,187.505,167.312,172.754
782.307,187.414,164.938,174.439
792.202,186.277,164.563,174.687
803.091,177.039,165.843,174.611
805.139,167.268,164.372,174.645
804.615,160.730,162.880,175.868
807.167,153.848,161.396,178.649
814.702,146.715,162.871,178.221
827.162,141.302,165.780,179.682
835.240,146.484,173.637,177.218
849.052,155.166,176.204,177.107
858.232,164.516,172.998,178.658
854.523,168.130,174.577,176.711
843.751,173.722,175.486,175.506
843.365,173.554,172.917,178.205
839.422,168.386,170.494,178.241
836.857,169.567,170.603,177.827
833.440,173.649,172.286,177.007
831.284,177.350,171.717,176.455
829.037,175.876,168.482,178.881
828.404,177.085,167.470,179.230
832.982,178.433,167.859,177.479
833.291,181.868,167.819,178.426
839.231,182.505,167.357,175.578
843.705,175.061,166.246,176.878
846.303,168.358,167.666,179.243
844.791,169.102,167.337,178.463
842.449,165.745,165.609,179.428
836.908,171.880,163.629,182.611
829.459,177.371,165.563,178.928
826.038,182.007,166.143,181.803
827.243,180.092,165.355,180.006
827.827,179.238,164.501,180.876
827.693,178.915,163.828,181.170
825.470,181.737,164.605,182.449
822.725,180.424,163.462,182.772
818.410,186.289,163.911,183.499
815.718,187.935,164.182,184.506
810.106,187.266,167.130,184.209
805.483,194.098,167.492,185.247
801.681,186.009,168.572,184.014
797.684,179.370,169.625,185.811
792.143,180.323,170.096,184.562
783.988,185.208,171.287,184.650
781.143,181.634,167.461,186.322
779.742,175.468,166.375,187.977
778.880,174.674,166.050,186.525
784.386,167.516,165.501,185.904
784.812,173.375,166.155,189.537
795.450,158.070,167.333,189.390
801.165,151.016,165.398,190.193
800.090,145.219,163.371,192.837
797.230,141.316,162.357,194.029
792.550,143.629,163.539,191.911
791.734,147.119,165.135,190.360
787.415,151.487,165.353,188.975
783.461,158.080,165.875,188.920
780.431,156.857,165.101,188.583
787.063,149.778,163.661,190.098
788.674,147.312,163.295,190.259
793.786,141.641,165.665,189.979
791.866,135.801,165.105,191.321
786.160,139.049,165.859,187.993
784.621,133.743,162.872,191.509
781.655,137.401,164.443,192.244
778.272,135.849,165.093,191.634
775.019,133.649,164.757,191.804
771.389,136.479,166.800,191.932
767.968,139.192,169.173,190.621
771.371,139.609,166.542,191.735
770.673,135.229,165.229,194.212
776.086,141.356,165.066,194.262
775.724,142.295,164.213,194.066
781.410,139.651,163.768,196.258
778.099,140.928,166.222,195.290
777.351,146.263,166.877,195.308
774.504,148.539,167.825,195.247
775.497,148.962,166.005,196.351
777.475,144.165,163.873,200.132
778.125,138.425,162.203,202.531
777.208,133.984,163.642,201.597
781.375,128.769,165.255,201.157
783.469,116.826,165.433,202.047
789.784,108.797,166.940,201.560
791.113,102.542,165.665,202.592
786.175,103.840,165.374,199.982
783.771,99.078,166.728,200.613
779.948,95.814,165.527,201.405
780.266,84.855,161.121,203.554
780.703,69.755,164.304,203.644
786.290,66.085,166.137,203.298
787.116,72.493,167.086,205.861
790.297,74.619,169.347,205.355
794.696,90.417,169.545,207.425
789.620,91.134,170.931,203.957
791.143,85.969,172.574,205.479
789.821,85.191,171.874,205.295
786.288,88.791,174.302,203.992
779.404,91.055,177.635,203.518
773.988,88.838,175.528,204.843
769.464,88.021,175.009,204.786
766.997,81.521,173.333,207.759
769.022,72.398,171.990,208.921
771.180,70.892,170.751,206.505
778.832,64.695,178.217,205.751
786.761,55.337,179.451,208.674
797.338,50.154,180.458,207.672
805.976,53.041,179.201,205.952
803.881,53.153,180.383,204.468
788.736,59.645,182.875,207.374
774.184,68.141,187.232,208.147
756.780,74.025,185.908,205.322
750.456,79.117,181.377,204.428
748.420,72.907,177.073,207.394
754.638,70.624,176.004,208.362
755.549,71.131,174.852,208.959
766.981,66.937,178.830,210.127
775.342,59.290,182.614,210.218
781.546,51.430,180.543,211.984
790.676,50.744,178.359,210.605
786.700,53.037,180.017,208.966
782.453,61.487,179.813,208.547
781.872,57.644,176.198,209.994
792.720,54.380,176.323,209.671
793.927,53.880,176.277,208.998
796.172,59.476,177.385,206.497
801.122,57.764,176.378,209.060
802.921,54.585,175.705,210.009
810.336,55.875,181.252,210.322
819.456,54.070,182.543,212.310
825.508,59.985,184.747,208.604
829.447,58.947,185.442,208.676
834.103,64.793,186.704,212.080
835.504,73.003,189.212,210.733
835.622,75.987,189.526,208.493
841.057,76.780,187.402,209.129
850.573,72.708,187.829,211.691
857.482,74.466,185.494,210.989
866.350,69.686,188.070,210.666
867.952,68.406,189.801,210.196
868.274,68.583,191.409,209.374
865.410,68.851,191.018,209.313
863.372,71.296,189.591,209.235
867.012,71.625,187.861,208.565
861.084,84.877,190.989,210.045
863.088,87.192,192.620,208.228
865.512,88.466,191.477,209.214
864.681,89.144,189.450,211.216
865.734,93.565,191.680,209.125
865.019,92.042,189.064,210.711
858.358,96.618,189.075,211.986
853.167,103.253,188.723,212.517
848.571,105.924,187.121,213.316
846.450,113.827,186.450,212.839
841.442,115.347,186.465,214.408
839.041,120.349,187.259,216.057
838.450,126.692,186.159,216.466
836.899,129.251,186.064,213.229
836.809,122.697,187.826,214.173
838.796,116.982,187.666,215.234
840.542,113.479,188.186,216.941
846.611,108.460,187.940,217.505
857.599,103.481,191.623,216.887
852.500,111.049,193.331,213.489
846.969,117.455,196.284,212.021
838.454,122.767,197.073,212.458
837.914,118.224,193.529,215.773
841.966,117.818,193.160,214.346
850.110,116.761,189.092,214.563
851.712,110.715,190.511,216.059
845.040,117.095,191.543,216.163
841.246,113.019,190.977,218.881
833.943,121.439,191.698,218.731
832.032,127.118,192.157,216.815
834.684,122.642,192.057,216.636
833.802,132.008,190.147,219.452
826.990,138.879,190.745,219.138
815.770,145.403,198.387,220.473
794.651,146.327,202.171,218.275
780.058,152.568,200.869,218.428
776.322,156.304,199.317,216.833
781.566,149.656,198.821,218.504
797.751,153.031,198.948,217.274
802.241,146.149,197.975,219.699
805.347,142.927,196.314,219.185
807.557,143.774,194.020,219.590
808.620,142.374,191.582,219.634
805.514,147.373,190.526,221.424
804.658,141.948,192.697,219.265
802.892,146.501,192.914,220.503
802.388,140.039,191.720,220.217
801.990,144.671,190.621,221.884
804.637,138.831,191.328,220.491
803.750,138.150,190.449,220.257
803.153,136.678,189.980,222.204
802.104,138.592,188.456,222.780
804.916,134.080,190.120,222.557
807.358,129.290,187.230,223.676
813.396,126.233,189.809,224.323
814.246,124.844,188.877,224.893
810.159,124.552,187.933,223.470
806.100,120.941,190.563,223.083
799.441,122.582,188.466,225.375
795.246,114.909,189.828,224.763
791.111,109.891,193.196,221.500
786.789,110.084,190.671,225.205
785.195,106.841,193.919,224.202
774.723,112.309,197.023,223.742
762.961,117.442,200.402,225.827
742.051,126.746,206.212,229.743
721.076,138.997,209.666,231.118
699.121,130.017,206.446,229.555
675.115,114.538,212.239,227.029
654.149,118.404,209.905,230.154
638.111,141.684,204.303,232.539
628.873,170.111,201.201,230.901
647.261,189.733,211.138,228.378
662.261,193.721,216.429,228.122
685.707,189.838,216.816,231.374
713.014,198.047,220.450,232.169
747.745,200.138,224.198,229.083
782.283,202.329,225.204,229.688
808.592,191.869,226.258,232.430
828.140,190.632,219.552,234.065
835.487,177.989,208.617,233.737
831.423,150.152,198.837,237.695
831.147,118.104,196.752,237.510
839.986,107.499,198.952,236.516
844.404,96.984,200.634,235.962
841.639,82.527,201.876,232.020
832.064,71.309,206.890,230.728
821.058,62.075,217.792,231.703
799.792,59.883,220.821,231.233
788.311,49.903,219.674,229.173
783.125,8.291,211.848,233.778
794.534,0.000,224.777,214.935
815.035,3.141,239.176,196.389
818.710,3.152,235.595,187.451
820.184,2.565,223.571,177.834
820.337,0.000,210.095,168.283
821.730,4.049,199.659,166.527
808.042,4.854,194.554,166.047
793.494,6.596,192.718,166.032
783.028,7.045,188.000,171.804
771.880,13.991,188.023,181.247
764.425,8.699,191.837,196.957
750.609,11.244,206.596,203.785
731.496,10.115,229.434,212.239
705.034,8.314,240.668,220.227
693.191,11.087,242.843,225.215
689.056,9.693,239.987,229.270
702.242,4.555,246.525,227.800
714.099,4.178,251.922,221.426
718.194,7.730,247.585,212.732
715.881,4.569,251.737,206.419
705.841,5.321,254.159,199.982
690.362,4.956,257.815,195.716
679.922,6.906,244.816,194.524
684.928,9.773,237.625,197.691
680.866,11.005,231.366,205.674
677.866,13.289,228.380,209.689
673.369,11.775,224.838,213.465
667.187,9.549,236.274,213.240
654.387,10.076,248.562,211.759
633.982,10.204,254.487,212.302
625.118,9.777,247.369,214.701
619.792,9.590,247.029,220.515
621.637,9.027,248.192,223.083
615.053,12.287,242.935,221.431
615.908,3.993,237.622,219.256
613.075,4.375,247.545,207.761
599.954,8.821,251.434,204.454
590.756,8.999,251.575,204.699
582.309,11.778,247.724,207.884
582.262,9.684,250.152,205.853
586.366,5.539,258.123,198.522
607.139,1.263,265.383,186.164
636.020,0.000,271.459,172.620
643.413,3.908,244.497,177.417
622.960,12.847,243.965,185.761
591.753,35.376,247.573,203.018
541.290,84.930,259.732,198.692
484.663,105.911,261.280,206.207
446.383,106.301,256.963,224.079
436.606,105.903,236.411,236.149
453.835,91.907,232.472,243.862
473.410,75.249,219.860,250.496
479.539,44.393,209.017,258.995
478.644,18.896,205.986,266.225
477.575,5.932,206.662,264.338
474.578,1.667,206.357,263.199
464.508,1.093,214.321,253.280
447.654,7.477,226.521,253.392
434.377,7.574,232.568,257.788
425.949,9.741,237.061,269.708
447.866,9.981,244.833,268.075
445.348,8.446,249.127,268.982
488.618,8.009,251.463,262.575
498.025,4.619,254.489,256.736
505.830,0.000,270.975,232.155
530.326,0.075,295.602,200.044
556.805,1.805,304.394,182.070
579.504,2.801,308.933,170.021
613.799,4.674,326.909,159.449
622.671,4.689,322.344,154.312
641.803,7.485,325.062,151.199
622.399,13.166,322.660,159.300
594.335,11.770,313.182,167.762
580.409,13.317,299.461,179.948
579.865,12.729,288.812,184.418
575.594,10.768,291.694,185.082
579.641,8.051,307.123,177.055
647.413,5.147,305.950,173.853
676.672,12.660,291.658,182.389
684.053,12.322,283.569,187.272
668.897,4.953,288.558,179.886
651.786,8.725,279.721,185.183
651.189,13.443,262.635,206.558
646.365,2.738,260.815,201.493
642.452,3.753,254.798,202.338
623.080,2.177,247.067,196.832
614.274,2.694,236.264,194.588
619.786,8.135,218.834,207.773
613.951,8.763,211.244,218.397
615.624,23.293,221.788,213.694
620.719,32.671,232.481,205.871
632.211,35.004,242.859,192.253
639.098,36.340,251.186,185.339
655.095,43.476,258.148,185.813
663.297,45.420,265.406,185.073
649.978,63.779,269.172,186.160
385.346,32.087,293.440,208.111
366.283,28.122,254.559,247.485
384.630,9.784,239.947,263.233
394.837,2.417,251.765,243.726
416.080,5.588,264.101,226.901
435.967,6.159,255.090,214.280
443.228,3.985,245.100,203.315
430.251,10.838,237.633,204.875
401.548,3.060,251.253,201.706
368.745,10.613,268.242,203.360
334.180,9.120,260.110,206.131
333.220,11.872,247.784,208.455
346.601,3.525,241.706,207.348
360.570,1.737,239.196,195.710
361.350,5.221,225.419,197.820
364.130,8.067,220.711,199.681
354.726,8.592,230.446,204.704
