342.000,104.000,12.000,20.000
340.128,102.060,11.147,22.217
338.370,101.634,10.893,22.899
338.489,101.159,10.626,24.226
340.515,99.970,10.873,23.815
340.326,101.031,11.087,23.603
340.306,98.232,10.828,23.676
341.939,98.743,11.333,22.020
343.373,100.226,10.979,22.250
346.609,101.635,10.596,23.116
348.409,101.611,10.398,23.487
350.432,100.957,10.593,24.025
354.381,99.726,10.437,24.178
355.084,99.332,10.397,23.355
353.942,99.446,10.079,23.392
354.636,99.273,10.863,23.094
354.866,99.483,11.399,23.535
353.484,99.744,11.501,23.725
350.227,99.906,12.042,23.234
348.209,98.629,12.252,23.311
349.086,99.182,12.487,22.164
348.705,99.589,12.143,21.679
346.468,100.597,12.102,21.190
345.975,99.945,12.131,21.067
344.786,100.029,11.664,22.279
341.111,98.682,11.831,22.397
339.303,98.968,11.268,23.662
343.096,97.240,11.372,24.277
345.431,95.311,11.500,25.500
342.823,92.067,11.875,26.560
337.359,87.748,12.327,27.450
333.964,83.505,12.320,28.406
334.689,79.534,12.296,29.461
332.547,70.524,12.580,29.876
329.016,66.505,12.536,30.306
327.225,64.273,12.796,30.056
317.876,66.777,13.336,29.575
315.163,67.338,13.250,29.087
314.793,68.889,13.216,29.025
314.007,69.169,13.170,29.985
310.899,70.647,12.877,29.979
308.127,71.883,12.499,29.902
307.929,73.188,12.005,30.189
307.330,75.921,11.888,29.838
304.999,78.306,12.079,29.822
304.105,79.774,12.384,29.455
304.857,82.470,12.863,28.458
303.128,84.367,12.966,28.666
300.171,87.537,13.270,28.607
302.425,90.640,12.845,28.593
308.128,93.987,12.744,28.894
314.163,98.234,13.088,29.452
320.350,100.870,13.921,29.993
325.335,101.574,13.108,31.526
322.619,104.989,13.049,31.546
319.403,108.966,12.962,31.568
322.190,113.340,12.831,31.251
327.240,118.885,12.532,30.575
329.627,123.794,12.520,30.978
329.750,127.414,12.318,32.089
326.859,131.524,12.612,31.190
327.311,134.700,13.142,30.262
328.910,138.914,12.999,30.051
326.455,142.089,12.944,28.989
324.172,145.017,12.815,28.598
328.348,147.580,12.280,28.364
329.572,150.028,12.050,28.053
331.361,150.788,11.949,27.933
334.658,150.371,12.094,28.066
330.619,152.352,12.602,27.424
331.187,153.721,12.399,27.558
330.897,155.471,12.624,27.286
330.761,157.878,12.280,27.431
334.679,159.829,12.462,27.549
334.284,159.502,12.683,28.433
328.578,162.914,13.608,28.446
330.457,165.672,13.878,28.242
334.659,167.670,13.911,27.374
339.348,168.698,13.334,27.566
342.449,170.607,13.076,27.849
344.892,170.823,12.562,28.174
344.548,171.721,12.141,28.759
341.259,170.248,12.157,28.873
339.153,170.264,12.392,28.174
342.283,169.397,12.254,28.827
345.515,167.877,12.541,29.298
345.444,167.613,12.798,30.178
348.908,162.063,14.179,29.937
351.101,161.367,14.938,30.090
352.515,160.182,15.173,29.866
355.318,159.362,14.937,30.075
353.833,158.686,14.736,29.673
353.143,158.454,14.204,30.311
355.161,157.494,14.479,30.105
358.237,157.582,14.740,30.707
359.077,157.541,13.794,31.005
358.880,156.331,13.491,31.993
360.316,156.341,13.718,32.547
364.103,154.975,14.254,32.609
364.596,154.081,14.855,33.154
364.999,152.623,15.100,33.801
366.509,151.134,15.935,33.322
369.397,149.867,16.258,33.541
368.203,149.483,16.491,33.927
368.732,146.601,15.827,35.339
368.118,148.283,16.085,35.402
368.478,147.254,15.770,35.669
370.492,145.493,15.067,35.734
372.249,146.121,14.282,37.412
375.315,146.147,14.395,38.285
375.137,147.834,14.310,38.259
375.350,148.531,14.706,37.869
374.898,150.292,15.131,36.804
375.569,150.285,14.929,35.687
375.526,150.130,14.343,35.169
374.994,149.818,14.291,35.465
375.300,149.074,14.554,35.598
374.190,147.798,15.195,35.511
374.873,147.262,16.278,34.890
376.351,146.822,17.304,34.529
377.313,146.416,17.579,34.229
376.388,144.912,17.337,33.468
375.630,144.795,17.298,33.338
378.861,145.465,16.048,35.174
383.000,148.264,15.942,35.207
384.789,146.703,15.744,35.793
385.334,147.734,15.262,37.210
383.766,147.238,15.706,36.355
386.170,147.921,16.319,35.812
388.102,146.428,16.110,36.644
386.967,146.757,16.629,36.676
389.188,147.471,17.383,36.755
389.990,145.949,17.862,37.792
389.642,145.018,19.024,37.256
387.050,144.297,19.767,37.538
388.138,142.034,19.344,39.134
389.810,141.644,18.698,38.569
391.521,143.299,17.286,38.420
392.504,145.875,16.153,39.445
395.025,145.228,16.044,39.901
397.197,145.426,15.425,39.886
396.333,145.390,15.514,40.377
394.682,146.136,15.879,40.114
395.668,146.008,16.072,39.746
398.129,148.171,16.819,38.198
398.571,147.618,17.233,37.779
399.120,147.111,17.703,37.935
399.143,146.697,19.226,37.414
400.676,146.374,20.303,37.566
401.117,145.530,20.133,39.575
402.643,145.197,19.911,40.860
405.222,144.101,19.568,41.613
406.415,142.919,18.522,40.555
405.344,145.761,17.870,40.227
405.255,146.771,16.958,40.358
409.098,148.230,16.900,39.993
414.675,147.286,17.045,40.887
413.804,148.432,16.827,40.575
412.580,146.850,16.486,40.500
413.238,146.265,17.358,39.791
414.186,147.578,18.027,40.807
412.478,146.621,18.509,41.841
410.655,145.077,20.143,42.697
409.994,143.397,21.571,42.759
407.058,142.962,22.801,42.075
407.249,142.700,22.579,42.406
405.813,143.392,22.391,42.082
407.270,144.283,21.366,42.642
408.452,143.890,20.157,44.087
405.637,143.768,19.544,43.283
402.552,144.427,19.496,44.442
401.025,144.662,19.215,44.142
399.265,144.028,19.214,43.923
396.551,143.984,19.351,44.091
392.359,142.547,19.372,43.767
386.025,140.829,19.173,44.499
384.424,139.295,19.997,45.612
382.545,138.252,21.697,45.830
378.149,136.258,22.961,47.155
371.472,135.310,24.847,46.413
366.132,132.742,25.576,47.253
362.483,131.971,25.591,48.005
358.785,130.469,24.021,49.336
355.680,130.151,23.453,50.098
352.588,129.330,23.194,51.508
347.617,129.037,22.747,51.187
343.179,129.581,22.764,49.873
338.745,125.735,22.955,49.478
333.195,124.510,23.717,48.077
326.607,122.851,24.001,48.169
321.825,119.084,23.796,49.493
323.272,115.497,22.703,52.337
327.200,113.922,22.722,53.978
326.367,111.323,23.155,54.743
325.794,109.445,24.673,53.665
324.586,109.831,25.632,52.946
325.973,109.206,25.066,53.282
326.938,108.517,23.965,53.188
331.025,109.902,22.518,53.589
331.842,111.616,22.656,52.431
331.039,114.903,22.953,51.874
329.656,116.123,23.339,51.678
325.279,117.998,23.506,52.339
325.151,117.866,24.074,50.226
326.085,120.220,24.341,50.593
326.385,120.064,24.630,50.667
322.310,119.366,23.615,53.331
317.242,116.342,23.961,55.343
315.781,115.706,24.700,57.031
316.818,116.218,25.850,55.720
312.303,117.820,27.052,55.726
309.920,117.854,26.663,56.104
307.287,119.705,26.714,54.797
305.199,122.334,25.582,53.905
304.197,124.327,25.127,55.813
304.018,124.163,25.657,56.857
302.910,126.785,25.880,57.600
302.530,129.276,25.808,59.337
300.882,130.788,27.770,58.753
300.571,131.677,27.649,59.224
300.830,131.246,26.370,60.655
299.477,130.404,26.244,61.421
298.337,131.589,26.538,62.575
295.922,130.991,27.439,64.542
297.689,129.518,28.634,65.336
294.838,129.255,28.603,67.023
284.972,128.322,28.853,67.054
273.723,125.736,28.920,66.426
266.223,117.120,27.888,66.884
259.155,106.330,27.115,71.188
252.128,95.006,28.044,72.102
241.002,92.339,28.782,73.459
231.416,91.927,28.390,73.322
223.409,87.051,29.111,70.711
220.833,77.222,29.206,69.152
214.377,73.007,28.953,70.344
208.538,56.301,29.689,70.415
196.558,42.074,30.075,73.130
180.654,33.895,31.366,76.041
162.434,31.300,33.935,75.121
149.155,23.023,33.555,75.220
138.441,20.593,33.671,73.663
128.222,20.902,32.670,73.438
115.906,18.770,32.792,71.221
106.208,21.334,32.119,69.014
96.979,21.607,31.164,69.380
88.457,22.637,30.759,69.578
83.318,25.457,29.504,70.282
81.936,27.784,30.023,71.484
84.843,28.695,31.368,71.214
92.008,35.099,32.783,70.952
98.858,42.276,34.082,71.681
109.870,53.477,33.450,74.399
119.209,65.291,33.669,76.855
137.889,81.506,34.582,79.529
157.585,90.677,36.581,78.295
165.815,96.555,36.970,78.227
180.866,113.091,36.564,78.157
197.348,127.780,37.855,76.746
221.542,139.044,40.787,76.268
238.906,143.145,44.717,78.010
257.437,144.781,48.020,80.144
269.942,147.369,47.120,85.287
282.088,151.752,41.693,87.048
281.874,154.975,40.555,86.020
282.159,157.819,39.865,82.011
287.395,156.917,38.639,83.848
287.615,153.970,37.786,86.726
286.250,156.809,38.100,88.470
284.617,157.526,39.920,88.044
283.733,156.836,44.025,84.440
285.901,157.867,45.821,85.025
290.789,156.832,44.736,88.464
295.297,155.234,43.840,90.193
298.690,158.101,43.975,89.892
300.685,157.527,43.797,94.072
306.123,158.643,43.106,94.754
311.055,155.709,43.510,95.192
315.695,157.778,42.793,93.005
318.580,161.772,40.080,94.217
320.669,161.920,39.912,91.922
327.205,159.207,38.939,90.964
328.299,161.647,40.148,89.949
332.910,158.783,40.051,92.167
332.627,159.386,44.821,87.317
332.733,156.739,47.170,83.458
335.990,161.535,45.844,83.484
339.728,156.398,40.814,87.207
341.990,155.066,38.156,87.973
342.911,160.013,39.496,86.252
343.972,159.565,39.651,86.261
339.879,161.415,39.569,85.185
335.810,162.834,39.653,84.748
333.986,161.880,37.614,82.668
331.217,161.713,37.491,79.572
331.625,163.838,36.363,77.870
333.687,160.610,34.765,77.737
335.573,157.675,32.234,79.534
332.010,159.851,34.592,78.277
330.593,156.136,37.272,75.647
333.339,153.166,36.901,73.931
333.090,154.600,38.980,69.742
334.997,156.229,38.147,68.343
336.743,155.544,37.131,66.792
338.213,158.292,39.290,63.403
342.207,155.457,35.864,65.940
340.349,159.501,34.585,64.727
340.581,160.698,33.154,63.158
339.205,162.737,31.594,62.710
338.466,165.519,30.696,59.837
341.054,166.838,30.281,57.251
342.599,166.739,29.987,55.907
345.886,168.442,27.906,58.337
338.901,167.671,29.243,56.314
335.570,167.689,28.921,54.137
333.107,167.007,28.755,51.269
334.425,168.623,29.327,48.294
333.212,169.358,28.554,46.341
333.149,170.329,28.934,45.114
329.904,169.417,29.113,42.067
329.114,170.067,28.139,40.287
328.842,173.883,27.476,39.996
327.664,174.970,26.695,39.582
325.794,176.106,25.654,39.803
324.243,177.541,24.897,40.290
323.209,178.400,24.368,42.403
322.068,177.269,23.243,43.643
320.527,177.280,22.102,45.387
319.297,177.135,20.905,47.865
