1166.000,356.000,111.000,258.000
1173.089,343.222,105.207,272.698
1169.122,345.396,103.315,278.085
1164.082,358.550,104.892,268.594
1163.719,352.202,102.247,272.106
1156.409,329.243,104.857,285.602
1146.395,326.569,108.955,291.569
1142.089,329.502,113.654,290.323
1138.460,338.843,116.506,282.546
1129.849,337.673,118.355,281.575
1120.233,345.672,118.869,277.409
1114.890,349.740,120.382,274.003
1119.555,344.759,112.089,279.532
1128.470,340.865,110.991,281.885
1130.562,337.695,114.882,285.892
1122.196,344.535,115.240,285.846
1114.545,346.196,110.655,282.201
1107.718,342.467,110.413,280.566
1103.996,338.001,111.433,287.361
1099.469,334.231,114.114,293.595
1091.209,340.058,117.284,289.482
1091.353,347.656,119.695,281.787
1092.363,350.532,122.855,277.191
1093.019,349.510,124.315,276.946
1093.287,347.089,126.057,280.729
1093.507,339.719,129.020,288.453
1096.455,332.020,134.742,295.408
1100.813,331.176,147.809,302.422
1101.972,332.679,155.317,304.132
1111.905,329.339,140.207,305.574
1126.909,328.853,121.264,307.274
1135.359,329.470,107.766,308.514
1133.435,326.765,105.588,311.638
1137.797,323.031,103.642,316.980
1139.444,320.048,105.906,322.546
1138.337,322.517,119.401,321.548
1140.080,328.774,129.825,314.816
1137.175,332.416,136.390,311.179
1129.634,328.314,141.921,311.824
1128.516,320.312,138.581,318.106
1129.452,317.835,135.077,322.221
1129.451,316.083,127.150,325.000
1129.629,318.950,122.045,323.432
1129.872,320.424,120.555,319.766
1132.398,331.882,118.864,312.827
1136.841,336.857,112.962,307.310
1139.288,340.212,109.577,301.900
1140.950,349.423,121.461,300.270
1135.373,347.130,126.371,299.801
1129.984,352.059,136.966,295.601
1125.204,357.767,144.180,292.306
1121.606,354.814,146.591,292.574
1122.412,347.925,146.579,296.961
1122.241,334.268,138.906,308.213
1110.017,323.440,139.733,318.424
1104.122,316.109,137.148,327.340
1097.507,309.819,134.348,331.398
1094.802,310.137,135.664,333.372
1095.728,315.701,140.458,331.445
1084.258,324.076,146.403,324.548
1071.303,323.850,153.074,321.399
1064.080,318.620,157.609,325.544
1070.326,312.594,173.602,329.339
1066.355,311.041,200.535,328.936
1044.606,317.913,194.776,331.558
1048.102,321.538,171.017,331.731
1077.704,323.420,175.331,325.398
1061.458,323.337,154.799,325.819
1058.750,325.138,145.612,321.113
1043.783,331.278,153.076,314.779
1063.721,338.102,166.929,303.773
1067.160,345.139,194.647,286.269
1060.489,351.455,206.551,285.630
1049.708,354.608,209.024,286.725
1052.404,352.829,212.609,288.240
1057.314,344.155,208.843,293.124
1058.982,341.580,200.030,297.703
1064.053,342.399,198.779,298.405
1064.450,338.575,186.071,301.171
1066.892,338.727,172.320,303.773
1069.773,339.216,163.628,304.775
1065.927,338.877,143.474,304.325
1069.011,333.654,130.262,306.436
1071.268,330.370,122.949,311.361
1072.737,329.031,120.691,311.878
1075.151,325.365,117.665,315.059
1088.840,331.126,124.072,311.282
1084.273,327.691,119.434,314.099
1098.320,328.784,137.119,309.444
1093.904,327.505,140.371,312.811
1091.123,331.011,140.844,315.493
1090.905,326.618,138.333,318.948
1093.265,329.380,134.282,318.501
1093.904,331.030,136.427,317.827
1093.551,341.721,146.693,309.530
1127.403,331.433,129.020,315.635
1128.281,330.897,121.393,314.689
1142.577,328.680,116.145,317.187
1152.134,326.864,115.248,316.554
1162.831,336.056,110.502,312.136
1171.938,337.503,105.226,309.969
1176.007,339.802,100.891,303.931
1176.797,342.072,100.058,300.731
1178.370,343.864,101.435,298.508
1179.246,345.869,99.227,296.076
1178.279,348.375,100.904,295.323
1183.696,353.831,96.307,291.910
1199.173,361.753,84.173,286.158
1202.891,359.881,77.251,280.599
1203.033,359.909,74.272,270.827
1208.896,360.123,70.079,264.692
1210.053,353.189,66.449,264.358
1208.656,345.005,66.597,265.802
1211.095,344.374,66.516,265.832
1214.991,339.507,62.458,271.234
1213.457,340.437,62.825,271.897
1215.637,347.388,62.141,278.499
1215.396,345.944,62.012,289.389
1203.820,340.093,70.408,293.224
1192.543,332.020,80.358,295.565
1181.402,324.182,88.852,300.342
1179.423,321.735,93.390,304.340
1171.879,325.739,97.987,305.436
1167.331,336.854,106.117,301.440
1159.208,340.552,114.065,297.192
1153.248,344.592,122.315,291.729
1142.553,340.668,125.569,291.356
1128.466,331.015,131.437,297.742
1126.178,327.650,131.093,302.778
1119.254,323.997,129.872,301.963
1107.679,327.406,121.646,298.908
1101.997,335.106,114.086,291.872
1091.429,339.270,104.439,286.572
1075.363,338.012,104.028,286.541
1065.097,334.751,108.169,289.881
1058.736,326.513,119.249,294.878
1052.422,319.794,129.820,296.152
1051.065,322.357,140.730,293.115
1049.215,329.703,145.517,288.295
1043.692,339.516,137.275,284.565
1045.644,352.029,121.814,277.280
1046.001,363.455,113.918,264.710
1047.812,364.365,111.929,259.573
1053.003,363.792,108.983,257.850
1062.008,361.490,102.975,258.892
1063.034,363.587,100.178,258.386
1068.707,366.604,95.908,257.351
1069.084,366.514,94.284,254.170
1070.734,368.705,98.123,254.657
1074.790,372.392,105.948,254.791
1073.392,374.256,111.842,252.812
1072.372,381.432,114.113,246.932
1070.918,385.092,115.392,242.355
1062.536,383.789,121.498,242.993
1040.430,375.796,137.548,247.751
1028.502,369.953,149.342,254.216
1015.167,375.347,160.024,250.896
1004.884,375.372,167.793,249.845
982.605,366.586,170.339,254.461
966.121,365.432,156.778,257.913
949.481,365.777,147.435,259.599
938.538,365.392,146.823,258.669
928.573,370.192,152.621,254.112
910.202,371.627,160.483,250.046
894.126,370.018,163.793,252.107
874.454,369.714,166.540,250.751
845.663,365.087,161.188,253.898
817.233,364.182,145.119,255.797
806.776,361.091,139.256,258.004
801.036,355.240,138.953,262.193
802.007,353.778,138.708,264.450
783.662,353.685,142.478,265.300
763.250,349.314,144.809,266.759
733.679,352.113,145.051,264.154
706.584,355.028,129.922,262.494
687.399,349.775,126.589,265.275
679.532,345.045,124.526,268.492
655.241,342.104,131.094,271.578
621.180,338.355,142.988,271.745
603.444,340.946,132.414,270.479
585.995,341.375,111.675,269.697
574.349,339.879,100.996,269.834
555.932,336.338,98.093,271.581
537.436,327.582,98.263,278.211
520.210,323.913,102.137,282.597
500.117,328.253,100.309,285.603
479.756,333.030,98.151,281.730
468.953,333.965,101.336,278.274
446.982,334.342,107.940,281.273
405.515,334.779,117.715,282.397
394.420,336.690,119.509,278.874
391.348,337.894,111.772,277.096
369.035,330.794,119.926,281.003
357.050,324.243,127.294,283.450
363.712,324.713,128.769,286.446
368.983,306.684,119.270,300.048
351.502,303.977,133.584,297.630
342.314,297.212,147.288,302.350
345.043,305.330,143.284,304.144
323.899,310.335,142.066,302.782
316.294,315.248,141.220,298.636
320.962,324.527,133.983,293.064
320.116,330.320,131.171,287.168
329.453,333.389,122.584,283.984
303.760,329.519,112.344,288.086
313.794,324.797,113.375,288.107
312.358,319.285,118.433,291.858
301.469,318.595,120.574,294.663
275.098,322.538,135.426,293.203
265.099,321.242,144.487,298.984
274.301,316.133,139.402,303.189
287.042,322.147,128.635,300.643
289.853,321.160,128.019,298.628
297.086,325.461,125.431,296.316
295.699,320.829,126.441,298.775
309.438,324.003,123.023,296.586
310.681,319.087,122.093,297.227
304.018,316.134,122.574,301.183
308.415,320.268,121.446,300.235
322.299,320.052,119.647,298.164
320.135,322.071,114.435,297.266
330.648,323.819,116.973,296.559
329.550,326.122,125.595,295.582
316.820,331.650,139.883,292.962
335.514,325.574,134.288,298.826
