63.000,162.000,76.000,61.000
66.022,163.926,75.964,61.460
65.139,164.261,75.579,61.668
65.536,163.464,76.081,62.191
64.802,163.519,75.828,62.251
65.190,163.143,75.959,62.499
65.813,163.767,75.415,62.480
66.858,164.159,74.788,62.598
67.863,164.667,73.716,62.233
66.969,164.117,74.890,62.349
67.173,164.200,76.166,62.616
65.393,163.201,77.939,63.108
65.505,162.812,78.753,63.038
64.799,162.783,79.918,62.976
64.644,163.039,80.734,62.720
64.287,163.612,81.484,62.560
64.895,163.403,82.392,62.147
63.380,163.425,82.908,62.086
63.900,162.695,82.978,62.824
63.543,162.769,83.109,62.439
62.192,163.129,82.999,62.772
63.280,162.474,83.244,63.127
63.032,163.211,84.534,62.705
63.426,162.469,85.989,62.503
63.339,162.221,85.218,62.903
63.088,162.253,84.928,62.905
63.598,162.900,83.860,62.951
63.842,162.373,84.233,62.888
63.327,162.382,83.397,62.922
64.229,160.965,82.507,64.054
64.079,162.076,81.502,64.151
64.465,160.823,80.207,64.087
65.115,161.383,78.067,63.780
65.572,161.515,76.982,63.878
67.145,161.262,76.409,64.459
67.282,161.212,75.925,64.606
66.854,160.100,76.754,65.053
68.162,160.398,75.339,64.963
68.847,160.567,74.893,64.929
69.786,159.884,74.243,65.420
69.125,159.757,74.508,65.972
68.889,159.608,74.104,66.153
70.354,159.706,72.754,65.884
68.749,159.521,72.771,66.324
69.814,158.701,71.499,66.435
67.930,159.120,72.256,66.576
68.036,159.283,72.471,66.558
68.799,158.254,72.145,66.574
67.732,158.951,73.455,66.663
66.248,158.741,73.955,66.927
65.671,158.292,74.088,67.075
64.799,157.897,74.436,67.172
64.101,157.876,75.303,67.193
64.635,157.945,75.835,67.174
64.436,157.591,75.599,66.871
63.890,157.416,75.700,66.973
63.893,158.129,75.831,67.265
64.203,157.589,75.421,66.813
64.361,157.809,75.474,66.849
62.900,157.669,75.778,66.997
63.240,157.638,75.583,67.098
62.501,156.997,76.056,67.484
63.374,157.161,76.011,67.882
63.338,156.831,76.096,68.024
62.886,156.757,76.432,68.026
62.185,156.959,76.629,68.201
62.540,156.973,76.893,68.091
62.137,156.693,76.894,68.299
61.954,156.661,76.884,68.444
62.772,158.018,75.674,68.470
62.786,157.837,74.061,68.355
63.629,157.605,73.996,67.937
62.441,157.611,73.550,68.007
62.400,158.075,73.970,68.090
63.029,158.926,73.802,67.247
62.103,158.459,73.121,67.309
62.563,158.538,72.716,66.972
62.454,158.609,72.650,66.931
62.408,158.581,72.526,66.961
62.254,158.634,72.642,66.932
61.715,159.014,73.088,66.753
62.250,159.595,72.546,66.914
61.846,159.464,73.230,66.402
61.203,159.741,73.507,66.515
61.276,159.229,73.087,66.668
61.141,158.778,72.815,66.697
60.834,158.696,73.499,66.823
61.345,158.387,73.627,66.900
60.585,159.532,73.981,66.945
60.479,159.190,73.770,66.903
61.050,159.035,73.360,66.947
61.348,158.559,72.259,67.264
61.103,158.326,71.629,67.445
61.127,158.189,71.348,67.866
61.617,157.666,71.210,67.844
61.170,157.684,71.450,67.918
61.165,158.016,71.408,68.134
61.242,157.670,71.520,68.040
59.941,157.730,71.940,68.440
60.494,157.676,72.301,68.555
59.267,157.046,72.661,68.773
60.073,156.951,72.603,68.867
59.223,157.145,72.798,68.805
59.934,157.032,72.947,68.925
60.183,157.338,72.998,68.976
64.509,156.015,69.894,67.436
66.227,158.730,67.717,66.544
64.798,159.375,68.971,66.398
64.727,160.150,67.791,66.334
63.809,159.230,68.749,67.468
62.510,159.950,69.696,67.283
62.484,159.402,70.032,66.823
62.212,159.278,70.354,67.089
61.853,158.410,71.035,68.392
62.337,156.766,71.582,69.583
61.954,155.938,71.701,70.156
62.152,157.269,71.541,69.585
61.495,157.793,71.172,69.001
61.859,158.089,70.699,68.703
60.580,156.731,71.014,69.415
61.052,156.222,71.211,69.907
60.733,154.921,71.564,71.379
61.069,153.339,71.783,72.311
60.388,153.692,72.928,73.268
61.327,152.737,73.374,73.371
59.311,154.512,75.261,72.695
58.014,152.264,77.040,73.142
54.908,153.612,80.603,72.763
52.530,153.710,82.394,72.367
48.650,151.027,85.380,72.593
48.118,151.701,87.508,71.647
48.460,150.142,89.192,69.340
45.195,150.530,90.935,68.991
44.934,149.418,91.985,69.128
45.380,150.870,93.294,68.189
45.833,150.907,95.202,67.906
45.772,150.531,96.580,68.271
45.778,149.447,100.111,69.023
46.901,149.644,103.053,68.885
46.946,148.110,106.872,69.502
46.504,146.810,108.632,71.013
47.280,146.419,113.843,71.789
48.720,144.226,121.306,73.071
48.168,141.920,132.532,75.057
45.942,140.229,140.054,77.378
44.302,140.757,143.649,78.467
43.182,140.017,144.325,79.153
42.805,140.623,145.665,79.061
43.303,139.413,145.538,79.772
42.853,139.472,146.273,80.119
43.737,139.792,146.403,80.233
42.428,141.140,146.743,80.121
41.801,140.779,147.240,79.970
42.270,140.460,147.593,80.256
41.727,140.624,148.067,80.095
41.477,140.636,148.487,79.886
41.773,140.294,148.337,80.020
40.950,141.045,149.037,80.371
42.158,140.683,148.978,80.676
41.397,140.067,148.839,80.387
40.891,140.765,149.555,80.262
41.336,140.949,149.932,80.228
40.637,140.624,149.745,80.117
41.115,140.478,149.766,80.289
40.345,140.166,149.563,80.147
40.867,140.075,149.569,80.255
40.790,139.773,150.275,80.442
40.518,140.344,151.273,80.759
39.623,140.290,151.318,80.507
40.056,140.144,151.393,80.736
39.027,139.470,151.219,80.599
39.361,140.103,151.918,80.806
38.633,139.930,152.098,80.852
38.882,139.227,151.785,81.329
37.573,137.819,150.527,82.695
53.856,134.634,138.502,84.867
54.342,134.875,135.039,82.444
50.352,133.422,128.766,79.894
56.152,136.882,130.832,74.792
59.146,140.544,132.996,74.934
73.576,132.214,123.436,78.955
77.113,130.580,119.018,80.259
71.266,115.037,116.442,91.321
77.086,111.389,114.357,96.148
78.241,108.284,112.469,99.366
79.703,106.994,110.867,100.820
79.975,107.114,110.044,101.604
81.735,105.607,108.039,102.789
81.142,105.794,107.580,103.202
80.663,105.171,108.329,103.671
79.374,104.572,109.199,104.355
77.988,104.029,109.869,104.700
75.794,104.232,110.518,105.436
63.887,105.040,116.532,106.872
72.919,103.409,114.760,106.599
68.767,105.119,118.843,107.535
66.079,104.465,121.197,107.187
62.092,103.688,124.019,107.850
59.734,103.332,126.417,108.184
58.638,106.658,129.544,106.574
55.119,107.581,132.618,105.480
56.781,110.388,134.363,102.443
53.459,115.299,138.278,98.949
54.060,121.084,141.851,92.001
52.976,120.230,140.016,92.122
56.543,127.688,143.405,85.438
47.560,132.716,145.954,82.256
45.937,136.697,146.407,79.417
44.861,134.888,144.700,79.145
48.959,133.035,141.988,82.384
46.489,138.829,142.523,79.410
43.921,137.987,141.840,77.659
48.172,139.466,138.897,77.481
44.458,139.154,137.695,76.972
47.434,139.028,135.654,76.839
43.805,140.423,137.528,77.278
43.056,139.947,137.823,77.294
43.051,140.283,139.414,78.285
41.294,141.035,140.188,78.585
41.005,141.168,141.852,78.936
39.241,140.602,142.423,78.971
39.812,140.153,143.723,79.045
38.842,141.287,144.607,78.635
40.115,141.738,144.788,78.206
39.618,142.508,144.114,77.929
39.693,143.289,143.702,77.913
40.983,143.034,143.873,77.017
41.175,143.125,144.175,77.020
41.006,144.008,144.437,76.214
39.598,146.100,145.713,75.063
37.070,149.936,147.618,72.787
38.528,150.007,146.633,71.004
35.750,151.745,144.041,70.100
34.700,151.420,138.089,70.365
35.238,151.097,133.323,70.057
37.533,151.295,133.142,69.832
35.968,152.238,131.142,69.554
41.581,147.282,134.724,71.323
38.584,148.645,138.789,72.325
41.536,146.246,141.580,73.248
36.851,148.802,146.086,72.447
37.648,148.295,147.783,71.573
39.543,148.841,149.292,69.802
36.043,150.318,150.540,68.969
36.802,149.067,148.798,69.405
34.817,146.302,146.917,71.814
37.059,144.430,148.245,73.782
37.424,142.341,148.712,75.668
37.234,141.985,147.977,76.357
37.098,141.038,146.601,76.696
35.925,142.747,144.692,76.340
34.851,142.474,141.117,75.765
34.298,142.129,138.956,76.039
34.783,141.339,138.031,76.283
35.431,141.604,137.394,76.174
33.956,142.702,135.963,75.775
34.020,143.323,135.878,74.849
35.224,143.865,135.310,74.305
40.469,142.814,134.662,75.023
41.936,144.236,136.338,76.108
41.297,142.186,136.974,76.619
40.123,143.907,136.143,76.643
42.344,146.675,138.456,73.994
40.241,149.016,139.653,72.232
39.376,149.687,137.654,70.737
37.648,154.526,133.137,68.109
36.445,157.890,130.014,64.587
36.601,160.981,126.280,62.063
36.113,162.083,122.319,60.423
37.407,164.928,118.735,58.590
39.289,166.687,113.768,57.443
39.015,166.978,107.136,57.869
41.132,168.150,103.938,57.249
38.676,168.742,102.638,56.968
39.482,169.845,102.774,55.929
38.625,170.038,102.719,55.679
40.623,170.505,101.712,55.299
40.683,170.339,100.630,55.284
40.922,171.532,100.192,55.078
39.995,170.775,100.088,54.792
39.269,172.163,98.774,53.822
39.780,173.312,98.555,53.215
40.831,173.179,98.158,52.789
40.837,173.687,97.946,52.433
39.513,174.514,98.179,52.207
39.602,173.892,98.081,52.287
39.241,172.243,97.938,53.122
38.595,173.712,97.833,52.813
38.432,173.373,98.117,52.498
39.821,172.997,98.196,52.301
39.833,173.051,98.577,52.952
39.321,172.867,98.895,52.729
38.716,173.262,99.660,52.983
37.795,173.296,99.365,52.752
38.473,173.601,99.275,52.568
38.172,173.517,99.476,52.398
38.425,173.403,99.274,52.314
39.727,173.059,98.629,52.232
38.780,173.500,98.844,52.612
38.359,173.371,98.712,52.586
38.382,173.840,99.367,52.455
36.999,173.399,99.992,52.682
37.389,172.984,99.673,52.940
37.023,174.025,100.155,52.784
37.417,173.588,100.223,53.089
35.852,172.628,101.094,53.391
37.390,172.591,100.022,53.612
37.064,174.193,100.244,52.975
34.540,174.080,100.116,52.804
35.537,173.646,98.268,53.194
36.430,173.310,97.106,53.224
34.563,173.106,98.119,52.620
35.961,173.434,97.948,53.118
36.014,173.519,98.430,52.916
35.088,173.033,98.686,53.239
36.684,172.486,99.412,53.410
36.545,172.231,100.103,53.937
38.570,171.424,100.234,53.914
36.512,172.240,101.428,53.676
38.942,170.285,100.568,53.741
39.579,170.995,100.080,54.036
41.440,170.301,98.308,54.105
40.593,170.795,98.169,54.266
42.536,170.367,96.159,54.573
42.714,170.331,94.687,54.366
43.197,169.295,93.555,54.415
42.020,169.715,94.133,54.861
42.053,169.500,93.984,55.247
41.585,169.843,93.455,55.095
42.406,169.288,92.867,55.063
42.198,169.044,92.686,55.030
43.090,169.699,91.786,54.896
44.738,169.847,90.908,54.757
43.375,170.821,90.629,54.317
42.588,171.416,90.959,54.196
42.193,171.245,92.003,53.893
41.542,172.219,92.884,53.317
41.577,172.672,92.633,53.177
41.466,172.879,92.979,52.882
42.218,174.189,92.839,52.179
41.473,174.400,92.720,51.703
41.320,175.777,92.571,51.042
42.710,175.546,92.294,51.031
43.086,175.258,90.771,50.979
43.390,175.497,89.716,51.061
43.087,174.136,89.727,51.503
42.753,174.677,90.146,51.604
44.036,174.173,90.781,51.801
42.284,172.990,91.110,52.426
43.571,171.410,92.821,54.032
42.706,170.763,91.444,55.058
42.528,170.422,90.865,55.608
43.509,170.065,90.152,56.109
42.913,169.997,89.349,56.117
43.058,170.533,88.986,55.796
43.306,172.757,89.161,54.628
43.949,172.322,90.459,54.202
42.271,173.184,90.479,53.423
42.388,173.995,90.118,52.609
42.790,174.291,89.788,52.289
42.614,174.985,88.928,52.087
77.751,137.606,93.463,48.356
74.274,136.337,96.963,44.516
72.169,136.756,98.510,42.247
75.477,137.617,97.383,41.303
74.630,138.217,97.165,41.204
76.245,138.063,95.601,41.457
77.286,137.911,93.797,41.915
73.918,137.887,95.920,41.625
72.708,137.269,96.062,41.290
77.556,136.114,93.203,42.276
76.089,135.420,92.629,42.987
78.734,134.435,91.600,43.012
74.964,133.388,93.209,42.502
79.470,132.780,91.126,43.352
79.364,132.359,90.431,43.549
77.219,132.516,91.817,43.216
74.787,132.821,94.077,43.115
73.847,133.285,95.195,43.376
70.489,133.003,98.093,43.208
68.716,133.541,99.950,43.274
67.116,132.881,101.428,42.910
67.661,133.337,102.207,43.659
65.830,134.033,103.088,43.695
66.933,133.389,103.393,43.598
65.918,133.873,103.654,43.558
67.526,132.933,102.749,43.867
67.147,134.080,102.981,44.089
65.984,133.274,103.414,43.887
66.474,132.719,103.286,43.884
66.422,132.244,103.507,44.196
66.929,132.968,103.384,44.373
65.873,131.962,103.575,44.386
65.351,131.758,103.586,44.707
65.281,130.941,103.611,44.598
65.780,131.441,102.320,45.061
66.291,132.265,102.088,45.214
66.484,132.431,101.136,45.700
66.858,132.329,99.977,45.445
67.853,132.100,98.926,46.099
68.789,132.310,97.295,46.346
69.890,132.289,96.130,46.845
69.397,131.894,96.198,46.715
70.730,132.429,95.866,46.877
69.688,132.898,95.770,46.668
69.592,132.170,96.296,46.565
69.403,131.634,97.227,46.370
67.265,132.511,97.369,45.960
68.873,132.542,97.425,45.704
66.642,132.470,97.858,45.538
67.958,132.427,97.681,45.650
68.277,132.968,97.391,45.712
68.548,132.606,97.419,45.635
67.457,132.483,98.234,45.495
69.504,132.352,97.887,45.558
70.079,132.865,96.614,45.472
71.253,132.810,95.704,45.226
69.382,133.333,95.057,45.564
71.803,133.168,93.677,45.830
70.218,133.211,94.041,45.459
71.671,134.081,93.990,45.851
69.426,134.077,94.073,45.201
73.367,133.544,92.092,45.357
71.489,133.751,92.479,45.400
71.584,135.046,92.834,45.071
71.137,134.474,92.313,44.941
72.818,134.334,91.934,45.286
72.249,135.043,91.984,45.166
70.566,134.548,92.289,44.639
71.365,134.324,92.112,45.049
72.084,134.178,92.128,45.310
69.366,135.001,93.022,44.953
69.501,135.026,93.601,45.118
70.210,134.568,92.903,45.474
71.383,133.903,92.083,45.716
71.966,133.826,92.361,45.257
69.577,134.585,92.059,44.703
68.505,133.234,93.391,45.332
66.877,132.559,94.497,45.467
66.844,131.755,95.415,46.057
66.713,131.621,95.892,45.750
66.314,130.952,96.094,45.751
67.890,130.915,95.377,45.942
67.262,130.731,95.187,45.945
67.771,130.379,95.461,45.950
69.832,130.616,95.072,45.699
69.172,131.477,94.411,45.694
70.037,132.384,94.087,45.586
65.572,132.352,95.864,45.098
67.081,132.908,95.985,45.339
