258.000,96.000,344.000,110.000
260.551,97.350,346.012,104.368
259.835,98.540,346.513,101.237
259.282,100.702,348.249,98.344
259.257,100.635,347.743,98.341
258.217,102.670,346.080,96.694
258.535,102.836,345.058,96.639
253.777,103.886,342.209,96.214
252.940,103.855,339.711,96.568
250.083,104.457,336.362,96.813
245.854,104.295,337.382,96.210
241.768,103.729,337.264,96.016
240.695,103.621,334.440,94.926
239.372,103.550,331.334,94.362
237.732,105.099,329.881,93.465
235.828,105.836,328.121,94.004
232.711,106.765,328.963,93.384
229.187,106.030,329.151,92.492
231.598,106.544,325.826,92.562
229.335,107.295,323.671,91.330
229.366,108.702,322.657,91.036
228.422,109.160,322.866,91.246
228.152,109.905,322.521,90.823
227.479,110.034,322.384,90.254
226.581,110.017,320.963,89.723
226.529,110.079,319.747,89.442
225.369,110.141,319.899,89.089
224.522,110.322,319.566,87.909
222.229,110.524,318.555,86.986
221.999,110.532,316.366,86.636
221.119,111.419,314.232,85.492
221.327,110.632,312.797,86.378
219.346,110.468,312.431,86.636
218.112,110.509,312.038,86.339
218.397,111.458,311.373,85.486
218.043,111.161,310.214,86.009
218.587,112.321,311.101,85.155
220.275,111.939,310.415,85.174
220.746,111.675,310.401,84.553
221.167,113.944,311.460,84.014
221.845,113.101,310.936,83.755
223.537,114.604,311.767,82.869
221.969,113.073,311.810,83.340
223.674,116.281,310.916,81.805
223.277,114.466,309.056,83.314
226.009,115.920,309.257,82.160
225.360,114.045,309.142,83.297
226.259,116.230,309.596,80.881
227.490,117.315,309.139,79.861
226.327,116.216,309.880,80.968
230.217,118.971,309.180,80.274
230.868,116.773,309.189,82.280
231.199,117.509,309.192,81.313
230.148,116.563,308.799,80.287
231.994,117.362,310.230,79.064
230.478,117.283,313.726,78.802
230.252,117.298,316.815,78.378
229.871,116.826,316.119,79.376
228.833,115.215,318.522,79.989
232.140,115.142,318.175,79.713
232.232,115.185,317.615,79.693
230.282,113.212,316.487,79.375
230.105,114.717,311.857,78.430
230.833,115.426,308.012,77.254
231.980,114.355,306.896,77.928
231.658,116.382,305.568,77.855
228.913,115.737,302.589,78.570
228.726,115.555,301.399,78.310
230.248,115.739,304.158,77.657
223.876,116.571,300.128,77.979
224.811,117.841,300.050,76.921
223.586,118.696,297.073,76.832
224.161,118.165,296.120,75.926
220.233,118.543,295.953,74.991
220.938,118.526,294.668,75.422
219.467,119.145,293.520,73.773
218.214,119.124,292.491,73.717
215.495,119.545,292.043,74.059
217.807,120.488,290.700,73.343
212.476,120.044,292.022,73.049
213.110,120.551,290.998,72.928
212.961,120.735,289.228,71.884
211.609,121.020,288.223,71.998
209.940,121.462,288.906,71.670
210.334,121.910,287.787,71.592
209.407,122.889,287.157,71.307
208.521,122.797,287.265,70.812
206.768,124.062,287.362,70.774
204.082,123.548,288.703,70.760
202.776,125.116,289.127,70.355
201.476,124.590,289.064,72.452
200.637,123.250,288.259,72.147
202.218,123.269,285.781,72.169
199.429,122.737,285.531,71.904
200.874,122.526,283.931,72.417
197.843,122.400,284.702,72.127
196.589,121.877,284.864,71.382
193.424,122.658,284.168,70.584
193.955,121.730,283.305,70.057
193.491,123.011,282.103,69.643
193.087,122.241,279.971,69.904
192.459,122.172,278.336,68.882
193.087,123.284,277.207,68.325
190.915,124.621,277.465,68.624
191.417,123.548,276.583,70.725
192.307,124.177,275.972,71.328
192.214,122.834,276.604,71.690
193.194,123.105,276.185,71.766
193.015,123.207,276.096,72.774
190.937,123.284,278.394,72.578
190.345,123.063,280.243,72.531
191.197,123.096,280.405,72.749
191.634,122.037,279.324,73.045
190.815,120.567,278.569,72.681
188.330,121.658,278.761,71.773
192.400,121.421,275.743,71.040
193.350,120.803,274.335,70.915
192.641,119.399,274.912,71.016
195.566,120.225,273.442,71.017
199.318,118.544,273.047,70.007
203.756,118.160,270.803,70.692
204.491,116.623,270.831,71.429
204.350,116.060,271.807,71.731
208.843,115.468,269.446,72.067
206.366,113.723,271.487,72.590
208.843,112.864,270.425,73.212
204.437,113.886,275.048,72.413
206.073,112.507,274.718,72.839
205.716,114.965,275.764,72.254
206.857,113.571,276.355,73.021
207.290,113.996,280.437,72.283
207.481,115.054,282.043,71.799
212.074,115.783,280.228,72.151
214.093,116.261,280.451,72.407
218.624,117.505,278.532,72.993
217.574,119.256,280.068,72.690
220.789,119.944,277.310,72.401
219.257,121.743,279.134,72.165
221.563,122.001,278.065,72.562
224.244,122.435,276.004,72.816
225.022,119.593,275.668,74.185
228.693,115.664,275.373,74.779
233.357,113.884,273.914,75.302
233.997,112.081,274.269,75.584
235.506,110.141,274.533,76.418
238.263,110.513,274.832,74.899
240.244,111.563,274.351,73.821
241.300,112.779,275.512,73.459
242.157,113.297,274.367,73.697
241.772,115.688,274.463,72.448
240.896,117.623,273.248,71.422
237.809,118.597,275.169,71.686
233.267,122.803,275.645,71.042
228.073,125.523,277.563,71.152
225.809,128.331,275.904,70.434
225.775,132.109,273.560,68.898
220.545,135.956,273.468,69.124
219.986,140.583,273.002,67.724
216.466,146.312,273.412,67.700
216.534,149.424,273.633,67.837
210.204,149.885,276.256,66.999
206.948,147.476,276.702,68.033
209.210,144.184,274.504,68.713
210.998,141.081,271.831,69.186
211.837,139.880,269.603,70.242
213.692,136.804,269.106,69.873
208.836,136.897,270.769,67.748
208.875,137.212,270.536,67.352
205.240,134.305,271.580,67.116
198.340,134.538,276.242,65.654
197.402,134.667,279.194,66.435
196.322,134.640,281.276,66.366
196.717,135.424,283.851,66.180
198.701,136.451,284.036,67.083
201.112,136.897,286.408,66.063
203.105,137.908,285.512,66.341
198.537,136.086,287.636,67.934
203.852,135.022,285.239,69.061
200.363,132.979,290.390,67.094
196.813,133.479,292.598,65.574
203.797,132.644,289.277,66.918
202.157,130.135,291.909,66.345
198.752,132.358,296.620,66.826
192.092,130.226,302.173,66.072
199.463,128.543,302.145,66.814
192.667,128.025,304.358,67.900
198.921,124.510,302.822,68.495
191.471,123.473,309.118,68.471
193.353,121.708,309.815,69.952
194.302,121.330,313.398,70.785
186.479,120.919,318.540,70.412
190.268,119.527,316.437,70.393
184.716,119.077,318.910,70.854
189.998,117.450,317.966,72.104
185.078,116.450,321.415,70.772
184.892,117.375,322.674,71.276
183.949,117.243,321.973,72.060
185.237,116.779,321.759,72.909
187.163,116.473,319.856,72.741
187.026,117.678,320.131,74.070
184.236,115.754,322.052,74.380
180.856,115.830,325.208,74.144
179.778,115.601,326.073,73.865
179.319,114.767,327.656,74.616
174.709,115.834,329.936,74.220
173.492,116.571,331.539,75.521
170.315,116.495,333.975,73.982
170.712,117.233,335.498,76.373
175.560,118.800,333.383,78.958
174.152,114.138,335.135,77.695
166.123,116.024,340.743,78.526
166.549,112.854,341.627,76.799
163.457,112.071,340.485,75.650
163.264,113.162,338.849,77.947
160.031,112.921,340.396,77.357
160.238,111.721,340.341,76.533
158.743,112.899,341.599,74.344
158.409,112.713,340.697,72.045
161.918,117.708,341.275,75.684
162.389,116.827,339.186,76.915
157.527,117.386,340.818,75.924
160.708,117.480,338.727,76.306
159.643,117.336,338.688,77.377
157.715,117.974,340.617,78.176
159.450,116.733,339.822,78.081
158.064,117.547,339.902,78.373
158.790,118.276,338.681,80.315
159.869,116.237,339.552,77.065
160.958,118.601,336.602,79.481
155.618,116.104,340.056,76.172
155.507,117.582,338.547,79.267
150.178,115.010,339.055,79.782
149.347,115.914,338.351,80.671
142.838,114.145,339.490,78.622
146.644,115.969,335.587,81.909
145.340,114.389,336.894,81.076
140.539,118.705,338.959,81.315
135.247,118.497,342.925,80.479
132.551,120.328,346.207,81.322
132.054,118.884,348.136,80.119
126.515,120.725,351.690,80.815
123.906,118.696,354.603,80.813
122.541,120.131,355.374,83.178
116.669,119.136,361.144,81.587
114.096,120.580,363.366,82.132
114.997,121.578,364.610,83.602
114.901,119.774,362.819,85.161
112.620,120.339,364.896,86.070
107.647,120.793,367.062,84.950
107.729,120.013,370.685,82.902
102.948,118.912,377.529,81.194
95.848,117.941,380.757,84.199
94.382,115.094,384.058,86.800
98.569,120.892,386.401,88.508
94.228,115.891,391.242,87.880
95.403,117.621,390.009,90.640
93.134,115.745,391.248,91.217
95.881,118.235,390.789,91.834
97.063,114.900,392.171,92.149
94.261,116.592,393.262,92.782
91.194,112.871,396.066,91.484
97.422,116.826,393.176,94.532
98.420,114.600,393.727,94.256
100.036,117.126,390.390,95.208
101.654,115.005,394.552,93.211
105.456,116.729,388.961,95.019
104.858,113.596,388.216,94.650
105.051,117.223,386.451,96.478
105.024,115.562,388.900,96.042
100.349,112.852,390.718,96.249
109.027,118.660,387.968,96.001
96.400,111.371,396.231,95.367
102.369,117.755,392.764,94.948
101.773,114.082,392.134,95.138
110.564,117.566,389.308,94.344
104.898,113.396,391.864,95.870
112.752,118.217,387.397,95.905
104.284,111.787,392.738,95.442
110.819,115.728,387.058,95.898
108.039,112.113,389.749,94.763
106.354,115.319,390.584,94.212
103.515,113.936,389.540,95.626
104.305,114.952,387.767,95.864
103.926,113.853,390.419,95.601
102.006,114.601,390.490,94.132
100.362,115.683,391.296,93.325
104.672,114.905,388.951,93.775
99.216,114.599,394.000,92.850
98.400,115.220,393.400,92.705
98.524,117.104,392.366,92.075
98.524,115.605,393.092,92.612
96.873,114.809,394.438,93.039
107.076,116.718,387.798,93.011
96.151,114.466,393.511,90.951
98.970,116.483,392.308,92.145
97.925,115.755,392.176,92.082
102.876,118.046,388.798,95.233
99.443,114.427,390.587,95.750
103.500,117.065,388.783,94.981
98.141,112.991,393.308,96.480
100.420,116.316,391.898,95.871
101.226,114.804,390.718,97.776
103.660,116.073,389.750,98.101
101.138,114.022,389.492,95.780
103.417,115.507,386.837,95.721
100.478,113.686,388.561,96.165
103.307,115.318,388.048,94.839
103.115,114.750,387.349,94.798
108.258,113.353,383.125,96.187
113.891,113.282,380.661,94.556
108.024,114.375,382.250,93.366
107.869,112.632,381.101,94.433
110.112,112.855,380.514,95.211
110.345,113.967,380.079,95.764
107.705,113.384,382.109,94.153
109.724,112.842,381.250,95.841
107.210,114.708,384.563,92.838
111.157,113.509,381.478,93.483
115.337,115.265,380.876,93.478
110.559,110.483,384.129,92.282
111.119,113.833,383.741,92.682
112.024,114.414,383.446,92.770
108.099,110.801,385.838,92.256
104.367,116.176,388.315,92.056
110.875,110.715,382.809,95.596
110.663,112.802,385.114,95.010
111.105,112.449,385.324,94.227
110.532,109.841,385.949,94.183
105.003,113.943,389.595,93.683
108.221,112.746,389.126,94.442
110.093,112.756,387.341,94.881
107.576,111.294,391.100,95.646
108.260,109.068,389.704,98.096
111.093,106.800,389.125,98.265
106.637,111.965,393.620,96.640
109.806,109.390,392.046,96.100
107.758,108.685,393.122,96.322
105.114,111.194,394.775,96.165
110.946,108.524,389.274,98.230
107.776,107.774,391.813,97.583
106.901,110.259,395.712,96.724
108.648,108.783,393.836,97.664
106.348,108.089,393.466,98.890
111.686,108.566,391.039,98.517
112.478,109.548,389.128,98.271
106.665,108.062,392.528,98.880
115.198,109.294,388.538,98.420
107.629,107.634,393.974,97.129
116.003,109.129,389.128,97.329
107.655,108.546,392.794,97.913
113.742,110.741,391.670,96.403
105.947,108.560,394.826,96.752
115.435,108.912,389.885,97.372
107.844,108.114,393.606,97.228
114.236,109.280,390.819,95.851
112.733,109.258,390.751,97.295
113.034,110.594,390.126,97.685
112.658,110.108,389.833,98.074
110.157,111.026,391.752,97.136
107.846,110.412,393.102,97.032
113.836,109.106,387.301,98.932
107.465,107.298,393.098,100.977
114.213,109.237,390.690,100.251
107.199,106.457,394.081,99.224
112.466,109.381,394.119,99.063
104.053,107.520,395.459,98.999
113.313,108.849,392.258,98.917
108.770,109.592,396.590,97.745
106.420,107.847,397.186,98.381
108.831,107.272,396.537,100.128
104.741,104.782,399.105,98.891
106.915,107.489,400.147,98.772
103.747,105.953,402.822,98.494
107.244,106.781,399.395,96.579
105.235,107.188,400.924,97.844
105.074,107.088,402.460,98.081
106.304,107.045,402.724,97.587
108.631,107.073,400.730,97.330
107.520,106.860,400.254,97.571
107.966,106.578,401.355,98.035
104.594,105.615,400.040,100.019
103.439,105.242,401.737,100.438
99.886,104.668,404.666,100.640
99.041,106.180,407.597,100.635
95.557,105.347,413.467,101.800
96.982,103.304,413.585,100.568
96.137,103.689,409.970,101.856
97.235,105.604,409.893,100.408
92.040,105.529,417.661,101.573
101.409,103.394,412.370,101.908
94.760,105.211,416.347,102.248
93.520,102.523,416.471,101.054
99.487,103.687,411.435,102.378
97.502,106.250,415.512,102.242
94.600,103.739,416.699,102.494
100.759,104.760,416.819,100.876
98.194,103.177,413.570,100.771
97.439,105.024,415.816,102.357
96.155,101.247,413.874,103.282
105.534,101.781,408.476,103.418
104.524,103.774,411.580,102.767
102.966,101.582,410.089,102.486
102.866,103.283,411.718,102.242
111.265,101.944,405.123,102.263
113.341,100.946,402.555,102.399
109.747,101.750,405.179,101.973
109.133,103.100,405.876,101.737
110.959,102.633,404.740,102.243
112.525,102.428,403.133,102.479
114.812,101.466,401.882,102.688
114.302,102.986,401.585,101.402
110.683,103.446,404.114,101.339
112.345,104.975,405.947,100.002
109.317,104.914,407.467,101.084
107.114,105.179,409.529,101.990
107.836,104.359,410.440,103.432
110.903,104.889,408.992,103.560
106.644,105.177,411.949,103.337
106.079,103.267,410.709,105.584
111.334,103.603,407.495,104.150
100.033,105.468,415.923,102.868
109.796,105.784,410.038,102.603
103.732,105.194,413.011,102.207
104.784,106.918,413.245,100.861
107.429,107.357,411.550,100.738
102.123,106.744,413.649,100.884
104.351,105.288,411.398,101.958
97.735,108.582,417.145,101.008
101.551,106.624,413.595,104.369
104.448,105.957,411.409,106.458
98.815,105.242,414.824,105.776
98.214,105.302,416.132,106.769
99.496,105.879,417.466,105.731
99.218,104.495,416.926,107.144
95.298,104.862,419.600,107.182
95.015,104.293,420.060,106.836
91.838,105.162,421.588,106.915
94.908,104.904,419.551,106.889
94.615,103.677,419.902,108.521
93.192,103.410,421.398,108.911
92.164,102.055,421.499,108.354
90.452,100.644,422.982,109.057
90.042,103.266,423.451,106.442
89.208,103.462,425.508,106.494
95.070,100.734,420.702,106.292
88.383,101.593,425.809,106.249
96.971,101.581,424.106,105.879
93.400,100.525,426.139,106.925
95.350,100.362,425.741,107.432
96.075,99.721,426.862,107.030
