439.000,287.000,290.000,430.000
441.755,287.277,297.591,417.850
441.189,288.881,296.290,414.125
438.320,284.680,296.949,411.831
441.357,282.825,298.772,413.998
434.879,276.180,299.431,422.140
438.454,268.706,295.025,420.358
441.012,269.708,285.214,424.524
445.461,265.439,284.095,422.695
443.119,263.134,298.474,412.831
439.840,263.856,301.092,422.794
443.871,257.699,305.360,417.845
443.439,256.485,302.840,414.215
441.103,250.675,303.046,420.963
443.125,256.519,298.975,421.122
447.040,247.293,289.686,427.276
445.258,241.373,285.787,433.833
448.486,235.594,289.216,431.077
447.012,239.536,292.143,424.509
447.124,242.319,302.336,405.018
449.405,244.812,297.751,393.915
454.653,235.695,296.782,401.001
459.017,231.339,294.159,403.598
456.561,242.034,293.051,414.942
454.780,238.450,293.534,424.928
460.277,234.031,286.605,439.561
457.069,236.724,287.115,448.256
460.678,236.461,304.230,437.897
463.772,229.712,299.933,439.033
456.300,240.633,299.745,435.383
461.717,229.708,295.340,437.162
456.405,251.628,288.455,426.097
460.952,245.775,293.660,427.158
458.764,248.476,294.229,434.593
460.111,250.664,292.801,444.258
459.415,255.575,297.216,440.859
450.431,267.790,297.698,429.742
453.066,262.848,298.922,430.364
454.207,258.031,296.973,428.499
453.116,263.398,296.360,427.022
454.288,263.131,292.240,439.012
453.225,264.687,294.509,441.401
453.465,264.820,296.049,437.230
455.210,266.420,289.974,443.412
454.605,265.379,292.806,441.236
453.310,264.682,292.817,439.694
451.053,270.080,290.768,438.476
450.730,270.396,291.905,435.276
449.691,263.033,286.881,428.939
449.925,272.361,278.033,434.244
455.245,273.133,272.174,432.533
458.474,262.506,265.524,444.213
451.917,272.973,265.152,439.439
452.788,276.425,268.675,414.308
444.035,291.388,259.625,397.872
447.291,298.525,284.809,358.186
437.412,305.630,274.775,340.998
439.251,313.308,279.901,326.278
440.737,306.489,276.789,325.063
449.021,303.994,262.151,333.719
455.875,302.752,250.845,340.701
465.412,285.497,245.183,336.226
477.910,287.016,237.336,330.181
483.895,275.890,235.900,315.865
481.372,287.690,238.154,305.638
502.686,281.329,223.946,301.696
508.160,287.490,213.616,305.849
509.187,287.432,213.544,303.041
513.080,274.168,208.240,301.835
540.215,278.723,193.762,299.358
523.270,277.733,195.773,292.421
524.217,277.782,201.042,284.737
520.833,272.980,206.541,274.168
537.922,256.796,200.691,267.701
553.156,246.501,190.878,254.668
562.410,242.647,197.538,240.310
581.780,230.768,186.892,236.869
585.337,244.157,195.683,221.735
580.690,247.218,204.094,205.098
596.326,257.675,214.407,187.344
609.066,257.797,205.536,183.071
638.738,267.728,201.403,172.300
646.802,269.575,194.784,169.723
655.224,278.612,193.866,166.163
665.051,278.579,186.598,165.174
671.322,279.905,180.662,163.278
676.897,278.682,175.390,161.940
677.347,274.658,168.078,160.388
680.760,274.384,164.619,157.713
676.085,262.230,164.731,154.123
673.794,263.749,166.040,151.247
661.585,249.436,174.231,144.749
657.594,250.758,177.547,144.350
649.729,228.433,179.960,141.634
648.934,227.551,179.472,140.265
641.227,223.867,182.158,138.602
635.848,223.997,184.774,138.771
628.012,222.991,185.538,139.062
634.921,221.778,183.630,139.382
627.541,224.098,185.821,140.489
629.798,222.343,186.323,137.277
628.527,230.101,176.490,151.808
622.803,228.854,173.752,157.037
648.028,227.236,176.669,157.848
664.729,226.539,165.390,166.691
632.999,251.009,169.876,172.152
619.903,250.185,178.527,171.991
637.351,266.131,187.023,169.708
632.752,269.643,192.984,163.526
648.712,268.496,191.686,168.075
646.190,270.598,191.250,170.969
674.660,270.335,179.002,178.464
676.185,269.634,173.443,183.015
700.639,278.131,167.567,183.793
697.030,278.644,165.233,187.723
708.976,293.172,154.785,198.467
699.810,299.677,158.334,204.131
730.862,305.321,146.053,213.944
732.136,314.167,142.754,217.853
746.564,339.399,136.404,231.765
748.759,353.647,137.283,230.646
735.940,374.210,148.910,211.981
729.501,369.370,155.588,207.931
701.019,390.834,180.766,187.881
684.821,412.245,195.019,181.240
696.563,402.443,198.906,180.901
644.674,456.779,222.478,156.000
642.662,452.719,238.579,154.685
673.504,457.430,223.961,162.934
718.865,429.646,208.533,174.859
765.899,394.652,175.856,206.240
773.063,376.714,162.483,217.251
763.142,386.871,164.980,212.687
767.140,385.032,159.204,210.830
761.030,389.375,162.272,209.273
758.081,393.010,162.696,208.276
752.985,399.045,169.553,203.826
732.658,400.727,176.974,202.487
740.273,399.769,177.166,203.376
725.661,402.373,177.186,206.625
713.835,407.795,181.428,203.471
693.679,390.016,184.943,213.915
691.345,371.115,190.965,215.338
654.009,392.874,209.738,199.967
653.039,383.739,216.287,204.950
664.537,352.828,206.485,209.782
670.164,342.443,201.292,215.229
671.180,281.560,192.832,242.898
671.322,270.451,189.490,258.857
647.140,238.686,209.126,259.846
645.240,238.520,221.486,266.755
659.845,213.250,229.626,280.695
658.462,214.230,230.800,292.951
683.341,199.390,247.070,293.536
681.087,203.252,250.599,308.372
709.103,222.500,250.375,344.936
743.860,215.056,232.914,379.867
759.193,290.367,248.313,415.552
751.506,278.582,259.323,431.281
744.610,321.066,288.915,405.170
740.128,328.758,301.673,395.677
735.847,300.472,322.986,415.237
731.344,297.129,337.405,420.453
722.629,261.023,339.521,445.510
725.783,259.163,342.700,451.922
698.806,233.071,340.778,465.887
701.447,235.922,337.249,466.112
642.214,232.905,355.620,473.858
640.449,228.001,363.817,473.818
596.928,208.381,360.712,472.330
589.722,210.489,365.123,474.622
561.344,178.223,379.819,462.975
562.726,177.703,380.893,462.594
551.540,156.909,381.264,475.220
547.774,155.285,380.902,487.298
530.241,140.848,377.730,501.731
527.174,132.020,383.066,511.926
513.441,119.511,386.468,512.023
512.537,116.839,387.839,514.094
500.362,122.377,383.882,506.408
502.258,118.861,385.491,504.662
533.448,117.674,358.576,511.174
540.839,116.705,345.847,509.556
567.939,107.643,324.662,511.202
571.645,101.741,316.038,501.265
590.186,99.319,292.267,501.679
596.428,103.422,285.172,508.747
600.260,92.830,267.410,515.697
614.375,87.820,252.232,520.718
606.292,78.958,253.659,512.669
615.603,82.702,247.504,510.591
615.414,72.173,248.738,517.082
611.814,77.408,253.182,513.974
610.688,59.693,260.419,501.860
605.591,58.257,263.851,500.239
628.312,65.243,255.261,488.921
634.305,58.383,248.569,484.380
638.691,57.449,248.786,466.461
640.021,66.346,246.372,466.350
641.002,70.644,248.238,450.400
629.849,58.351,256.306,439.394
635.698,71.765,255.763,452.718
632.045,56.233,258.886,461.874
641.706,60.666,253.849,484.130
645.964,34.552,253.062,489.814
642.525,32.851,252.164,507.054
633.294,26.100,257.013,520.351
633.247,16.170,259.301,530.769
624.974,12.126,263.367,544.483
626.382,8.058,262.814,548.267
631.616,7.613,260.978,548.780
628.415,6.102,260.903,535.514
629.014,6.624,257.210,537.048
629.079,18.507,257.030,531.452
622.681,9.321,261.289,526.304
618.330,10.996,263.145,521.378
619.136,13.158,261.262,524.490
613.480,19.410,263.102,530.463
610.514,18.644,265.191,530.725
602.639,19.651,265.254,530.442
603.192,23.251,264.156,529.612
590.672,18.610,266.970,519.875
580.295,8.555,274.580,516.185
579.515,9.416,268.779,517.353
580.338,11.967,266.886,514.959
571.346,16.631,264.195,518.989
571.277,13.762,264.572,532.080
556.090,16.175,265.474,539.620
566.517,17.706,258.827,543.386
551.570,25.053,262.647,552.256
558.877,23.641,258.031,554.894
554.699,27.485,256.172,548.917
554.169,21.624,258.105,545.645
549.382,23.086,258.426,553.607
547.737,20.978,261.115,561.484
547.579,25.653,267.017,559.605
546.628,17.905,270.333,566.776
554.715,22.811,273.734,562.413
551.860,20.944,275.983,563.064
561.595,14.416,270.801,562.523
559.093,21.000,270.331,571.344
565.495,17.781,274.590,558.340
560.525,18.019,272.672,571.804
564.093,10.934,275.517,561.092
563.744,20.882,272.549,560.393
562.082,13.955,274.143,550.134
562.729,11.186,271.137,547.833
563.427,23.137,267.182,547.661
562.007,16.230,269.926,539.433
559.325,19.252,269.514,541.813
559.231,23.841,266.744,542.900
563.115,19.401,264.251,548.699
562.079,26.994,263.338,540.497
561.342,19.208,266.211,534.959
560.094,20.264,269.387,537.049
564.015,18.311,266.982,537.097
562.196,24.054,265.832,536.915
565.827,24.363,262.666,537.214
564.990,26.963,262.253,532.957
568.863,33.304,258.339,530.603
565.269,40.112,259.623,524.176
565.027,33.876,259.456,527.973
567.999,50.165,257.597,523.903
560.460,49.048,263.186,520.998
563.043,49.295,261.726,519.439
560.416,39.378,266.376,516.616
562.603,49.175,265.819,519.233
553.679,26.691,277.214,516.612
556.368,31.793,278.380,516.485
553.358,61.625,289.120,487.715
552.309,84.044,292.458,459.944
554.595,106.035,299.417,433.288
552.643,112.987,300.921,417.478
544.981,134.152,315.067,398.393
554.045,133.390,313.397,398.880
549.923,135.019,322.319,398.528
535.198,133.214,330.430,391.795
549.191,127.930,327.461,395.292
545.621,128.159,329.192,394.653
542.162,131.107,332.500,396.601
550.275,110.726,327.122,404.964
534.433,112.529,336.935,411.387
545.757,111.617,330.156,428.964
541.849,101.132,331.380,442.554
536.251,92.273,334.987,454.202
527.577,102.383,338.722,452.340
526.568,92.363,339.150,459.770
516.746,92.758,344.026,462.573
516.016,109.123,338.124,453.575
503.783,84.736,337.927,465.652
510.754,89.535,331.928,460.710
512.671,94.184,320.037,459.154
517.499,108.472,313.373,447.248
518.500,104.690,312.771,446.247
518.383,112.333,309.622,440.055
509.334,130.866,305.211,427.966
513.468,123.403,306.828,428.261
494.431,128.226,305.867,428.309
496.741,122.811,302.267,430.627
480.582,147.342,301.572,423.014
479.199,147.833,299.138,421.120
