218.000,162.000,33.000,36.000
219.856,161.580,30.289,38.061
220.281,161.993,29.289,38.674
221.828,162.339,29.270,38.550
221.356,162.522,29.915,37.836
220.060,162.638,30.998,37.679
219.560,162.814,31.955,37.042
218.582,162.311,33.391,36.882
218.833,162.570,35.072,36.621
218.903,162.238,34.369,37.276
219.354,163.192,34.478,36.976
220.889,161.762,34.822,37.783
220.974,162.123,35.414,37.621
221.081,162.724,35.770,37.694
223.129,161.799,36.589,38.112
223.373,162.112,37.250,37.997
223.619,161.439,37.451,37.841
222.523,160.250,38.191,37.226
221.341,159.492,38.403,38.019
221.710,159.245,37.785,38.179
221.877,160.418,37.230,38.043
222.772,159.805,37.591,38.942
224.080,158.167,36.424,40.406
226.136,157.958,37.129,41.009
228.325,158.522,38.251,41.469
229.584,159.354,38.773,41.425
230.943,159.902,38.964,40.695
231.208,159.523,39.512,40.553
231.888,160.421,39.401,41.316
232.780,159.188,39.211,41.810
234.240,158.607,39.649,40.899
234.484,157.767,40.500,39.938
234.309,158.765,41.291,39.552
234.325,158.483,40.507,40.388
236.552,158.902,38.813,41.570
237.773,155.783,38.809,42.068
240.311,154.472,37.553,42.585
241.527,152.897,36.506,42.645
241.581,153.037,36.242,42.698
242.637,153.340,35.564,43.130
242.329,153.286,35.451,42.718
243.673,154.068,35.461,41.860
245.272,153.978,35.535,41.715
244.227,155.354,35.510,41.279
243.810,156.335,35.008,41.559
241.838,156.139,35.175,41.037
241.154,155.965,34.867,41.555
239.183,155.704,35.197,41.233
237.303,156.936,35.629,40.915
235.081,158.553,35.302,41.274
233.587,158.508,34.993,42.204
231.404,158.794,34.764,41.896
230.156,160.198,34.491,42.177
227.311,159.384,34.439,42.279
226.601,158.947,34.672,41.926
225.820,158.342,35.442,42.219
225.165,159.592,35.973,41.546
223.663,160.534,36.191,42.127
223.767,158.778,36.150,43.004
224.591,157.930,35.520,43.661
224.032,156.940,34.969,44.548
223.354,156.834,34.208,45.249
223.668,156.958,33.326,46.978
223.302,155.809,33.228,47.666
222.091,154.257,33.205,48.296
220.252,154.274,33.146,48.479
218.797,152.963,33.975,46.488
216.809,154.745,35.188,45.521
215.055,154.168,36.507,45.204
213.281,154.437,36.520,44.707
211.586,157.592,36.014,47.001
208.719,160.210,36.441,47.543
206.963,164.940,36.226,46.980
204.036,168.880,35.616,47.904
202.883,171.877,35.095,47.744
201.499,172.620,34.756,47.892
200.217,172.731,34.493,47.890
200.252,175.878,34.785,48.297
202.768,175.558,34.627,49.121
201.305,176.258,35.228,46.858
198.782,178.002,35.934,45.488
196.143,176.061,35.663,46.600
195.481,177.575,36.304,45.691
193.039,177.505,35.181,46.756
191.414,177.636,33.434,48.918
189.513,176.302,33.622,49.357
187.496,177.122,33.993,48.886
188.984,177.144,34.426,49.428
190.318,177.256,34.819,49.466
190.082,177.516,35.486,49.586
188.657,177.041,36.520,49.450
190.193,177.159,36.215,49.464
187.762,177.348,37.179,48.635
184.965,176.443,37.848,48.599
183.900,174.936,38.525,49.026
184.593,175.734,38.030,49.406
184.927,175.758,38.913,49.335
185.142,175.650,39.514,48.879
185.336,175.787,39.272,48.526
186.356,175.484,39.030,48.505
186.724,176.605,38.825,48.304
186.993,176.216,39.186,48.144
186.585,176.410,39.495,48.677
187.213,176.587,39.507,49.696
186.862,177.601,39.744,50.598
186.360,176.680,40.193,50.532
186.031,176.612,40.264,50.529
185.236,177.114,39.964,50.356
184.835,177.232,39.645,51.328
185.190,177.474,39.952,52.833
185.224,178.514,40.689,53.200
185.533,178.588,42.623,53.438
184.956,179.371,43.570,53.277
185.419,177.857,44.775,52.850
185.222,178.420,44.696,54.594
184.540,178.234,45.160,55.189
184.020,176.396,45.353,55.457
184.989,174.388,46.102,55.956
184.910,174.462,44.962,56.676
184.958,172.992,45.211,57.084
184.569,171.340,45.537,56.615
186.242,171.658,45.251,55.999
186.184,170.890,45.118,56.071
186.460,170.668,46.129,54.897
187.111,171.618,46.164,53.961
187.519,170.406,47.147,54.372
186.135,170.066,48.381,55.091
184.602,169.642,49.775,55.124
183.880,168.889,50.950,54.961
183.669,167.605,50.951,55.468
182.785,166.098,50.177,56.306
182.160,165.223,50.571,57.551
179.054,165.612,50.979,58.766
176.894,166.876,51.749,59.333
178.139,165.480,52.347,58.647
180.399,165.486,52.659,57.353
180.775,166.878,53.349,57.013
181.462,167.078,54.176,56.644
180.479,166.432,54.854,57.018
181.499,165.290,54.736,58.005
182.979,164.396,55.184,58.261
183.520,166.155,55.116,58.998
182.712,165.797,56.097,59.365
182.983,166.257,57.070,59.005
180.558,165.146,58.752,58.228
180.711,167.054,59.216,57.366
179.364,168.530,60.258,57.083
180.736,168.033,62.208,56.621
181.192,169.676,62.898,56.018
179.951,169.593,62.553,56.047
180.719,170.379,63.102,56.576
181.549,171.372,62.939,56.872
182.233,171.407,63.246,56.361
183.757,170.873,63.306,57.140
184.332,168.686,63.051,57.130
185.320,167.525,62.097,57.497
187.194,167.385,62.634,57.039
188.120,168.498,63.287,57.417
189.503,167.507,66.715,57.211
188.985,167.827,68.138,57.443
187.975,167.300,68.211,58.331
187.894,166.363,67.584,58.828
189.411,165.803,66.797,59.324
192.134,166.721,67.148,60.988
190.217,166.422,66.081,62.199
187.080,167.417,66.104,60.989
186.645,167.563,63.928,64.383
186.997,167.705,62.892,66.099
186.854,166.565,61.072,68.069
189.527,167.518,62.562,66.542
190.569,168.494,63.164,65.228
189.502,172.364,62.225,64.219
185.710,175.790,62.481,63.394
185.302,176.250,60.881,65.581
183.344,178.911,62.421,65.901
179.268,181.219,63.116,66.156
176.121,179.524,63.826,66.899
171.629,181.929,63.447,68.128
161.263,183.831,63.791,68.490
153.584,181.521,64.246,69.928
149.741,183.165,63.922,69.547
148.898,184.747,61.669,70.438
151.297,182.787,61.761,68.796
158.830,185.857,60.780,68.254
161.047,187.537,61.442,66.797
153.588,185.506,61.430,66.616
144.823,186.772,61.179,66.982
134.377,187.592,61.171,67.552
127.517,185.764,61.775,69.379
129.320,187.308,60.853,68.856
134.953,185.840,60.170,68.562
138.426,185.945,59.115,69.196
138.718,186.084,59.315,69.424
132.279,190.630,58.826,69.513
125.642,190.345,59.872,67.969
119.413,189.383,62.016,65.578
116.305,188.727,62.185,65.486
115.121,190.194,63.521,65.110
115.917,190.685,64.963,65.752
114.337,191.526,64.472,68.187
114.703,189.625,64.765,71.194
117.487,191.240,65.075,76.583
122.493,191.970,62.529,84.895
124.289,191.104,63.406,88.386
124.579,190.506,64.359,89.382
122.668,191.112,66.828,88.457
123.480,190.754,67.523,86.792
125.341,191.468,68.407,87.948
125.488,191.808,70.202,88.616
126.970,191.810,72.032,91.229
128.832,189.579,72.912,93.719
130.247,188.161,74.399,94.336
137.167,187.251,75.583,93.827
140.160,185.942,76.320,92.599
144.236,186.756,76.915,90.412
148.757,188.363,76.740,88.666
148.914,187.841,78.598,86.889
149.036,187.047,80.216,87.830
149.590,187.815,81.734,89.891
151.233,186.856,83.693,93.404
151.712,184.085,83.980,96.727
151.791,182.029,84.987,97.638
152.573,182.118,85.480,100.478
151.832,180.781,87.205,102.107
152.029,178.194,90.164,101.186
152.994,178.760,91.458,99.670
155.702,177.794,92.903,98.887
157.069,178.381,95.456,97.516
159.333,179.876,99.966,95.906
158.928,178.813,102.216,95.328
160.241,181.696,106.235,97.746
160.959,180.689,108.220,100.550
164.938,183.940,107.888,103.773
166.422,184.657,107.931,104.925
171.275,186.197,107.050,105.391
171.004,185.306,108.894,108.094
174.095,183.686,109.112,109.473
175.193,181.557,111.294,105.184
176.566,180.805,112.511,101.065
180.389,182.044,114.313,98.656
