132.000,77.000,42.000,41.000
132.353,77.582,41.837,41.166
131.961,78.446,41.630,41.486
131.385,78.023,39.450,42.562
132.649,79.124,37.926,43.109
137.359,84.621,36.749,43.602
142.506,87.429,36.183,43.029
141.673,87.244,35.595,43.815
139.788,87.591,35.558,43.971
136.822,88.571,35.658,44.577
136.269,90.082,35.754,44.021
136.091,89.607,36.126,43.331
137.044,89.524,36.529,43.106
136.945,88.281,36.089,43.335
140.488,89.603,35.803,43.398
141.524,92.590,35.639,43.096
144.980,90.862,35.245,43.388
144.586,90.036,35.248,43.501
143.298,89.705,36.054,44.142
147.294,91.805,37.560,45.286
144.830,91.418,39.751,47.316
144.027,88.182,41.643,46.715
144.097,87.128,42.998,46.340
144.100,89.090,44.441,46.220
147.042,89.753,45.257,46.413
149.974,95.789,44.837,47.174
145.814,101.882,43.709,49.071
144.822,106.885,44.312,48.744
148.075,109.690,45.078,47.887
148.467,108.497,45.691,46.900
150.577,110.164,45.479,46.091
152.750,107.074,45.567,46.015
155.547,104.040,45.295,45.244
159.877,105.246,44.697,45.231
161.668,105.881,44.444,45.683
161.278,108.674,44.316,48.735
160.468,109.638,44.121,51.360
159.363,108.848,43.398,53.179
159.231,109.540,43.124,54.099
159.152,108.800,42.945,54.515
157.849,108.682,42.026,55.164
159.756,113.801,40.958,55.346
162.574,111.402,40.312,55.565
162.111,108.733,39.579,55.837
162.360,112.022,39.360,55.179
160.414,113.070,38.633,54.568
159.761,114.532,37.694,53.863
157.181,114.844,36.185,54.115
155.939,114.570,35.154,54.481
154.436,113.859,34.283,54.862
153.449,114.664,34.152,54.992
150.994,115.189,33.615,53.797
148.713,114.306,33.107,53.232
147.676,115.365,33.611,52.594
148.214,114.937,33.876,52.095
147.511,115.746,34.083,52.099
147.644,115.245,34.305,52.216
146.560,115.225,34.921,52.182
146.117,114.035,34.943,52.194
145.761,111.908,35.090,52.124
145.365,111.828,35.173,52.147
146.322,110.556,34.346,52.327
146.454,109.862,33.999,52.500
145.112,112.328,34.459,53.255
143.718,113.449,34.763,52.853
143.069,113.850,35.160,50.647
143.740,114.610,35.285,48.879
143.829,115.439,35.992,48.766
142.089,116.220,36.306,48.717
137.919,117.191,36.894,48.849
134.970,117.297,37.684,49.174
131.709,116.127,37.841,50.048
127.660,113.970,38.102,50.372
125.037,117.291,40.743,47.461
119.588,113.954,41.257,49.106
114.221,112.707,42.531,50.482
109.418,114.770,44.460,50.266
102.310,113.849,45.499,51.572
100.389,111.737,46.304,50.550
101.601,112.904,45.364,50.413
103.645,116.021,47.962,48.450
98.998,113.613,43.732,50.936
101.585,115.413,42.112,50.275
100.405,115.971,40.161,50.296
100.305,121.348,40.305,48.536
99.397,121.911,39.464,48.033
99.914,119.260,37.802,49.515
102.470,120.112,37.053,48.559
107.560,118.565,36.116,49.012
108.995,116.047,35.894,49.588
109.321,117.251,36.250,49.159
107.175,117.127,36.225,48.739
102.611,117.091,36.363,49.860
101.716,115.493,35.881,50.219
101.399,116.955,36.444,48.803
99.592,114.156,35.839,49.547
98.470,113.259,36.014,49.739
98.473,111.535,36.216,50.019
98.144,113.567,36.767,48.669
98.547,110.886,37.043,49.336
98.737,109.682,36.780,49.634
100.026,110.981,37.571,48.468
100.428,107.019,36.864,49.637
99.157,109.021,37.124,49.262
98.219,111.392,38.581,47.180
99.167,113.903,40.590,44.891
99.244,114.490,41.571,43.634
98.597,113.502,41.161,44.943
97.903,113.167,41.930,44.451
100.473,113.740,41.905,44.172
100.487,112.311,42.051,45.104
99.625,112.882,42.091,45.162
101.928,112.597,41.271,45.560
103.090,110.344,38.986,46.192
103.576,108.199,36.582,46.224
104.814,106.660,34.595,47.195
104.326,106.366,33.307,48.583
104.027,106.269,32.650,48.839
104.213,105.268,32.443,47.460
102.981,106.440,32.383,46.039
105.120,106.490,31.501,45.658
106.123,106.737,30.954,45.778
103.033,106.683,31.542,44.970
103.135,109.296,32.379,43.443
102.519,111.142,33.185,41.557
99.540,112.663,33.994,41.277
101.737,112.317,34.829,41.205
99.998,110.969,35.112,39.984
92.283,110.611,35.088,37.635
87.046,109.255,34.912,35.981
80.983,109.334,33.933,36.007
80.197,109.622,33.035,36.408
72.665,111.756,32.965,35.802
67.359,105.161,32.487,36.083
68.332,103.273,33.349,35.918
70.628,99.886,33.106,35.863
72.548,99.133,33.719,36.020
77.873,96.661,35.411,35.898
84.235,92.553,35.751,36.475
88.438,92.822,36.257,36.767
89.175,94.581,36.793,36.274
91.796,94.190,35.647,36.598
91.122,95.913,34.846,36.721
90.086,92.187,34.499,36.676
88.211,90.222,34.758,36.070
88.739,82.990,33.690,36.160
86.499,77.694,33.082,36.512
87.143,70.290,32.940,36.468
87.285,65.613,33.646,37.211
90.269,66.700,34.169,37.003
90.336,62.623,34.607,37.048
87.747,55.226,33.854,37.475
92.125,46.563,34.916,37.081
96.095,35.424,35.176,37.129
93.492,30.954,34.893,37.951
98.331,33.755,34.999,38.570
98.582,35.243,34.486,37.805
95.640,30.531,35.133,38.940
93.613,30.612,36.050,39.563
94.283,31.686,36.890,40.678
97.446,33.228,37.313,41.180
101.515,33.882,37.864,42.016
104.368,33.314,37.875,42.949
105.056,34.696,38.585,42.005
105.668,35.206,38.764,40.844
102.999,31.508,39.196,40.929
101.851,33.027,39.027,41.234
99.850,31.159,38.713,42.275
99.967,35.655,38.427,42.452
100.680,40.011,38.396,41.585
96.868,38.577,37.924,43.103
89.619,35.293,39.245,43.138
76.844,31.359,41.552,42.652
73.647,37.445,43.158,42.122
76.863,45.340,43.330,42.081
78.002,52.557,43.310,42.207
78.940,56.339,43.345,42.112
76.570,59.903,44.379,41.920
73.646,61.055,43.806,42.068
75.392,64.775,43.757,42.086
79.303,72.163,43.025,42.220
73.343,80.252,44.205,42.792
67.706,91.110,45.915,42.505
68.410,89.839,46.721,40.528
69.228,84.061,46.344,41.397
78.624,82.951,46.974,41.062
80.774,81.522,47.304,41.221
87.092,82.771,48.167,40.769
87.866,88.878,50.678,39.082
90.362,90.655,51.168,39.317
92.773,94.910,52.190,39.171
90.162,96.075,51.794,39.939
85.743,97.229,53.374,39.160
84.731,97.460,55.755,38.465
77.478,98.612,58.103,38.169
71.281,100.320,59.960,37.900
65.370,99.062,63.386,37.759
56.307,96.542,65.188,38.272
57.165,96.220,64.313,39.663
52.234,98.514,64.156,41.227
45.292,97.581,70.144,40.114
46.472,100.687,74.891,41.296
48.183,100.642,76.556,42.865
46.540,103.085,78.558,44.595
43.606,104.748,76.406,47.539
41.988,107.837,76.146,48.880
44.983,120.512,75.347,50.122
38.054,129.473,77.331,50.662
46.520,121.395,77.081,52.211
43.270,118.799,78.594,51.528
45.428,109.184,80.441,52.086
41.725,106.451,82.389,52.020
46.672,103.286,81.041,53.492
48.055,103.817,82.218,53.229
52.943,101.606,80.664,53.964
51.361,103.997,81.283,53.105
52.299,102.981,81.727,53.854
49.939,103.805,82.158,54.186
45.210,104.013,81.912,55.070
40.708,103.980,82.055,56.289
43.298,103.968,83.027,56.414
41.175,87.910,81.681,57.242
35.215,92.197,83.976,58.742
48.388,85.391,82.348,60.533
50.940,89.206,81.164,61.953
52.747,93.541,82.649,62.141
59.620,96.488,82.097,61.593
70.438,96.851,79.953,61.668
71.036,97.364,80.800,61.920
75.486,97.477,80.149,61.557
80.027,99.514,77.855,61.025
83.019,101.705,74.959,61.156
86.317,105.522,73.171,60.531
91.098,103.515,70.617,59.753
84.964,104.483,67.787,58.139
76.924,104.590,67.444,55.854
70.838,103.273,63.944,55.395
74.388,106.412,62.866,56.103
85.420,100.824,61.938,56.444
80.679,88.364,62.537,56.548
83.709,82.090,70.396,54.379
82.538,79.422,71.453,56.203
84.119,74.153,70.915,59.504
85.430,75.831,68.607,62.973
85.529,74.840,69.192,64.025
87.219,74.530,66.827,64.612
89.316,78.917,64.686,65.711
92.470,76.931,64.749,65.792
97.371,76.883,66.278,65.237
95.674,75.399,65.691,69.286
99.797,72.451,67.246,72.495
94.326,70.722,69.963,75.594
90.274,75.152,74.914,76.695
98.652,73.315,79.375,78.044
