122.000,358.000,722.000,230.000
125.653,359.624,726.528,236.016
117.536,356.262,735.797,241.323
111.626,350.945,745.642,245.829
105.804,350.492,757.456,246.431
95.573,344.253,772.856,249.506
94.824,343.931,782.927,251.121
93.472,343.602,791.836,250.189
95.771,343.955,798.125,249.906
91.702,345.435,799.949,247.743
92.706,344.846,809.146,248.584
83.183,340.734,812.657,252.966
92.266,339.091,820.094,252.847
90.957,336.659,828.568,252.394
84.180,337.889,842.513,250.804
92.167,336.241,849.568,251.152
110.288,335.682,844.007,250.704
97.135,333.968,862.372,253.479
100.270,330.514,865.632,253.728
93.432,329.206,874.472,257.035
93.417,327.627,884.399,256.176
88.548,329.728,892.213,255.429
103.046,329.692,889.666,255.235
103.599,326.373,897.625,257.837
108.799,324.152,904.109,257.609
108.141,322.490,910.262,256.557
108.564,322.841,917.937,256.420
112.299,320.414,922.226,257.310
109.642,321.473,916.471,257.469
115.142,318.030,920.322,258.908
105.034,320.179,932.389,259.422
107.855,319.213,936.289,258.372
110.411,316.959,938.030,260.487
97.272,313.508,947.710,261.319
97.608,314.621,954.989,262.279
98.628,311.956,952.753,259.185
106.069,316.494,964.746,257.889
95.264,312.718,986.494,261.179
90.628,309.163,1000.730,265.577
85.246,310.770,1007.582,264.406
85.980,310.795,1004.861,267.311
94.175,308.708,985.914,267.605
86.036,306.654,993.973,266.691
78.928,309.073,1002.953,266.179
83.618,305.437,996.381,270.511
83.840,302.822,996.106,271.881
74.253,306.521,1006.990,270.651
74.303,304.424,1012.899,269.530
62.564,303.833,1019.050,272.619
66.535,304.644,1018.884,271.757
64.620,301.229,1034.173,270.965
49.456,301.619,1049.293,273.722
65.432,301.704,1044.898,274.395
61.749,300.741,1049.843,271.770
55.729,299.267,1060.652,271.514
57.563,296.902,1068.199,275.458
51.743,292.531,1072.371,278.241
54.068,294.748,1078.303,277.200
53.034,293.023,1078.278,278.816
63.896,291.276,1078.181,280.650
59.867,290.685,1078.177,279.325
65.682,287.998,1080.353,279.372
56.098,286.867,1087.262,280.701
63.437,285.884,1095.257,282.552
69.552,290.454,1097.237,282.030
78.239,286.795,1083.870,282.629
83.629,285.842,1077.387,283.313
89.313,285.978,1082.459,283.759
84.605,283.432,1087.763,281.565
98.807,280.166,1093.759,283.703
90.067,278.457,1102.951,283.810
98.858,278.996,1110.912,284.660
103.351,280.434,1108.274,280.397
105.433,279.863,1127.051,281.728
98.146,275.558,1123.944,286.561
104.666,277.843,1133.307,287.067
105.467,278.366,1128.935,285.928
109.397,276.406,1131.674,286.181
103.121,272.843,1133.428,286.415
96.985,271.225,1145.651,287.355
93.642,276.300,1148.956,286.874
96.548,271.447,1146.279,290.501
88.740,273.232,1151.953,291.037
85.352,267.264,1159.169,293.262
76.428,271.225,1166.575,296.870
77.949,266.061,1170.521,297.682
60.059,268.275,1165.086,296.184
57.430,266.368,1182.829,295.815
52.504,263.417,1179.927,300.047
50.636,264.445,1198.094,301.960
35.415,261.687,1183.158,303.628
46.955,259.561,1193.493,301.572
37.787,258.305,1199.174,303.060
34.086,255.148,1192.695,308.568
33.347,256.720,1199.194,303.806
43.351,253.272,1199.359,307.986
34.459,251.315,1189.620,310.587
47.928,255.945,1197.184,305.634
28.712,251.715,1203.153,305.571
57.678,253.503,1207.884,304.404
16.140,247.665,1202.969,309.556
31.510,250.681,1214.235,308.709
21.106,242.821,1208.010,307.358
35.724,244.203,1194.872,308.773
25.548,242.476,1200.571,307.578
38.263,244.801,1200.679,303.728
24.258,246.765,1212.441,302.718
25.456,246.271,1227.184,308.556
37.193,246.621,1199.219,306.903
23.065,252.469,1201.749,303.468
13.626,242.898,1199.178,307.266
28.116,243.482,1204.194,306.602
28.826,247.168,1194.716,304.875
25.153,246.955,1190.109,305.639
25.806,246.874,1181.832,305.606
44.964,246.833,1159.370,307.486
35.596,244.201,1143.313,306.322
31.747,243.829,1159.552,307.333
14.997,240.753,1151.257,308.284
35.118,244.196,1151.476,304.763
31.993,239.633,1139.276,313.248
25.613,236.368,1137.800,319.013
33.724,241.386,1135.446,316.985
33.131,237.137,1105.996,313.251
31.726,237.179,1119.131,316.689
20.468,234.258,1120.848,320.070
17.675,233.978,1122.656,319.121
6.907,237.422,1134.545,322.512
13.645,241.428,1131.639,322.194
25.080,239.922,1116.607,322.641
17.182,236.754,1115.325,324.401
20.590,239.552,1126.252,324.831
15.024,237.444,1123.436,325.697
20.490,241.026,1133.547,323.144
8.149,238.468,1137.880,325.609
11.028,240.086,1133.131,325.303
23.221,241.047,1125.798,323.517
23.369,240.106,1129.768,330.329
15.326,235.511,1136.583,329.336
30.095,237.145,1135.460,324.596
30.306,241.946,1133.824,320.627
25.183,244.510,1142.496,321.303
16.300,244.641,1144.998,322.279
10.742,245.640,1148.828,325.197
29.823,246.970,1131.487,323.789
20.381,248.090,1135.156,326.937
36.464,249.256,1145.800,325.384
29.175,249.852,1156.935,324.771
30.473,250.447,1157.838,324.516
17.828,249.294,1164.986,325.825
14.204,245.172,1156.220,330.381
25.360,250.713,1144.034,327.343
28.437,249.243,1134.585,327.464
30.541,247.436,1137.916,329.545
22.533,247.918,1141.630,332.795
26.359,244.555,1142.377,330.040
14.743,248.275,1153.860,329.022
25.148,247.002,1154.874,326.317
15.251,246.876,1155.734,330.264
31.068,248.286,1151.546,328.018
26.974,247.532,1141.547,330.659
28.850,248.731,1144.784,329.465
38.914,248.547,1147.847,329.204
32.371,245.359,1145.176,328.282
23.134,248.346,1160.067,325.149
21.388,251.316,1162.535,327.358
19.264,247.001,1172.106,330.396
20.302,246.998,1169.295,328.438
29.489,245.599,1169.873,328.966
17.772,248.726,1184.571,326.045
32.029,250.413,1187.510,324.178
37.322,249.901,1172.436,323.279
27.092,246.780,1186.966,323.854
21.404,246.496,1193.649,327.318
19.029,245.152,1196.559,327.087
14.905,244.375,1197.739,329.135
16.902,246.276,1205.472,325.955
15.793,246.290,1206.604,325.930
18.244,245.873,1194.401,326.144
22.974,249.080,1193.891,325.843
29.816,252.634,1202.509,319.134
24.688,251.741,1204.493,316.606
28.687,250.135,1197.417,319.185
26.453,249.038,1204.878,323.063
30.444,246.093,1204.729,322.126
24.773,246.496,1211.158,324.565
18.341,244.822,1213.454,320.730
11.070,243.608,1222.067,331.443
21.783,247.346,1225.527,324.126
16.479,244.972,1201.547,323.656
20.522,242.092,1207.080,323.856
16.760,244.882,1226.331,321.887
21.318,243.777,1220.381,324.400
12.139,241.258,1230.202,325.250
8.783,243.269,1241.088,327.055
15.203,242.507,1234.916,327.036
28.970,241.069,1231.006,327.443
31.353,238.865,1220.046,327.907
16.192,239.842,1221.704,329.537
24.026,238.876,1221.800,329.071
14.717,233.810,1229.939,332.744
27.261,240.149,1235.214,332.085
16.047,237.746,1225.681,330.050
14.706,234.633,1234.501,333.100
23.874,240.909,1233.343,328.489
14.532,244.536,1216.871,324.008
19.970,245.409,1231.930,321.660
18.396,241.179,1236.506,324.590
15.044,240.394,1227.274,330.800
26.611,241.625,1229.446,329.539
22.997,238.043,1227.721,331.890
11.965,235.894,1235.400,330.620
7.816,240.848,1234.707,333.494
15.531,236.404,1202.982,326.196
14.501,244.555,1217.217,324.494
17.673,242.299,1229.474,319.758
6.564,245.884,1217.630,321.948
13.382,248.723,1232.790,319.482
14.289,246.788,1228.046,321.389
13.215,245.797,1213.209,319.216
13.347,244.566,1226.394,321.907
33.640,243.102,1229.848,317.281
31.362,245.391,1226.037,323.112
7.111,242.215,1230.417,321.967
8.521,243.809,1246.986,326.449
5.024,243.967,1227.149,323.784
27.564,247.061,1223.570,317.743
17.063,244.970,1234.482,320.158
12.711,240.177,1241.068,323.853
18.535,238.974,1226.089,326.304
13.902,239.293,1225.815,328.267
19.306,239.305,1233.943,325.011
19.035,236.935,1233.313,330.566
13.477,232.140,1238.063,333.085
18.773,233.599,1232.724,336.230
10.260,234.949,1228.027,336.084
20.069,235.065,1215.327,330.172
22.963,237.551,1216.294,329.786
4.703,235.251,1230.414,329.203
23.888,235.022,1227.613,334.246
10.335,235.818,1219.638,331.001
25.448,231.449,1215.087,328.406
19.922,229.871,1213.560,329.299
20.840,229.139,1224.471,330.564
13.129,226.486,1207.626,332.793
18.065,228.957,1212.500,332.886
12.718,232.160,1227.868,326.586
5.493,226.776,1224.513,331.496
12.906,226.539,1215.971,332.889
3.332,222.755,1216.952,337.079
11.785,223.821,1208.571,337.418
10.746,224.770,1218.925,337.373
11.716,225.567,1207.079,336.051
16.035,225.498,1194.200,335.465
10.561,225.203,1194.827,333.362
19.820,224.048,1192.670,332.110
9.319,226.648,1188.445,330.935
11.582,223.138,1180.500,330.198
14.620,221.782,1172.353,331.011
12.954,221.387,1161.359,333.202
8.131,216.706,1151.012,334.947
37.232,220.415,1149.989,326.385
37.852,221.955,1151.493,329.372
12.789,218.144,1155.202,332.156
9.735,216.481,1161.993,335.758
6.895,216.722,1175.888,334.606
6.409,217.135,1179.417,335.762
7.976,215.903,1177.887,337.192
9.182,216.153,1181.958,338.736
13.129,214.724,1179.907,336.915
13.214,220.719,1182.422,333.771
11.829,215.875,1173.474,331.880
18.631,217.128,1175.863,334.174
7.237,217.021,1186.429,335.108
0.067,220.580,1184.573,327.184
12.526,219.063,1171.092,330.956
16.291,217.291,1167.439,332.730
14.507,216.045,1163.512,333.628
11.169,215.458,1158.598,333.498
10.631,221.454,1156.147,330.289
14.827,218.342,1164.676,327.999
6.687,218.657,1160.562,332.591
16.406,218.571,1156.935,329.219
12.765,215.752,1163.106,331.938
9.380,217.762,1167.307,330.797
5.736,219.952,1163.777,329.534
7.100,213.320,1168.325,330.569
6.677,218.819,1162.997,332.737
23.803,217.187,1155.545,331.011
5.187,217.758,1152.062,330.713
26.984,216.834,1142.375,332.839
21.022,217.976,1145.560,331.718
12.622,218.121,1147.327,332.628
13.227,215.764,1139.039,333.666
13.693,217.104,1132.948,335.328
23.744,219.137,1127.195,329.262
41.969,223.714,1115.429,329.312
49.054,219.554,1099.327,327.691
36.953,216.877,1099.571,331.033
33.527,218.549,1104.342,331.422
44.107,213.025,1096.182,329.607
27.466,210.908,1110.532,330.107
31.664,216.423,1099.314,326.818
37.236,217.822,1095.900,330.773
49.782,214.273,1087.224,327.977
37.471,213.561,1091.375,328.459
37.612,210.953,1090.382,330.311
34.288,208.361,1105.140,328.882
40.125,212.645,1087.734,327.634
38.760,213.129,1095.832,329.262
30.543,213.624,1094.623,330.419
39.445,213.067,1095.626,330.056
44.511,210.509,1096.295,328.007
34.176,212.539,1091.576,334.018
61.458,209.661,1077.793,330.833
42.596,209.101,1094.142,333.290
37.712,207.965,1103.994,330.616
25.691,210.579,1109.963,332.235
18.533,205.262,1122.508,331.467
24.693,209.227,1118.674,329.798
13.544,206.340,1126.695,327.200
30.962,209.332,1119.307,330.327
19.116,206.660,1137.696,332.044
23.228,205.566,1143.909,326.519
12.458,207.239,1145.848,332.756
5.963,202.862,1151.742,331.402
13.941,202.328,1151.987,336.004
7.094,204.370,1166.049,332.198
7.053,205.871,1173.687,331.909
0.000,204.730,1167.093,330.973
10.934,204.512,1168.297,330.416
6.072,204.560,1163.303,332.066
17.153,203.008,1162.495,333.682
18.800,205.333,1153.819,332.206
27.515,205.463,1160.058,331.808
11.735,204.505,1153.964,326.761
25.625,208.560,1160.742,326.547
10.508,208.513,1157.680,325.566
15.711,204.318,1160.288,328.032
33.213,203.128,1158.370,331.232
13.343,208.951,1158.839,329.459
14.487,206.283,1171.947,330.938
12.317,203.345,1163.305,329.920
17.075,204.196,1168.961,329.887
11.764,206.890,1163.490,326.593
17.916,201.452,1167.733,330.055
6.122,207.556,1162.680,324.023
8.827,202.258,1168.893,328.616
19.633,206.790,1159.608,328.037
4.869,205.558,1166.482,327.828
2.599,198.066,1164.496,331.858
18.188,203.234,1150.043,331.109
21.241,200.358,1137.602,328.768
21.240,206.536,1135.675,328.597
15.709,203.360,1138.510,326.961
13.874,198.198,1138.508,327.096
23.191,199.553,1140.285,326.992
22.470,206.440,1140.047,324.356
27.421,203.957,1135.535,325.041
26.220,199.286,1130.317,327.669
14.475,201.412,1128.706,329.938
36.974,202.539,1117.911,327.591
36.355,206.926,1121.491,324.679
18.284,200.053,1127.841,329.720
25.661,198.615,1132.801,326.570
11.559,199.263,1128.340,331.246
17.917,199.287,1142.922,330.294
24.186,197.525,1126.805,326.629
15.015,199.696,1136.879,328.290
35.805,200.961,1130.746,321.013
40.801,201.727,1122.069,326.616
30.892,197.706,1133.179,328.136
30.834,198.270,1130.486,327.200
17.649,199.198,1133.027,327.240
31.778,198.160,1133.657,324.342
19.548,197.722,1141.848,327.419
12.694,199.622,1130.580,327.974
19.962,190.967,1128.007,330.708
25.206,195.699,1124.909,327.122
25.373,199.953,1136.985,327.204
21.119,195.679,1136.751,328.926
13.846,195.266,1127.034,328.258
22.121,193.366,1135.251,330.058
9.643,195.669,1140.047,329.580
18.217,194.200,1139.262,331.533
15.446,191.834,1130.392,329.956
19.226,195.601,1133.267,331.126
19.687,186.806,1136.758,332.363
31.126,195.763,1132.221,335.124
17.900,194.432,1132.180,331.748
17.462,188.065,1137.393,331.180
20.383,191.927,1123.329,332.389
33.489,191.907,1127.726,327.701
20.549,194.057,1129.753,328.072
28.682,191.930,1128.465,329.145
30.470,191.217,1128.659,326.891
34.966,194.635,1123.834,332.108
17.840,192.502,1131.813,332.016
23.297,192.916,1123.943,329.177
30.392,191.149,1123.865,328.548
45.343,194.501,1118.028,327.195
19.419,189.544,1134.790,327.283
37.622,191.180,1114.671,329.588
34.107,189.601,1117.717,330.323
55.198,193.326,1106.400,327.455
39.220,189.449,1106.368,326.319
30.078,198.127,1108.066,327.583
35.413,192.166,1108.079,327.064
15.267,188.454,1123.591,326.048
20.953,188.078,1128.511,327.134
12.401,191.450,1124.005,332.121
23.334,183.935,1127.253,331.301
7.481,189.670,1131.842,331.666
18.770,184.441,1131.302,331.980
20.821,188.493,1122.508,334.175
21.560,186.000,1128.117,332.342
31.579,186.990,1121.885,331.830
24.657,186.645,1127.167,333.349
14.584,184.520,1129.770,330.738
20.399,185.167,1123.789,327.953
39.157,189.145,1114.249,328.499
23.968,184.923,1122.700,333.584
35.861,185.896,1115.328,330.338
25.484,186.477,1120.639,331.768
22.670,185.754,1125.728,328.280
13.590,187.434,1126.223,328.447
26.882,189.050,1129.396,325.045
30.406,187.853,1120.319,328.250
32.375,184.184,1112.104,330.924
42.612,189.408,1103.585,328.495
41.072,186.357,1104.712,327.327
26.110,184.230,1117.728,332.648
23.327,188.052,1125.036,327.193
12.572,182.890,1125.909,332.396
21.443,184.736,1118.511,331.323
29.044,183.129,1122.437,329.212
28.933,182.629,1106.644,328.543
35.447,183.981,1102.377,330.155
22.924,183.565,1112.458,335.536
24.021,181.356,1116.259,335.280
28.746,181.815,1116.380,332.130
35.426,185.466,1109.968,330.161
31.354,182.988,1108.474,327.474
26.956,183.018,1110.151,331.172
23.223,181.293,1110.951,334.079
31.946,184.669,1106.713,330.996
27.371,179.335,1104.554,330.185
41.729,188.210,1096.071,330.383
41.474,186.786,1093.624,324.603
44.174,185.258,1101.821,321.080
38.305,183.030,1096.582,325.474
24.971,184.143,1108.300,324.305
44.438,180.649,1097.061,330.466
40.038,179.334,1090.343,328.808
21.278,180.983,1109.515,324.833
21.740,182.609,1110.305,329.081
30.030,179.332,1104.313,330.860
29.212,183.365,1097.500,328.290
48.244,184.294,1105.369,327.355
48.598,182.793,1091.054,326.347
58.470,185.583,1081.682,324.606
65.129,187.719,1072.735,326.135
59.765,184.999,1065.815,325.677
97.341,188.398,1064.975,324.202
73.083,182.267,1065.816,327.080
85.713,184.837,1064.508,328.086
70.995,185.333,1062.347,324.099
86.488,188.540,1071.005,323.412
52.238,184.820,1077.954,324.508
94.145,185.489,1061.404,324.626
92.772,186.730,1059.492,328.517
105.427,187.589,1038.489,325.334
117.482,188.740,1038.283,322.330
138.289,191.454,1021.110,319.826
113.533,189.057,1039.506,319.282
144.591,189.835,1019.523,319.199
128.919,190.653,1034.528,321.364
108.094,193.487,1040.566,319.888
127.242,187.655,1009.333,324.327
145.411,190.308,996.428,325.983
137.003,188.514,1007.945,322.319
144.454,187.480,1007.046,325.114
127.465,189.405,1018.945,320.817
117.029,190.360,1022.199,319.880
144.325,188.149,1000.694,324.484
143.934,189.148,1009.112,321.582
148.905,189.648,1005.313,321.136
135.698,192.390,1018.022,322.390
139.495,189.212,1010.065,321.546
133.927,190.660,1012.750,319.498
133.509,189.115,1017.760,318.089
132.953,187.672,1015.482,316.969
114.128,187.643,1016.795,319.125
124.065,192.359,1018.887,322.956
117.103,190.012,1019.551,321.997
95.779,190.360,1027.193,321.278
93.631,187.655,1046.106,319.918
98.060,188.674,1043.459,315.687
105.445,193.127,1041.118,316.851
86.252,186.389,1043.403,317.773
118.067,188.427,1032.151,320.178
103.064,185.713,1029.609,321.777
122.682,186.403,1034.443,321.097
82.151,191.379,1052.495,316.915
85.208,192.407,1041.391,318.400
100.421,189.123,1038.164,319.705
111.385,194.218,1037.808,319.763
111.400,190.675,1023.062,317.503
121.829,188.513,1021.395,318.719
94.258,187.327,1033.208,316.732
134.775,187.284,1021.027,317.752
128.388,186.923,1016.443,315.952
114.039,186.609,1025.973,321.853
143.221,187.023,1014.589,321.496
114.577,188.070,1023.143,320.847
131.693,186.179,1017.433,323.898
134.471,189.111,1011.729,321.843
147.138,186.386,1000.483,323.759
116.072,187.813,1024.461,322.744
142.948,186.278,1014.269,325.634
113.893,187.118,1032.330,322.232
143.484,189.333,1018.938,322.319
124.726,191.815,1029.738,320.292
120.499,188.385,1028.890,323.239
135.671,185.544,1011.140,323.622
115.342,186.381,1029.617,318.047
138.353,191.454,1024.519,318.168
113.375,190.597,1046.421,318.889
137.194,193.065,1022.827,317.968
106.530,188.335,1042.796,319.651
133.398,189.543,1030.284,323.277
115.509,191.366,1042.912,320.245
136.695,194.314,1021.623,319.670
141.891,191.162,1013.150,322.394
106.101,190.836,1035.338,319.632
120.641,187.495,1023.972,321.126
122.243,190.101,1027.700,324.600
145.757,193.134,1009.618,319.345
121.777,193.043,1025.350,318.885
117.754,189.758,1021.491,320.154
122.225,192.526,1021.440,318.671
131.060,191.566,1006.446,323.220
143.198,190.802,995.234,323.751
135.587,187.781,1004.542,322.606
137.386,190.475,1009.293,322.936
138.822,193.370,1003.808,320.334
136.757,192.636,998.873,320.505
147.535,189.171,997.069,322.298
128.457,190.800,1013.324,324.441
127.690,190.285,1011.697,320.282
128.208,193.590,1012.970,317.300
114.034,189.921,1024.791,318.694
133.231,192.652,1015.496,321.179
139.851,191.402,1010.113,321.383
119.437,187.886,1014.653,319.712
143.128,192.006,1002.992,324.985
132.578,188.456,1001.056,324.204
111.438,189.395,1011.837,320.467
148.684,192.191,1000.134,322.832
127.774,192.670,1012.927,322.168
108.444,194.859,1015.855,319.433
132.476,190.086,1007.293,323.133
102.441,191.482,1023.980,321.799
113.725,190.099,1010.952,323.925
106.813,184.787,1018.331,323.170
116.898,189.115,1025.068,322.288
123.623,189.565,1015.378,319.556
119.730,191.549,1016.728,315.597
124.627,192.889,1015.221,316.060
101.458,190.688,1023.949,314.882
140.294,191.623,1007.994,322.059
139.611,191.492,1008.296,322.428
133.958,191.406,1011.947,322.706
104.811,189.607,1032.679,318.570
143.002,187.667,1002.074,324.468
130.434,189.452,1015.487,322.711
96.309,189.606,1032.677,317.835
139.928,185.231,1012.662,320.902
123.880,189.548,1015.939,323.513
119.788,189.585,1011.968,323.476
115.959,187.077,1011.302,321.436
112.401,189.125,1015.125,322.361
123.670,189.755,1006.564,324.411
120.535,189.303,1013.295,323.733
117.556,190.112,1014.157,322.572
115.036,189.546,1017.031,321.820
116.083,187.129,1012.426,321.421
101.231,188.088,1027.492,321.110
119.150,188.299,1017.557,322.860
90.766,187.695,1030.693,324.051
103.799,186.805,1025.786,322.741
125.550,189.309,1018.628,326.013
102.368,189.180,1028.952,325.731
108.826,190.763,1022.928,324.754
123.827,187.431,1022.846,325.088
109.570,187.730,1022.332,325.384
125.724,187.431,1021.704,326.565
115.103,189.256,1015.995,325.737
121.649,184.986,1013.191,328.237
131.221,186.446,1011.157,327.626
107.045,189.251,1028.718,323.216
123.912,186.112,1034.579,324.525
91.195,188.676,1059.627,325.590
76.504,186.963,1068.075,326.738
69.743,190.682,1077.634,324.945
52.519,189.633,1088.500,322.837
75.716,186.611,1086.492,324.172
57.535,188.460,1089.663,327.721
76.502,191.466,1068.371,325.226
36.128,184.469,1085.435,324.881
39.644,187.860,1095.951,323.294
42.171,187.156,1102.079,325.729
50.500,186.652,1097.734,327.097
47.408,189.694,1092.459,325.706
42.834,186.679,1094.395,322.230
34.065,188.603,1107.587,324.667
32.241,189.643,1107.418,324.063
35.936,188.482,1103.363,322.159
28.930,188.879,1106.125,327.141
26.327,186.232,1109.981,326.447
21.412,184.399,1112.477,326.752
24.702,185.739,1116.403,331.177
18.895,188.532,1119.820,326.672
27.429,186.504,1111.823,325.473
10.311,186.123,1114.938,325.808
17.656,185.837,1115.977,328.199
24.014,190.037,1117.666,331.501
8.105,188.760,1121.517,331.109
17.315,185.526,1116.067,327.419
25.385,190.417,1113.040,328.972
