201.000,40.000,120.000,317.000
202.823,38.671,124.537,320.105
205.539,39.098,121.398,320.545
204.872,40.172,120.155,319.621
204.841,36.572,119.869,322.465
203.849,36.946,119.917,321.515
204.166,36.731,120.267,320.954
201.814,37.103,123.807,321.834
201.620,35.971,124.884,322.495
200.518,37.318,128.271,321.508
200.702,36.847,128.685,318.571
200.823,37.240,128.969,320.128
200.974,38.684,128.484,320.470
202.307,38.190,128.069,318.647
202.036,37.902,127.116,320.228
204.302,38.755,126.085,320.587
205.742,37.457,123.920,321.472
205.889,37.530,123.075,321.493
205.050,38.303,123.895,320.225
205.806,39.046,127.503,319.500
205.835,39.997,127.286,318.210
205.718,39.539,128.296,317.724
203.750,40.533,130.674,318.345
202.573,40.321,132.309,317.253
203.906,39.662,129.773,316.925
205.564,38.932,125.655,319.932
206.496,38.036,124.960,320.669
206.100,36.552,125.002,322.098
207.485,36.867,125.279,322.532
205.385,36.505,124.210,323.039
205.930,35.255,127.151,322.786
205.232,35.492,127.087,322.758
204.118,35.709,128.983,322.781
203.733,35.196,130.180,319.706
205.344,37.403,129.394,319.460
205.987,38.632,128.030,320.064
204.553,38.500,128.286,317.491
204.589,39.209,129.001,319.162
202.882,39.261,131.500,317.452
202.178,40.364,130.835,319.324
202.434,38.368,131.711,319.572
203.429,37.566,132.007,316.927
201.365,38.935,133.173,318.113
202.159,38.595,131.207,316.257
202.375,38.917,128.971,317.370
203.328,39.507,127.731,317.379
201.808,39.334,128.351,317.408
201.815,39.228,125.971,318.140
202.484,39.142,125.401,318.967
203.795,39.006,125.731,319.826
200.974,36.515,126.232,322.053
201.256,36.059,122.833,322.208
203.299,35.278,122.069,321.878
201.774,36.112,122.921,322.391
200.668,34.961,124.392,322.460
199.246,34.884,126.070,323.436
199.943,33.571,125.234,323.724
196.308,34.600,127.796,323.831
196.391,35.410,128.790,322.881
199.212,36.228,127.654,322.365
198.998,36.268,126.231,322.074
200.195,36.088,124.363,321.662
201.557,36.069,123.540,320.791
199.153,35.882,125.151,321.502
200.147,35.733,124.017,320.949
198.664,36.125,122.992,320.806
198.514,36.543,126.039,320.419
197.426,36.435,126.717,321.131
196.482,36.278,127.806,321.505
194.508,37.482,130.728,321.509
195.000,37.254,132.261,320.071
194.699,36.889,132.109,321.113
196.390,36.423,130.632,320.521
194.374,36.954,130.891,321.734
192.622,37.451,133.026,321.145
192.417,37.535,134.592,321.013
193.583,37.012,133.939,321.514
195.438,36.916,132.837,321.183
195.338,37.330,132.562,320.925
195.849,38.094,130.888,320.483
193.991,37.971,132.968,320.037
195.635,37.759,131.244,320.177
196.721,38.419,130.985,319.691
197.468,38.681,130.587,318.812
195.817,37.298,132.181,319.531
197.489,36.756,129.849,321.587
199.730,36.970,128.739,321.419
198.488,36.234,128.457,321.934
200.774,36.132,127.117,323.737
198.282,35.224,128.640,323.565
199.678,34.903,128.298,322.936
201.139,35.291,125.838,323.232
196.957,35.922,129.402,321.536
197.984,33.709,130.094,323.414
197.166,34.069,131.209,323.191
198.389,35.093,130.820,322.250
198.956,33.407,128.774,323.762
199.688,31.693,128.134,324.750
198.748,31.563,128.579,324.374
200.106,32.710,127.579,323.847
203.073,30.987,124.729,324.085
203.756,31.169,123.038,324.710
204.114,30.818,121.354,326.008
206.815,30.331,119.789,326.608
206.580,29.981,120.116,327.026
208.051,30.228,118.424,326.868
205.798,28.887,120.430,326.784
207.295,29.534,119.866,327.249
208.963,29.630,119.191,327.497
207.819,28.900,117.779,326.904
208.330,28.543,117.557,328.134
208.585,28.804,118.671,328.985
209.508,29.615,118.634,326.965
208.450,29.765,118.385,326.348
208.357,29.672,118.258,327.737
208.720,29.518,119.946,326.867
210.356,29.350,118.855,326.480
209.320,28.593,121.774,328.645
207.105,28.730,123.623,328.059
206.190,28.997,123.515,328.156
206.380,29.472,126.533,327.111
206.406,30.410,128.574,326.972
205.963,30.209,128.529,327.204
206.660,31.607,129.419,326.449
207.100,31.569,129.559,325.858
207.261,30.882,128.728,326.125
208.239,31.798,127.623,325.250
206.004,31.534,129.332,324.971
205.997,31.129,130.805,325.731
206.145,30.434,130.831,327.068
203.869,30.298,132.681,328.363
203.167,30.964,135.515,325.793
202.806,31.036,136.495,326.823
204.644,29.632,135.273,327.126
207.897,28.304,131.879,327.635
207.283,30.097,129.697,328.013
205.945,28.842,130.760,329.351
206.821,27.348,133.109,330.305
208.684,27.222,131.716,329.906
207.750,29.069,130.002,330.472
207.434,27.006,131.710,328.131
209.677,28.094,132.288,327.787
210.880,30.050,129.848,328.763
210.798,29.075,127.753,330.374
209.868,28.975,127.894,330.803
210.436,27.196,126.959,329.858
210.652,28.730,130.261,326.722
209.027,30.463,132.778,325.114
209.818,30.439,133.363,325.499
207.773,30.677,134.226,325.902
207.896,30.058,133.252,326.382
208.422,29.079,131.716,327.111
209.505,29.580,131.596,326.097
207.732,29.534,130.448,326.330
210.859,27.786,127.639,327.349
210.653,28.935,127.697,328.279
209.653,26.771,127.006,328.492
214.073,25.503,125.015,330.641
215.478,27.578,123.707,330.017
215.928,28.221,123.018,329.174
214.262,28.600,123.293,327.783
214.598,27.871,123.077,328.536
212.136,27.872,125.775,329.141
212.373,26.103,124.643,331.260
214.490,26.296,123.755,331.346
211.110,27.524,126.561,329.972
213.453,26.263,125.441,329.586
212.132,26.382,126.008,330.215
212.222,25.677,123.483,332.156
213.748,24.440,121.169,333.250
213.261,23.942,121.690,333.170
212.088,23.850,122.312,333.315
212.780,23.109,125.211,334.477
209.202,22.832,126.447,336.132
209.123,22.268,127.014,334.819
208.951,22.366,125.774,337.414
206.839,21.827,128.485,336.120
203.440,22.558,131.182,335.920
200.692,20.072,132.950,339.004
200.971,20.758,136.011,337.346
197.036,24.510,136.670,336.793
202.837,20.914,134.287,335.793
200.396,27.073,133.014,331.410
202.517,25.552,128.878,331.120
205.363,25.482,127.790,330.425
211.069,25.795,125.219,331.355
212.397,27.661,125.749,329.700
212.045,20.898,127.674,332.160
209.497,21.107,129.469,336.285
210.975,21.213,128.113,334.154
211.248,19.943,126.921,335.447
210.034,19.488,127.094,335.705
206.788,18.598,127.640,336.735
205.402,17.891,129.567,338.856
206.810,15.364,130.101,343.689
204.385,14.035,134.449,343.230
202.622,13.660,134.169,344.622
204.073,15.441,133.158,343.723
201.412,14.212,132.256,344.891
199.450,15.751,130.990,343.845
197.073,15.955,128.472,342.608
199.306,14.970,128.010,341.494
199.716,19.612,122.511,339.652
200.992,18.503,120.440,340.289
203.726,19.094,115.490,340.603
204.411,20.534,115.534,340.478
202.846,19.132,115.142,340.935
204.464,21.641,117.433,339.709
204.459,26.526,116.611,335.400
205.748,29.475,115.604,332.764
205.381,29.588,115.557,331.179
206.469,28.948,115.633,331.355
207.755,28.296,115.647,331.051
208.991,29.348,115.098,331.279
213.037,30.469,114.760,329.969
216.401,33.102,113.197,328.462
215.362,32.517,113.275,328.506
213.310,33.088,114.728,327.048
215.015,33.576,115.126,326.618
215.863,33.500,113.592,326.668
215.532,34.270,116.270,324.487
217.726,33.682,114.738,324.411
218.741,33.549,113.180,325.543
220.512,32.232,111.839,326.322
222.324,33.398,110.596,325.992
221.011,33.878,112.203,325.112
220.507,34.518,115.059,324.197
221.754,33.594,115.185,322.164
220.067,35.069,116.402,322.271
219.213,33.989,117.660,322.358
220.662,33.326,115.018,325.424
223.374,33.095,114.568,323.845
222.985,35.380,115.764,323.145
226.064,36.427,113.869,321.372
224.741,36.098,111.955,322.931
227.195,32.344,109.635,324.193
227.548,33.808,109.031,324.887
231.152,32.431,107.851,325.006
230.984,33.032,108.193,326.222
