1036.000,363.000,242.000,177.000
1033.569,361.270,239.409,178.651
1026.608,358.307,238.918,180.104
1016.693,357.372,238.919,182.358
1004.495,353.954,242.018,184.488
991.430,349.548,240.899,187.460
985.594,352.557,240.611,185.864
977.534,355.673,239.305,182.695
964.084,359.166,240.993,178.009
950.424,363.661,241.094,174.262
938.847,359.436,241.359,174.751
929.242,353.887,242.039,178.553
920.781,349.570,242.801,182.994
916.695,344.512,241.067,187.567
912.161,341.286,239.102,192.156
910.886,345.209,237.837,190.197
911.645,343.502,235.343,191.276
914.786,343.581,232.834,191.007
914.378,342.011,231.404,191.770
916.271,344.722,233.132,190.032
915.024,345.955,233.250,189.272
915.926,345.858,234.282,189.979
920.905,352.515,236.191,186.009
921.510,349.773,233.866,187.967
921.707,347.619,231.868,189.609
923.978,346.954,230.543,190.535
927.351,351.274,231.522,187.916
927.301,357.365,231.561,183.407
925.666,357.876,232.098,182.298
922.468,360.141,229.331,181.123
921.267,363.855,226.080,179.417
917.308,365.662,223.978,177.293
908.410,369.330,222.733,174.567
899.051,373.310,221.258,172.467
888.764,355.821,218.733,184.199
877.286,356.202,216.813,189.206
864.021,360.546,213.056,186.873
849.857,363.013,207.656,185.866
835.659,367.809,203.384,182.960
823.858,366.494,198.480,182.543
816.346,364.024,193.617,185.064
808.697,358.447,188.112,189.308
801.798,359.707,184.121,191.155
792.007,355.289,180.998,194.087
782.835,357.616,177.400,193.805
774.620,355.690,174.112,196.106
773.427,352.398,168.384,197.974
766.502,357.007,166.276,196.629
763.931,362.957,164.331,191.105
763.377,360.852,162.558,191.225
764.875,365.380,159.492,188.394
762.584,357.647,158.381,192.584
765.230,361.714,154.415,191.617
777.013,357.619,147.729,193.473
781.550,358.220,144.656,191.842
785.896,357.611,142.205,191.385
792.203,351.812,140.332,193.731
791.705,349.121,140.107,195.134
790.641,344.713,139.009,198.638
792.164,341.155,137.635,201.237
789.291,340.907,134.507,201.612
783.561,335.885,132.720,203.996
780.768,338.956,130.977,202.767
770.555,328.270,127.817,208.125
768.792,339.492,127.641,199.476
760.993,340.930,123.802,197.681
752.781,340.528,120.411,195.936
749.023,340.415,119.443,194.673
745.288,340.374,117.507,194.178
739.555,339.332,115.456,194.833
737.387,338.071,114.401,194.102
739.119,335.174,111.008,195.515
742.457,337.213,109.855,195.542
747.982,336.042,111.016,193.852
750.290,332.997,110.984,194.906
753.957,332.569,113.362,195.321
756.236,329.650,116.120,195.140
762.649,330.112,116.802,197.469
767.921,327.891,116.924,199.131
771.866,326.280,117.001,200.829
775.375,326.101,116.535,201.263
776.817,323.578,115.055,202.993
778.097,321.645,118.916,203.489
776.804,320.555,123.329,201.970
771.381,318.575,124.763,200.562
768.209,317.725,125.125,199.051
767.681,318.952,125.007,199.534
765.014,317.128,122.182,202.065
765.202,318.004,122.085,200.634
757.493,318.202,115.608,203.703
749.438,316.734,112.022,204.462
739.230,319.720,111.429,202.852
723.269,319.543,107.432,205.256
714.087,315.093,103.463,208.123
701.019,320.969,101.822,206.353
690.039,317.221,99.643,207.479
675.669,319.454,99.854,205.485
664.582,321.512,100.910,202.269
649.785,327.376,101.662,200.338
638.195,327.416,102.801,199.251
623.714,330.418,104.009,198.150
612.183,332.061,103.103,196.674
600.734,334.684,102.024,196.019
592.819,336.588,103.487,195.026
583.525,337.429,101.528,195.042
580.428,342.219,103.103,193.077
577.894,346.126,104.016,191.241
576.486,348.530,103.355,191.301
578.342,350.370,100.857,191.868
578.576,352.979,100.193,192.273
582.105,350.560,98.554,193.313
585.565,352.362,96.881,193.658
587.324,354.263,96.646,193.632
587.598,357.257,96.574,193.071
589.910,356.192,96.905,193.201
593.782,356.060,97.251,194.513
602.026,354.849,97.832,195.744
611.278,356.026,99.546,195.428
616.582,356.240,98.916,197.549
622.806,356.246,98.735,198.696
627.639,357.077,99.014,198.838
629.202,357.749,99.934,198.718
629.780,357.377,100.681,199.462
629.400,354.781,100.679,200.809
630.782,355.869,99.848,201.807
632.794,352.671,98.340,202.656
634.612,353.876,97.844,203.055
635.465,353.355,98.553,203.329
636.755,352.011,99.268,203.487
639.680,350.563,98.074,203.079
644.180,347.890,98.438,203.050
647.023,347.043,97.201,203.454
650.304,343.688,97.260,204.100
652.668,340.302,95.624,205.942
654.834,337.754,95.183,206.665
654.905,335.814,96.379,207.148
654.999,338.708,96.653,208.174
646.638,335.098,98.278,209.276
647.385,333.815,97.795,210.103
644.216,327.959,98.518,214.541
644.621,329.166,98.861,216.689
637.236,327.470,97.658,220.703
640.769,329.677,99.022,219.928
636.025,331.377,100.321,222.532
636.247,333.647,103.204,224.423
632.015,335.475,103.381,229.853
626.488,338.462,105.630,234.531
622.164,336.400,108.433,241.152
619.427,338.221,110.896,247.954
615.579,339.064,113.143,254.347
617.272,343.050,116.889,259.276
618.143,342.888,120.421,267.367
625.107,345.188,123.062,273.136
630.935,350.544,127.435,277.030
638.086,357.531,129.846,282.659
647.970,358.843,131.867,289.239
659.710,355.494,144.052,283.878
671.064,362.862,147.127,286.162
679.368,361.653,151.278,285.292
687.363,368.582,153.182,287.185
694.456,371.673,152.793,290.814
701.299,375.388,151.421,298.347
704.536,377.801,152.020,302.867
707.287,369.607,153.215,303.991
709.191,380.598,151.836,310.672
707.689,377.359,154.102,311.107
712.510,388.713,150.768,314.326
719.745,383.820,151.501,312.631
728.410,383.610,149.995,315.297
730.580,375.573,153.255,313.833
739.532,382.216,152.655,313.776
743.428,381.429,152.964,318.268
751.570,381.223,152.736,323.153
754.281,371.313,156.341,321.990
752.520,368.631,158.720,324.489
756.697,370.829,159.363,331.072
760.729,365.539,159.613,332.412
760.917,355.508,157.294,338.723
757.965,348.117,154.658,337.877
758.403,345.903,155.837,336.930
758.714,339.316,157.654,334.559
759.051,337.082,153.740,340.144
763.328,336.611,154.271,335.962
766.998,330.622,152.947,341.568
765.503,320.508,150.981,353.229
760.581,309.901,155.406,351.165
762.963,307.776,159.466,342.939
762.612,300.643,157.416,344.852
759.177,298.198,157.226,341.964
756.262,299.029,158.380,337.751
754.338,296.551,157.616,337.934
751.891,297.639,158.625,333.873
753.665,301.128,156.685,333.547
752.671,302.111,157.354,332.656
752.442,299.199,157.999,333.200
749.147,298.656,158.908,332.393
744.885,295.156,155.849,333.912
741.271,292.314,157.390,328.130
742.294,285.674,158.225,321.090
739.276,270.080,166.232,308.394
734.881,273.903,172.026,290.130
736.119,269.390,179.814,267.774
738.357,278.373,178.353,266.977
739.395,274.282,182.708,257.771
742.592,285.002,181.192,255.574
745.151,286.026,183.498,248.492
753.530,293.356,182.198,244.379
754.414,281.845,191.614,221.342
757.108,283.751,193.500,209.799
762.450,291.808,194.317,199.169
765.201,301.082,188.795,194.639
767.376,293.611,189.949,183.710
770.343,306.138,183.930,181.180
772.038,304.453,185.268,171.810
773.463,314.111,177.985,171.591
777.287,307.796,177.552,167.212
774.634,317.441,181.012,156.611
778.434,325.578,173.676,160.865
781.838,329.628,170.636,165.105
788.450,326.120,178.020,160.797
779.616,328.925,181.174,154.595
781.993,343.356,182.114,157.651
780.899,345.021,185.048,151.968
791.245,351.664,185.798,156.639
794.600,350.527,186.350,160.969
801.276,347.795,189.979,157.420
822.602,353.736,184.296,164.484
822.053,355.322,185.085,162.299
831.900,359.675,186.171,159.885
837.319,356.556,191.283,153.540
847.234,361.197,191.743,153.868
852.328,356.565,188.849,157.491
857.243,358.073,179.132,167.578
878.750,365.544,158.649,194.350
873.988,352.183,163.045,197.445
851.962,336.885,186.579,174.695
833.384,345.085,201.680,160.577
829.089,350.416,198.198,169.995
819.810,345.945,186.543,189.236
817.638,332.607,182.012,196.358
828.182,335.870,168.055,222.912
807.397,322.990,176.002,225.486
800.726,320.963,173.221,234.414
789.876,308.195,181.389,231.486
779.901,306.645,181.682,228.082
772.165,308.639,176.074,237.855
759.217,296.967,181.400,230.281
743.099,297.942,182.153,223.096
734.312,288.093,190.979,212.218
734.211,293.795,199.108,205.007
718.731,291.349,210.889,188.151
705.483,293.007,202.856,193.619
700.141,291.609,209.675,187.251
681.004,285.635,197.691,199.328
680.361,289.855,205.558,197.541
667.191,302.289,192.532,213.260
678.214,312.385,187.497,224.190
685.975,298.831,177.884,241.237
684.714,302.538,167.097,264.018
673.968,273.065,169.373,264.507
663.039,275.339,175.747,256.992
661.573,293.035,175.313,273.090
651.956,283.005,186.307,265.147
648.600,291.168,198.284,255.206
654.353,309.894,187.494,274.794
648.224,304.487,186.332,282.327
645.900,301.277,182.106,285.187
646.960,308.807,180.995,287.606
655.339,309.794,174.784,297.444
658.129,315.966,174.029,306.340
655.729,306.298,180.519,301.936
648.976,301.646,194.365,281.423
660.233,313.971,193.275,280.421
651.712,308.460,209.793,251.363
655.740,311.701,221.051,228.352
655.846,318.928,223.233,213.659
656.493,322.858,229.552,201.575
658.375,321.469,227.869,194.812
669.192,317.985,224.484,189.500
670.188,301.953,225.791,177.670
676.770,308.585,223.214,176.360
681.458,310.378,225.051,175.250
690.459,318.572,216.536,183.734
680.223,333.158,209.158,188.667
688.852,336.993,200.464,200.110
686.598,340.516,192.629,214.855
695.604,346.012,188.290,221.897
706.509,353.852,184.548,230.225
707.691,357.102,193.221,235.868
701.873,352.374,203.653,234.170
706.444,359.344,205.177,238.247
709.852,353.581,211.576,236.199
711.815,358.357,217.139,234.380
717.933,356.274,226.403,227.591
702.458,371.915,226.750,240.125
709.591,377.235,232.555,253.896
719.687,352.617,245.269,241.824
722.405,365.147,240.174,251.923
716.990,364.213,246.593,255.265
708.353,357.396,251.850,254.789
698.542,356.349,261.855,257.290
701.413,354.901,265.550,253.739
714.713,348.014,263.739,253.671
705.577,351.411,258.530,259.514
710.142,343.474,255.911,268.058
707.116,337.085,255.419,269.085
707.084,341.038,256.966,268.625
709.322,338.616,258.358,266.533
695.076,333.508,260.239,261.762
704.133,335.044,261.252,258.416
689.771,337.637,262.431,258.671
696.315,331.477,266.959,252.089
673.923,331.167,267.078,251.569
673.310,336.751,261.652,255.448
670.382,332.058,260.434,254.461
667.262,337.773,259.785,260.118
665.114,329.772,262.342,253.875
659.104,325.428,266.089,245.317
647.615,330.298,258.753,244.128
639.033,327.987,250.022,248.022
635.330,327.454,247.941,248.503
630.590,324.440,247.071,246.645
628.385,321.647,242.604,243.746
620.697,328.777,238.303,247.913
614.408,325.577,232.952,254.447
613.856,321.613,237.232,248.158
607.345,327.782,235.949,251.349
596.682,331.742,231.117,256.556
592.137,335.571,231.556,260.054
597.534,321.675,237.201,250.851
593.395,339.718,232.334,256.531
582.031,336.060,232.715,256.959
588.396,325.562,235.652,250.922
583.767,343.560,234.556,252.706
574.176,335.522,242.288,245.675
585.731,341.145,239.142,248.459
576.291,345.333,235.095,251.238
573.628,345.639,235.213,255.241
584.619,341.612,247.236,238.455
592.550,343.242,242.347,236.530
600.559,352.094,234.825,241.173
601.672,351.285,232.307,242.363
601.202,350.133,233.599,234.909
613.400,348.456,235.328,224.156
612.105,364.894,230.391,229.715
605.192,359.461,228.247,229.588
622.505,361.293,232.426,222.793
601.525,381.013,221.206,235.623
606.829,375.055,217.486,241.259
609.254,372.775,223.372,240.347
615.177,372.538,224.846,240.707
615.305,364.513,233.924,226.761
612.306,378.375,231.501,230.286
615.145,374.290,235.698,225.499
620.040,382.054,237.532,227.323
629.671,373.183,243.490,216.610
607.701,402.032,222.311,238.718
614.455,388.546,228.087,233.792
616.166,390.733,225.607,233.513
613.621,390.914,220.053,241.160
619.445,390.898,223.152,240.517
617.951,391.426,223.051,242.904
617.002,398.242,216.738,255.804
621.365,392.060,221.889,254.577
617.974,385.671,231.363,240.017
617.422,384.413,231.976,240.000
617.663,382.489,232.405,238.971
615.975,381.021,228.460,241.109
614.156,383.127,220.199,245.492
618.422,379.417,218.336,250.232
620.105,371.335,222.035,241.856
614.976,370.143,217.542,248.008
616.774,361.859,215.857,249.032
614.447,354.688,212.921,248.458
616.985,352.885,216.864,251.837
613.109,335.847,212.825,251.725
618.110,332.548,213.521,252.665
613.322,325.841,213.739,248.948
617.444,325.545,213.179,254.141
614.591,320.593,213.600,251.041
613.610,321.575,209.958,254.166
614.303,317.085,216.452,251.685
611.571,314.415,215.939,247.495
611.249,320.147,211.350,258.400
609.058,313.547,207.128,269.234
620.823,302.970,218.616,256.669
610.464,295.435,221.014,247.556
610.492,304.241,219.097,253.067
608.925,300.915,220.122,247.443
607.408,305.803,214.918,254.795
608.547,302.929,215.239,258.949
611.018,298.701,218.081,251.829
605.572,298.392,217.596,249.883
605.695,302.082,218.072,249.882
602.835,301.849,216.674,243.831
604.152,304.344,213.776,243.817
605.104,305.600,210.374,242.740
605.100,309.485,204.491,244.887
609.603,308.529,202.542,243.444
605.789,312.119,199.134,246.614
603.914,317.094,188.995,259.045
611.039,302.532,186.757,254.543
612.693,312.979,189.844,254.669
615.201,313.112,188.845,258.194
620.622,312.394,190.882,254.887
624.536,310.957,187.839,255.962
632.311,310.985,183.157,255.553
640.393,305.761,181.875,251.578
646.335,313.886,180.967,249.591
651.646,314.637,173.812,259.413
663.391,310.196,177.788,254.833
665.588,310.639,171.062,261.524
672.255,311.979,166.627,267.905
678.311,311.897,164.827,271.243
682.699,312.600,162.547,273.806
687.000,310.096,161.248,276.029
691.157,311.286,157.422,278.921
698.736,308.648,158.215,278.197
704.899,308.504,161.945,276.349
707.879,308.775,161.798,277.386
712.994,309.184,165.697,278.007
715.098,307.822,165.969,280.971
717.775,308.149,167.484,280.443
722.307,308.326,168.107,281.235
726.646,308.848,172.798,279.144
728.156,306.597,173.402,277.890
729.263,306.040,173.407,278.984
729.429,305.901,173.925,278.484
730.265,304.724,173.893,277.137
731.695,305.540,174.455,278.041
733.325,307.800,179.042,277.567
732.918,302.323,176.135,279.415
737.022,304.345,175.812,281.389
738.925,308.514,177.672,279.821
740.431,307.483,179.694,277.831
742.219,312.661,183.992,276.349
738.736,308.770,178.754,277.106
739.267,310.453,182.148,274.932
738.612,320.808,181.447,274.871
731.382,312.319,176.761,277.510
731.296,325.974,178.307,276.487
726.166,316.931,179.659,273.173
722.615,328.266,175.627,276.751
719.644,333.678,176.331,278.295
710.581,333.160,174.746,281.197
709.815,337.916,174.605,281.150
701.592,341.610,169.786,284.097
699.732,338.817,164.537,285.920
697.548,340.217,162.626,285.169
697.114,346.082,160.821,283.578
693.555,347.494,158.123,283.205
690.531,348.767,156.447,283.366
688.947,353.602,154.368,282.499
685.943,355.543,152.791,284.113
684.158,357.166,153.531,282.668
679.384,362.075,151.568,283.671
678.598,365.303,151.508,283.648
673.610,364.205,153.019,283.001
670.276,365.010,151.888,284.112
669.476,369.045,148.662,286.815
666.209,369.637,150.181,287.879
663.720,366.074,151.793,285.668
662.585,378.994,149.692,285.800
655.566,373.700,151.416,282.988
655.503,369.690,150.041,286.601
655.113,370.624,150.830,287.459
651.728,367.627,149.894,289.196
651.861,364.699,146.224,287.939
650.961,361.051,143.696,288.292
650.801,357.333,143.043,288.737
650.639,354.871,142.694,289.118
649.111,352.645,140.806,289.055
649.773,351.221,141.993,288.342
651.344,349.799,142.920,287.244
651.446,347.904,144.626,285.597
649.502,346.941,145.542,286.784
651.369,342.809,145.052,286.463
650.906,340.086,146.899,285.425
650.925,336.665,143.569,288.112
650.550,335.514,140.432,289.518
653.037,338.358,140.063,290.793
654.739,336.128,140.704,287.226
653.640,332.256,140.418,289.736
653.585,326.299,141.031,291.908
657.347,331.120,144.461,288.757
655.754,328.447,147.209,287.387
658.110,333.126,151.273,283.844
656.371,326.362,151.016,284.645
658.781,324.879,152.614,284.058
658.887,326.499,149.040,286.211
661.358,331.391,150.204,286.318
658.570,331.513,150.335,288.100
656.964,329.514,151.979,288.375
658.165,334.484,155.138,286.848
654.214,339.372,153.713,289.946
656.127,336.388,155.666,285.378
655.580,340.228,151.873,290.311
658.849,336.197,151.408,288.187
656.869,344.179,145.675,293.651
664.360,348.873,147.220,292.417
