299.000,213.000,327.000,381.000
296.112,211.187,325.279,383.255
299.260,218.359,324.139,375.960
304.126,215.735,315.101,372.387
314.590,217.658,306.661,371.776
325.248,206.521,296.577,377.218
335.560,209.079,286.894,369.053
339.431,202.836,282.816,360.997
343.153,197.975,280.138,353.488
342.127,194.013,280.849,356.426
340.665,199.126,281.856,351.015
341.700,190.733,286.954,359.763
330.113,181.340,287.746,374.786
321.675,171.709,293.819,384.555
300.988,176.360,304.009,384.286
304.606,180.785,306.084,392.568
302.646,174.729,303.908,397.891
313.121,180.459,292.160,399.971
325.281,189.812,279.390,399.086
316.669,203.030,280.994,391.662
312.650,200.282,278.097,396.468
311.174,199.389,282.482,388.407
315.200,188.633,285.758,387.336
303.023,194.541,298.521,376.190
298.001,200.134,305.656,370.670
291.447,197.185,312.549,375.327
291.388,203.156,311.226,378.507
290.047,195.356,306.680,387.889
300.141,186.689,301.210,401.201
305.744,192.020,295.102,404.644
312.409,188.515,287.895,409.471
306.427,186.050,292.838,413.467
310.836,189.365,291.889,405.447
314.704,179.870,295.894,410.543
320.320,181.209,298.228,415.160
324.712,179.627,298.799,420.496
334.769,180.124,296.551,421.432
341.764,180.871,287.997,425.368
350.852,189.291,284.236,418.696
354.265,190.429,279.835,415.734
360.038,192.610,274.168,414.679
359.659,193.404,274.938,412.208
364.551,200.856,275.610,408.607
365.078,199.020,275.395,406.333
362.153,196.726,281.462,404.923
359.664,201.035,285.032,400.484
363.421,199.819,280.929,400.100
364.453,204.058,282.316,396.416
361.863,201.466,282.833,395.653
361.057,211.282,283.048,387.222
354.940,211.452,284.578,383.888
349.646,213.238,289.153,381.832
343.198,210.383,293.191,379.651
332.922,214.597,306.398,372.815
322.300,215.737,314.704,368.612
314.746,216.184,321.198,357.184
310.666,217.491,330.037,350.904
321.125,223.304,327.433,341.993
326.718,222.527,319.674,340.104
328.070,221.116,316.608,341.952
317.981,219.361,323.880,346.482
345.849,214.556,314.462,355.640
339.426,210.439,311.150,359.290
322.004,211.209,322.222,358.333
333.356,211.149,321.335,360.857
330.757,207.081,320.564,359.523
339.279,204.093,314.708,360.258
350.805,199.622,307.482,362.248
353.516,197.711,302.382,364.241
358.646,200.706,295.558,362.912
368.252,201.328,289.229,361.345
378.073,198.887,282.036,364.154
386.247,200.222,273.810,362.078
398.102,209.809,265.535,360.673
409.861,201.974,257.033,370.074
411.183,208.550,255.416,364.217
412.517,206.358,257.944,363.272
412.103,209.299,260.287,364.023
410.925,212.257,260.829,365.469
414.232,211.073,262.025,369.462
413.318,207.463,267.206,375.047
412.328,212.234,272.428,374.804
409.559,218.071,275.619,370.520
413.353,216.144,276.520,375.675
413.011,227.158,282.275,372.595
410.702,226.621,286.869,370.594
413.236,228.279,282.260,375.530
416.367,225.006,278.944,381.746
416.789,228.293,280.838,380.185
427.195,226.436,272.217,385.610
432.949,224.607,261.719,392.215
444.096,226.865,254.970,394.156
441.729,232.624,254.323,391.880
439.591,239.015,250.261,389.997
435.341,239.474,244.001,393.805
428.173,243.686,245.081,392.481
423.922,254.713,249.299,390.363
427.711,253.433,248.895,395.189
428.181,251.009,248.322,398.807
438.014,250.953,244.326,401.401
445.443,248.807,238.786,401.667
453.444,247.550,232.468,401.132
458.473,242.543,225.877,404.695
465.529,233.532,223.774,404.232
474.778,227.369,220.309,398.043
480.800,223.373,212.732,395.379
488.239,220.749,207.708,396.564
492.835,214.445,207.912,399.341
495.875,209.812,209.171,397.048
494.664,205.624,210.258,395.794
492.737,196.336,211.554,393.081
495.739,192.423,211.537,391.281
494.121,189.822,211.494,396.345
500.735,186.089,211.898,399.725
503.974,181.001,210.620,405.736
505.737,177.822,211.168,409.468
507.526,174.524,211.230,412.804
507.472,170.726,212.363,415.428
509.067,169.707,212.839,418.862
511.599,167.269,217.356,418.160
509.942,162.600,220.237,417.060
511.449,159.806,218.460,415.633
511.908,157.396,219.618,415.173
513.453,160.309,222.119,415.378
512.262,160.080,219.089,416.741
515.251,160.763,216.461,420.883
516.561,161.431,214.447,422.256
516.591,163.180,210.603,425.093
524.330,165.842,208.722,426.464
525.592,166.371,207.805,427.789
526.494,166.402,208.342,431.878
527.644,166.166,209.815,438.787
527.348,167.207,211.221,445.617
530.462,170.920,211.110,457.283
528.847,166.878,212.014,462.302
526.165,168.236,214.064,466.582
523.028,171.348,213.067,472.072
519.491,173.120,213.204,474.353
515.575,177.374,211.706,475.069
510.191,174.749,212.020,470.324
504.046,177.538,212.116,462.186
490.285,177.246,214.644,451.806
481.317,178.483,215.907,446.969
472.613,179.505,216.725,446.672
457.886,180.282,222.295,441.337
446.374,179.096,224.054,435.532
441.413,181.130,223.240,430.740
431.297,178.483,224.797,425.896
427.043,180.816,230.031,420.625
411.696,178.590,238.198,415.992
404.291,180.571,248.840,411.590
391.228,181.413,261.430,405.301
376.583,187.316,276.094,399.636
369.631,184.878,279.329,403.875
363.431,182.555,284.439,404.465
364.670,179.546,289.084,406.128
355.296,179.006,292.844,409.179
348.760,176.226,296.866,408.558
345.631,181.631,299.310,405.746
337.814,190.668,304.555,397.560
331.585,184.482,301.369,398.746
331.146,180.591,304.483,399.629
328.249,168.724,301.394,408.911
323.733,176.400,304.363,411.010
321.334,183.196,307.611,413.599
317.033,189.149,305.239,426.625
314.949,209.253,290.583,434.059
305.924,217.316,274.498,450.031
301.163,229.578,267.551,458.878
298.151,207.060,260.594,477.271
280.576,196.436,267.402,484.886
267.505,188.777,288.051,483.696
263.550,195.782,296.394,481.805
260.447,193.056,297.706,489.738
271.570,214.654,293.051,492.793
265.357,207.150,285.755,497.653
268.379,213.434,284.016,494.765
269.021,201.357,278.575,503.322
269.543,195.526,282.856,508.877
271.894,195.614,278.069,511.297
274.176,200.832,276.212,505.767
272.043,199.422,273.343,498.706
271.531,197.181,274.615,501.034
267.614,194.685,280.341,497.685
264.102,199.454,281.386,497.628
259.298,201.398,281.918,493.590
252.856,204.509,286.862,495.141
242.123,202.804,294.088,495.027
242.638,208.040,297.674,499.013
235.218,205.234,304.424,497.674
217.808,203.068,318.244,492.724
216.862,205.702,315.850,498.926
209.985,205.750,324.577,491.798
203.498,205.208,327.576,496.677
197.626,203.868,331.026,495.258
188.645,204.924,334.554,503.579
184.527,204.974,337.135,505.372
180.837,208.113,337.545,504.428
178.481,212.797,340.392,500.093
175.211,210.331,337.554,500.718
170.625,215.154,343.375,497.795
171.426,218.474,350.733,490.385
173.297,222.298,347.391,489.555
176.447,221.233,344.877,490.637
181.927,224.907,340.090,488.830
186.468,227.257,343.303,486.163
186.781,230.373,349.836,484.216
188.324,237.392,343.561,479.624
185.961,234.937,349.001,482.697
180.867,238.128,353.956,484.222
177.234,236.529,351.719,485.509
172.529,235.992,353.111,487.281
175.061,238.251,349.953,485.289
173.246,240.100,353.224,482.608
168.044,242.930,355.462,478.751
168.049,240.938,358.596,481.310
161.844,247.026,361.441,481.396
161.469,242.280,363.513,483.618
163.950,242.576,363.791,482.199
158.313,239.778,363.451,486.871
158.597,234.957,363.829,493.237
157.578,233.430,366.682,495.944
164.730,234.911,369.124,494.214
160.966,233.688,368.663,495.914
165.367,235.677,364.859,492.323
172.998,231.816,364.540,493.602
170.717,228.909,361.869,495.325
170.976,229.512,361.156,496.340
176.568,220.442,353.264,503.374
178.336,217.476,350.343,504.177
179.737,212.448,343.613,503.742
180.188,204.562,340.455,507.854
182.691,201.902,336.334,515.974
178.510,183.891,336.134,525.817
178.666,189.619,335.966,527.072
176.642,197.066,338.607,521.204
178.460,186.245,335.791,524.890
178.422,187.066,329.573,531.559
176.962,194.814,336.333,520.589
173.130,197.528,340.999,507.017
168.764,204.742,347.298,510.295
168.689,204.041,353.312,504.819
168.473,214.833,353.994,501.403
165.897,207.716,362.361,500.388
156.867,210.202,368.122,498.005
146.870,219.176,369.086,498.509
142.389,220.103,376.456,501.081
133.238,221.034,382.820,504.395
132.101,221.228,384.617,506.484
133.451,219.898,385.761,509.791
134.927,218.874,387.649,507.745
134.541,219.650,381.621,510.856
137.293,219.285,383.556,509.889
138.277,216.422,380.514,514.957
145.069,216.094,376.206,513.205
157.228,214.295,371.023,509.757
166.657,224.865,379.800,494.093
168.320,220.447,369.569,501.279
177.418,218.706,361.680,502.417
190.287,222.494,354.133,497.932
195.127,223.669,344.800,497.329
207.138,221.056,332.727,495.176
218.499,225.566,328.470,490.392
226.410,229.561,314.423,485.314
232.162,232.481,308.517,480.929
236.422,238.808,304.739,478.064
242.353,237.921,304.680,477.411
247.140,241.380,305.237,471.792
248.147,243.633,303.246,472.710
251.312,245.507,302.659,471.010
249.255,247.254,301.427,467.687
247.208,247.955,301.953,464.644
242.822,248.345,299.516,468.136
235.704,240.434,302.444,461.144
228.248,241.820,309.411,470.097
221.594,240.167,313.442,471.831
214.507,238.506,317.992,473.209
206.336,235.207,321.875,475.624
202.658,230.994,324.545,478.670
196.836,232.324,329.982,482.026
195.277,224.863,329.891,485.091
191.746,227.571,331.107,485.153
188.488,225.056,334.114,487.074
183.298,228.541,336.534,488.010
175.600,224.474,339.683,485.793
172.764,223.473,344.684,482.915
169.025,225.334,349.063,487.052
166.214,222.472,355.475,485.421
164.821,224.412,365.342,487.269
160.785,227.310,374.224,489.577
160.098,225.148,375.796,493.797
161.399,222.590,379.860,496.801
162.339,222.688,380.854,498.290
157.127,223.251,376.879,498.284
158.407,224.252,374.273,495.387
155.677,223.569,370.291,496.046
151.799,219.720,369.156,498.727
150.991,213.347,369.438,500.833
148.950,216.421,375.147,500.537
139.939,214.638,375.468,501.635
144.449,206.282,378.715,508.898
139.079,196.480,376.912,517.823
140.058,210.501,381.088,507.139
138.969,209.240,376.970,508.611
137.476,204.312,376.811,512.549
138.295,211.902,375.948,508.990
142.603,203.708,372.847,513.628
146.670,213.956,382.889,507.363
142.053,215.084,384.992,507.901
141.876,211.009,389.979,508.305
142.188,211.963,383.854,511.340
147.047,209.137,387.437,509.096
144.067,206.312,386.093,512.278
149.798,197.055,387.469,512.317
146.574,210.046,383.950,507.260
149.549,203.291,375.382,512.781
150.470,211.861,378.388,508.868
148.345,208.700,376.733,508.224
151.604,207.292,378.747,508.121
148.413,205.287,376.883,506.928
149.360,219.542,382.673,499.446
146.589,198.704,380.549,503.221
144.298,203.818,371.611,508.827
137.386,200.192,369.316,512.404
136.718,202.757,373.778,507.640
133.820,196.128,377.613,511.611
142.524,189.581,387.850,519.738
125.733,185.650,403.400,528.898
114.824,188.766,406.191,523.458
113.200,186.495,410.997,517.660
107.669,194.100,410.298,521.757
92.725,187.943,404.242,530.006
99.611,179.794,421.428,531.871
85.846,195.873,430.573,518.474
92.037,205.755,438.412,510.731
92.525,209.547,464.555,482.762
