168.000,127.000,38.000,104.000
165.226,126.076,39.053,106.231
163.704,126.120,39.915,107.148
162.406,125.825,40.251,108.100
162.455,126.911,39.786,108.750
161.705,127.672,39.873,108.204
160.282,128.100,40.222,108.600
160.631,129.673,39.838,108.353
159.410,128.127,39.783,109.871
158.594,128.351,39.645,109.138
158.008,129.830,39.634,108.740
157.813,129.143,39.116,108.392
156.352,127.573,38.874,108.916
155.978,127.497,38.750,109.270
155.523,126.869,38.597,110.105
154.871,126.462,38.292,110.738
153.454,125.139,38.286,111.329
152.409,124.614,39.120,110.995
152.017,124.524,38.970,111.489
150.619,123.838,38.831,111.571
150.185,124.277,38.662,111.290
149.869,124.217,38.846,111.073
149.603,124.742,39.204,109.963
149.853,124.950,39.370,109.312
150.679,124.558,38.993,109.300
150.535,125.799,38.170,108.814
151.123,124.573,38.389,108.431
151.394,124.160,37.431,109.229
152.212,124.349,37.272,108.839
153.351,123.873,37.712,108.819
153.974,123.886,37.737,108.368
154.164,122.001,37.923,108.654
153.440,121.712,38.191,109.109
154.216,122.320,39.066,108.441
155.176,122.005,39.722,107.898
155.021,121.490,39.369,108.636
157.540,120.407,39.381,108.500
159.591,120.473,39.199,107.848
160.411,120.504,38.641,108.097
161.727,120.265,38.728,107.662
161.742,119.052,38.500,107.911
162.877,118.589,38.765,107.615
163.189,118.874,38.632,107.885
163.287,118.635,38.732,107.838
163.836,117.637,38.680,107.997
164.215,117.693,38.522,108.028
164.705,115.943,38.867,108.112
165.207,115.182,39.416,107.978
165.484,113.749,40.081,107.718
165.496,112.647,39.805,108.466
166.090,112.369,39.927,108.435
165.335,110.743,40.233,108.290
165.756,110.302,40.316,108.800
165.834,107.585,40.989,108.947
166.078,107.488,41.137,109.778
166.104,105.662,40.797,109.807
166.206,105.040,40.954,109.074
166.908,103.142,41.097,108.776
167.196,101.855,40.473,109.181
166.788,101.762,39.968,108.927
167.493,101.453,39.921,108.554
165.819,100.588,40.255,108.168
167.411,97.936,39.635,109.617
166.061,97.273,40.336,109.444
166.158,94.636,40.293,110.950
165.726,95.618,40.062,110.781
165.534,92.974,40.627,111.439
164.934,93.380,40.151,111.610
163.871,92.549,40.667,111.711
163.588,91.605,40.418,112.110
164.930,93.049,40.216,111.107
163.307,93.078,40.250,111.151
163.127,94.563,40.994,109.745
162.830,96.109,41.112,108.996
162.034,97.161,41.405,108.200
161.701,99.000,42.110,107.038
161.169,99.739,43.197,106.627
160.807,100.018,43.287,106.783
160.483,102.546,43.233,106.334
160.080,101.070,42.131,107.947
158.640,101.137,42.335,108.476
158.137,105.108,42.740,107.453
156.976,104.788,43.078,107.622
156.576,105.960,42.769,108.126
156.154,106.925,43.257,107.955
155.368,106.071,42.162,109.252
155.668,108.193,41.825,109.570
154.756,110.213,42.497,109.173
154.364,111.418,42.979,108.777
152.796,113.556,43.494,107.955
152.926,114.518,42.621,108.168
152.683,114.969,41.927,109.688
151.795,115.941,41.913,110.905
150.791,119.803,42.654,109.934
150.401,121.481,43.383,108.971
149.704,123.485,43.061,108.515
149.043,124.809,42.374,108.741
147.746,124.926,41.879,109.528
148.136,129.070,42.421,108.652
147.370,127.508,41.813,109.772
147.137,129.933,42.400,109.580
146.435,129.194,42.099,110.531
146.276,131.129,42.529,110.277
145.515,131.790,42.504,110.420
145.263,133.040,43.430,109.749
145.926,133.907,43.210,110.075
145.560,134.490,43.183,110.196
144.917,134.549,43.989,109.809
145.898,134.654,43.872,110.145
146.097,135.212,43.605,110.571
146.895,135.190,43.489,110.487
146.597,134.155,43.623,110.602
145.958,134.887,44.010,110.104
146.473,134.176,44.234,110.542
146.952,133.665,44.597,110.684
147.764,133.852,44.482,110.584
148.172,134.001,44.239,110.441
149.247,134.355,44.264,110.444
150.160,133.720,43.777,110.542
150.465,135.018,43.869,109.345
151.257,135.197,43.976,108.377
152.141,135.360,43.714,108.110
153.230,133.677,43.553,108.778
153.966,133.647,43.158,108.534
154.859,133.301,42.461,108.840
154.901,134.391,42.396,108.288
156.983,132.288,42.053,108.968
156.778,134.189,42.086,107.663
157.659,132.888,41.977,108.032
158.090,134.788,42.343,107.014
158.229,133.995,43.244,107.235
158.326,133.903,43.999,107.055
159.652,135.567,44.739,105.981
157.577,135.969,45.788,105.741
159.860,138.010,46.531,103.730
157.523,136.543,47.120,104.525
159.004,135.716,47.692,104.783
158.661,136.068,47.509,105.336
160.147,136.773,48.086,104.931
159.049,137.140,49.199,105.417
159.385,136.756,49.091,106.758
160.728,137.225,49.445,106.229
162.349,139.755,48.969,105.237
163.391,139.315,47.640,105.978
164.370,139.895,46.841,105.223
164.872,141.986,46.241,104.322
165.820,141.356,45.613,104.276
167.219,142.491,44.229,104.681
166.684,142.780,44.066,104.086
169.488,144.789,42.995,103.251
169.824,147.332,43.627,102.176
169.118,148.539,43.829,101.913
169.384,148.291,44.077,101.937
169.438,150.220,45.184,101.039
167.142,149.618,46.013,101.196
168.459,149.270,45.278,102.081
168.487,149.319,44.504,102.303
167.506,151.498,45.945,100.609
168.384,153.608,46.467,99.268
168.796,152.881,45.915,99.850
169.025,155.120,46.343,99.372
169.140,155.407,46.493,99.136
170.254,157.726,46.656,98.541
170.372,157.332,46.876,98.686
171.934,158.696,47.333,98.771
172.554,158.451,46.427,99.058
173.044,160.186,46.614,98.834
174.905,161.537,47.069,98.318
176.772,162.265,47.504,98.115
176.407,163.537,48.561,98.307
176.092,163.993,49.499,98.531
179.248,165.936,49.858,98.334
176.491,165.988,51.386,97.050
177.316,166.226,50.717,98.004
177.315,168.759,51.067,97.494
178.667,169.006,51.501,96.927
180.720,171.096,51.164,97.040
179.038,170.727,51.441,96.724
181.727,171.545,50.511,97.039
181.177,171.211,50.678,96.547
180.061,174.858,50.859,95.668
183.881,176.289,52.221,93.913
181.910,176.462,51.884,93.564
180.488,177.919,52.213,93.043
180.282,178.989,52.449,92.570
182.377,178.603,52.398,93.020
179.397,179.289,52.972,92.169
182.377,179.948,53.279,92.110
180.605,179.192,53.037,92.567
181.002,178.781,52.641,93.316
181.509,177.426,51.579,94.887
182.574,177.379,50.968,95.292
179.418,178.462,52.560,94.387
182.291,177.439,51.548,94.784
178.106,176.970,53.095,93.781
178.859,176.439,53.080,94.356
179.704,174.471,52.747,94.655
178.054,174.749,51.618,93.943
180.540,174.471,49.600,94.252
181.298,172.621,48.462,94.192
181.321,170.771,46.978,94.133
181.356,169.181,46.372,94.115
181.579,168.050,45.442,94.091
180.326,166.776,46.278,93.398
177.525,167.015,47.212,93.102
176.894,165.736,46.791,92.959
177.342,164.817,46.730,92.533
179.283,163.860,46.623,91.781
178.612,164.358,46.760,90.874
180.175,162.568,46.159,90.742
180.835,161.939,47.097,89.918
178.513,161.895,47.932,89.085
180.765,161.411,48.596,88.482
179.112,160.338,48.820,87.812
179.290,158.800,48.700,87.483
178.019,156.796,47.558,87.586
178.588,159.526,48.226,85.842
176.328,161.206,49.323,83.045
176.277,160.796,49.704,80.789
175.948,162.036,50.649,77.863
175.534,161.259,50.780,76.168
176.154,161.786,52.059,75.018
175.356,161.782,53.526,74.368
173.996,162.548,54.888,73.606
175.750,161.459,54.977,73.735
175.330,159.435,54.760,73.447
175.479,159.113,54.076,73.446
176.320,156.784,53.525,73.731
178.021,156.370,52.630,74.282
177.996,155.780,52.145,74.131
178.535,154.820,50.737,74.746
178.302,154.451,49.890,74.389
177.168,152.844,50.721,74.540
177.741,151.064,53.093,74.796
177.791,150.715,54.278,75.719
179.184,149.752,55.365,76.640
178.853,148.533,55.237,77.498
177.665,148.602,55.827,77.808
176.038,148.641,56.135,78.098
176.815,149.658,56.648,78.048
174.945,150.963,55.866,78.182
176.094,150.771,56.500,78.900
176.291,150.305,56.468,80.094
176.488,149.900,56.002,81.373
177.817,149.449,56.507,82.381
176.866,151.816,56.757,81.795
177.630,151.785,57.223,81.895
178.581,153.272,57.487,81.712
180.264,152.358,57.287,82.515
181.555,154.645,57.662,82.035
182.892,154.990,58.073,82.422
183.100,155.067,57.986,83.198
183.660,157.405,59.132,82.500
184.230,158.189,58.913,81.997
188.160,158.615,59.864,82.466
190.297,163.260,63.681,80.042
193.501,163.663,66.092,79.078
195.557,165.374,69.494,79.229
199.232,164.937,70.737,79.551
204.870,165.203,71.090,80.535
210.585,165.948,77.016,80.418
206.899,165.333,72.414,82.165
215.535,165.777,68.326,83.211
220.436,165.608,65.427,84.297
235.581,164.312,71.335,85.260
248.963,162.011,78.986,86.293
259.139,161.675,88.108,88.092
250.046,161.678,97.426,91.153
239.287,164.075,102.816,90.812
241.302,164.534,100.887,90.836
