161.000,33.000,267.000,216.000
171.618,19.106,263.045,224.675
173.919,15.093,258.767,228.117
175.460,12.559,256.382,229.231
173.068,9.518,256.393,229.147
171.507,6.634,254.461,227.462
177.521,5.410,255.645,225.853
182.671,2.316,257.135,222.414
183.815,3.101,258.289,218.291
197.520,4.704,257.376,218.102
202.847,6.305,260.369,219.151
204.735,7.831,255.479,222.472
206.679,8.353,252.757,226.683
204.300,9.321,251.590,230.144
202.008,11.312,251.774,231.655
203.518,13.181,248.800,235.999
203.512,16.819,248.945,236.474
205.366,19.320,249.088,235.280
205.932,23.551,247.890,233.903
206.259,28.048,247.196,232.413
204.373,33.630,249.236,229.084
203.933,34.591,248.985,227.673
205.383,33.280,250.116,228.898
203.227,32.418,250.268,229.466
202.313,28.341,252.395,230.486
199.909,26.189,250.515,231.708
196.969,28.456,250.805,230.820
194.727,27.122,252.006,231.945
190.654,27.055,250.797,232.267
185.409,29.931,249.060,231.468
183.547,29.125,248.338,232.148
176.612,29.479,249.456,232.759
171.551,31.747,248.039,232.666
166.670,18.104,249.309,231.867
164.843,7.738,248.409,231.255
170.007,8.437,254.518,229.967
170.862,7.473,253.072,232.678
177.368,10.496,252.339,237.487
174.121,19.371,256.438,238.053
173.597,20.074,255.986,235.963
170.358,14.582,254.709,237.070
168.535,22.694,255.064,236.243
167.177,22.954,257.994,234.491
182.998,22.292,251.839,238.160
185.662,31.764,253.828,237.736
183.328,31.115,255.165,234.446
184.784,33.379,253.644,235.045
187.350,38.201,250.525,234.404
187.315,34.380,251.590,234.603
187.597,36.827,251.756,232.976
188.072,34.191,253.482,233.206
187.420,30.329,253.433,234.228
187.160,30.871,254.708,232.655
188.091,29.120,255.316,233.629
189.674,31.760,250.484,234.145
190.218,29.252,252.542,234.722
192.380,34.389,250.491,234.700
195.806,34.486,249.886,235.900
192.920,35.726,250.359,235.815
196.003,42.722,253.602,233.698
196.496,42.379,254.765,234.175
193.817,47.015,253.660,234.053
192.056,49.522,254.194,233.110
191.384,48.823,252.164,235.485
189.133,53.912,251.978,232.663
188.269,51.594,255.512,233.090
187.883,50.108,256.976,233.390
192.688,54.320,255.935,233.094
193.296,56.711,256.189,233.088
192.698,54.190,256.445,235.531
193.880,58.801,251.971,236.811
187.950,57.372,252.377,237.458
184.730,55.370,251.694,238.239
179.004,59.501,248.898,238.013
176.671,63.259,248.968,237.700
174.181,64.460,247.420,238.398
171.408,65.162,247.852,239.831
171.453,66.942,248.143,240.756
169.334,68.888,246.828,240.020
168.818,70.871,250.160,241.527
165.027,69.834,251.346,242.142
161.671,73.543,253.846,241.741
155.722,74.953,253.774,242.026
152.566,76.417,254.391,241.768
140.968,73.809,259.867,241.854
140.347,75.122,257.005,243.798
132.910,76.334,256.869,242.940
127.905,75.806,259.270,242.055
124.984,75.522,261.021,242.903
117.093,75.536,264.582,241.607
117.859,69.408,262.089,243.052
116.635,68.929,263.563,241.742
110.829,63.915,265.948,240.888
115.905,62.632,265.204,240.825
110.238,60.272,265.384,241.774
111.702,58.296,262.056,240.501
114.784,55.080,264.873,241.616
113.420,57.999,264.442,240.618
119.259,56.756,265.821,241.174
113.005,55.048,269.130,242.125
111.516,60.022,269.691,239.542
118.092,58.643,268.863,240.210
124.266,57.887,266.559,240.124
128.717,59.970,264.438,239.626
134.049,59.307,265.772,238.575
138.774,55.468,265.763,239.543
140.436,53.596,265.339,239.319
144.928,52.365,266.438,240.313
148.362,54.497,263.249,239.360
151.786,52.436,263.759,238.333
155.968,48.590,265.870,238.806
158.070,46.163,264.248,238.149
160.418,42.397,265.123,237.565
159.857,32.448,263.138,240.937
161.533,27.786,263.847,242.997
162.076,24.280,266.623,243.884
164.287,16.176,263.178,242.894
166.090,12.150,263.256,241.399
165.683,9.407,261.639,240.008
165.033,8.236,261.618,236.793
169.256,5.493,256.364,235.651
169.122,4.683,255.460,232.947
171.665,5.612,256.300,232.231
173.285,7.235,257.707,234.279
176.906,8.675,254.137,236.512
176.174,10.668,254.274,236.806
174.576,11.460,256.847,238.971
176.051,10.902,257.384,241.672
181.299,13.740,257.223,242.276
181.166,16.008,254.849,242.919
181.607,18.512,254.805,242.736
181.687,27.566,257.351,241.251
178.285,34.260,256.645,238.832
178.107,36.238,257.002,237.931
175.337,39.479,257.699,236.972
173.926,42.682,258.029,236.175
175.592,44.756,255.470,236.710
173.157,49.473,257.230,238.230
174.080,61.076,256.954,236.175
171.066,64.718,254.259,233.876
167.451,66.449,254.687,232.184
163.177,64.034,255.424,234.132
161.530,65.630,254.411,232.632
158.958,63.587,253.059,232.716
155.651,61.055,255.663,232.991
153.960,58.611,258.749,230.204
155.487,44.132,258.693,230.381
162.172,41.773,259.613,233.272
164.720,45.351,258.513,234.405
171.800,41.956,259.410,234.756
169.434,43.706,258.537,236.594
178.123,44.780,259.862,237.832
172.190,48.531,259.814,235.721
174.899,45.522,258.698,238.698
182.657,49.390,259.296,238.680
190.354,53.271,258.874,238.467
193.334,50.058,259.385,240.359
200.093,51.560,259.648,241.903
204.505,52.400,259.266,242.865
209.210,52.653,257.272,244.267
213.374,52.005,259.311,245.491
215.648,52.493,259.042,248.514
220.774,56.865,256.964,248.742
224.964,56.182,258.391,249.920
225.782,56.338,257.272,250.301
228.061,62.024,253.455,250.830
227.986,68.311,251.874,249.901
230.355,70.893,249.036,248.191
232.458,70.431,247.867,247.594
234.703,73.311,244.717,249.380
237.483,73.955,240.562,245.769
243.954,67.316,242.979,243.411
246.368,61.751,239.800,244.476
253.171,63.689,240.300,245.357
255.475,61.827,237.318,246.742
244.196,66.167,241.579,246.995
244.761,65.494,238.751,246.957
237.012,61.535,243.302,247.047
229.537,63.216,244.876,246.917
