598.000,229.000,317.000,322.000
609.353,226.868,312.216,314.444
649.445,195.554,308.405,306.740
646.356,150.571,310.023,301.076
643.105,191.341,306.278,298.481
642.810,191.964,304.457,296.529
621.317,241.751,309.988,285.399
611.278,234.993,316.398,271.080
600.998,220.276,327.100,260.039
586.541,213.831,340.516,248.485
582.659,216.366,347.526,243.003
578.703,203.964,354.788,229.028
568.873,199.678,366.245,223.528
568.060,202.100,374.710,220.686
556.508,210.170,384.768,214.489
549.596,209.133,391.673,209.821
539.521,200.097,399.189,208.811
550.985,193.428,393.946,217.013
530.490,235.768,389.723,214.861
486.947,279.206,404.072,203.531
481.052,279.405,411.977,200.893
435.028,322.627,426.949,189.951
393.445,344.384,440.531,178.756
426.027,315.486,416.319,188.757
424.953,280.363,413.504,197.402
420.880,278.353,415.399,202.104
403.699,271.421,419.686,209.799
417.122,270.931,405.030,220.033
384.867,296.250,413.900,216.415
370.298,326.579,415.775,219.469
389.815,324.783,400.982,222.689
365.440,341.076,410.530,223.711
345.691,368.249,408.860,222.400
344.462,386.783,393.192,232.213
305.798,392.261,411.671,221.666
325.724,394.221,400.421,225.428
320.063,418.945,402.042,218.576
324.280,456.440,404.779,208.532
323.692,458.211,418.278,194.477
386.098,449.729,401.579,207.343
360.849,446.260,413.578,202.070
418.903,456.483,387.695,213.795
426.419,463.497,372.047,228.259
405.441,430.492,377.950,234.286
411.651,388.128,382.327,236.847
430.246,387.929,369.298,243.444
466.931,381.293,342.480,251.193
412.281,405.264,362.041,233.722
396.974,407.296,368.843,231.854
421.251,359.604,358.049,235.917
413.957,355.727,360.496,227.149
446.842,337.359,348.856,224.508
434.275,338.136,353.662,221.305
449.724,330.230,349.414,225.619
460.757,324.622,349.262,235.611
450.049,323.870,359.419,237.409
429.244,319.851,371.372,242.371
448.225,288.935,361.314,249.284
442.671,266.574,362.330,254.195
442.940,253.335,370.907,261.763
448.122,251.361,369.834,271.767
435.751,249.967,380.475,273.297
404.291,343.894,388.553,265.907
352.201,354.017,413.669,248.521
399.815,370.712,387.391,264.926
417.935,361.663,368.271,273.980
413.202,398.002,366.540,268.276
390.988,425.859,374.445,251.902
417.309,425.906,364.185,246.956
432.843,434.356,345.030,250.986
411.191,431.020,357.266,243.576
396.889,448.324,354.448,239.407
344.683,458.570,372.635,243.346
325.340,449.819,376.546,245.668
315.213,419.054,368.644,247.707
343.000,419.110,347.249,260.017
335.558,388.163,338.576,256.508
341.638,426.978,327.210,274.421
272.029,461.236,356.406,259.991
227.400,480.473,385.155,238.816
204.492,491.233,411.046,228.028
237.991,503.062,381.790,219.853
243.962,515.440,360.770,203.821
242.382,543.132,351.183,182.956
155.595,575.470,384.688,149.104
156.510,583.546,386.871,138.220
223.323,563.182,341.749,149.296
264.903,543.197,318.631,165.379
269.503,528.070,313.282,182.845
304.219,510.023,313.747,199.993
296.743,502.228,319.803,210.648
322.004,489.093,322.780,223.729
333.993,487.210,329.512,226.581
342.376,505.961,336.743,215.454
345.395,492.830,343.907,222.093
341.898,486.671,348.397,227.207
416.308,445.458,314.628,256.399
422.472,424.660,306.783,276.370
375.359,458.039,327.025,262.668
305.068,493.270,366.333,236.544
294.529,498.246,386.545,223.634
269.520,514.258,396.275,210.174
300.102,514.046,398.145,205.371
322.987,511.145,394.221,204.904
329.634,504.028,396.571,209.294
328.701,503.873,398.045,210.487
335.759,501.168,396.463,214.823
346.936,487.836,394.521,226.076
369.473,479.837,387.788,235.989
402.025,484.781,367.978,234.180
413.407,483.639,350.290,234.740
426.698,497.066,329.714,224.617
431.185,514.018,316.148,209.681
413.633,533.705,305.103,191.732
393.403,538.707,301.506,183.012
399.602,540.181,295.959,178.483
411.547,526.074,298.339,187.723
433.833,496.489,300.192,210.809
451.069,493.345,301.081,220.001
468.934,488.187,302.800,226.050
465.920,485.010,304.827,229.547
477.317,461.564,324.461,249.692
471.525,425.966,336.070,277.477
489.121,377.570,336.757,301.060
486.233,322.273,358.646,276.629
497.620,322.620,359.550,268.392
476.555,319.351,386.233,250.774
445.822,305.992,411.822,225.559
436.020,280.221,428.119,203.175
436.673,278.169,438.559,193.003
435.879,277.925,442.797,188.333
456.565,297.648,418.391,194.268
472.662,296.920,400.717,199.257
465.092,282.041,427.393,170.553
483.757,299.690,434.931,158.126
456.512,296.776,444.153,152.646
495.601,310.163,426.479,156.912
521.325,330.624,393.043,170.892
484.119,320.801,387.917,162.919
453.912,329.860,385.984,164.178
470.359,333.498,366.713,174.841
416.272,326.576,390.194,159.121
385.823,295.306,408.695,154.764
391.883,317.086,419.785,149.518
395.524,355.677,415.352,148.487
409.409,356.753,405.237,152.927
434.359,385.906,376.056,164.301
433.353,357.062,367.262,168.838
417.367,347.567,382.537,162.067
384.129,352.919,404.923,160.590
370.636,353.060,417.116,160.498
378.710,330.064,421.369,170.343
378.835,314.426,428.946,177.655
383.367,281.048,441.590,177.687
409.280,266.813,443.491,180.271
400.963,266.107,447.844,185.199
424.635,297.702,450.084,180.040
442.710,310.483,453.728,173.311
449.261,328.434,457.907,170.358
444.967,336.657,459.664,168.650
452.063,341.968,452.930,168.989
454.833,341.997,449.188,168.978
448.153,331.157,449.721,169.942
448.554,327.979,442.514,184.024
441.090,330.930,439.209,193.552
438.776,322.930,444.989,198.634
431.584,311.396,447.645,202.792
434.283,308.888,450.166,205.720
434.211,303.068,452.275,203.202
447.892,295.855,457.515,195.619
437.511,286.636,462.700,194.439
454.711,288.916,455.159,194.265
472.637,278.379,448.391,199.484
486.897,298.041,428.308,212.807
473.009,282.164,435.169,203.362
465.653,277.672,444.314,198.385
465.101,272.795,437.250,202.087
457.677,254.443,444.937,200.927
446.488,263.942,444.709,201.273
425.127,278.751,441.987,201.405
433.958,288.625,437.662,202.418
422.806,284.083,442.489,205.606
415.703,290.172,449.323,207.887
418.851,320.164,446.905,204.910
415.972,325.294,448.905,199.776
418.904,327.680,447.750,196.810
418.195,318.780,452.672,189.431
414.500,312.295,456.238,184.414
412.694,307.168,457.173,182.132
394.168,320.292,456.802,183.637
388.430,319.765,460.978,185.319
376.196,351.665,452.079,196.125
349.745,360.717,448.274,202.127
332.376,366.608,446.094,212.838
322.137,377.334,454.658,218.739
329.843,377.430,451.900,229.494
348.041,374.872,439.681,237.048
358.463,405.298,423.847,237.696
324.726,440.249,426.404,231.598
300.739,466.009,434.018,235.889
300.901,460.155,439.680,238.148
296.714,473.305,444.290,238.039
280.601,487.374,458.846,229.552
278.358,483.130,456.171,228.445
288.559,472.446,456.767,232.916
302.266,469.696,450.972,236.439
259.864,476.135,469.790,225.426
327.478,472.329,450.601,220.112
325.228,498.502,451.466,209.310
347.141,504.027,444.713,205.793
347.312,503.516,445.169,200.786
411.580,501.443,428.068,202.774
449.685,488.452,415.866,209.864
459.049,484.380,415.269,207.071
432.935,485.701,418.594,201.895
445.988,483.623,410.451,201.667
463.176,453.797,402.251,206.106
458.280,407.893,403.252,203.263
442.485,391.810,410.238,189.013
417.159,391.282,419.423,172.886
415.357,397.080,421.326,165.726
383.238,387.493,433.066,156.824
375.132,378.391,426.597,159.793
391.630,380.082,422.927,164.298
380.525,397.217,421.645,162.646
383.383,403.934,399.103,178.137
396.812,429.972,397.457,177.398
394.851,457.050,399.356,190.392
399.027,452.881,414.767,185.362
408.410,439.551,421.631,191.506
420.228,436.931,415.124,196.170
420.193,427.381,415.927,202.981
413.377,419.127,416.080,213.526
429.433,400.344,409.503,225.415
437.328,382.039,402.299,237.111
437.197,382.605,399.102,242.874
418.779,382.611,407.905,240.572
417.544,381.323,408.207,238.571
409.662,380.890,413.530,233.690
420.103,381.339,410.927,230.686
409.432,383.232,418.956,236.884
422.097,389.240,417.619,243.287
418.431,409.321,418.046,247.871
412.276,433.314,414.285,253.032
420.423,422.047,415.648,258.388
414.786,419.661,419.440,253.872
432.326,408.621,415.921,258.005
446.301,398.178,410.036,265.962
432.445,383.181,419.930,251.001
432.291,361.954,425.478,235.121
429.165,363.621,426.372,224.522
472.701,321.511,410.974,226.990
471.176,297.691,406.603,229.046
464.187,299.388,408.699,229.440
447.263,299.890,421.559,227.632
430.552,309.825,429.030,225.334
426.120,303.130,433.578,228.900
450.961,300.438,423.076,243.453
461.304,298.963,416.105,251.517
449.817,298.509,423.683,253.057
463.191,309.386,414.825,258.097
478.923,329.340,405.793,258.564
478.218,369.693,402.203,263.509
458.504,408.356,410.970,260.970
455.307,406.127,414.309,255.678
445.283,416.041,420.390,257.120
485.427,409.379,404.093,272.466
482.431,427.886,400.156,280.742
462.374,450.300,404.277,271.816
464.461,453.310,400.476,263.793
486.438,452.249,386.347,263.660
495.428,453.542,371.453,261.234
490.198,447.337,359.170,269.413
479.093,447.221,365.204,272.047
475.861,446.927,368.112,272.778
462.953,446.344,365.260,273.555
476.629,434.343,352.831,282.135
502.319,418.154,344.470,299.668
491.569,428.553,347.008,293.341
481.429,432.191,354.959,287.512
496.092,434.111,346.086,286.600
499.826,423.196,346.515,294.634
524.099,404.760,335.807,311.661
540.579,402.830,326.895,311.067
540.823,402.899,323.491,312.991
535.781,407.505,327.021,311.029
539.178,409.488,325.943,305.595
526.312,420.690,336.584,297.483
516.094,452.202,347.116,275.014
523.493,453.696,344.809,264.929
493.351,466.942,353.700,254.397
497.457,445.543,355.129,266.868
519.787,426.413,345.589,287.395
515.627,421.492,350.483,289.271
514.663,420.251,352.909,289.834
501.956,403.077,367.210,299.058
539.765,366.182,361.484,315.552
545.891,372.741,364.077,323.006
544.739,387.301,356.309,322.389
547.051,386.072,353.598,316.343
517.658,418.367,363.735,303.767
433.352,438.837,394.560,286.952
407.629,454.523,401.945,267.809
400.493,441.154,383.976,275.608
405.318,439.715,375.542,278.438
378.315,463.384,368.079,261.260
373.170,491.783,360.303,236.535
383.932,507.237,345.588,219.565
398.443,511.707,329.298,210.803
410.241,512.987,315.469,206.590
427.799,507.319,295.083,209.538
436.066,493.852,283.691,219.768
440.886,475.568,277.468,237.058
441.707,447.509,269.723,262.443
438.263,443.862,270.830,272.150
432.070,415.169,272.720,297.290
424.421,400.475,273.366,312.636
447.421,385.133,267.897,328.265
477.193,382.823,266.237,334.865
477.025,383.466,267.388,337.417
475.869,390.243,268.234,330.976
494.591,385.940,267.364,331.288
491.458,389.487,258.370,329.616
486.527,391.530,246.249,325.916
486.722,392.749,241.980,325.363
492.151,382.876,234.794,334.132
484.529,372.091,227.843,344.184
480.419,363.053,217.742,351.414
501.427,360.286,205.827,356.254
501.044,358.583,204.228,359.085
486.104,383.276,203.992,342.555
464.593,403.746,211.439,320.561
470.262,401.742,222.514,316.221
482.033,344.110,235.680,323.098
475.947,347.604,245.340,326.838
471.185,290.776,264.871,339.575
443.527,273.091,305.488,315.168
437.799,243.253,357.492,281.658
420.192,221.851,409.595,246.277
409.478,228.846,435.667,231.518
410.596,230.731,451.438,212.265
398.207,218.132,466.754,199.302
390.450,233.094,475.187,188.432
376.447,252.352,477.085,177.919
375.911,261.042,473.243,173.974
351.469,266.668,476.881,164.275
345.117,290.581,474.341,160.024
326.180,307.034,476.497,156.412
320.547,321.076,470.186,155.505
335.218,323.087,458.754,156.181
341.083,332.561,452.651,156.467
314.342,347.761,463.664,153.616
297.501,362.139,468.823,150.754
292.509,369.346,468.853,147.672
297.545,368.004,462.433,147.318
309.173,364.755,453.805,150.054
330.121,350.402,447.527,150.717
345.335,359.175,443.304,157.419
341.451,378.152,437.971,164.284
340.879,379.077,437.700,167.852
322.198,404.573,438.942,173.054
316.184,418.009,439.666,188.258
320.091,411.237,442.772,206.843
341.026,415.447,433.410,226.994
338.038,409.690,436.056,238.161
331.494,420.001,426.995,258.005
327.088,419.790,422.213,273.277
328.193,416.919,416.328,275.798
350.820,405.682,405.172,290.041
352.213,402.992,398.597,291.856
368.380,393.070,396.559,306.127
357.460,409.421,399.519,298.667
327.328,440.202,409.539,281.231
327.842,448.636,415.009,269.311
327.849,452.060,414.981,265.092
351.264,440.396,401.409,272.165
402.851,418.019,375.407,293.208
436.823,412.051,364.188,298.088
405.329,434.821,368.750,284.405
413.535,436.694,363.911,278.945
413.174,447.544,361.090,270.732
405.949,442.266,366.318,272.835
417.543,435.813,358.807,279.871
391.585,437.268,361.224,278.370
390.562,439.447,361.098,276.028
380.589,445.147,356.513,273.194
397.088,462.249,330.882,261.020
398.448,479.708,306.598,245.065
409.997,489.570,281.753,233.491
412.333,493.124,272.769,227.331
412.043,517.831,254.361,207.194
410.550,546.176,242.860,182.843
421.267,550.845,226.002,170.740
424.248,541.736,210.977,174.656
430.962,540.686,202.233,175.378
454.007,504.833,184.606,201.571
478.720,475.639,170.134,223.437
450.588,490.888,176.579,227.131
422.037,517.565,184.264,207.693
425.433,522.661,185.352,198.949
401.258,537.752,190.186,184.141
394.781,542.826,187.499,175.347
421.423,538.387,171.098,177.063
422.346,568.765,176.385,153.635
424.625,575.162,175.918,142.147
396.666,596.225,193.657,116.779
358.633,610.493,214.406,101.597
369.317,622.129,215.504,92.484
380.659,638.253,218.343,78.222
389.821,645.837,209.926,71.980
425.038,640.740,185.902,74.843
439.940,625.800,173.013,84.155
465.485,574.789,150.542,120.186
522.821,426.802,137.110,140.542
529.752,420.022,129.073,147.321
589.992,330.761,125.268,155.377
602.687,313.399,124.122,161.737
619.111,293.230,125.940,162.465
656.450,274.794,127.921,163.583
656.087,274.428,130.306,163.894
666.192,282.122,134.046,164.807
677.080,296.918,140.138,161.592
679.389,311.468,142.809,156.763
684.622,309.411,145.842,151.667
684.334,310.905,146.581,148.851
693.598,305.875,148.607,145.398
701.334,300.298,150.940,143.384
706.333,303.236,151.558,141.389
700.666,308.574,152.597,138.839
703.272,307.770,150.803,139.760
706.329,295.258,148.938,140.886
703.324,292.801,150.466,142.976
698.844,296.294,153.000,140.088
698.625,288.830,153.189,139.060
699.434,290.490,152.864,138.313
699.051,288.846,157.931,136.892
697.799,291.348,159.946,135.669
698.776,293.651,157.959,134.099
707.045,286.204,156.453,133.874
703.871,286.591,158.254,133.186
705.626,284.886,158.815,135.431
709.651,275.517,154.078,136.128
709.760,268.394,151.222,140.422
706.441,254.796,149.319,142.743
705.162,253.872,149.022,146.278
703.472,260.289,148.249,149.825
690.726,276.011,148.718,147.412
694.978,269.235,146.827,148.646
705.170,270.818,149.497,147.430
708.165,269.787,148.021,148.011
