637.000,149.000,48.000,46.000
640.380,143.222,45.606,48.731
646.031,153.382,44.992,51.733
647.046,159.841,45.901,51.817
651.514,132.149,48.573,52.529
648.974,123.546,50.981,54.672
645.811,117.517,52.477,57.688
635.300,119.759,51.457,60.822
626.969,121.693,51.509,62.511
620.543,129.212,52.280,62.039
619.571,119.169,54.614,62.418
626.140,111.408,55.728,64.073
638.272,129.702,54.700,65.349
642.063,130.758,54.605,66.030
643.913,117.560,54.989,67.486
652.150,114.199,55.707,69.699
661.442,121.247,56.713,71.369
662.943,130.573,57.639,71.586
659.609,144.219,57.470,73.099
661.969,144.904,59.341,73.893
659.187,140.117,61.633,74.310
661.980,132.457,63.539,75.524
660.766,129.370,65.720,76.427
657.718,124.317,66.805,78.791
654.922,134.024,66.755,80.794
655.171,133.330,64.881,81.780
658.636,129.828,62.040,84.674
661.025,135.566,59.509,85.726
664.576,138.114,56.646,86.936
661.356,129.761,54.527,90.370
654.133,129.297,52.388,91.478
646.382,132.231,51.641,91.384
644.913,142.478,49.529,93.489
645.243,156.121,48.170,94.389
642.497,157.714,46.458,96.750
645.773,149.882,46.414,97.648
652.627,152.334,47.248,97.479
658.028,146.789,46.633,99.189
662.755,138.561,46.902,99.887
669.121,119.768,47.113,101.010
674.859,102.764,47.403,101.772
672.457,96.440,47.401,102.965
667.792,98.458,49.869,102.793
665.364,104.838,53.192,103.674
658.841,100.685,55.363,105.050
650.822,100.015,58.538,105.097
646.969,120.873,61.781,103.040
648.348,114.133,63.449,101.672
650.432,85.451,63.895,102.431
652.016,73.318,65.469,105.126
645.379,79.188,68.456,106.094
635.741,92.925,72.845,104.935
629.293,110.940,75.264,103.652
632.320,127.186,74.659,102.747
640.964,118.426,74.645,104.523
654.383,95.278,77.013,104.971
665.499,101.712,78.393,107.018
665.323,122.390,78.039,108.045
657.843,137.985,78.423,108.145
643.660,144.992,77.637,109.778
636.377,138.479,77.464,109.801
631.488,133.054,79.649,109.109
623.516,130.983,78.408,110.479
609.100,138.785,80.161,111.865
594.042,148.645,81.268,112.892
584.367,161.320,81.563,116.190
576.202,180.194,81.175,117.614
572.658,178.395,81.775,118.436
566.080,159.420,80.486,118.949
561.241,153.133,80.719,120.491
556.575,155.428,79.393,120.697
550.797,152.819,79.229,121.409
542.690,159.301,77.668,120.867
535.985,164.336,77.478,121.243
532.154,163.460,77.548,121.025
531.764,163.110,78.070,124.208
531.789,159.992,79.631,124.448
530.048,151.633,81.518,125.879
525.552,155.013,83.723,125.870
522.727,166.559,83.423,127.419
520.296,178.175,85.087,126.147
522.200,176.527,85.058,125.685
520.443,184.092,85.567,126.219
523.493,185.894,85.255,125.427
522.679,182.511,85.669,124.757
515.736,188.183,87.111,123.246
509.190,189.125,87.945,123.217
506.075,188.050,90.093,122.715
510.082,176.789,90.778,122.974
515.219,178.761,90.134,124.156
512.638,190.797,89.662,125.212
509.957,196.656,91.891,122.381
510.119,191.829,94.655,123.480
513.336,181.434,97.650,123.219
512.818,172.714,100.949,123.767
514.835,171.600,103.158,122.802
504.031,158.194,105.210,124.760
493.549,169.272,106.802,124.996
493.258,188.907,104.906,129.887
484.780,195.329,104.199,134.028
483.102,190.003,106.285,134.197
489.831,179.231,107.364,134.394
490.882,185.173,105.435,134.987
488.605,188.238,103.085,135.137
473.663,171.326,107.568,133.440
473.709,161.018,110.701,133.508
473.462,168.468,111.256,134.210
482.309,180.952,111.369,132.091
486.952,178.901,111.110,133.235
479.238,177.808,113.204,132.686
479.964,192.766,116.906,130.346
479.341,205.273,116.127,129.149
481.208,208.078,115.404,127.916
473.363,200.185,118.196,126.933
459.528,181.933,123.814,122.805
463.930,168.198,128.984,122.121
463.954,162.762,130.105,121.691
463.026,163.942,126.520,120.407
453.383,174.559,123.440,121.102
458.010,188.297,120.250,123.178
455.358,192.045,114.239,126.021
455.691,180.150,109.984,132.039
464.075,170.862,106.518,134.233
476.795,178.395,101.941,140.442
490.876,202.845,98.639,143.073
505.817,224.180,94.063,144.658
511.780,215.560,94.207,139.539
517.596,197.234,88.260,138.047
528.435,182.619,82.056,138.582
536.033,181.837,80.029,137.298
541.856,192.969,77.199,133.434
548.727,193.958,74.582,129.432
563.502,199.753,71.217,128.088
563.951,200.727,69.456,125.664
567.401,190.374,68.315,125.729
573.304,195.706,67.969,122.642
580.867,190.497,67.352,118.083
591.765,182.740,67.017,113.964
599.487,182.052,64.470,113.296
604.630,184.998,68.295,106.597
614.783,174.733,66.867,109.093
626.696,169.754,65.905,109.615
632.756,173.162,64.055,110.781
632.643,186.034,65.574,106.365
621.412,157.511,66.510,101.888
613.275,120.323,66.700,95.105
618.167,126.501,63.639,96.432
624.783,144.851,61.563,98.031
629.546,166.720,61.594,98.231
640.779,169.456,62.279,100.512
644.425,174.636,62.762,97.884
647.254,195.209,60.421,99.120
638.845,183.542,61.589,99.269
639.750,173.545,60.091,101.568
636.884,171.225,60.531,99.868
631.920,142.774,63.769,97.800
637.653,145.984,63.972,97.105
642.155,172.190,62.038,94.358
643.559,181.527,60.739,92.530
644.922,195.248,58.484,94.206
650.988,211.686,57.350,94.956
659.824,208.992,57.047,95.357
668.031,206.274,56.497,96.742
669.215,204.190,56.907,97.240
657.539,209.122,58.427,93.428
649.703,202.411,59.655,92.739
650.832,196.206,57.370,95.995
647.811,169.338,58.473,92.558
650.745,162.699,56.365,95.292
641.298,167.324,56.287,95.112
628.879,164.884,56.705,94.684
617.013,146.155,56.952,93.919
612.244,131.947,56.102,94.632
612.779,117.026,56.679,91.873
608.138,116.088,55.524,92.877
596.077,112.595,56.279,93.729
595.960,102.308,54.912,95.983
594.806,108.255,55.472,95.714
596.969,110.592,55.120,95.866
597.884,113.257,55.207,95.810
602.805,120.234,54.561,96.006
599.773,133.477,53.714,95.178
595.492,134.789,53.917,92.348
599.399,136.913,53.664,91.473
608.279,137.956,52.289,91.560
608.363,147.404,50.412,92.115
607.805,142.810,49.716,93.607
605.106,145.294,51.269,91.874
606.989,147.789,52.372,90.860
605.642,152.088,52.708,89.772
602.745,158.665,54.516,86.997
603.773,166.256,54.775,85.300
601.927,175.027,54.071,84.347
595.717,175.180,52.674,84.648
589.534,183.533,51.821,84.489
594.120,195.385,50.706,83.088
601.369,202.014,49.090,83.472
605.184,213.707,48.102,84.451
604.928,217.855,47.049,84.802
602.023,200.937,47.622,84.394
605.801,200.254,47.610,84.841
603.953,209.589,46.732,85.151
602.959,225.300,45.668,86.474
605.042,229.563,45.844,86.410
610.453,223.235,47.021,85.914
624.450,228.165,48.724,86.834
633.025,226.478,48.139,89.120
629.455,225.091,48.815,90.103
623.842,224.430,49.817,90.600
623.754,223.811,50.104,92.183
626.029,223.878,50.346,92.046
625.590,223.386,52.039,92.139
621.248,220.306,53.466,90.617
620.677,205.772,53.102,91.597
614.132,201.710,53.452,91.031
609.508,196.305,54.761,91.177
595.449,192.078,58.279,86.604
589.071,195.848,59.384,85.402
584.755,176.930,61.293,82.298
588.646,169.085,60.392,86.735
587.323,157.793,63.387,87.687
587.240,160.644,65.364,87.287
586.027,161.206,65.366,87.962
583.805,149.336,65.795,90.941
579.591,138.195,65.371,96.375
574.841,137.984,67.554,99.464
567.916,141.057,69.328,102.245
563.596,137.629,71.076,104.463
566.356,140.206,72.856,105.232
562.461,144.470,73.880,105.686
555.211,124.437,76.139,106.283
548.435,123.782,75.032,109.384
552.495,130.122,72.349,110.809
543.687,116.542,73.413,111.798
543.852,129.729,67.977,117.730
546.437,136.855,65.303,118.499
539.861,139.215,64.011,118.346
537.822,148.163,64.344,113.263
538.975,150.258,64.136,111.640
550.214,166.735,61.266,115.694
552.004,174.248,60.616,116.421
552.806,175.105,61.198,116.617
551.887,173.375,61.457,118.336
555.553,182.587,61.090,119.667
554.066,192.166,61.114,119.867
552.309,202.044,61.860,119.801
546.407,216.804,61.650,121.394
547.207,224.038,62.490,119.537
556.472,212.017,64.036,118.305
570.970,208.487,62.558,124.430
577.479,210.041,61.760,130.088
581.943,209.231,63.759,128.966
591.839,218.135,63.766,129.532
595.366,221.392,64.352,130.013
601.477,212.417,64.297,133.382
613.553,228.742,63.561,137.091
609.919,228.538,64.292,138.426
613.326,230.291,65.819,138.558
614.583,238.855,64.760,139.989
610.633,252.305,65.688,138.503
608.304,246.864,66.744,140.375
608.792,241.739,66.961,144.939
609.124,240.306,68.467,145.115
610.473,217.056,69.402,147.856
614.526,215.070,70.306,150.772
618.073,218.281,71.571,151.172
621.368,197.527,73.396,148.234
632.981,186.755,73.006,153.292
637.458,185.634,74.064,156.631
640.574,197.101,73.708,155.085
642.585,196.026,73.722,152.080
645.160,198.187,73.465,151.104
639.403,225.308,75.340,147.724
642.296,225.648,74.603,147.444
642.719,197.230,74.745,146.919
642.268,189.591,74.220,147.339
641.890,188.947,74.868,145.487
640.238,176.426,74.323,148.751
634.943,177.320,76.394,146.999
629.497,184.646,77.125,142.482
626.442,200.115,75.388,141.901
624.976,210.476,75.195,140.867
629.788,209.015,73.716,145.606
633.858,206.040,75.423,143.586
647.161,189.031,75.958,143.065
651.716,195.312,77.054,138.989
654.624,195.219,74.244,146.009
661.387,196.589,73.517,151.681
661.646,205.993,74.261,153.505
663.866,206.652,72.334,162.155
662.808,235.633,74.709,163.115
666.411,236.736,79.770,160.532
669.398,210.563,81.827,162.959
668.162,223.192,82.624,162.186
668.641,236.118,84.348,161.443
671.122,229.464,84.503,163.440
671.551,227.341,83.744,161.935
669.930,231.353,81.903,162.335
668.717,248.953,81.786,161.482
668.592,247.669,82.624,157.292
674.009,214.671,84.144,155.313
682.012,201.948,82.581,159.163
688.644,220.789,82.339,160.089
694.768,244.904,83.408,158.536
704.108,254.999,83.005,161.233
710.541,256.589,81.602,161.675
719.369,259.898,81.399,163.738
724.265,248.795,81.939,163.546
732.137,230.176,81.686,167.649
744.613,236.758,82.279,171.777
749.603,246.605,83.046,173.638
740.995,241.184,85.505,171.842
744.101,248.254,82.902,176.643
752.054,277.371,84.646,176.938
756.990,273.601,85.977,176.678
747.858,239.201,87.535,176.828
756.364,213.464,86.605,184.886
763.519,237.387,88.147,187.987
749.724,232.540,93.102,183.737
738.139,193.593,94.386,186.123
746.249,203.388,93.948,192.327
749.631,230.898,95.050,193.328
739.141,210.224,96.134,193.907
735.499,234.315,94.496,201.600
746.759,284.676,101.419,202.376
743.182,304.206,103.219,198.399
744.419,270.474,102.491,196.086
720.575,269.635,99.678,200.100
706.893,304.578,102.038,199.780
714.775,326.129,107.760,196.845
702.364,307.697,111.933,193.288
683.944,284.123,114.427,199.861
686.247,301.542,117.772,196.210
694.581,284.279,119.986,197.763
702.032,272.456,123.570,200.778
703.040,276.937,126.809,202.836
697.498,277.826,130.992,202.575
678.634,257.140,134.288,201.338
667.996,256.430,138.290,201.543
648.970,245.667,137.875,201.683
628.053,236.116,132.535,208.965
608.974,240.015,128.229,213.435
607.140,260.649,122.552,222.677
565.494,286.727,125.049,226.144
550.927,312.094,136.623,207.767
555.611,288.396,141.766,201.385
503.590,304.005,140.675,202.122
459.286,315.300,138.047,198.279
440.558,306.228,136.507,198.261
437.014,306.028,133.284,204.995
430.146,315.678,128.986,207.819
440.323,362.486,116.545,232.667
411.748,472.264,113.671,240.392
352.731,500.026,120.985,225.399
332.775,460.485,121.072,225.235
381.785,441.914,121.950,225.831
364.302,418.430,120.120,227.720
315.117,380.589,116.540,230.102
279.258,338.822,114.600,233.388
257.129,306.785,114.875,242.083
