40.000,57.000,182.000,151.000
44.358,56.301,177.695,154.145
43.093,55.927,176.651,154.498
45.981,52.450,174.415,155.017
46.593,52.822,174.262,155.631
44.550,52.959,173.722,156.014
46.930,54.136,168.484,157.973
45.818,55.627,166.181,158.906
45.838,56.664,164.784,159.828
45.255,55.964,163.192,161.186
41.756,53.557,164.274,161.003
40.629,54.010,165.257,160.356
39.797,55.179,165.577,158.855
40.870,56.496,165.209,157.945
46.823,56.251,165.769,158.781
51.194,54.011,166.799,157.697
57.493,53.592,165.385,158.050
64.926,53.461,165.473,156.970
71.056,54.791,164.657,156.564
73.409,56.819,163.057,157.528
75.581,58.181,162.919,157.203
71.416,59.172,163.244,157.649
67.037,64.319,164.487,158.406
65.411,65.109,164.537,159.270
66.963,65.431,164.016,157.691
68.278,65.919,164.895,156.373
69.211,66.859,163.535,156.851
70.669,67.045,163.190,156.387
69.938,65.404,163.705,157.964
70.578,65.930,163.504,157.420
72.900,68.825,161.990,156.235
73.230,68.966,163.613,155.921
74.883,69.870,163.475,156.001
76.359,69.071,163.729,155.442
77.946,68.510,163.804,154.769
77.790,66.599,163.590,156.853
77.599,64.249,163.687,157.918
79.396,64.936,163.302,157.478
81.263,65.322,163.233,157.424
82.487,67.673,161.898,156.201
81.690,71.841,162.014,156.117
78.318,73.756,161.822,156.751
75.202,75.192,162.304,156.352
73.383,77.105,162.160,155.959
73.437,78.924,162.061,155.960
73.087,80.246,162.657,154.733
73.173,82.147,164.038,154.479
74.013,85.754,165.000,155.608
74.213,86.495,165.309,155.283
71.968,86.701,164.831,156.062
69.928,85.638,165.835,156.336
67.725,85.136,166.665,155.568
66.138,87.050,166.250,156.217
67.414,86.596,166.283,156.134
72.668,89.273,164.701,156.361
75.020,89.556,166.490,153.610
73.913,82.188,164.479,153.771
72.912,77.677,163.047,154.803
71.972,76.026,163.087,154.958
74.699,76.368,161.709,154.282
78.013,78.081,159.655,154.620
79.016,77.428,159.465,154.007
77.643,74.194,158.855,154.144
73.563,69.788,159.200,156.687
72.920,69.033,160.135,156.255
71.812,68.838,159.504,157.843
71.068,66.687,158.434,158.824
71.949,68.067,157.081,159.456
70.202,69.215,156.486,160.779
66.742,71.797,151.825,162.248
62.176,74.043,149.341,163.669
60.182,76.818,148.205,166.097
56.924,78.986,151.061,168.179
54.053,81.356,155.277,166.832
52.721,85.513,155.389,164.979
52.976,87.729,156.450,164.366
51.418,87.192,157.844,164.320
51.640,87.556,159.046,162.709
47.247,87.216,162.605,161.962
46.588,88.620,165.582,161.204
47.049,90.470,168.789,158.817
45.087,89.939,171.015,158.265
46.173,87.720,171.013,159.966
49.800,87.714,171.164,162.245
48.941,85.245,173.833,164.671
50.753,85.312,179.250,164.450
56.159,85.147,180.093,166.417
54.343,81.042,182.640,166.774
51.647,81.127,184.282,164.437
48.676,75.573,184.696,165.758
41.225,76.000,184.842,165.685
38.194,73.000,189.761,167.161
41.091,69.374,190.439,166.729
49.355,64.904,188.644,167.125
53.416,64.219,188.256,166.815
52.874,60.741,184.809,166.614
54.075,58.602,185.813,165.212
50.945,55.014,185.024,166.220
55.467,53.292,183.772,165.363
51.402,46.226,185.282,164.916
54.186,46.781,184.616,166.037
59.108,51.308,182.798,165.709
61.572,58.703,181.955,163.673
59.198,57.915,183.170,166.924
50.749,60.880,186.415,164.767
48.684,52.343,187.444,165.921
49.783,54.208,186.478,165.166
50.982,46.734,186.282,165.084
57.845,37.933,185.498,162.946
57.259,31.441,185.006,162.613
49.147,34.597,188.939,162.219
38.540,26.957,190.958,162.132
24.924,19.500,186.922,164.302
14.408,24.351,190.682,164.531
9.708,29.495,187.741,162.821
9.080,26.473,184.669,163.587
12.013,21.601,180.576,164.353
12.665,21.647,177.983,165.754
6.760,22.762,178.017,164.894
10.639,25.955,176.498,164.590
17.790,24.104,174.535,164.832
30.712,33.446,175.062,161.400
37.802,40.865,175.775,161.575
43.718,41.604,175.262,158.361
52.100,44.953,173.599,154.235
53.375,45.069,174.246,152.114
50.757,48.604,177.003,153.082
48.753,54.863,180.952,154.159
60.462,59.115,178.168,150.881
66.035,62.064,176.252,151.478
66.511,67.944,173.335,152.424
65.889,73.888,174.122,153.600
65.771,76.343,174.661,152.073
66.266,79.663,173.202,153.065
65.405,81.679,171.590,152.006
67.087,78.959,167.968,153.129
67.951,79.452,164.905,154.145
69.051,78.623,161.974,155.819
65.189,77.518,158.717,158.629
63.742,79.929,155.864,157.997
65.106,81.784,153.096,159.954
66.319,82.014,151.852,165.187
67.400,83.568,152.332,167.262
67.300,86.373,153.630,169.236
67.659,88.979,152.067,170.996
63.738,91.554,153.265,168.550
59.364,93.001,155.710,161.777
51.175,97.645,158.687,167.249
44.329,98.413,164.180,172.701
31.599,98.219,174.674,171.716
24.372,98.136,180.451,175.927
20.862,99.008,188.271,182.718
17.978,103.416,194.034,181.904
18.635,104.777,194.229,181.765
18.893,105.821,199.403,181.447
15.282,109.611,200.983,179.700
13.892,109.737,203.700,178.317
11.038,111.209,206.519,177.798
12.629,111.245,208.151,180.828
8.725,112.379,208.537,180.134
10.249,116.981,207.386,176.918
14.675,117.851,206.115,177.624
15.509,117.463,210.044,177.940
12.558,118.289,213.409,179.377
7.011,121.926,217.657,179.264
7.310,120.604,216.869,181.682
8.442,120.082,218.620,184.830
5.873,121.922,220.494,185.821
4.827,123.648,221.065,185.340
3.300,125.343,220.711,187.297
2.222,123.821,220.759,188.412
6.474,123.633,218.116,189.603
9.519,121.978,217.034,192.007
15.343,118.954,211.985,191.104
13.296,118.597,213.872,189.560
9.995,122.594,212.931,188.010
9.136,124.727,211.618,187.987
10.986,124.921,210.413,186.282
10.944,121.248,210.442,185.344
10.761,119.422,209.891,188.301
8.899,118.199,209.654,191.372
6.875,122.489,210.946,191.489
2.737,125.906,214.174,194.722
3.076,126.332,216.038,192.403
1.588,125.458,214.133,193.220
3.233,120.312,216.080,193.673
2.901,117.259,217.992,197.522
3.500,116.638,219.728,198.706
1.837,120.464,218.712,197.589
0.332,121.207,216.609,198.456
1.810,121.113,213.818,199.057
3.899,115.105,210.843,198.154
6.504,110.982,208.591,197.541
7.693,108.139,204.621,196.562
7.420,109.807,203.511,197.631
3.390,112.090,203.487,196.589
0.477,113.631,199.087,197.050
0.985,108.177,191.033,198.518
2.814,107.620,188.221,199.418
3.714,108.165,186.047,199.146
3.160,109.836,179.001,202.449
4.566,110.084,182.749,199.454
3.812,108.947,181.371,199.228
3.265,108.428,185.476,198.222
1.772,108.033,181.335,197.603
4.865,108.987,180.932,198.048
5.163,110.038,184.116,198.268
2.094,109.702,184.840,198.803
1.536,109.988,184.692,198.220
2.233,113.516,187.882,197.928
4.784,112.399,187.573,196.661
5.911,111.713,189.112,194.239
4.394,110.779,188.760,194.580
4.813,109.101,195.547,193.819
4.579,110.712,202.483,195.027
4.647,113.330,211.948,193.310
3.533,109.893,216.339,193.564
2.681,107.996,221.243,193.214
3.647,111.090,223.671,190.785
1.519,109.523,226.852,192.075
3.113,108.644,229.775,191.241
2.541,111.106,232.736,189.330
2.498,112.857,234.302,188.618
2.814,111.834,235.586,188.413
2.678,109.972,236.529,188.556
5.489,109.827,237.510,186.513
3.955,108.306,236.685,184.923
9.012,108.152,233.969,184.285
10.092,108.694,236.909,182.540
11.684,110.816,235.357,182.561
12.633,112.567,233.078,184.286
23.314,112.415,225.035,185.168
24.445,109.754,226.231,183.740
22.679,112.268,225.134,179.904
19.210,113.430,229.818,174.455
16.475,112.231,232.235,173.390
20.849,108.010,230.478,178.254
26.914,106.934,228.633,180.828
24.719,110.739,227.661,176.361
24.399,114.323,228.444,172.623
31.808,112.652,225.419,171.660
34.271,111.402,221.298,172.585
48.529,111.641,213.198,175.265
65.007,109.437,201.562,174.934
76.393,109.291,194.554,172.745
84.133,108.473,187.652,167.968
93.395,109.910,180.457,160.238
98.802,111.372,178.151,160.072
104.602,112.584,174.543,158.212
105.071,111.358,175.814,158.418
105.715,105.214,174.963,158.730
107.271,107.900,175.594,155.584
109.923,106.965,175.814,153.717
110.649,106.892,176.481,152.722
110.109,106.724,177.759,152.933
111.052,105.212,177.530,152.606
110.223,105.689,177.368,152.892
109.116,106.028,175.760,152.275
108.327,106.040,172.013,153.427
103.853,104.821,171.361,154.238
101.185,104.466,169.427,153.185
96.459,102.548,169.393,156.475
95.647,103.493,166.268,159.085
93.315,102.923,164.937,159.982
93.480,102.459,163.185,158.926
96.160,101.058,157.696,161.443
100.499,100.992,152.767,161.222
100.017,103.532,148.652,166.389
99.068,100.824,149.524,167.044
98.018,100.999,148.492,165.429
98.799,102.407,147.625,167.489
98.266,98.787,147.289,169.591
99.627,98.835,148.641,169.483
100.785,100.391,147.059,168.381
100.245,100.679,146.665,166.465
101.489,102.844,145.793,167.137
102.352,101.880,144.781,167.598
104.445,101.248,145.809,167.493
107.554,100.346,148.105,167.770
111.374,100.979,153.042,167.174
111.473,98.642,153.843,163.154
115.392,99.460,157.662,159.659
116.962,103.324,160.195,156.223
118.381,104.064,158.210,157.204
118.226,103.803,158.156,156.129
119.946,104.577,161.292,154.643
120.872,105.792,161.837,157.024
120.362,106.086,163.426,158.322
119.644,106.958,165.356,157.377
119.009,108.129,165.723,157.722
117.470,107.396,162.174,155.741
116.938,107.545,158.822,156.765
118.250,108.320,157.109,156.306
117.782,109.583,156.100,156.754
118.216,108.857,156.109,154.069
116.145,107.853,156.496,148.777
113.224,109.603,153.667,151.595
111.987,109.515,154.667,147.673
108.906,110.334,156.496,147.098
104.906,109.903,159.239,147.197
102.465,107.996,158.164,144.819
103.550,108.034,159.591,143.912
102.577,108.487,158.371,143.152
102.494,108.889,159.852,142.673
101.384,110.406,161.259,141.487
98.933,110.059,162.937,139.924
97.074,110.919,163.326,137.913
97.480,112.285,164.796,137.546
92.067,111.664,165.644,137.606
90.988,112.608,167.816,138.806
90.752,111.413,169.537,141.323
91.596,107.543,168.891,142.286
91.380,107.264,168.431,144.529
91.646,106.923,169.792,144.476
88.689,106.802,166.020,144.906
87.274,105.561,165.418,147.006
86.804,105.737,165.265,148.284
85.409,103.828,163.432,149.074
84.742,104.365,162.211,151.723
84.644,104.019,163.570,150.498
81.191,103.757,162.305,152.188
84.987,102.944,163.048,151.753
84.405,101.744,161.607,150.344
82.089,101.897,162.370,151.774
81.158,101.083,162.046,152.427
77.389,101.047,159.766,151.543
77.802,100.471,161.113,149.215
73.901,100.625,164.798,147.798
72.193,101.110,170.118,148.851
68.726,101.816,169.166,151.845
68.616,102.143,172.427,151.864
64.614,103.158,171.659,152.348
63.719,104.411,173.963,152.890
63.396,104.223,178.177,155.634
61.149,102.131,180.400,155.995
62.895,104.648,178.558,156.633
59.435,105.197,182.023,154.848
55.040,105.505,185.406,156.732
52.237,105.855,183.767,160.774
53.975,101.970,184.356,158.013
53.650,103.432,185.435,160.341
51.148,100.942,185.841,159.150
44.822,101.250,185.658,160.186
40.056,100.570,189.875,161.191
33.679,100.263,195.811,163.076
29.479,100.796,199.541,164.965
25.616,103.502,200.252,167.171
23.466,104.305,196.796,167.711
20.270,103.271,196.993,166.792
25.522,105.789,192.827,165.027
24.368,103.846,192.726,165.077
26.465,103.793,192.560,165.297
27.301,105.008,195.385,163.794
27.650,106.124,196.224,162.829
28.061,107.905,196.966,162.677
26.958,107.841,202.540,161.278
29.332,108.616,206.207,161.423
31.165,109.183,210.591,159.695
31.065,109.048,213.202,157.741
32.193,110.591,218.445,157.855
32.389,111.634,225.631,155.940
29.721,112.844,227.848,155.535
31.858,112.851,226.103,154.194
41.457,112.400,217.045,151.660
54.400,112.024,206.883,150.025
65.710,112.667,197.705,149.603
66.424,112.975,195.535,149.613
65.253,113.141,194.137,151.524
68.469,111.240,196.593,152.141
69.048,111.662,196.037,152.850
68.925,110.335,197.436,152.639
69.094,109.799,199.245,152.261
63.536,111.627,203.224,152.433
58.805,111.820,201.110,154.439
57.421,112.921,198.356,155.445
55.122,111.659,196.658,155.217
55.864,111.950,196.717,155.486
52.375,114.171,196.145,155.128
50.034,113.637,193.076,154.695
50.330,112.740,192.846,152.896
49.377,113.272,193.181,152.982
49.349,113.008,192.468,152.099
48.560,112.352,191.845,151.026
50.058,112.945,192.206,151.814
49.770,113.801,189.905,152.448
48.626,112.616,189.646,154.550
47.581,111.901,189.676,155.751
48.376,109.782,189.871,155.400
45.800,112.711,189.474,155.919
43.620,111.889,190.535,155.259
45.219,111.560,189.212,155.939
43.846,110.804,190.868,155.971
43.732,111.064,191.992,154.946
44.779,110.019,192.548,154.801
42.694,108.994,194.311,153.506
41.249,109.018,194.988,155.792
40.129,108.454,195.478,156.310
41.862,109.283,194.924,156.564
39.635,108.814,195.879,156.085
41.497,110.210,194.326,154.373
40.664,111.292,192.812,152.433
40.927,110.887,191.921,153.187
40.694,110.774,192.870,154.615
40.575,109.677,194.998,154.430
40.528,110.512,191.325,154.104
42.153,109.690,191.722,155.323
41.197,108.924,191.501,154.967
43.723,109.438,190.277,158.629
44.141,109.195,190.019,157.334
43.915,108.902,189.399,158.072
44.855,109.255,188.946,158.135
45.080,108.869,189.653,158.087
44.340,108.923,189.655,156.990
44.256,109.071,190.233,156.907
42.439,109.780,190.901,157.869
37.343,110.153,191.611,155.604
37.255,110.075,189.410,158.300
35.861,108.912,189.167,157.749
36.543,110.117,187.694,160.714
36.897,109.221,188.005,161.052
35.449,109.563,188.762,159.283
32.765,107.697,189.847,155.973
32.142,107.906,189.184,156.843
32.963,107.772,191.154,158.587
33.911,108.481,189.328,157.034
36.568,107.718,190.970,158.646
38.004,104.559,190.884,156.599
38.570,101.735,188.062,161.059
37.375,97.907,189.143,165.411
35.743,96.844,187.652,168.844
35.549,98.917,188.766,167.920
35.540,105.034,189.103,166.200
35.504,104.533,188.386,162.638
33.184,106.977,189.505,159.916
32.369,107.299,188.022,159.959
29.917,107.460,192.055,158.237
35.997,104.740,190.997,155.927
35.076,105.326,191.248,159.909
34.583,105.279,190.735,158.757
38.939,106.385,188.312,157.779
35.655,106.578,192.655,157.988
29.202,107.069,198.099,155.822
39.527,105.194,192.995,155.116
43.348,106.408,190.117,156.990
42.992,106.179,190.571,154.991
42.930,105.566,190.209,155.473
44.675,105.792,188.753,155.819
44.081,104.012,188.892,154.796
44.547,104.860,189.110,153.358
44.089,105.040,189.159,153.682
43.445,104.027,189.079,156.067
42.721,102.739,189.417,157.505
41.555,103.680,188.442,157.777
43.902,103.293,188.392,159.371
44.659,104.600,185.596,160.269
39.561,105.204,192.720,156.618
42.094,106.285,193.048,158.408
40.175,105.431,193.283,157.527
35.754,104.519,200.158,156.500
37.836,102.830,200.906,155.945
29.790,102.972,205.689,156.939
22.096,102.357,213.232,155.375
15.453,101.139,220.347,154.802
15.983,104.513,224.512,154.789
7.120,105.354,228.912,157.238
15.357,103.461,227.660,159.481
24.845,100.886,219.749,159.600
28.134,100.383,212.486,157.739
32.728,102.902,208.143,155.645
38.817,101.219,202.242,156.580
36.197,102.528,197.232,158.139
40.358,102.962,196.443,159.364
37.105,103.298,198.539,156.833
40.709,103.484,199.106,158.250
38.197,102.812,198.875,157.861
39.594,103.410,198.498,157.772
40.089,103.725,198.324,157.537
39.426,105.283,198.378,157.595
37.965,104.673,199.776,156.175
37.122,105.127,200.080,156.262
37.435,104.456,199.734,159.022
37.133,103.198,200.911,159.644
33.368,102.233,203.869,159.229
34.063,103.908,203.782,162.123
33.650,102.977,203.736,163.404
30.784,103.900,203.918,159.881
33.301,103.547,202.776,158.419
36.688,103.180,201.997,156.853
34.587,103.894,202.981,156.827
39.961,100.591,201.355,156.013
40.207,100.617,202.376,156.348
40.351,99.897,201.224,157.223
41.152,100.044,200.969,156.958
37.412,101.241,203.574,156.195
37.274,100.462,201.545,157.052
39.242,99.332,198.938,157.750
36.930,100.394,199.771,157.778
36.184,97.365,201.479,157.386
33.363,98.660,200.713,156.610
33.760,97.721,199.231,160.247
33.878,96.919,198.721,161.128
32.688,97.456,198.239,162.388
32.602,95.442,199.336,162.141
36.217,95.352,198.637,159.330
34.540,97.296,197.849,161.774
34.624,95.433,198.808,161.743
37.174,95.953,197.218,158.452
37.379,95.667,197.046,159.965
38.092,94.524,197.132,160.057
36.981,96.123,196.555,160.595
35.219,97.990,194.834,160.247
37.453,96.210,195.347,157.517
36.506,98.451,194.141,158.455
36.195,98.908,194.698,158.650
35.953,99.326,194.375,158.529
35.395,98.306,195.497,158.665
34.890,100.166,194.656,159.350
33.415,100.801,195.731,157.778
34.263,101.201,195.110,157.593
33.785,98.644,195.789,157.809
32.950,98.288,194.495,160.118
35.739,97.519,195.393,158.788
36.831,98.608,193.780,158.331
38.647,99.012,194.069,157.603
38.091,97.918,194.234,157.468
40.357,98.096,194.094,156.981
40.802,97.576,194.234,158.528
43.128,96.187,195.156,157.028
43.085,96.826,195.032,159.131
43.326,94.671,195.191,160.441
42.914,95.357,192.477,161.969
44.647,95.906,192.654,160.427
46.640,97.250,192.677,160.375
39.130,95.660,198.082,158.094
43.426,97.991,194.662,158.525
41.527,96.870,195.406,157.990
45.529,99.167,191.278,158.671
42.157,98.978,194.835,157.914
44.102,100.268,194.643,158.516
41.786,99.809,197.999,158.267
44.463,99.736,198.280,159.562
40.925,100.322,202.726,158.352
40.725,101.160,204.625,157.034
43.277,102.290,204.216,157.962
37.342,102.471,209.977,158.339
41.726,101.822,207.993,158.115
35.798,101.950,213.551,156.207
36.042,100.381,216.633,152.984
46.761,100.377,210.350,151.939
48.852,102.717,209.591,152.245
54.526,103.121,205.806,151.682
57.116,102.955,203.702,151.534
59.004,104.626,203.664,149.839
68.962,104.204,199.129,148.082
68.562,105.378,199.889,148.226
74.870,105.907,196.504,147.325
78.143,104.691,194.262,147.901
79.882,104.687,195.834,148.621
80.711,106.233,196.789,147.498
81.593,105.275,196.793,147.980
84.079,106.145,195.634,147.539
86.903,106.117,195.718,147.242
84.342,106.427,196.415,147.723
86.612,107.527,194.962,148.111
88.064,107.915,193.035,147.808
87.228,109.988,195.232,148.026
90.552,109.637,197.585,149.641
89.818,110.382,198.148,149.632
91.211,110.639,199.576,149.506
88.904,109.457,204.771,150.488
88.280,108.818,205.468,151.263
85.840,109.633,207.411,151.285
87.585,107.095,207.547,151.106
92.325,108.699,207.319,152.386
89.496,109.789,205.610,155.923
94.027,110.915,202.705,153.150
94.191,112.827,200.216,150.515
100.393,110.232,196.677,149.745
104.036,112.616,191.979,152.119
101.931,111.026,189.987,151.560
101.963,112.205,189.743,151.710
98.453,112.679,193.341,156.372
94.857,115.019,198.423,162.101
93.617,114.515,199.389,164.083
94.843,113.295,201.008,162.513
92.471,114.383,207.596,161.634
84.589,118.317,212.733,164.843
81.796,119.291,220.201,167.223
81.543,118.875,222.069,171.293
85.542,119.819,224.933,173.713
90.409,117.115,220.962,176.443
92.444,119.607,222.630,176.794
91.790,122.237,226.478,178.410
88.503,121.717,225.807,181.236
86.936,123.656,223.927,184.526
89.926,125.320,220.072,189.863
84.347,123.530,220.683,194.590
80.999,122.945,222.603,196.665
91.093,126.345,213.063,202.730
95.380,127.834,202.613,214.652
