168.000,95.000,80.000,32.000
168.519,97.084,81.655,31.438
168.472,95.779,82.340,31.083
167.797,96.336,83.736,30.625
166.631,95.978,84.949,30.491
167.110,97.171,84.673,30.741
167.408,95.557,83.884,31.123
166.413,97.152,84.133,30.819
166.751,96.037,83.201,31.270
165.816,96.649,83.476,30.933
166.603,95.932,83.376,30.914
167.719,97.575,84.549,30.800
166.663,96.936,83.985,30.749
167.923,96.488,84.258,30.577
166.794,97.073,83.962,30.550
168.305,96.136,85.774,30.337
166.893,96.252,85.124,30.322
167.056,97.166,85.641,30.160
166.534,96.469,85.507,30.086
166.229,96.240,85.818,30.082
165.566,96.969,86.058,30.007
165.647,97.577,88.070,29.721
164.790,97.573,86.774,30.167
164.903,97.583,85.811,29.802
165.655,97.655,84.876,29.609
166.234,97.474,86.773,29.886
165.384,97.639,86.680,30.248
165.415,97.892,87.849,30.046
164.599,97.297,86.812,30.403
164.181,96.984,87.833,30.074
164.960,96.477,86.705,30.064
165.423,96.889,85.619,30.102
165.401,98.062,84.005,30.009
165.996,97.086,83.102,29.730
167.200,98.476,83.753,29.493
165.710,97.504,83.761,29.602
165.837,98.006,83.871,29.584
165.357,97.130,83.938,29.454
166.752,97.717,83.882,29.317
164.559,98.070,84.878,28.960
165.094,97.454,86.694,28.725
162.497,97.404,87.761,29.599
161.967,96.785,88.767,29.775
160.181,95.900,88.742,30.746
158.927,96.257,88.684,31.209
158.591,96.193,88.450,31.654
160.131,94.844,87.904,31.688
159.081,96.528,88.752,31.262
158.567,96.594,88.810,30.882
158.059,98.194,89.551,30.958
157.429,97.584,89.379,30.674
156.795,99.134,89.644,30.783
157.028,98.571,89.099,30.700
156.386,98.788,89.866,30.260
156.895,99.593,89.875,29.900
156.492,98.281,90.959,30.240
156.471,98.825,91.548,30.296
157.080,98.651,91.708,30.587
157.336,99.183,91.217,30.851
157.978,98.424,91.508,31.167
157.403,98.741,90.849,31.234
159.380,98.684,90.197,31.519
159.088,99.493,90.922,31.423
159.048,98.208,91.364,31.398
158.907,98.589,91.590,31.431
160.411,98.569,90.606,31.466
159.244,98.938,91.622,30.668
158.751,99.013,92.554,30.354
160.026,99.228,91.880,30.512
160.455,99.469,91.662,30.460
160.335,99.220,91.740,30.154
161.183,99.867,92.589,30.199
159.563,100.315,93.056,30.196
161.972,99.791,92.371,30.259
160.421,100.190,92.711,30.024
163.437,98.743,91.958,30.608
161.990,98.892,92.422,30.565
163.627,99.247,91.846,30.793
163.428,99.071,91.548,30.830
164.915,98.169,91.899,31.180
165.410,97.789,92.308,31.150
167.613,98.123,91.758,30.936
167.792,97.410,92.280,30.741
169.795,98.392,92.253,30.631
167.985,98.062,93.569,30.007
178.220,98.781,89.625,30.701
178.016,99.079,86.130,30.314
172.073,98.666,88.279,29.725
171.415,98.303,89.066,29.793
174.741,99.039,87.153,30.712
173.248,98.553,86.243,30.677
175.565,99.183,88.406,30.442
173.885,99.163,89.835,30.354
175.287,98.044,91.059,30.562
174.487,99.106,90.717,30.775
176.759,98.336,91.782,30.830
174.887,98.332,92.433,31.043
175.107,97.849,92.806,31.276
175.026,98.298,93.016,31.603
173.985,97.253,91.502,31.587
175.267,97.391,91.303,31.033
176.299,98.784,90.806,31.481
176.008,97.847,91.662,31.378
176.272,98.125,92.416,31.532
176.341,97.692,92.532,31.810
177.698,98.370,91.850,32.019
177.346,98.555,91.959,31.860
177.320,99.867,91.942,31.903
176.835,98.904,91.702,31.988
177.030,99.166,91.848,32.088
177.499,98.923,91.757,32.206
177.256,98.804,92.053,32.202
177.375,100.047,92.004,31.974
176.231,97.874,92.892,32.059
176.458,98.939,93.339,32.100
175.776,98.213,94.377,32.124
175.700,97.701,94.227,32.331
176.199,98.251,95.149,31.989
176.196,98.113,94.973,32.216
176.819,98.383,95.252,32.049
177.467,97.873,94.274,31.735
179.440,97.569,93.903,31.540
180.650,98.323,93.999,30.938
180.466,97.387,94.626,31.060
182.045,98.696,94.049,30.983
180.457,98.191,93.635,31.411
180.630,97.639,93.307,31.232
180.032,98.333,92.847,31.148
180.374,98.199,92.858,31.297
179.163,98.376,92.308,31.325
179.616,97.799,91.991,31.678
179.108,97.010,92.621,30.998
180.401,98.122,92.050,31.121
180.676,97.959,92.170,30.937
181.617,98.163,91.699,30.956
180.893,96.737,93.549,30.969
181.030,97.205,93.559,31.096
181.428,97.840,93.699,31.229
181.564,97.833,93.570,31.568
181.401,96.841,94.298,31.568
180.804,96.792,94.801,31.598
180.912,97.277,94.912,31.563
181.063,96.957,94.910,31.381
182.392,96.460,95.446,31.602
183.529,97.590,95.248,31.782
183.522,97.079,95.815,32.193
183.921,96.912,95.661,32.213
184.080,96.713,95.431,31.837
184.003,96.256,95.550,31.941
184.543,96.438,95.141,32.094
184.711,96.867,94.072,31.901
184.736,96.421,93.562,31.754
185.151,96.737,93.481,31.729
184.829,97.387,94.135,31.484
184.211,97.170,94.188,31.207
184.007,97.966,94.087,31.035
183.916,97.527,93.771,31.462
183.704,96.571,93.489,31.475
184.679,97.410,92.470,31.935
184.099,97.264,93.574,31.546
184.044,97.060,93.671,31.791
183.631,97.575,94.236,31.902
182.099,96.350,95.145,31.784
183.763,97.413,94.293,31.722
183.592,96.919,94.580,32.004
184.204,97.038,94.488,31.708
183.899,96.542,94.805,32.013
183.931,95.900,94.608,31.743
183.913,97.345,94.246,31.665
184.914,96.775,93.624,31.656
185.327,96.920,93.668,31.607
185.097,96.693,93.809,31.965
185.088,96.139,93.701,32.150
185.959,96.823,93.225,32.101
185.864,96.970,93.494,32.149
184.932,96.080,93.464,32.145
184.933,96.415,93.335,31.883
185.907,95.825,94.201,31.775
185.880,96.023,94.222,31.780
185.516,95.959,95.277,31.596
185.765,96.055,96.240,31.388
185.716,97.123,95.819,31.327
184.928,96.506,95.140,31.301
185.558,96.782,94.619,31.706
185.781,97.184,94.497,31.622
184.617,96.914,94.431,31.755
184.430,96.647,94.618,32.205
184.086,95.856,94.810,32.252
185.170,96.463,94.695,31.536
184.411,96.986,94.814,31.297
183.888,96.099,94.522,31.438
185.082,96.134,94.152,31.379
184.475,97.273,94.680,31.257
184.721,96.637,93.928,31.659
185.522,96.597,93.806,31.182
185.888,97.067,93.240,31.690
185.579,96.431,93.086,31.805
185.974,97.618,93.308,31.760
185.773,97.441,93.651,31.563
184.660,96.142,94.594,31.963
185.906,95.785,94.442,31.859
185.395,97.330,94.306,31.710
184.664,96.749,94.669,31.963
185.414,97.023,94.748,31.778
184.565,96.955,95.552,32.009
183.699,97.422,96.152,31.437
184.541,96.551,95.198,31.940
184.469,97.007,95.262,31.155
184.333,97.817,95.374,30.750
181.057,97.298,97.323,30.186
182.771,97.985,97.278,31.041
179.144,96.236,98.887,31.552
178.969,96.920,98.958,32.325
176.632,96.495,99.993,32.525
175.295,96.342,101.262,32.437
173.164,95.847,103.529,31.588
173.601,96.200,103.259,32.099
168.736,95.211,105.509,33.303
168.307,94.398,107.350,33.660
162.452,92.783,108.979,34.622
161.298,92.897,109.981,35.237
158.561,91.621,111.874,36.476
157.948,91.191,112.473,37.035
156.453,90.796,111.334,36.145
157.113,90.336,111.827,34.970
155.575,93.659,112.062,37.435
155.684,94.148,112.404,37.962
153.193,92.105,114.959,39.692
152.211,91.911,115.913,40.345
152.272,90.443,117.831,41.611
151.609,90.694,118.432,42.472
153.829,89.581,122.170,43.540
151.984,88.815,124.926,44.501
159.031,89.510,126.720,44.879
158.919,90.867,128.447,44.077
163.889,90.128,130.676,45.300
162.669,89.491,132.761,45.990
164.546,89.052,135.099,47.601
163.772,87.767,136.474,49.586
164.741,85.052,141.968,50.049
163.606,83.347,147.056,52.589
161.773,80.883,151.795,56.905
159.052,79.432,156.246,59.662
161.992,80.413,157.012,62.549
162.824,80.028,157.271,63.006
160.996,78.282,157.785,65.888
163.881,78.575,157.216,67.229
156.819,80.227,160.731,66.691
159.799,80.779,160.607,65.847
152.943,82.790,163.868,66.441
155.773,83.070,164.648,66.761
148.551,87.338,166.799,65.758
153.194,86.616,165.550,66.788
135.921,88.507,178.441,62.657
131.007,90.182,183.798,61.822
116.738,93.064,192.148,58.958
115.026,94.336,194.486,59.448
98.006,92.174,199.509,60.153
97.242,90.970,201.839,60.815
76.917,98.333,209.059,59.825
79.856,99.058,208.518,61.632
69.705,99.443,207.360,64.563
76.191,99.454,211.508,64.584
60.904,99.130,216.413,67.427
60.094,99.227,218.778,69.095
49.017,102.343,219.564,70.167
45.602,100.850,221.885,72.173
33.700,100.494,220.758,73.122
33.261,102.304,222.006,71.494
26.894,102.279,221.218,71.957
25.539,104.088,221.493,71.183
12.007,103.904,216.383,75.954
14.029,102.746,215.436,77.129
13.178,103.706,208.308,79.753
15.227,102.661,205.205,80.938
12.630,102.537,200.076,80.261
15.169,102.937,196.141,80.519
12.055,99.924,191.460,80.956
13.429,101.598,189.221,81.063
14.685,100.824,187.638,80.722
10.913,103.433,184.482,78.516
11.440,104.083,182.660,77.160
12.579,105.015,181.258,76.074
13.383,104.089,180.264,76.241
13.834,107.148,167.237,72.654
17.019,107.675,159.619,70.220
22.350,109.925,152.479,67.289
24.869,111.171,148.450,65.208
26.191,112.884,146.308,63.730
25.399,114.378,145.790,62.448
35.844,109.999,134.111,62.367
41.158,111.324,125.781,59.773
42.913,112.824,121.216,57.963
43.561,113.655,118.745,56.314
52.317,112.674,111.373,55.675
54.370,112.005,107.034,54.457
55.704,113.144,105.159,53.261
64.839,108.735,95.334,53.347
69.015,109.211,89.683,51.163
70.579,112.163,86.887,49.124
