683.000,317.000,39.000,75.000
691.620,316.475,40.740,75.559
700.006,315.803,41.885,76.086
708.380,315.637,42.414,76.103
716.893,315.049,42.604,75.465
726.226,314.164,42.327,75.511
735.092,314.054,42.236,75.723
743.965,313.684,42.024,75.769
754.064,312.253,41.568,76.286
763.047,312.472,41.554,75.800
771.476,312.814,41.757,75.308
781.247,312.455,41.519,75.303
790.326,311.170,41.251,75.621
799.719,311.292,41.468,76.086
808.730,310.754,41.532,76.677
817.880,310.261,41.121,77.188
826.359,309.403,41.352,77.020
834.353,309.382,41.236,76.800
843.127,309.454,40.939,77.342
850.706,308.922,41.386,77.390
859.058,308.155,42.316,77.601
866.164,307.822,42.696,78.218
873.309,307.367,43.004,78.107
877.504,307.262,44.079,77.214
880.931,305.963,44.464,77.173
881.334,303.287,44.367,77.413
878.326,303.993,45.106,76.319
870.094,301.337,45.275,76.695
859.704,301.094,44.985,76.047
849.470,300.294,43.492,75.797
836.249,298.551,43.038,76.068
825.602,297.357,42.939,75.793
815.004,297.187,43.150,75.194
805.871,296.726,43.014,75.170
798.913,296.560,42.016,75.280
791.265,296.037,41.324,75.166
784.304,295.455,40.407,75.023
776.870,294.745,40.165,75.039
769.138,294.616,40.264,74.884
762.961,293.871,39.758,74.810
753.937,293.639,40.123,74.445
742.717,292.860,40.126,74.318
729.090,292.424,40.123,74.310
712.937,291.239,40.167,74.161
693.181,291.392,41.130,73.180
671.726,290.912,41.810,73.113
649.260,290.407,41.724,73.462
626.524,288.789,43.480,73.405
604.736,288.028,43.904,73.040
584.728,285.851,44.168,72.830
568.501,283.960,43.169,73.316
554.641,279.663,43.511,73.029
545.866,273.640,44.099,72.488
540.008,266.688,44.930,72.611
536.769,258.487,45.261,72.822
535.566,247.923,45.586,72.970
532.919,238.158,45.576,73.659
529.921,230.308,45.816,74.393
525.288,222.547,46.495,74.685
518.730,215.561,46.798,75.368
511.574,210.086,46.730,76.070
505.339,205.786,46.545,76.666
499.070,202.539,47.023,77.244
492.347,200.785,47.660,77.591
486.444,199.499,47.310,77.554
482.777,198.340,46.784,76.982
479.493,197.158,47.046,76.351
477.757,195.995,47.267,76.655
478.966,195.688,47.916,76.430
480.303,194.152,48.352,76.223
482.856,193.766,48.288,76.072
484.504,192.706,48.611,75.847
487.953,192.144,48.730,75.361
489.974,191.894,48.962,75.111
493.587,190.289,49.114,75.114
494.056,190.125,49.579,74.664
496.892,188.553,49.588,74.867
498.350,187.676,49.592,74.458
500.333,186.490,49.555,74.963
503.793,185.219,49.466,73.832
505.789,183.615,49.904,73.968
508.566,183.009,50.202,73.928
510.505,181.916,50.476,73.706
513.222,179.743,50.553,74.272
515.749,178.455,50.557,73.776
517.034,177.389,50.786,73.554
519.663,175.681,50.995,73.327
521.394,174.272,51.141,73.134
524.115,171.982,50.997,72.947
526.829,170.017,50.706,72.827
528.999,167.706,50.663,72.838
531.405,164.258,50.109,72.727
533.243,161.856,50.275,72.878
535.225,157.479,50.141,73.637
538.368,154.837,49.591,74.066
539.865,151.082,49.882,73.522
540.858,148.860,49.365,73.072
541.376,149.618,49.615,72.449
541.078,149.604,49.811,71.942
538.470,149.166,49.512,71.662
535.439,150.163,49.516,71.330
529.989,150.676,49.483,71.404
524.656,150.937,49.441,71.917
519.521,151.846,49.690,72.522
515.290,153.256,50.575,72.628
512.947,155.740,50.936,72.637
512.526,157.456,51.405,72.290
512.635,162.657,51.393,71.890
514.307,167.776,51.152,72.117
516.216,175.182,50.757,71.594
520.033,184.034,50.636,71.287
522.751,193.080,51.161,71.121
527.129,201.437,51.627,71.712
530.370,210.364,51.756,72.542
533.939,217.318,52.148,73.931
536.350,223.222,53.163,75.690
541.144,226.727,53.929,78.153
544.195,230.280,55.362,81.189
548.454,232.113,56.969,83.986
552.678,234.513,58.955,86.210
558.094,236.306,60.089,89.571
563.791,237.694,61.099,92.901
570.200,238.678,62.212,96.016
575.388,240.361,63.415,99.353
581.542,240.422,65.037,102.421
587.219,240.655,65.657,105.186
594.112,239.824,67.113,109.099
600.067,238.877,68.367,112.856
606.610,237.208,70.165,117.061
612.279,235.354,72.664,120.224
618.513,233.590,75.345,124.137
624.087,233.519,77.603,127.725
631.143,230.944,79.063,132.805
636.630,228.243,81.541,137.806
642.573,226.159,83.707,142.686
647.549,223.736,86.664,147.316
651.504,222.222,90.260,151.907
653.048,219.000,94.382,157.474
654.475,217.260,97.868,162.302
655.183,214.254,101.085,168.112
655.908,213.225,102.712,173.119
652.693,211.466,106.069,179.077
647.236,209.552,109.312,185.901
640.542,209.048,112.780,193.342
631.502,207.888,117.077,200.377
623.132,207.482,121.374,207.923
613.685,209.297,125.919,215.177
600.449,208.887,132.917,222.939
585.128,210.622,139.878,229.295
569.613,208.381,146.737,239.558
555.733,207.612,152.959,249.471
538.447,204.092,160.508,260.374
524.450,201.184,165.894,270.999
512.256,196.943,172.164,283.860
497.269,193.489,181.894,296.274
486.840,184.771,190.123,313.403
475.353,178.634,197.627,330.358
458.542,169.078,204.100,348.488
441.335,159.771,213.873,366.362
417.804,150.934,219.855,386.599
394.515,138.457,232.839,406.605
370.884,126.771,245.432,429.509
349.075,112.231,263.090,451.191
329.067,97.560,273.182,477.632
313.089,82.136,286.058,503.503
286.331,70.282,298.336,529.529
271.837,55.768,307.269,552.834
258.385,46.939,319.208,573.255
244.369,41.342,324.095,588.538
232.061,32.250,329.690,605.486
228.529,27.054,336.838,616.256
226.623,24.232,342.299,621.031
229.193,23.919,346.917,620.749
228.723,23.192,349.849,620.588
230.013,24.240,350.570,618.604
232.880,22.677,350.473,616.709
235.325,22.950,349.670,614.787
238.604,22.786,347.338,613.435
244.448,24.081,350.377,611.235
250.425,24.086,348.281,610.083
259.509,23.816,346.941,608.318
268.115,25.020,353.259,606.840
274.634,24.261,354.965,606.390
282.334,24.791,357.120,607.202
289.013,20.800,355.884,608.472
294.734,20.627,354.106,608.712
296.644,24.325,348.433,606.478
299.388,23.505,347.478,608.633
301.005,21.320,344.713,609.770
302.072,20.490,338.418,611.786
304.900,18.877,336.223,612.473
302.561,20.489,324.640,611.652
301.598,20.319,312.074,611.043
304.210,17.060,305.067,609.574
307.676,16.707,301.963,610.043
307.298,14.436,301.219,611.853
307.353,13.152,301.188,614.129
308.281,10.332,301.416,614.997
307.666,9.835,301.898,615.194
308.841,8.806,303.148,615.326
309.166,7.340,304.454,617.059
310.264,6.138,310.233,618.153
309.195,7.254,311.620,618.006
308.676,8.305,317.449,618.372
308.418,7.212,318.366,618.533
304.229,10.951,319.368,619.230
301.178,9.711,322.223,618.679
295.558,13.427,322.376,618.550
295.822,16.064,324.297,616.919
292.738,15.781,327.517,615.688
291.680,18.266,328.385,613.569
287.687,18.846,329.166,612.259
284.633,22.428,331.997,609.038
282.569,23.843,333.832,607.686
278.445,24.922,333.696,608.312
279.166,28.497,335.843,605.467
273.990,26.456,338.527,606.046
272.746,29.304,338.231,606.190
271.538,27.894,341.220,606.408
270.271,29.124,341.180,606.481
270.308,27.186,338.829,607.618
266.359,28.210,335.646,608.350
265.532,28.513,330.901,608.726
268.056,28.623,326.148,611.096
267.139,27.920,324.967,610.221
271.706,28.238,321.633,607.791
274.808,31.018,318.432,604.538
276.910,34.616,313.791,600.357
278.242,36.498,312.245,595.784
282.206,40.590,307.517,588.811
285.251,46.166,310.158,579.941
289.571,51.024,310.779,572.102
295.245,54.860,309.967,564.191
299.798,61.658,307.122,555.711
303.533,65.245,304.453,550.022
309.392,66.770,302.934,544.148
313.679,69.690,297.932,539.835
319.783,71.797,297.245,534.424
324.188,73.409,296.375,529.711
329.685,74.973,294.832,526.424
335.401,80.343,297.474,518.173
335.572,83.258,289.968,514.258
343.910,87.806,287.325,509.025
346.244,89.200,284.799,504.140
353.350,94.256,291.040,496.651
353.817,96.127,289.270,492.335
355.942,97.372,286.394,488.305
359.638,99.944,284.734,484.070
361.885,101.267,279.712,481.333
364.832,101.691,276.937,478.699
368.113,101.655,273.472,475.950
369.446,103.422,271.937,472.977
371.892,103.569,270.261,471.878
372.848,101.293,266.354,471.772
376.556,98.811,265.331,472.154
378.493,98.796,264.498,471.434
379.272,96.932,266.170,470.852
380.504,96.358,266.301,470.640
379.910,94.920,267.434,470.562
380.319,95.030,267.078,470.336
380.199,98.416,266.561,468.852
382.641,99.385,267.171,468.139
381.665,100.183,268.995,467.475
379.474,100.075,271.595,467.905
378.831,101.542,273.924,467.438
378.641,103.559,275.573,467.684
377.217,106.821,277.697,468.539
377.134,109.437,279.434,468.751
378.305,111.141,281.758,468.734
377.536,111.362,284.298,470.254
377.225,114.713,285.816,469.294
378.133,116.130,283.412,469.459
380.216,115.319,280.286,471.211
381.886,113.905,279.510,472.105
384.110,115.121,280.416,472.129
387.643,117.716,280.099,470.886
394.965,117.391,277.405,471.274
401.327,118.904,274.758,470.515
406.924,118.999,273.253,469.904
413.662,117.663,274.285,470.601
420.236,119.080,275.739,470.048
427.648,118.229,274.319,469.985
434.826,118.341,273.668,470.845
440.137,115.871,274.166,471.156
444.064,118.641,274.975,470.604
448.302,115.925,274.007,471.240
453.966,115.734,274.512,470.727
458.542,117.053,273.806,469.864
462.469,118.025,273.710,468.580
465.640,119.310,274.208,465.285
467.705,122.760,272.849,462.855
469.634,127.277,271.849,457.388
469.639,128.355,272.011,454.888
470.922,128.208,273.188,453.117
472.633,128.177,272.010,453.701
474.107,128.445,273.293,453.317
475.961,127.593,274.052,454.014
476.210,127.556,274.093,454.943
478.501,129.551,275.052,452.482
478.765,130.431,274.482,451.478
485.866,132.198,274.094,450.941
491.898,135.878,272.444,447.780
502.089,148.560,269.358,438.310
508.851,155.386,266.037,430.196
522.307,155.202,270.765,428.398
526.910,159.688,262.555,426.411
539.732,161.342,268.905,422.355
541.858,163.389,264.345,419.699
551.647,162.171,269.036,418.303
557.300,162.022,271.853,417.297
560.367,164.697,268.294,415.678
563.665,157.621,265.055,418.515
568.750,154.317,267.147,420.379
570.262,155.760,267.093,417.344
570.508,141.549,263.793,423.921
572.630,135.408,262.033,424.195
572.176,126.563,260.783,424.308
571.135,117.336,261.603,424.239
568.048,101.815,261.694,428.169
561.455,83.787,263.587,431.889
556.623,74.645,269.200,431.530
547.370,71.136,267.546,430.587
541.468,65.147,271.808,433.384
535.448,66.985,274.189,434.112
530.687,67.947,273.505,433.138
527.126,69.994,275.027,430.676
523.824,71.120,275.542,430.070
520.976,73.924,276.795,428.571
517.879,73.287,279.125,429.297
513.219,82.502,279.332,424.715
511.278,79.262,280.487,427.267
509.083,83.481,280.067,426.930
509.416,81.499,283.812,430.134
505.983,88.472,281.391,429.292
502.882,94.242,278.862,428.294
502.430,96.763,277.802,428.278
497.388,100.271,272.381,430.788
497.136,99.759,270.786,434.702
494.042,111.003,262.780,432.434
492.852,110.350,258.358,434.707
490.168,117.113,247.860,435.892
494.268,122.714,248.219,434.489
491.125,127.004,246.313,432.730
493.814,131.322,246.561,431.460
493.105,133.175,253.298,430.503
492.865,133.666,256.127,431.976
493.752,127.915,261.986,437.367
491.879,130.798,265.090,436.790
490.679,131.771,265.054,436.874
490.958,130.888,266.100,437.943
490.541,134.185,266.154,436.386
489.641,134.566,262.986,436.214
488.742,139.921,261.103,433.261
489.601,141.963,261.061,431.612
488.442,143.161,260.134,431.494
489.599,145.669,262.467,430.913
490.411,144.098,262.687,430.184
489.724,149.095,264.961,428.949
485.729,152.315,260.733,426.792
485.745,144.274,258.820,432.419
486.709,146.661,261.846,432.880
486.620,150.506,269.767,428.529
479.351,160.631,267.940,422.552
479.853,159.388,264.443,421.739
482.257,157.685,267.703,421.287
479.861,163.137,268.145,418.008
475.371,166.552,264.612,414.307
472.128,160.718,257.590,417.467
474.111,168.681,259.280,413.679
471.692,161.741,254.053,417.244
471.937,172.239,255.144,411.666
467.204,173.073,242.655,408.985
471.941,187.289,249.800,399.031
464.951,186.401,239.201,397.835
462.863,187.454,237.955,395.441
463.580,187.023,239.756,394.020
458.841,182.248,237.809,396.964
458.007,184.835,242.090,393.091
450.475,184.352,237.699,391.196
448.671,186.824,234.222,387.811
445.771,197.366,237.149,377.259
439.088,193.151,231.172,379.996
437.872,198.950,234.238,373.563
433.218,202.929,231.769,368.533
432.636,200.753,231.972,369.371
427.445,198.861,225.501,369.649
426.322,198.445,222.781,369.235
426.089,199.043,221.474,368.073
423.148,209.394,217.910,361.889
425.926,210.962,219.302,358.002
423.136,209.555,215.322,358.062
427.286,216.652,218.159,354.144
424.999,212.709,214.614,355.907
428.564,221.262,215.303,350.000
424.503,218.177,214.303,351.859
424.291,211.220,214.825,354.985
419.126,212.505,215.873,357.089
420.421,212.148,214.624,357.583
416.183,212.517,214.780,360.531
415.467,210.696,214.364,362.127
415.420,206.937,214.707,365.151
415.175,201.708,215.381,367.720
414.507,200.017,218.619,369.367
411.704,201.819,218.243,371.203
414.017,199.390,219.950,373.733
408.322,196.961,217.737,377.591
410.796,197.524,217.309,378.600
408.342,199.603,214.002,378.961
411.877,197.606,216.405,379.536
408.983,200.295,219.030,378.064
401.338,197.755,217.636,380.971
407.588,201.508,221.698,379.243
400.688,198.314,222.185,381.691
400.292,190.757,220.973,389.012
406.163,196.313,230.126,385.454
396.998,198.047,231.326,385.248
408.285,191.824,235.892,387.303
396.895,188.557,239.484,392.318
396.743,186.222,240.615,394.047
398.605,183.654,240.553,397.188
399.742,175.026,246.611,403.446
392.144,175.206,243.761,407.992
394.622,177.634,250.844,407.556
389.225,174.532,243.840,411.952
391.763,179.257,244.193,410.261
388.386,185.921,241.559,404.680
385.933,192.133,236.129,400.979
386.958,192.357,233.715,400.001
385.546,195.949,231.735,397.155
387.347,206.476,239.741,387.347
379.868,211.284,232.489,384.597
383.460,218.951,235.165,376.591
378.483,216.224,223.716,378.648
381.612,228.775,224.390,369.294
384.118,232.122,226.885,364.718
383.044,231.246,223.485,363.774
384.736,237.847,222.841,359.902
385.354,239.779,222.159,357.488
386.730,238.786,219.017,358.736
389.054,238.534,216.521,359.345
392.268,241.659,216.224,358.212
395.329,243.310,218.358,354.486
397.758,243.092,218.775,354.187
402.579,242.540,221.475,354.702
404.658,244.567,224.675,354.791
406.707,247.296,227.425,352.225
403.271,245.875,227.130,355.949
405.012,241.545,228.376,358.192
408.263,244.260,231.166,356.564
403.222,238.918,232.038,360.095
411.320,237.342,235.657,360.601
404.261,235.971,233.371,362.307
406.506,231.406,234.542,364.909
405.364,231.603,232.400,367.535
407.996,229.693,232.410,368.346
404.087,228.791,229.412,370.728
407.296,226.857,230.800,371.018
405.141,227.719,225.461,371.731
403.785,229.095,224.129,371.362
403.796,220.630,223.273,376.343
399.464,224.818,220.557,376.731
403.834,231.636,224.386,371.363
398.123,229.949,223.988,370.607
398.436,232.511,223.137,368.685
400.667,232.282,223.554,368.674
396.909,225.088,222.373,372.355
401.679,232.087,225.407,368.084
390.115,225.442,219.551,371.933
399.857,235.103,224.161,366.867
397.418,219.618,225.658,370.766
390.819,218.265,224.296,372.273
390.716,227.338,221.510,371.009
393.047,233.028,219.215,367.988
394.654,238.411,218.555,363.324
396.185,241.894,219.216,359.468
395.972,237.858,220.111,360.424
396.192,238.964,220.865,362.157
397.755,245.205,223.295,356.197
391.554,235.936,219.628,360.152
388.963,230.978,213.792,364.351
407.912,233.138,222.220,363.224
426.187,211.771,237.136,360.103
403.584,235.260,238.503,359.265
423.919,220.601,251.695,355.989
399.694,230.455,236.856,360.578
416.765,233.883,243.325,352.249
422.671,228.341,248.292,351.065
407.944,228.007,234.338,359.255
427.058,234.332,240.439,352.496
419.155,231.825,237.392,349.591
425.514,230.376,236.969,351.744
429.786,216.853,241.997,353.799
421.473,218.995,231.386,358.373
429.690,224.909,229.622,359.961
427.374,226.802,223.573,359.879
431.915,224.038,223.020,359.018
424.605,228.612,207.570,357.168
430.619,229.731,199.792,358.543
434.165,229.104,190.499,359.725
436.310,224.384,182.098,360.815
452.953,204.356,192.617,352.175
437.260,233.310,176.404,352.664
449.582,235.353,174.567,349.334
454.800,232.607,178.202,349.354
452.157,240.713,172.719,346.579
455.310,229.379,172.064,347.915
456.204,221.013,166.660,353.505
458.173,219.856,162.196,355.688
465.888,218.658,164.131,352.375
468.552,223.262,165.364,349.325
467.048,225.309,159.029,350.221
474.984,220.255,163.228,346.302
472.504,205.364,163.180,350.425
476.342,191.491,169.920,351.607
473.587,212.642,167.929,355.562
481.151,214.152,177.193,351.333
519.670,235.653,196.939,339.249
515.871,226.550,207.389,340.666
502.057,225.247,221.891,341.942
487.555,222.440,222.697,344.920
486.703,214.092,218.599,351.307
498.553,215.608,222.629,348.910
505.147,216.809,226.258,346.161
494.033,212.815,224.929,351.033
501.276,198.729,220.338,360.808
497.911,174.368,208.178,382.046
497.899,159.868,201.871,398.045
502.545,120.302,198.394,431.939
511.426,90.914,204.916,467.613
513.113,75.521,212.372,487.986
515.531,69.325,218.788,496.925
513.770,67.808,227.732,499.349
513.653,65.946,235.657,499.280
517.109,61.970,243.354,500.086
515.396,64.318,247.490,496.607
515.011,64.500,250.256,492.001
515.375,66.782,255.048,488.432
516.168,67.592,257.855,486.481
516.567,68.569,259.126,484.055
516.110,69.528,260.791,483.315
514.816,70.275,261.460,483.716
514.670,71.035,263.328,484.236
515.704,70.394,265.449,483.811
514.296,70.957,265.916,483.107
515.252,69.965,267.235,482.410
515.505,70.498,265.448,482.301
518.429,72.009,263.044,482.108
520.849,72.287,260.425,483.199
519.361,72.509,259.862,483.214
520.331,72.564,260.769,485.821
520.630,73.290,262.069,485.790
518.382,74.598,261.797,487.069
520.771,73.028,259.432,488.763
519.498,72.334,261.438,489.733
518.524,72.001,260.913,490.265
518.581,71.169,261.515,490.721
519.329,69.938,262.804,491.436
520.557,71.410,262.123,490.424
520.280,70.099,265.196,490.676
520.690,72.041,266.556,489.078
519.709,70.204,268.001,488.483
519.423,71.910,266.682,487.783
521.542,70.315,263.645,489.997
521.467,71.302,259.419,489.886
520.696,71.733,259.001,490.527
519.855,72.087,256.961,490.786
519.865,76.363,253.021,489.246
518.852,77.368,250.539,488.903
518.701,75.909,249.386,489.951
518.090,75.515,247.013,490.040
518.738,77.317,244.618,488.722
517.509,80.301,242.240,487.468
518.353,79.200,240.387,488.683
518.494,80.793,239.422,488.121
520.005,83.228,240.580,487.385
517.665,88.039,241.306,483.201
515.730,91.622,242.255,481.922
513.004,94.852,240.718,482.259
510.370,96.073,242.641,483.660
508.809,98.721,244.160,483.562
504.923,96.977,251.485,483.628
503.390,98.279,256.016,483.836
499.776,97.706,261.001,483.308
493.172,95.906,265.164,483.356
492.723,94.947,264.876,484.367
491.215,94.368,266.771,485.545
488.279,97.635,267.289,485.008
487.900,98.041,267.737,486.359
486.075,98.196,267.638,487.040
483.104,96.548,268.814,488.662
482.525,93.244,269.582,491.939
481.970,93.748,267.849,493.826
480.917,92.607,264.638,494.233
479.442,91.770,262.637,493.531
482.737,90.929,257.564,496.145
481.769,90.344,256.422,495.046
