315.000,47.000,68.000,222.000
316.888,46.831,70.629,226.063
315.200,46.060,73.467,225.811
314.288,46.684,75.650,225.108
313.965,47.543,76.912,224.803
313.721,47.956,77.496,223.794
313.235,48.443,77.984,223.145
313.082,48.757,78.885,222.844
313.249,49.525,80.322,222.451
313.376,49.814,82.360,222.596
312.641,50.411,83.211,221.877
311.632,51.671,84.800,220.513
310.707,53.082,86.579,219.549
309.578,52.802,88.221,218.572
307.903,52.441,88.414,218.793
306.807,53.225,91.213,217.546
305.942,53.791,93.088,217.531
303.957,54.621,95.522,216.996
299.364,56.788,98.561,216.160
297.208,57.680,103.418,214.566
292.204,59.448,108.064,212.615
287.544,60.974,114.122,209.449
279.572,62.596,117.645,208.325
275.583,62.508,120.544,208.136
272.902,64.209,120.835,207.588
272.676,64.643,120.765,206.467
275.882,66.103,124.758,205.158
273.378,66.560,123.673,205.184
272.997,68.116,122.557,204.227
274.058,67.548,120.905,205.438
273.228,66.730,118.597,205.135
272.265,67.928,117.939,202.876
273.742,69.817,115.671,202.431
272.108,73.400,112.814,198.886
279.597,71.855,111.431,199.652
275.306,68.348,112.219,201.165
278.832,68.403,109.406,201.875
278.477,65.364,107.597,204.289
278.523,61.973,105.587,207.293
281.899,64.831,104.660,207.179
284.686,65.604,104.410,205.405
288.923,66.940,102.823,204.562
290.041,68.273,101.411,205.110
281.011,65.846,100.186,205.341
288.224,67.713,105.158,205.235
283.107,67.216,106.701,203.577
281.574,67.207,114.398,203.160
271.447,63.273,111.723,206.904
272.622,60.957,112.991,208.738
270.660,60.847,113.965,209.667
267.638,59.202,114.890,210.472
267.485,60.354,116.420,209.683
266.363,60.360,117.741,210.300
263.030,60.874,119.947,210.133
256.052,60.222,120.382,211.435
246.777,60.081,122.242,210.831
255.747,58.003,118.427,213.351
249.494,58.785,119.349,212.787
259.936,56.562,114.208,214.800
259.516,59.681,116.089,212.808
262.760,57.832,117.499,213.774
263.602,58.699,114.600,213.691
265.959,56.939,113.055,213.614
265.468,56.917,109.086,213.344
267.429,55.472,108.354,213.843
269.327,57.419,109.012,215.016
268.663,57.588,107.358,214.173
269.251,57.465,105.094,213.420
267.519,56.832,105.021,212.722
265.403,57.722,107.011,212.812
263.836,57.609,111.416,213.624
259.914,57.639,113.633,214.142
259.321,57.901,118.358,214.226
248.579,55.325,118.529,213.808
247.852,54.446,120.800,213.323
245.471,54.467,120.811,213.517
248.344,54.948,122.818,212.925
247.046,56.114,122.934,213.433
247.487,56.974,126.999,212.443
250.914,58.378,133.495,211.915
252.658,58.711,139.042,211.141
254.724,57.241,145.888,210.579
254.550,56.983,148.753,211.142
255.787,57.021,150.102,212.024
256.924,56.277,149.416,212.754
260.872,57.449,147.981,211.850
263.988,57.303,147.030,211.334
265.223,55.850,144.406,212.198
270.015,55.460,142.102,212.518
263.541,54.803,144.724,211.731
266.200,53.415,145.138,212.726
264.930,54.388,144.971,213.270
269.277,53.392,143.357,213.694
265.661,56.216,145.121,212.454
269.184,55.401,144.420,212.357
263.605,55.126,147.355,211.538
264.394,58.394,149.629,209.660
258.138,57.354,153.187,210.048
257.697,58.579,156.868,208.772
253.543,59.440,158.149,209.122
251.150,58.252,160.377,210.134
246.525,58.304,162.528,210.206
244.128,56.280,166.255,211.473
245.460,56.332,168.371,213.030
244.348,54.636,169.374,212.943
243.531,53.510,170.075,213.819
243.297,53.898,170.252,214.973
242.990,53.317,170.694,214.603
244.429,53.811,170.227,215.631
243.658,52.691,170.371,215.106
245.431,55.327,169.450,214.943
243.826,54.316,169.568,214.804
243.429,54.219,170.597,214.272
244.742,53.413,170.236,214.666
244.944,55.019,169.948,214.598
243.506,54.850,170.483,214.076
243.218,54.268,171.022,214.000
243.742,53.659,170.925,214.245
243.897,55.002,170.708,214.393
244.410,53.377,170.812,214.738
244.380,53.256,170.767,214.502
247.599,53.368,169.686,215.300
245.337,52.653,169.365,215.363
247.269,53.937,168.764,216.025
243.892,52.415,169.546,215.869
246.533,50.998,168.950,217.721
244.321,50.740,169.839,218.106
246.201,49.800,169.411,218.688
245.921,50.869,169.814,218.382
244.374,50.094,170.125,217.736
245.626,52.496,169.603,217.828
243.283,50.793,170.235,218.122
244.874,53.292,170.177,217.974
243.309,51.406,170.122,218.153
241.609,52.452,170.770,217.266
244.210,53.262,170.302,216.907
239.699,51.916,171.357,217.546
243.644,52.520,170.159,217.185
241.628,51.681,170.511,217.471
241.995,52.872,170.736,216.863
240.815,53.468,170.495,216.621
242.261,53.384,169.631,216.943
241.266,52.844,169.503,216.970
241.889,53.761,168.876,216.483
243.383,52.743,167.949,216.712
241.916,53.051,168.863,216.761
242.620,53.649,168.294,216.618
241.363,53.023,168.790,216.759
241.290,53.930,168.844,216.319
241.679,53.637,168.839,216.274
240.732,55.279,168.503,215.182
240.270,54.350,168.785,215.648
239.331,54.176,168.751,215.532
240.249,54.991,168.371,215.441
241.711,55.109,167.044,215.330
238.825,54.646,167.376,215.539
237.822,57.148,167.693,214.174
233.958,57.157,167.300,213.718
233.217,56.955,167.519,213.501
227.808,57.420,165.302,213.554
229.467,58.420,163.962,213.423
226.791,58.465,163.962,213.328
227.574,58.381,160.714,213.241
228.766,58.993,159.659,212.522
231.618,58.173,159.785,213.083
231.920,57.962,159.633,212.935
231.544,57.547,157.618,213.477
234.417,58.015,155.310,213.950
236.856,57.872,158.592,213.653
233.135,55.554,156.910,213.741
234.031,55.356,156.449,213.904
232.024,55.371,151.484,214.877
236.917,55.281,149.561,214.510
232.135,54.769,143.909,214.526
242.253,54.216,143.145,214.377
237.061,54.461,141.205,214.123
236.622,53.313,139.511,214.082
234.888,52.642,137.051,214.386
235.687,51.693,138.274,214.405
241.507,53.031,143.580,214.168
234.387,50.992,140.035,216.168
235.953,49.388,137.365,217.189
237.887,49.836,139.036,217.736
233.812,49.122,137.207,217.686
241.746,49.611,139.176,218.230
241.112,48.870,141.186,217.700
240.984,49.364,143.867,217.767
236.809,48.182,144.782,218.369
243.334,48.375,150.856,218.175
246.438,47.709,153.697,219.516
243.287,46.788,155.312,221.021
243.446,46.982,157.891,221.279
246.711,47.194,159.904,221.636
242.707,45.308,161.235,222.850
243.524,46.453,162.470,222.513
240.618,47.065,163.940,221.456
242.753,47.395,164.572,221.873
239.256,46.258,164.229,221.410
243.239,47.958,165.093,221.473
240.480,47.431,163.435,221.290
239.576,48.063,165.092,219.817
239.814,49.375,166.353,218.963
238.967,49.528,165.918,218.481
240.219,50.395,167.510,217.902
234.943,49.566,168.484,218.048
235.806,50.287,170.723,217.214
234.656,50.945,170.510,217.430
233.316,50.183,171.970,216.207
235.190,49.680,171.124,216.624
234.343,50.252,171.196,216.765
233.315,49.328,173.276,216.672
234.598,49.600,172.855,216.861
231.180,49.870,173.934,216.782
232.459,50.421,174.466,217.123
230.985,49.370,174.751,216.663
236.654,49.758,173.413,217.500
236.056,48.806,171.975,218.236
237.867,49.904,170.619,218.116
232.906,48.858,172.210,218.420
236.459,50.141,172.467,218.068
230.312,49.407,173.868,217.089
233.516,50.350,174.185,216.513
229.203,50.090,175.101,216.059
234.183,50.560,175.280,216.433
227.880,48.972,175.691,216.231
236.397,50.258,173.595,217.022
231.084,48.650,173.205,217.403
230.886,50.587,174.181,216.064
233.369,50.345,173.589,217.073
226.663,49.025,176.355,216.150
235.509,50.353,173.350,217.015
227.248,48.249,174.442,216.503
234.822,50.269,173.207,216.779
228.413,49.007,173.613,216.363
236.177,51.213,173.559,215.689
227.861,49.728,176.073,214.954
236.581,52.938,175.106,215.070
231.624,52.053,174.752,215.103
230.302,53.446,178.729,213.613
225.465,51.552,179.933,214.088
231.090,53.516,179.400,213.983
226.832,51.586,178.666,213.781
232.359,54.785,178.183,214.420
227.950,52.108,177.479,214.640
233.098,51.897,175.746,214.894
227.319,53.854,176.290,214.376
231.662,53.257,178.086,213.797
225.053,52.731,177.888,213.606
234.655,53.438,176.632,213.994
226.968,52.120,176.421,215.133
233.473,53.192,177.607,214.428
224.951,52.235,177.821,215.476
233.521,53.977,177.776,215.004
226.115,51.548,176.405,216.214
232.986,53.215,178.177,215.457
223.556,51.264,176.875,216.522
231.725,53.422,177.710,215.864
222.220,52.009,175.544,216.570
229.588,53.014,175.293,216.573
228.779,53.159,172.959,216.302
226.466,54.365,174.202,214.793
228.812,55.032,175.332,214.923
225.493,54.323,174.255,214.652
229.263,55.460,173.451,215.231
226.493,53.066,171.766,215.825
232.035,55.269,172.893,215.388
222.053,53.429,169.814,216.580
232.722,53.108,169.426,216.244
227.532,53.228,170.900,216.349
233.913,53.845,171.004,216.831
226.626,51.434,167.536,218.604
231.920,52.080,168.835,217.972
227.438,51.646,168.481,217.114
232.260,54.138,168.058,216.910
228.791,50.636,166.994,218.109
231.851,53.191,167.663,217.274
224.319,49.995,167.771,217.331
231.972,51.662,168.163,217.627
229.054,52.578,169.124,217.441
226.397,50.905,168.059,217.340
229.682,51.063,166.186,218.140
232.642,50.806,167.701,218.305
230.901,51.606,168.956,218.085
228.817,51.516,172.940,217.129
223.561,51.763,177.084,215.920
224.730,52.054,176.768,216.387
228.414,52.432,176.424,216.794
226.109,53.131,177.032,216.182
225.494,51.644,177.291,217.259
230.292,53.125,174.946,216.712
224.355,50.145,173.122,217.400
228.723,50.406,173.056,217.634
227.231,52.361,172.108,215.865
226.460,51.384,173.449,215.515
223.811,51.509,174.345,215.710
225.154,50.540,171.325,216.464
225.149,52.338,167.689,217.330
222.027,52.557,165.876,216.733
220.982,52.576,161.309,216.921
223.118,52.105,157.131,216.735
223.353,53.936,155.999,215.437
226.319,53.696,156.372,214.901
226.117,54.788,153.974,214.595
223.519,53.066,150.935,214.981
229.209,55.262,149.144,213.257
225.153,52.671,145.393,213.677
229.284,55.694,143.583,212.845
226.174,53.284,141.841,214.241
229.674,54.784,140.791,213.612
228.221,55.534,141.194,212.574
229.371,54.697,142.178,212.521
225.210,55.804,140.328,212.467
231.190,54.430,136.714,212.668
227.399,54.765,136.757,212.568
227.394,54.107,134.142,211.969
234.352,54.741,134.427,210.843
232.925,55.843,135.303,210.320
232.014,55.969,136.446,210.351
232.806,55.521,136.395,210.328
232.095,56.293,136.336,210.237
234.305,56.640,138.314,209.201
232.570,54.456,137.955,210.312
234.983,56.360,138.379,209.477
233.871,55.682,140.016,209.739
231.850,54.349,140.137,209.846
234.661,55.649,138.699,210.219
233.154,54.555,140.555,209.588
235.881,53.288,139.423,210.767
236.563,54.315,142.187,210.432
233.032,53.885,143.389,210.089
231.606,55.451,143.799,210.123
231.666,56.757,140.346,209.537
231.070,58.090,140.865,208.052
228.325,56.416,135.896,210.018
235.656,58.037,134.166,210.749
228.623,54.858,130.949,212.110
230.958,55.169,133.204,212.222
226.631,54.448,133.787,213.506
226.709,52.647,134.765,213.618
235.263,53.702,134.690,215.106
229.993,51.719,134.825,216.473
230.282,52.680,134.941,216.154
228.165,53.557,137.703,215.077
232.041,52.810,139.677,215.076
231.471,53.056,138.686,215.621
227.933,52.031,133.890,217.460
230.067,53.443,138.149,214.390
230.691,55.080,138.280,213.107
230.739,55.456,138.878,212.978
234.079,56.180,142.650,213.314
226.101,54.811,141.425,214.422
229.179,55.335,144.222,213.186
232.685,55.966,149.193,212.375
230.406,56.412,154.155,212.256
231.956,56.392,157.398,212.530
227.405,55.755,156.809,212.717
227.018,54.560,158.164,213.073
227.932,55.083,157.809,213.549
225.033,55.123,157.178,214.124
224.221,53.643,154.761,215.189
226.361,53.840,154.882,215.245
222.899,52.615,151.794,216.391
230.413,53.630,155.013,214.640
230.005,55.337,156.017,213.867
228.467,55.027,158.605,213.387
225.494,54.163,158.487,213.673
219.665,53.753,155.249,215.149
231.872,56.053,158.939,213.717
223.136,55.015,156.026,213.618
219.410,55.757,151.722,213.625
223.784,55.534,153.891,213.384
217.398,55.936,148.749,213.175
225.289,56.466,150.462,211.002
221.404,57.497,149.101,211.043
217.729,54.715,147.428,212.260
225.846,55.737,147.782,211.011
220.743,56.386,149.410,210.900
220.366,55.753,150.928,211.610
221.655,56.256,154.261,210.716
223.192,56.368,152.505,211.061
223.312,57.044,151.841,210.935
223.083,56.704,151.781,211.079
225.127,57.417,154.518,209.927
224.006,57.151,153.612,210.681
225.186,57.762,154.715,209.997
223.969,56.402,154.285,211.405
227.564,57.009,155.489,211.420
218.425,54.253,157.748,212.982
225.005,54.755,156.682,213.671
224.655,54.236,158.925,214.645
217.871,54.121,156.084,214.488
231.408,55.657,156.656,214.222
228.579,55.431,157.781,213.083
227.491,55.167,156.071,213.180
224.211,54.624,155.840,213.676
218.444,54.067,152.300,214.901
227.949,55.203,152.586,214.227
219.706,54.226,147.786,214.893
229.766,54.536,149.508,213.647
217.955,54.003,142.144,214.596
231.937,56.320,144.092,212.252
224.702,56.071,141.188,212.980
221.482,55.107,140.232,212.462
221.396,54.655,138.370,213.017
226.449,55.576,138.957,211.730
219.895,55.477,133.755,213.211
221.627,54.035,129.605,213.006
223.895,53.390,126.039,213.046
224.840,54.329,123.936,212.456
226.631,53.962,122.150,211.747
231.712,54.925,122.953,211.526
232.129,56.605,125.690,210.710
232.574,56.958,129.382,210.021
233.670,56.794,129.866,210.490
227.775,55.610,126.222,211.638
231.960,55.298,126.910,212.049
231.280,54.808,126.466,212.973
232.557,53.998,125.374,214.161
231.912,53.290,123.817,214.863
233.292,53.930,123.964,214.588
235.693,53.916,124.617,214.961
234.828,54.395,123.808,214.937
232.791,53.822,122.409,214.293
234.178,54.447,119.152,213.086
237.733,55.930,114.840,214.571
239.793,55.162,114.231,214.955
243.542,55.509,114.086,215.683
245.666,57.367,114.468,215.173
249.756,59.048,113.432,215.663
254.671,59.060,112.819,215.676
256.438,60.361,114.306,214.544
259.222,61.067,115.579,212.419
259.076,62.343,116.116,212.731
260.891,61.871,115.866,212.020
259.928,61.240,114.404,212.621
265.063,63.425,118.265,210.803
259.030,62.815,117.912,209.982
261.359,64.353,118.985,210.102
258.867,61.943,116.872,210.911
257.987,63.034,117.165,211.720
257.849,63.238,115.128,211.022
256.135,61.679,113.004,212.258
257.226,61.700,113.432,212.443
255.618,62.261,113.434,212.363
256.012,63.535,115.446,211.680
250.652,62.321,116.986,211.013
244.077,60.684,115.274,212.827
240.854,58.345,116.700,213.690
233.235,55.756,116.660,215.195
226.890,56.808,115.247,214.196
231.923,56.766,113.354,214.609
228.679,58.358,119.023,211.781
220.760,57.061,119.749,212.435
215.730,56.886,124.498,212.102
217.184,57.442,125.908,211.246
218.085,55.586,124.231,212.118
216.377,56.655,122.733,212.362
213.236,56.853,124.959,211.532
211.325,58.426,131.147,210.731
199.991,56.728,135.336,211.278
189.027,57.686,139.134,210.937
188.730,57.636,141.123,212.066
186.462,57.021,143.164,212.751
189.715,57.267,145.173,213.874
193.274,54.746,141.617,215.499
196.832,56.084,140.450,215.417
195.493,55.147,138.379,215.105
195.877,56.271,138.908,215.104
191.344,56.783,138.580,214.663
187.399,58.585,140.209,213.865
188.287,56.465,140.530,214.520
188.098,55.731,138.918,215.328
189.585,56.118,137.056,216.465
192.873,55.392,134.421,217.360
193.463,55.570,133.706,217.237
196.323,56.621,133.378,215.888
197.232,56.877,132.749,215.089
197.524,56.056,132.267,215.234
199.522,55.326,131.937,215.662
204.278,55.738,129.853,216.027
205.315,54.207,129.770,216.874
204.491,53.632,133.141,216.760
205.794,53.858,140.405,215.921
218.285,56.054,150.546,213.736
230.598,60.108,162.606,210.040
223.445,57.402,175.976,207.715
232.216,67.441,187.597,203.051
235.525,69.608,198.314,199.240
238.772,71.078,207.073,198.058
236.755,74.954,217.330,195.742
234.968,78.529,222.457,191.437
242.720,84.902,225.738,187.127
242.210,93.652,226.708,181.015
250.969,100.201,224.242,174.440
277.282,95.232,208.386,177.415
294.128,91.420,190.243,180.423
307.244,90.630,175.801,182.004
312.437,93.377,168.394,180.398
317.122,93.443,162.678,179.363
325.539,92.574,155.664,179.708
327.733,91.807,153.295,178.530
328.120,91.298,152.368,177.401
330.818,93.980,150.384,175.882
329.749,93.218,150.103,175.152
332.147,92.233,148.026,174.188
333.945,92.687,146.342,174.473
330.718,92.410,146.949,174.010
336.265,93.224,143.807,174.299
334.368,91.256,144.983,174.373
337.405,91.042,143.371,175.876
336.549,87.699,143.398,178.545
335.039,83.282,145.267,178.778
333.681,80.234,146.541,178.086
327.349,77.149,150.485,178.903
327.326,75.428,150.580,183.730
323.111,74.257,154.728,184.071
319.555,74.517,158.143,185.570
320.299,75.549,157.917,187.566
317.897,76.083,159.525,188.858
317.544,75.204,158.995,190.808
319.718,74.519,157.013,191.603
321.099,73.438,155.987,192.951
321.659,70.523,155.217,194.137
321.042,68.681,155.437,195.236
319.097,70.095,157.266,196.929
316.531,70.623,157.913,196.060
318.787,69.726,156.310,197.559
318.033,67.330,157.424,198.166
318.935,68.133,156.985,198.981
317.392,64.591,158.617,197.331
316.811,64.620,158.772,197.796
316.641,63.128,157.896,201.813
315.503,60.830,156.601,205.416
313.446,58.091,152.003,209.144
314.343,54.757,147.851,211.643
314.028,51.914,145.848,210.599
318.352,49.595,149.746,204.860
315.934,51.543,152.409,203.714
316.041,54.542,154.241,204.175
315.299,51.370,155.150,208.453
318.208,49.151,156.251,213.896
319.082,43.680,155.916,217.864
318.175,36.096,156.406,220.305
317.373,39.072,157.585,221.231
317.070,36.971,159.435,220.987
317.596,40.317,159.470,222.686
316.829,34.381,159.788,223.873
318.117,38.209,157.616,225.075
318.844,30.995,158.210,229.656
319.109,35.050,159.325,226.996
316.155,31.441,158.848,230.495
317.754,34.289,160.147,229.067
318.166,28.642,159.935,234.575
315.208,32.707,159.946,236.174
316.743,24.339,159.514,242.278
313.307,29.501,161.398,241.444
315.102,22.984,162.096,246.793
311.285,27.748,163.988,243.831
312.366,23.301,163.855,247.871
308.898,22.390,164.794,248.742
307.899,27.423,166.500,245.428
309.360,25.798,166.319,246.946
309.254,22.064,166.849,250.363
306.401,19.601,167.304,252.484
306.882,20.498,167.183,252.688
309.287,15.961,166.266,256.862
303.595,11.174,168.453,257.886
306.402,6.181,168.670,252.937
303.523,4.481,171.994,246.143
310.349,0.000,169.256,242.293
318.422,0.000,162.233,245.148
326.230,0.000,156.894,238.127
330.051,0.000,152.994,229.192
335.587,0.000,147.028,224.558
335.565,0.000,145.973,211.672
339.482,0.000,143.122,200.499
337.742,0.000,142.699,191.983
338.489,0.000,141.640,188.547
337.817,0.000,141.721,188.192
333.983,0.786,143.786,186.103
333.611,0.000,145.328,182.623
334.552,1.120,145.800,187.357
329.326,9.690,147.148,198.808
323.557,10.779,148.990,208.840
326.257,14.630,146.510,227.530
310.878,13.416,147.182,234.053
313.747,23.351,156.359,236.962
312.331,12.230,160.796,243.740
298.012,17.040,169.273,244.464
295.891,18.276,173.649,247.476
293.561,8.735,175.677,257.190
290.524,2.879,177.116,261.735
288.960,3.709,178.913,263.773
284.554,1.061,181.948,265.626
277.597,0.920,186.684,265.237
274.582,0.000,191.213,262.371
268.612,0.117,194.845,263.339
266.448,0.559,199.660,260.595
269.742,1.291,198.427,263.795
265.041,4.102,200.816,265.679
255.693,2.465,207.983,264.152
268.537,2.039,204.919,266.396
247.695,4.676,207.740,264.166
252.938,3.095,205.881,264.879
245.309,0.568,209.310,259.751
243.615,1.801,210.937,260.865
252.855,1.835,211.196,261.441
262.160,5.371,208.353,263.978
250.443,6.304,207.316,262.795
260.422,2.298,205.495,266.945
248.534,3.136,204.861,264.484
237.049,7.945,211.076,262.909
239.255,6.564,215.963,262.253
225.836,7.605,219.468,260.171
250.196,2.214,215.781,262.295
259.660,4.820,211.644,266.064
244.103,5.249,209.374,263.316
249.860,9.287,211.982,259.478
257.094,6.244,210.066,260.990
257.667,6.629,210.275,256.731
263.890,13.216,209.073,256.245
258.218,16.249,209.995,252.361
259.705,14.807,211.988,252.141
253.580,21.969,214.509,247.776
259.369,5.783,210.463,252.575
256.501,0.000,203.978,253.622
234.894,17.021,218.556,245.264
237.139,2.737,211.081,249.353
245.556,7.957,211.642,254.541
239.581,6.810,211.590,255.272
255.054,0.000,203.594,256.498
245.336,0.212,206.770,253.492
241.875,0.441,210.135,250.921
246.698,0.413,201.489,255.443
258.004,0.000,198.247,254.143
251.039,11.067,207.237,250.749
250.504,8.651,203.531,255.910
259.878,0.000,201.707,254.062
264.928,11.169,203.931,255.051
259.106,19.317,207.942,250.872
265.650,20.879,206.649,248.651
267.108,15.019,203.197,250.984
264.018,16.824,203.139,248.461
263.645,27.644,207.069,242.160
272.816,31.070,203.783,239.959
266.647,28.881,205.854,236.404
275.865,17.895,199.502,248.254
273.482,10.799,199.745,253.125
256.377,14.489,210.279,238.034
264.979,13.107,210.402,235.572
258.371,13.393,215.845,227.193
272.478,17.389,205.324,240.314
267.916,17.726,204.110,240.292
263.757,20.521,208.776,236.160
267.668,29.125,209.648,235.803
253.761,25.088,217.955,228.230
256.426,15.860,218.384,234.213
261.084,8.516,216.170,234.336
269.988,8.056,207.455,246.798
264.850,3.438,209.044,241.908
270.926,18.278,203.223,247.515
275.745,13.572,198.816,254.500
275.976,10.292,194.827,258.417
277.006,2.221,192.453,260.438
278.421,0.000,190.480,256.030
284.476,0.000,186.540,258.228
286.450,0.546,184.713,259.233
285.234,0.000,184.824,259.917
281.377,2.212,188.403,259.639
275.960,0.931,192.640,258.456
273.213,0.393,195.061,256.728
269.675,1.251,196.661,259.466
266.753,2.395,201.847,257.411
262.090,3.042,208.259,253.270
265.839,4.889,207.339,258.754
256.087,5.331,209.786,260.046
262.343,6.236,211.050,261.024
242.258,6.418,212.621,260.782
253.385,6.069,213.788,262.516
255.670,12.057,216.902,258.214
259.921,7.961,212.021,262.558
263.449,9.707,208.567,261.636
260.215,8.895,209.283,260.877
261.883,9.669,209.634,259.852
264.298,7.649,205.742,261.410
249.065,9.208,214.477,255.069
264.875,2.531,208.188,258.946
255.016,4.569,209.316,259.849
260.281,7.380,209.532,257.456
258.762,5.250,209.235,258.467
273.286,4.952,199.962,263.619
257.893,5.646,201.515,262.502
271.974,6.450,200.471,263.225
250.781,9.410,207.368,255.307
268.504,4.454,204.834,258.785
269.305,9.855,201.122,261.209
260.265,9.273,205.880,256.306
273.956,8.140,202.248,260.405
261.785,6.058,201.866,261.076
273.215,5.667,200.658,261.458
261.000,3.857,197.915,260.275
278.088,9.796,195.509,261.329
253.167,12.515,207.035,251.473
260.895,13.528,211.095,251.472
257.369,9.956,210.750,253.987
272.574,8.151,203.694,261.094
252.676,8.896,207.115,255.937
266.891,7.781,204.328,259.223
269.397,3.655,200.966,262.540
269.836,6.482,200.138,262.577
269.617,6.343,201.851,262.130
260.931,8.309,208.112,257.335
268.165,10.915,206.743,257.522
242.572,15.815,213.814,246.659
263.290,11.564,213.784,248.442
272.295,5.068,204.739,256.997
265.174,6.422,205.511,257.294
284.439,7.727,195.788,263.727
267.317,6.884,195.047,261.705
267.599,14.876,198.820,256.944
262.289,15.526,197.992,255.296
241.349,28.116,217.256,239.640
233.240,19.803,221.346,238.994
211.454,21.119,234.658,225.256
235.589,6.589,218.621,237.387
255.414,8.187,203.270,249.638
253.424,1.582,192.602,256.673
253.145,0.000,196.057,242.745
251.493,0.000,193.834,241.312
251.830,0.000,201.342,232.766
250.076,2.882,195.214,239.345
250.509,0.000,203.573,226.345
262.090,4.289,191.231,239.300
256.770,0.000,192.913,233.799
249.135,0.000,198.581,224.007
255.370,2.489,189.150,233.299
251.311,0.000,198.889,221.110
251.638,0.000,200.886,216.026
251.069,0.000,197.540,217.937
250.160,0.066,195.306,218.862
240.895,0.000,201.674,210.761
245.108,7.271,187.200,227.783
246.517,0.000,202.140,208.922
246.881,0.297,202.318,206.928
243.986,0.000,207.083,195.456
240.378,0.000,202.630,194.302
247.128,0.000,202.360,183.504
240.824,6.056,185.328,191.841
243.136,14.533,184.985,194.045
226.925,34.129,183.450,203.993
241.746,59.058,183.164,205.644
215.744,64.661,185.949,204.067
212.708,63.225,178.565,205.613
223.664,66.098,177.579,202.925
228.685,70.223,178.021,198.437
237.348,70.576,175.473,195.152
245.887,74.693,171.274,192.767
253.460,76.329,164.346,190.925
252.030,81.452,163.105,186.731
259.481,79.704,157.159,186.384
258.287,74.587,155.796,180.885
261.725,78.494,152.920,178.266
261.264,68.724,151.313,178.471
263.523,64.348,148.025,185.190
267.139,59.559,145.339,188.631
266.709,57.677,143.152,193.051
262.130,54.283,140.005,199.064
256.333,48.185,137.269,201.199
257.743,42.909,134.474,204.135
261.715,38.231,127.952,211.586
257.928,35.018,122.088,211.173
259.836,34.303,117.715,215.000
260.648,33.393,115.670,214.150
264.899,37.215,112.620,212.544
265.522,36.876,112.303,213.377
267.798,35.866,110.097,214.143
268.731,37.941,108.168,213.540
268.457,38.218,106.478,213.821
268.379,39.149,105.766,212.198
271.262,41.910,104.233,210.560
