207.000,66.000,62.000,95.000
207.650,68.439,61.968,94.813
207.183,66.287,62.153,95.953
207.875,64.119,61.453,97.426
207.121,65.502,62.227,96.664
207.924,67.027,62.174,95.312
208.382,68.054,61.760,94.647
209.325,68.034,61.180,94.441
208.901,69.044,60.801,93.933
209.717,66.057,59.428,95.499
208.535,71.025,60.558,92.006
208.449,69.732,59.698,92.684
207.777,71.032,59.793,91.585
207.853,74.213,61.159,89.527
210.066,74.546,60.347,88.633
209.545,76.686,60.269,87.082
209.173,76.272,60.905,87.085
209.415,77.169,61.398,86.336
208.711,75.349,61.953,86.522
207.930,78.378,62.680,84.692
209.364,76.978,61.771,84.521
210.373,77.287,61.403,85.173
209.630,78.450,62.129,84.185
208.795,78.654,63.265,83.013
208.460,79.906,64.224,82.320
208.902,79.447,63.806,82.246
207.475,78.959,64.522,81.946
207.358,80.360,64.762,81.973
207.676,81.085,64.608,81.166
207.688,81.881,65.356,80.405
206.846,80.690,66.070,79.912
206.837,81.521,66.480,79.395
205.991,85.304,67.864,76.739
205.055,90.607,69.504,72.645
203.891,87.856,69.380,73.614
203.809,88.666,69.442,73.034
204.638,91.626,69.544,70.782
203.729,92.015,70.077,69.833
203.922,91.446,69.980,70.388
205.021,91.985,70.322,69.914
203.832,93.186,71.435,69.870
203.118,93.204,72.592,68.861
204.860,91.933,71.111,69.914
204.281,92.082,71.130,70.349
203.330,91.668,70.783,70.521
203.733,93.519,70.297,69.563
202.486,93.198,70.384,69.454
203.346,91.807,69.978,70.074
204.146,93.185,70.027,69.216
202.283,93.464,70.828,68.997
203.065,93.866,71.254,68.337
203.116,92.772,71.780,68.400
203.116,94.019,71.534,68.204
202.969,88.273,70.261,72.145
203.290,87.068,68.936,73.748
204.106,87.443,68.589,74.053
204.262,87.009,68.430,74.630
204.949,87.624,69.033,74.355
204.345,87.230,70.161,73.943
204.325,86.500,71.377,74.165
203.211,87.991,71.834,74.047
204.573,86.250,71.490,74.250
204.038,90.114,72.259,72.715
204.219,91.236,71.915,71.464
203.647,90.163,71.421,71.960
202.578,89.586,72.500,71.826
204.270,90.244,73.573,71.674
202.427,91.643,74.268,70.016
203.865,89.641,74.403,71.198
202.792,89.340,74.150,71.669
202.932,93.293,75.255,69.626
202.542,93.600,74.544,69.033
203.987,91.934,73.756,69.653
204.094,92.542,72.946,70.041
202.175,90.723,71.555,70.688
203.931,94.632,72.653,68.333
203.102,95.392,74.215,66.802
203.124,93.589,74.538,67.562
204.586,90.519,73.212,70.697
203.540,89.271,73.131,71.857
204.431,90.567,73.503,71.570
204.487,91.259,73.988,71.070
204.542,91.177,74.906,70.396
203.855,88.270,75.353,72.230
202.355,88.129,76.590,72.827
203.077,90.065,77.020,72.377
202.622,89.087,78.444,72.394
203.623,88.392,78.011,73.452
202.157,89.453,77.979,72.278
203.321,90.623,77.004,71.345
204.809,90.833,76.310,70.981
204.456,91.098,76.310,70.340
205.236,90.961,75.917,70.709
203.022,94.803,76.487,68.104
204.471,95.852,77.044,66.882
205.158,95.781,76.644,66.329
205.284,95.603,76.804,65.977
203.230,95.087,77.193,65.926
203.118,96.489,77.762,65.663
204.441,97.285,78.436,64.852
202.677,96.710,78.910,64.439
203.810,95.411,79.037,65.684
203.461,92.085,78.267,68.477
204.230,93.557,79.169,68.424
204.596,94.232,79.084,68.662
202.475,92.782,80.178,69.308
204.506,91.245,79.190,70.621
203.125,91.235,79.084,70.987
203.341,93.694,80.059,69.256
203.774,94.574,79.849,67.876
204.253,94.197,79.885,67.542
202.997,95.156,80.262,67.461
203.113,96.522,80.250,66.263
203.412,92.102,79.839,68.628
202.789,91.476,79.366,69.141
203.519,91.245,78.619,69.445
203.917,91.932,77.505,69.339
203.753,91.181,76.719,69.356
206.498,89.981,74.480,71.323
203.775,93.061,75.830,68.736
204.484,95.357,76.289,66.868
203.113,94.249,77.193,67.166
202.759,96.848,78.255,66.038
201.541,93.958,79.155,66.752
203.476,95.107,77.977,67.145
204.035,92.259,79.033,67.976
202.074,93.757,78.702,67.841
203.519,94.316,78.687,67.183
202.754,93.803,79.941,66.418
203.307,94.766,80.506,65.965
202.943,95.379,81.361,65.456
201.708,92.867,82.598,66.331
202.084,93.970,82.239,66.758
202.362,93.866,81.514,67.219
201.104,94.098,80.976,66.587
201.569,93.563,80.792,66.694
202.014,94.000,80.354,66.731
203.254,93.643,79.926,67.223
203.456,92.335,79.165,68.273
202.351,92.797,78.973,67.813
203.677,92.516,78.437,67.851
204.917,92.880,77.975,67.842
203.916,93.655,78.569,67.065
203.948,94.813,79.038,66.024
204.472,93.568,79.293,67.148
203.621,92.182,78.492,68.309
204.189,92.845,78.672,68.909
204.245,92.561,78.484,68.517
203.979,92.799,78.049,68.354
203.159,93.225,77.647,68.525
204.754,92.479,76.202,69.350
204.705,92.831,76.030,68.742
204.014,96.393,76.384,66.150
202.641,96.825,76.847,65.160
203.103,97.973,77.585,64.496
201.791,98.425,78.281,63.731
201.983,98.948,78.559,62.902
203.344,93.927,77.303,66.303
205.115,90.347,76.292,69.750
205.238,90.867,75.522,70.926
206.708,89.076,73.933,71.650
205.343,90.424,73.638,71.513
206.549,89.063,72.555,72.496
205.658,90.550,72.876,71.735
205.059,89.173,72.944,71.986
205.471,90.457,72.428,71.487
205.419,90.843,72.996,71.215
206.813,91.441,72.867,70.374
204.244,90.784,73.570,70.189
205.434,89.509,71.332,71.764
206.173,91.014,71.778,71.658
204.486,91.260,72.984,71.008
204.915,90.526,73.823,70.880
205.329,92.565,73.554,70.158
205.376,92.361,74.244,69.417
204.067,92.194,75.880,69.126
204.599,91.570,75.814,69.588
205.055,90.427,76.004,70.305
205.007,91.022,75.623,70.056
206.478,93.057,76.324,68.340
204.685,93.144,77.059,67.677
204.669,92.858,77.055,68.218
204.011,94.096,76.230,67.625
205.585,94.150,76.202,67.068
204.758,95.369,76.619,66.101
204.161,96.167,76.933,65.415
204.980,93.632,76.045,67.335
204.387,89.236,74.949,69.556
206.555,89.117,73.861,70.839
205.857,89.228,74.568,70.597
206.199,88.323,74.385,71.299
207.134,88.101,73.336,72.650
205.577,87.197,73.982,73.754
205.077,88.873,74.166,73.005
206.360,88.158,72.945,72.936
205.168,85.904,74.052,73.797
206.452,85.642,73.062,75.055
205.169,86.029,74.035,75.349
206.768,87.971,75.110,74.353
204.633,86.076,75.655,75.027
206.795,85.625,75.056,75.712
204.429,88.148,76.159,74.606
205.048,90.159,78.114,72.610
204.445,90.074,77.664,71.513
204.984,88.829,78.212,72.074
201.913,90.662,78.769,70.998
203.887,91.429,78.476,70.035
203.277,92.929,78.074,68.683
203.751,88.463,75.898,71.730
203.582,87.844,74.466,73.164
202.015,88.620,74.721,73.090
202.633,89.913,75.688,72.317
202.007,91.035,76.511,72.349
201.449,89.386,76.059,73.167
200.663,89.562,76.008,73.478
200.261,91.305,76.670,71.808
201.074,91.634,76.695,70.854
200.915,92.519,77.294,69.651
200.189,92.856,77.589,69.573
200.609,91.100,77.579,69.988
201.425,89.957,76.367,71.130
204.037,89.334,74.800,72.041
205.006,89.294,73.989,72.808
205.552,87.412,73.063,73.711
206.562,87.492,72.163,74.474
206.834,84.896,71.562,76.292
206.614,83.573,71.290,77.751
208.924,81.865,69.904,79.777
209.568,79.773,70.302,81.808
209.004,77.651,71.233,83.604
208.429,77.651,72.861,84.420
208.865,76.966,73.329,85.019
208.659,76.735,74.395,84.686
208.056,77.652,75.167,84.269
207.262,76.995,76.840,84.563
206.656,77.507,77.425,83.732
205.577,75.275,75.939,85.338
206.532,77.562,75.629,84.456
206.343,76.791,72.997,84.312
208.284,76.995,69.983,84.636
207.939,76.605,68.790,84.238
209.432,76.044,67.733,84.237
210.054,75.994,66.970,85.022
208.876,74.764,67.233,85.246
209.043,76.699,66.714,84.208
210.732,77.168,66.429,83.468
211.262,77.349,65.729,83.808
211.395,76.047,64.106,84.638
210.895,75.462,63.860,85.678
212.199,73.667,62.719,87.799
210.759,75.346,63.183,87.441
211.205,75.841,63.796,87.522
210.455,70.780,64.197,90.214
209.180,69.291,64.583,93.100
209.019,69.116,65.291,93.621
209.581,66.229,64.677,96.236
210.165,65.163,64.230,97.641
210.415,65.165,64.033,98.532
209.239,65.553,65.465,98.683
208.687,66.031,66.071,98.568
207.003,65.915,67.448,98.583
206.933,64.596,68.236,98.513
206.873,65.161,67.801,98.884
206.068,67.252,68.735,96.709
207.157,69.831,69.378,93.864
204.502,69.344,68.855,93.734
207.854,69.103,66.858,93.994
207.200,71.913,67.449,92.206
208.688,71.570,67.123,91.628
208.023,71.560,66.277,91.935
207.844,72.468,65.814,90.871
207.625,77.819,67.374,87.237
208.138,81.180,67.720,83.288
209.507,82.176,67.287,81.384
207.885,84.868,67.624,79.148
209.034,82.546,66.829,79.741
209.034,82.831,66.581,79.931
207.225,88.440,68.274,76.234
206.508,86.378,69.080,75.898
205.897,90.131,69.505,73.262
206.577,87.661,68.796,73.893
208.697,88.299,68.418,73.814
207.918,86.312,68.534,74.677
208.028,87.636,68.685,73.974
206.878,88.293,68.869,73.403
206.195,90.188,69.798,72.095
207.513,89.600,70.622,72.304
208.092,88.157,69.338,73.455
206.609,89.817,69.333,72.952
207.098,86.361,68.591,75.007
207.066,88.439,69.373,74.232
208.315,88.104,69.500,74.330
208.326,83.481,70.473,77.099
207.967,80.576,70.367,79.383
206.681,83.018,70.266,78.839
208.047,82.764,68.914,79.402
207.268,83.083,69.653,78.674
206.928,84.461,70.681,78.003
206.877,86.129,70.530,76.830
206.026,86.601,70.247,76.121
207.401,87.454,69.286,75.898
207.423,89.529,71.280,74.532
206.420,88.452,73.451,74.000
207.361,88.525,73.165,74.171
206.582,89.364,74.189,74.086
205.662,88.874,75.284,73.920
205.348,88.807,74.762,74.379
204.385,88.310,74.525,74.248
204.693,88.073,72.501,75.022
205.596,86.731,69.714,76.265
207.014,86.167,67.925,76.362
207.441,85.853,67.450,76.167
206.124,87.601,68.565,74.976
207.289,86.663,68.587,75.123
207.747,87.079,68.626,75.002
207.717,87.810,68.352,74.985
208.252,87.120,68.532,75.029
208.822,88.557,67.891,74.525
208.474,89.289,68.419,73.510
206.964,90.043,69.694,72.278
206.882,88.562,70.001,73.279
208.321,88.197,70.606,73.500
206.811,88.316,72.118,73.375
207.916,88.725,72.355,73.038
206.798,87.683,73.478,74.455
207.591,87.994,72.542,74.542
207.534,88.556,71.479,74.968
207.042,88.846,71.472,74.566
206.234,90.812,72.529,73.472
205.047,94.460,74.058,69.898
205.405,95.673,74.577,69.040
205.590,95.635,74.964,68.635
205.785,96.219,74.575,68.270
206.595,93.447,74.574,70.106
206.929,94.453,73.776,70.102
207.091,93.836,73.379,69.883
207.706,95.488,72.880,69.544
206.448,96.311,74.230,67.795
204.419,97.572,74.786,66.885
206.787,96.583,74.681,67.030
204.644,96.846,74.437,66.305
206.402,98.281,74.238,65.978
204.328,96.847,73.471,66.388
205.081,97.113,73.306,66.148
205.699,98.013,74.146,65.149
203.844,103.464,77.749,61.275
200.866,103.635,79.466,59.351
200.911,104.109,79.939,58.412
200.417,104.517,79.620,57.818
199.280,105.240,80.754,57.208
198.724,102.878,81.490,58.222
197.406,103.082,82.172,57.914
196.420,100.616,82.564,58.993
194.426,101.292,83.511,58.501
193.018,98.153,84.318,59.094
189.961,93.362,82.182,61.650
189.303,91.092,81.594,60.248
203.444,91.052,75.112,61.281
196.944,92.326,74.546,60.142
191.755,91.028,77.224,58.780
188.709,90.530,78.991,58.065
187.101,90.526,80.702,57.472
186.034,89.645,83.021,56.678
179.343,89.035,84.647,56.241
170.780,88.361,86.148,56.450
161.591,86.339,86.418,56.778
152.420,85.763,87.312,56.578
142.233,84.770,88.149,56.719
134.019,83.705,87.843,56.996
126.476,82.343,88.071,58.130
121.148,80.194,88.898,59.780
114.768,79.669,90.361,60.729
111.505,78.841,90.914,61.540
108.802,78.192,91.743,62.045
106.521,77.841,92.256,62.538
105.734,76.901,92.182,62.779
106.858,75.542,92.195,63.817
107.154,76.347,93.392,63.707
107.387,81.934,94.290,61.421
109.365,83.989,93.919,60.572
111.646,84.619,91.444,61.437
118.157,87.581,89.288,60.411
122.587,89.352,88.603,58.769
131.725,89.362,86.580,58.637
137.453,93.231,88.019,56.147
147.933,90.942,89.852,55.842
155.061,90.749,90.646,56.131
163.011,90.115,90.166,56.877
168.951,89.292,89.934,57.946
172.637,88.881,88.422,60.348
173.754,86.541,88.437,62.112
175.085,86.837,89.343,62.769
177.818,90.159,91.078,61.104
182.905,90.823,90.487,62.406
193.929,85.536,83.176,66.602
205.316,80.652,74.135,70.184
208.232,79.294,68.182,72.501
207.864,76.537,65.684,74.825
205.712,75.883,64.016,76.668
203.094,75.159,64.684,77.060
200.751,75.998,64.250,77.745
200.602,75.801,64.722,77.645
200.049,77.035,65.362,77.101
199.287,77.551,64.473,77.135
198.740,76.492,63.602,77.625
197.045,74.864,62.211,79.141
191.945,77.995,64.806,78.112
188.937,77.273,66.154,77.958
185.306,76.793,68.020,78.569
183.646,76.184,68.827,78.806
182.188,79.480,69.709,77.436
181.460,80.057,71.027,77.458
180.858,80.388,71.765,77.645
179.714,82.578,72.721,76.214
177.656,80.593,72.965,77.392
175.297,80.913,73.945,77.342
173.303,81.622,71.568,78.259
173.807,81.655,71.439,77.392
173.233,82.796,70.393,77.427
172.521,80.427,70.244,77.951
171.062,82.867,69.856,77.711
171.730,81.889,70.153,77.946
171.422,80.346,69.355,79.110
171.317,78.090,67.675,81.482
172.074,88.980,69.550,74.914
173.757,95.797,73.130,68.057
171.928,92.481,73.672,66.423
169.771,91.975,73.612,68.031
170.640,81.465,71.997,74.407
170.712,80.951,75.361,76.622
174.716,98.561,83.875,66.760
170.550,102.252,87.045,61.351
168.050,100.752,85.173,59.506
166.981,92.120,76.683,66.714
188.278,55.971,75.809,71.490
200.358,65.803,69.940,83.789
204.806,73.316,67.737,84.626
204.655,79.185,66.955,81.029
204.051,81.273,67.025,78.325
203.693,80.619,66.472,77.918
198.102,83.889,71.923,75.713
183.843,85.820,80.858,73.995
176.319,83.492,86.158,75.951
173.442,80.794,88.840,79.013
165.893,75.119,80.944,85.009
174.000,74.791,83.221,85.730
171.258,74.134,83.608,87.368
175.293,74.640,87.216,87.086
174.000,75.538,86.763,86.799
173.519,78.827,87.329,84.726
