145.000,93.000,373.000,190.000
154.628,94.064,370.930,185.851
150.303,97.398,370.492,181.547
145.491,97.483,372.860,177.544
150.757,100.348,369.280,176.024
149.320,102.591,365.110,173.356
151.425,106.394,363.162,166.904
154.180,108.539,355.790,163.576
159.177,111.647,350.907,159.774
165.494,110.130,341.059,158.115
172.247,112.258,332.654,155.739
174.315,113.661,327.001,152.294
179.073,116.006,321.845,149.747
184.856,117.002,315.571,147.428
192.261,116.244,306.946,146.174
193.615,117.337,301.451,145.468
200.187,117.885,293.085,143.446
204.949,118.515,284.946,142.618
210.930,119.695,276.781,140.128
213.024,121.433,270.724,137.832
217.386,122.650,265.062,135.933
218.022,121.121,261.279,134.575
213.976,123.061,259.306,132.995
213.878,123.165,256.516,130.495
215.879,125.659,250.790,128.810
215.943,125.366,246.508,127.377
215.343,126.914,242.636,126.148
214.680,126.318,239.275,124.717
217.443,128.241,233.925,122.682
215.935,128.882,232.010,120.216
221.500,130.922,224.793,118.544
219.758,131.663,222.516,116.473
218.177,132.299,220.769,114.410
218.522,131.756,218.256,113.701
223.847,131.419,212.401,113.664
221.898,131.677,211.465,113.602
221.330,132.309,209.189,112.643
223.444,131.113,205.626,111.604
222.648,134.348,204.620,109.486
225.826,131.962,200.291,109.652
221.680,134.313,201.181,107.438
220.793,133.970,199.639,106.214
218.018,135.349,197.312,104.543
218.499,134.820,194.013,103.363
218.560,135.834,191.138,102.234
215.984,136.945,191.407,101.283
216.732,137.054,189.835,100.056
214.381,136.915,189.876,100.700
212.985,139.299,191.002,98.611
212.789,140.006,188.033,97.632
212.528,140.894,186.941,96.839
212.190,142.292,185.900,95.240
212.106,141.417,183.575,94.923
212.967,141.904,181.597,94.415
209.100,142.174,181.775,93.750
206.434,142.567,181.695,92.494
207.303,142.535,180.361,92.542
205.522,142.583,179.957,91.842
204.797,143.580,180.062,90.830
204.484,144.206,179.822,90.881
202.654,144.450,178.382,90.263
205.036,143.076,174.984,90.615
204.967,144.379,173.678,89.870
207.301,143.177,171.350,90.141
205.147,144.076,171.952,89.043
203.542,144.183,171.690,88.190
204.029,146.282,170.408,86.560
203.811,145.073,170.787,86.068
204.583,146.289,169.023,85.225
203.539,147.575,168.583,83.670
206.778,146.983,166.626,83.787
206.060,146.518,164.421,83.641
207.673,147.027,163.651,83.354
207.281,146.930,162.676,82.900
208.088,148.308,160.244,82.530
207.184,147.315,159.781,82.314
206.531,148.561,158.746,81.655
205.642,149.113,158.003,81.463
203.843,149.545,157.366,80.774
203.398,149.441,156.270,81.239
201.051,148.804,156.156,81.135
200.735,148.960,154.762,80.993
200.995,149.395,153.179,80.662
200.830,149.865,152.158,80.138
201.287,150.207,150.910,79.899
199.227,149.815,151.090,79.180
197.089,151.199,151.529,78.699
196.533,150.989,151.614,78.639
194.641,151.209,151.892,78.011
193.280,151.455,151.741,77.277
192.959,151.933,151.564,76.631
191.862,152.214,151.514,76.453
192.778,153.301,150.065,76.794
191.036,153.139,151.367,76.337
192.335,153.946,150.221,76.133
190.566,153.191,150.454,76.217
191.941,153.981,149.092,76.427
192.350,153.999,147.792,75.874
192.828,153.826,146.924,75.778
192.133,153.241,146.539,75.750
191.880,153.871,145.888,75.672
190.246,153.687,146.012,75.297
190.042,154.353,145.856,75.109
190.093,154.467,145.085,74.551
189.291,153.837,144.094,74.419
189.836,154.372,143.242,73.893
188.745,154.455,142.718,73.775
187.599,155.291,143.145,73.091
184.538,155.345,144.275,72.692
183.209,155.113,145.139,72.420
181.382,155.689,145.657,72.162
183.632,153.951,144.043,72.874
179.089,154.589,145.678,72.029
178.550,153.159,144.997,72.441
179.531,153.135,143.121,72.825
178.627,154.090,142.219,72.140
176.638,154.627,142.437,71.227
177.347,154.331,141.305,71.281
175.583,153.867,141.726,71.121
175.082,154.364,142.376,71.032
172.865,153.832,143.188,71.113
172.476,153.193,143.374,71.064
170.804,153.129,143.349,71.129
168.598,153.463,144.492,70.623
166.613,153.608,144.813,69.912
168.407,152.009,143.429,70.168
166.864,152.752,143.191,70.014
168.011,152.119,141.872,70.004
165.847,152.355,142.602,69.612
165.323,151.708,144.229,69.034
164.274,152.265,145.109,69.218
163.956,152.422,145.878,68.931
164.066,152.277,145.791,68.987
162.941,151.732,145.621,68.576
160.285,151.997,145.438,68.031
160.506,151.155,144.078,67.643
160.884,152.112,141.421,68.098
162.285,150.980,139.649,67.969
162.039,151.373,137.636,68.283
161.961,151.914,136.846,67.712
160.659,152.381,137.668,66.952
160.553,152.758,137.818,66.942
158.104,153.216,139.306,66.694
153.151,152.854,141.874,65.866
154.023,153.889,141.314,66.562
150.615,154.242,142.491,65.646
151.692,154.318,141.416,66.081
149.256,153.669,141.945,65.876
150.952,154.152,141.023,66.177
151.593,154.350,140.245,65.688
148.568,154.418,140.606,65.572
147.584,154.268,140.759,65.308
147.280,154.352,141.304,65.471
146.385,153.611,141.571,65.844
144.801,153.535,142.378,65.312
145.087,153.740,141.864,65.630
143.795,154.453,141.546,65.432
143.884,153.613,140.768,65.522
146.339,154.835,138.980,65.835
145.919,154.185,138.391,65.027
145.357,154.808,137.467,65.740
143.395,155.342,138.181,65.289
144.685,155.699,137.753,65.353
142.140,155.860,138.354,65.170
142.214,155.711,138.180,65.140
140.360,155.775,138.631,64.481
140.709,156.362,137.688,64.953
139.662,156.212,138.573,64.750
139.083,155.780,138.702,64.457
138.651,155.849,138.649,64.724
136.987,155.391,139.815,64.901
136.211,155.730,140.864,65.127
133.026,156.466,142.209,64.992
129.261,156.068,144.601,63.966
129.586,156.243,143.940,64.597
127.737,155.385,144.900,64.736
126.172,156.788,147.003,64.465
125.052,156.522,148.564,64.160
121.093,157.025,152.051,63.447
122.346,157.223,153.915,63.382
124.358,157.544,153.772,63.347
129.628,157.186,151.276,63.171
133.473,157.780,149.671,63.722
139.069,157.301,147.117,64.032
138.788,157.068,148.579,64.317
138.700,157.427,150.104,64.183
139.201,158.356,152.916,63.618
141.112,158.017,152.930,63.890
145.457,158.040,153.382,64.156
145.765,156.610,155.097,63.950
146.735,157.157,156.800,63.849
147.756,155.940,159.253,63.989
148.753,156.590,162.719,64.271
156.003,154.202,162.877,64.815
153.905,155.006,166.111,64.020
161.617,154.571,165.006,64.284
167.239,153.838,164.439,64.220
172.372,154.636,165.352,63.623
181.465,153.877,163.359,63.714
187.272,152.815,163.005,63.109
192.667,154.344,162.503,62.658
203.198,152.560,160.320,62.858
211.235,153.102,160.029,63.137
217.076,151.941,159.595,63.291
222.448,151.873,158.595,63.359
229.229,151.864,157.966,63.399
234.596,152.641,157.691,63.445
240.884,151.338,157.422,63.963
248.439,151.638,156.623,63.969
255.860,151.363,155.452,64.054
264.600,152.837,153.151,64.452
267.080,151.314,154.861,63.769
280.730,153.554,153.168,63.680
289.844,153.516,153.554,63.133
298.764,153.103,152.978,63.484
306.824,152.907,152.399,64.053
313.524,153.243,153.253,64.063
319.045,153.911,154.190,63.404
325.086,153.741,153.476,62.807
328.819,154.419,153.449,62.384
334.776,154.790,152.489,62.137
337.584,153.354,153.526,62.145
341.128,154.507,153.749,62.467
345.021,153.663,153.686,62.206
350.787,154.115,153.669,61.666
356.029,153.574,153.098,61.723
361.695,153.373,152.919,61.789
369.495,151.979,151.875,61.730
378.858,150.839,150.391,61.567
383.592,150.128,151.503,61.787
391.144,149.839,150.777,62.175
395.832,148.252,151.155,63.018
403.251,147.295,149.914,62.985
407.345,146.685,149.935,62.826
412.681,145.536,149.558,62.963
419.994,144.795,147.470,62.370
425.310,144.788,146.570,62.312
429.672,144.320,146.683,62.306
436.301,144.793,145.801,62.510
440.098,143.966,145.973,62.123
446.759,144.121,145.109,62.729
452.104,144.989,144.403,62.477
456.569,144.782,143.994,63.074
459.919,144.316,143.683,63.406
465.422,144.188,143.351,63.410
468.672,144.638,143.194,63.021
472.171,144.994,143.295,62.761
476.148,145.245,143.344,62.740
479.229,145.811,142.381,62.712
479.452,145.576,142.595,62.700
