212.000,122.000,186.000,98.000
212.492,124.635,184.840,100.394
211.673,124.978,183.465,101.772
209.570,124.741,183.222,102.807
208.046,125.693,182.799,104.606
207.453,125.796,181.411,104.264
206.154,126.621,178.845,103.027
205.625,126.391,176.920,102.608
204.091,125.611,176.495,102.513
203.009,125.580,175.951,103.173
201.327,124.860,177.250,103.266
199.571,126.255,178.316,103.037
198.129,126.898,180.632,102.164
194.206,126.703,183.320,101.073
188.759,125.973,188.491,101.152
186.751,125.928,191.199,99.687
184.719,127.588,192.899,99.182
182.301,127.620,196.356,98.353
179.481,127.475,198.545,98.686
174.146,127.828,202.255,98.637
171.937,128.155,202.746,97.616
169.867,129.626,202.352,97.183
168.453,129.041,202.611,97.845
166.901,129.354,203.779,99.662
165.002,129.488,202.136,99.613
163.546,131.192,199.230,98.974
161.272,130.696,193.462,99.997
163.090,131.549,187.785,101.017
160.170,130.805,181.078,102.252
165.715,130.369,175.320,102.477
167.481,129.448,171.989,103.780
168.834,129.514,168.900,104.204
169.741,129.058,166.845,104.519
171.961,130.026,166.333,106.462
174.566,128.850,165.962,106.988
179.997,127.466,166.670,107.225
187.676,128.723,165.709,107.227
194.871,128.524,165.458,104.853
202.725,127.349,166.645,103.407
210.216,126.927,166.992,101.419
214.331,126.994,169.705,100.862
218.080,127.925,172.254,102.040
221.434,128.092,176.028,102.317
223.682,128.433,177.224,102.922
224.095,128.677,180.283,104.646
225.746,128.622,182.104,108.301
229.849,126.385,181.306,107.241
228.852,126.692,182.422,107.054
232.528,124.759,182.023,107.282
235.619,124.375,179.379,107.223
238.139,121.820,177.519,104.403
237.915,121.878,174.723,102.302
236.916,120.066,172.881,102.076
239.215,117.885,171.047,104.664
239.853,114.924,168.564,104.609
239.785,115.098,166.502,102.158
237.722,112.490,166.098,103.011
237.696,112.774,163.013,103.541
238.580,110.992,162.508,105.468
238.467,110.729,162.813,106.805
238.877,111.143,160.438,107.911
239.296,109.818,160.457,110.047
239.592,110.096,159.271,110.130
239.124,114.211,159.167,110.221
238.651,119.949,158.865,113.135
237.694,125.279,159.512,111.956
238.881,136.915,159.821,113.396
239.755,148.674,160.997,114.588
245.637,162.383,160.799,114.899
250.723,173.716,162.227,114.112
259.409,183.722,161.707,114.796
269.019,193.203,161.991,115.085
275.133,200.642,162.049,116.780
285.395,208.490,160.172,115.474
292.565,213.987,161.112,113.976
297.122,219.697,162.867,111.922
301.491,225.750,165.213,111.663
304.116,231.675,166.952,112.355
306.746,239.340,167.584,113.745
307.984,243.893,168.319,112.790
310.728,246.752,167.723,111.246
315.108,248.386,165.379,108.757
319.214,247.471,161.697,109.186
322.647,245.510,158.535,111.454
327.789,242.615,154.678,112.298
331.585,239.693,149.382,113.109
337.991,236.105,143.455,114.253
342.991,236.563,137.832,115.232
348.948,232.419,132.793,118.864
353.697,231.394,128.409,120.899
357.217,230.938,124.563,122.032
362.170,231.311,120.613,122.390
364.973,229.126,117.183,121.361
367.400,223.330,114.270,120.597
370.228,217.465,111.752,118.976
371.926,207.136,109.228,119.702
373.659,200.682,107.103,118.961
375.030,198.060,105.667,118.663
375.408,197.361,105.348,118.177
375.278,198.079,104.884,117.523
371.992,195.507,107.398,118.170
366.636,193.517,111.268,118.960
360.053,192.275,117.422,122.505
354.261,189.529,123.308,120.714
350.564,192.624,127.638,119.930
347.619,190.760,130.741,118.266
345.884,192.824,132.387,115.527
340.824,191.254,137.006,113.579
337.943,192.119,141.616,113.055
336.013,194.640,142.414,113.386
336.020,194.226,144.319,113.358
333.380,195.292,145.898,111.541
332.407,193.278,147.377,111.702
330.155,195.136,148.796,112.416
328.717,195.112,149.319,113.321
327.592,195.352,151.751,114.164
325.987,194.722,153.748,114.360
324.953,195.016,153.775,115.445
325.943,195.836,153.072,116.335
324.916,196.907,151.473,118.115
326.748,198.492,148.081,117.661
326.157,196.744,143.825,117.602
327.797,197.269,141.340,118.093
327.719,196.137,136.541,119.419
328.101,196.413,136.586,116.829
327.026,195.323,135.371,116.498
326.347,193.234,134.680,115.760
325.360,194.158,134.178,115.745
326.140,192.185,135.408,116.063
324.392,192.426,133.682,116.437
324.379,192.453,132.734,115.091
323.730,193.777,133.861,112.102
323.013,192.162,133.500,111.978
322.193,191.797,133.796,110.665
320.441,191.602,136.319,110.194
318.961,190.345,137.247,111.349
319.115,187.817,137.342,111.579
317.497,184.885,139.601,110.836
315.803,179.467,141.870,110.282
314.811,173.860,144.805,111.507
313.525,168.574,146.599,111.798
314.249,159.594,149.620,113.779
312.119,153.539,148.536,113.567
312.438,148.217,148.362,114.066
313.139,143.656,148.340,113.189
311.548,139.408,147.969,112.528
311.154,137.897,147.398,111.179
310.268,135.302,146.803,111.133
308.358,134.020,147.457,110.053
306.009,132.411,148.088,109.287
303.585,131.499,148.228,110.278
301.324,130.445,147.784,110.748
298.396,130.457,147.990,111.126
296.896,130.408,148.205,109.321
295.253,128.381,148.119,110.046
293.779,128.187,147.319,109.427
292.808,126.105,145.562,108.206
291.793,122.994,145.679,107.463
290.509,120.350,145.923,107.080
288.529,117.828,145.778,108.835
286.428,115.718,146.506,108.625
284.801,114.707,146.203,112.454
284.151,111.655,146.639,112.834
281.956,107.709,147.198,113.735
280.661,104.762,147.306,113.563
279.535,100.454,146.073,112.598
277.408,97.348,145.306,113.141
275.483,96.532,145.987,114.176
276.354,93.691,145.815,112.218
275.336,92.202,144.837,112.737
275.337,92.271,144.613,112.289
273.884,90.873,144.933,109.337
271.820,91.466,148.597,105.863
269.280,93.495,148.802,101.843
268.918,97.912,148.763,104.008
266.826,102.625,150.837,105.804
267.504,104.637,151.266,107.045
266.043,108.272,152.961,110.133
262.763,108.485,153.148,109.482
263.542,108.845,154.786,107.912
262.950,110.450,157.260,105.034
263.048,112.433,159.438,103.749
263.300,112.893,160.828,102.527
263.855,113.781,161.202,100.311
264.301,115.152,160.511,99.318
263.864,113.531,162.855,96.851
264.056,113.816,163.069,97.352
263.405,113.858,164.334,96.352
263.841,115.505,163.886,100.909
264.980,115.704,164.016,99.441
265.889,116.828,163.239,100.465
267.953,117.172,161.608,102.436
268.913,117.397,160.263,103.704
269.342,117.154,159.877,104.776
269.407,116.872,159.276,105.635
269.438,119.755,161.710,104.285
269.263,119.927,161.685,104.287
269.380,118.723,161.653,105.503
269.013,119.080,161.421,105.790
270.023,119.802,160.514,105.683
269.754,120.581,159.889,104.024
268.217,120.059,158.917,103.907
268.137,120.634,158.789,105.142
267.017,121.501,156.710,103.812
268.810,122.911,156.365,101.524
268.298,124.000,156.114,102.658
266.888,125.377,156.327,100.703
267.950,126.388,155.992,102.317
266.316,127.409,153.446,102.900
264.540,127.621,153.045,103.269
264.233,126.371,151.919,104.849
264.030,125.198,150.544,105.325
261.959,126.520,149.552,105.179
261.375,124.495,149.918,105.618
258.337,125.208,150.633,106.408
255.756,124.803,152.564,106.311
252.978,123.057,153.573,104.658
254.338,123.175,154.548,105.134
250.105,121.618,156.864,107.235
249.226,121.084,157.975,108.155
245.905,120.232,159.065,107.752
244.771,120.028,158.303,106.915
241.441,118.865,158.267,107.694
239.661,119.443,158.225,107.994
240.088,119.996,161.175,107.888
237.489,119.425,160.990,105.482
237.529,119.095,161.090,106.702
236.454,118.792,160.625,107.870
237.517,118.262,159.867,109.750
237.599,118.502,160.243,111.701
239.218,117.409,159.468,113.513
242.659,116.966,159.622,112.626
246.865,118.545,159.009,112.183
246.806,118.051,158.651,112.192
249.114,118.705,154.293,112.109
251.262,118.365,151.247,113.778
252.291,117.533,149.230,112.903
251.983,115.783,143.060,111.906
251.360,115.706,138.651,112.540
249.231,114.577,132.613,114.679
247.548,112.350,125.148,115.101
248.230,112.713,116.273,118.227
249.557,110.290,108.805,119.579
251.265,108.401,103.191,121.972
252.739,108.160,98.587,124.992
252.551,109.436,96.037,127.286
253.481,109.916,94.510,129.169
254.724,110.758,93.278,129.225
255.611,111.965,92.156,130.342
255.446,111.527,91.109,130.480
257.269,113.012,89.227,131.015
259.128,114.360,88.103,130.598
259.310,116.324,87.124,133.730
260.475,117.068,85.985,137.303
261.943,115.009,84.765,137.190
262.066,115.896,82.787,136.916
262.453,115.576,82.183,136.820
263.253,115.824,80.775,139.575
264.459,114.666,79.577,138.514
264.578,114.973,78.430,135.864
264.723,115.808,77.360,131.106
264.757,117.302,76.085,128.517
263.911,115.902,75.325,126.656
264.194,117.511,74.784,125.915
262.980,118.134,74.175,126.611
261.093,118.853,74.467,126.943
261.875,120.050,74.430,127.030
259.995,119.016,75.507,127.064
257.334,119.573,76.400,127.639
256.689,120.420,76.050,127.854
256.999,121.088,75.028,128.228
255.590,121.413,74.677,128.856
253.354,120.971,74.512,129.658
249.829,121.706,75.153,130.651
245.647,120.692,75.239,130.282
241.203,121.854,75.817,129.100
235.486,122.807,76.940,129.789
231.656,122.096,77.400,125.696
226.860,124.585,76.258,123.897
223.926,123.729,74.875,121.588
219.549,125.778,73.000,120.159
216.000,125.184,72.290,119.494
211.968,126.823,70.971,120.085
208.629,125.332,70.607,120.637
205.133,124.863,69.619,119.599
202.368,125.096,68.797,122.470
200.375,123.889,69.043,122.594
198.107,125.048,68.697,123.661
196.277,125.112,68.808,121.977
194.514,125.487,68.365,120.659
194.437,126.238,66.691,121.416
194.637,124.807,65.357,121.388
194.080,124.390,63.960,123.141
193.877,125.054,62.455,124.792
195.068,124.096,61.270,124.237
194.151,123.243,61.218,122.803
193.769,123.464,62.386,121.400
191.568,123.244,64.539,119.382
188.311,124.036,66.989,117.122
186.447,124.077,69.757,115.913
184.432,123.913,71.849,112.954
182.269,125.459,74.310,111.426
182.071,126.534,75.724,110.669
180.832,126.630,77.547,110.598
180.882,126.890,79.704,109.750
182.702,126.683,80.932,109.653
185.465,126.474,81.852,108.466
189.958,126.151,83.001,108.593
191.736,126.759,83.273,108.285
195.810,127.346,84.110,107.055
199.918,127.455,84.884,107.457
205.099,127.350,85.159,107.907
209.660,128.307,86.604,107.562
216.778,128.067,87.692,106.579
221.659,128.898,88.546,104.973
226.948,128.564,89.231,105.063
229.692,128.614,90.989,105.309
230.889,129.543,93.664,104.880
232.056,130.594,96.749,104.604
230.146,131.002,101.512,103.443
230.793,131.839,104.856,103.207
229.404,131.708,107.598,102.240
230.900,131.626,109.809,100.159
229.669,131.831,112.365,98.355
230.470,132.171,113.548,97.142
231.579,131.706,114.351,97.302
231.800,132.372,113.919,97.900
231.949,131.824,112.081,98.102
232.410,131.500,109.969,98.835
232.216,130.120,108.077,99.031
230.075,129.914,105.979,99.789
228.267,129.564,105.958,100.136
226.261,130.357,106.144,101.549
225.009,129.573,106.558,101.735
222.014,130.189,108.081,101.686
219.461,129.945,111.102,100.674
217.125,130.492,113.747,99.726
215.363,130.575,116.053,98.900
213.157,130.599,118.026,98.342
210.313,130.778,120.214,97.856
208.763,129.690,122.292,98.170
206.972,128.970,124.313,97.965
204.204,128.499,126.464,98.037
202.489,126.677,129.340,98.151
201.556,125.755,130.505,98.493
200.650,124.358,131.559,98.798
200.463,123.085,133.615,98.029
199.839,121.568,135.346,97.463
200.349,122.254,136.170,97.225
200.611,121.414,136.196,97.707
202.284,120.237,136.726,96.749
204.721,120.578,136.490,96.295
208.205,120.887,137.290,95.564
211.279,121.046,138.311,95.421
214.936,120.944,138.954,95.910
218.653,121.993,140.544,96.401
222.048,121.596,142.935,96.993
224.692,121.763,145.514,96.040
227.673,123.147,147.047,95.725
230.340,123.765,148.893,94.879
