430.000,231.000,174.000,236.000
428.547,235.719,180.831,231.622
427.696,235.440,183.888,227.964
427.739,237.376,184.826,229.159
427.246,238.529,183.976,232.223
427.205,235.892,185.840,230.993
426.744,237.390,185.557,231.620
426.772,237.521,186.636,231.552
426.701,237.047,186.364,232.225
426.917,238.364,186.872,232.676
427.099,238.244,187.474,231.470
427.214,241.249,188.884,231.233
426.858,239.857,188.304,231.765
427.241,239.838,187.877,233.321
426.726,239.394,187.742,233.883
427.249,239.282,187.684,235.163
426.947,238.972,186.852,235.432
426.947,239.111,187.177,235.539
427.300,241.172,188.509,234.803
427.106,240.385,187.032,236.354
426.986,242.074,187.417,236.223
427.116,243.845,187.783,236.811
427.051,244.469,187.281,238.196
426.070,245.235,184.924,236.580
425.758,244.147,186.392,235.095
426.279,245.924,187.098,235.549
424.440,245.780,189.209,232.776
424.691,248.256,188.687,234.215
423.628,247.615,189.603,233.300
425.235,247.823,188.583,235.597
425.306,248.804,187.880,236.993
424.691,248.224,188.641,235.665
424.851,248.996,188.919,236.775
424.375,248.706,190.142,238.368
424.672,247.827,190.791,238.268
424.865,249.551,190.525,238.830
425.010,249.156,192.275,237.718
423.643,247.980,192.291,236.646
425.137,249.586,192.340,237.403
424.445,249.881,191.458,239.155
425.716,250.665,191.520,238.266
425.200,251.449,190.616,239.735
424.015,251.722,192.838,238.307
424.106,252.926,193.375,238.271
423.526,253.405,194.525,237.046
424.496,255.111,192.760,238.062
423.706,255.251,193.763,237.624
424.295,257.004,192.556,238.979
424.374,258.470,191.766,239.903
422.964,258.511,194.369,238.035
424.377,260.035,195.022,239.316
423.966,260.369,194.803,240.101
423.609,261.257,195.585,239.102
426.176,262.808,196.158,239.179
425.650,262.175,196.158,238.352
426.505,261.998,195.805,240.106
426.501,260.423,196.263,239.953
428.002,261.008,195.907,241.829
427.508,260.099,196.356,241.878
426.173,258.983,196.644,242.833
425.261,258.252,197.552,241.363
426.570,258.497,197.423,242.437
424.321,258.267,198.296,242.626
423.784,257.733,198.793,240.801
424.602,257.969,198.968,241.030
425.292,257.392,199.719,242.915
423.575,256.707,199.483,243.425
422.375,256.038,201.073,241.488
425.780,256.060,199.986,244.330
425.097,255.721,201.277,242.102
425.959,255.823,202.220,241.745
426.420,255.562,201.953,241.372
427.701,255.015,202.213,241.787
427.038,253.462,202.263,242.527
428.175,253.967,200.542,244.589
428.016,252.535,202.599,243.713
429.065,252.186,202.268,246.762
426.289,251.702,202.775,244.286
426.084,252.703,203.041,246.979
425.534,253.960,204.022,247.258
424.498,253.753,204.145,244.492
425.019,255.000,203.578,247.156
423.902,253.935,204.751,245.280
422.816,253.410,206.237,244.468
424.298,254.565,207.529,247.466
424.017,252.169,207.712,247.010
423.742,251.422,208.949,246.137
424.943,251.941,207.648,249.516
423.322,249.931,206.765,247.522
423.780,250.417,208.017,249.401
423.092,249.623,206.890,249.439
423.548,250.040,207.750,249.539
424.045,249.905,207.202,248.119
422.681,249.182,204.752,248.242
423.482,247.608,204.924,249.074
422.736,246.551,204.367,249.706
419.794,247.812,203.519,248.289
419.376,248.245,204.931,247.237
420.420,248.390,203.777,247.671
420.408,248.419,204.861,247.345
420.342,247.758,206.555,246.835
422.415,247.380,206.225,247.103
423.733,246.441,205.931,245.691
428.017,246.732,202.971,248.226
428.024,242.299,204.265,243.551
429.365,241.831,203.760,243.489
433.331,238.836,203.338,245.962
435.149,237.167,202.610,244.809
436.072,234.186,201.481,242.626
434.950,236.943,201.002,241.125
436.025,235.324,200.159,241.745
435.128,232.451,201.276,239.291
435.227,229.216,199.784,239.908
435.353,229.517,198.268,240.319
435.212,228.783,198.498,239.473
434.693,227.180,198.337,238.415
434.053,228.427,197.426,236.535
431.013,228.961,194.744,236.281
427.456,228.284,192.975,235.975
425.929,230.072,193.948,234.035
421.803,231.965,194.159,232.120
418.720,235.002,192.426,229.683
416.738,237.114,192.684,229.788
411.163,239.024,189.796,231.586
406.024,241.507,190.316,229.994
404.120,242.649,191.226,227.833
400.855,244.311,190.000,228.406
396.735,246.113,189.560,228.951
396.279,246.827,189.574,229.308
395.386,246.900,189.507,226.960
393.699,249.012,188.225,228.747
393.390,250.861,188.240,227.348
395.335,251.985,188.229,225.809
398.561,253.990,186.890,227.816
398.863,254.793,187.694,225.427
402.576,254.810,186.189,227.798
410.044,255.818,185.079,227.017
412.821,255.723,184.976,226.648
416.859,256.199,183.939,225.902
419.642,255.807,184.288,225.538
421.890,256.133,183.213,222.912
421.764,256.474,183.475,221.605
420.183,255.910,181.078,222.191
418.959,256.995,178.691,221.891
417.658,258.655,179.065,219.380
417.195,259.109,181.207,216.987
416.611,258.061,179.812,217.607
414.667,256.669,178.907,218.576
413.949,256.392,180.542,217.092
414.133,256.451,177.772,219.010
410.298,256.144,176.931,220.443
406.307,255.752,176.574,220.926
405.116,255.418,178.236,217.879
405.822,257.660,177.318,218.580
405.035,258.706,177.608,217.377
405.475,259.302,177.915,217.749
407.347,259.976,177.188,219.607
408.473,260.449,177.843,218.449
408.542,259.931,177.680,217.389
406.905,260.274,176.228,217.976
406.655,262.084,176.222,216.811
408.484,263.315,176.873,216.917
410.330,264.500,177.473,217.250
411.864,264.562,177.782,215.426
413.879,265.719,178.042,214.644
415.654,265.397,178.348,213.882
414.720,266.654,175.754,214.513
416.048,266.806,175.889,212.271
417.716,268.211,174.987,213.193
418.568,268.855,176.183,212.321
418.448,268.062,175.083,210.936
419.674,268.969,173.252,211.456
420.828,269.962,173.449,211.951
421.607,270.865,172.943,210.711
423.427,273.723,172.537,210.305
424.333,276.894,171.280,210.249
424.798,276.803,172.070,210.700
429.282,277.756,171.987,210.183
433.379,278.892,171.084,208.557
435.073,279.322,170.958,206.842
435.661,279.727,169.882,206.322
437.223,280.409,169.806,206.109
437.683,278.852,171.438,203.613
437.597,281.834,171.225,203.705
435.635,280.722,168.181,206.345
432.772,282.776,167.464,204.739
429.987,282.278,165.742,206.815
427.691,281.323,165.710,204.991
425.473,280.807,165.684,204.654
421.305,279.307,165.826,203.701
418.543,279.648,165.046,202.407
417.796,279.978,164.917,202.773
416.927,281.250,166.024,201.205
418.450,281.133,166.475,200.142
418.566,282.984,166.159,199.824
418.642,284.152,165.941,199.008
418.060,284.517,165.455,198.963
418.273,284.191,166.095,197.411
420.508,283.438,165.634,198.927
418.994,283.858,164.213,199.434
418.105,284.009,165.590,198.514
420.004,283.716,164.683,199.798
421.858,284.573,163.780,199.216
422.963,286.763,163.436,198.694
424.795,286.690,162.768,198.643
425.941,287.875,162.118,197.473
425.472,287.982,162.596,195.918
424.818,288.437,161.629,196.111
424.715,291.000,161.471,195.506
423.631,291.585,161.159,194.333
421.194,292.439,159.413,193.996
418.253,293.117,158.604,194.318
417.494,291.931,158.575,194.681
414.475,291.517,158.009,195.237
409.547,292.237,156.718,195.837
406.554,293.800,158.286,193.901
405.507,292.313,158.771,193.327
401.711,291.500,158.742,193.983
398.457,291.879,159.059,192.916
398.539,290.144,159.543,191.300
398.561,290.489,159.315,189.640
398.107,290.248,158.811,189.460
397.592,289.633,158.674,189.893
396.742,288.059,159.309,189.548
396.962,288.898,159.353,188.653
397.455,285.318,159.262,188.373
397.442,281.686,158.917,190.223
397.793,281.520,159.348,188.626
396.633,279.338,158.642,190.047
393.725,277.148,158.464,190.788
391.249,277.866,158.904,189.089
391.747,280.561,159.962,188.479
390.566,277.943,160.255,187.966
390.757,279.150,159.868,188.686
391.239,280.811,159.754,189.619
390.450,278.657,160.075,190.618
391.245,280.137,160.898,189.065
391.572,280.498,162.328,187.834
392.198,281.679,162.377,188.722
389.726,280.787,162.083,191.504
388.132,280.817,161.900,191.566
388.428,282.025,162.518,190.419
388.740,282.856,162.592,190.345
388.092,281.871,163.070,190.147
385.553,282.559,163.065,190.635
385.963,283.195,161.510,191.693
385.616,283.590,162.104,191.167
389.975,286.575,160.910,193.769
390.475,287.699,161.578,193.093
390.967,288.430,162.543,192.318
391.600,289.557,162.753,191.555
393.193,289.399,162.382,191.498
392.621,290.541,163.101,191.298
394.413,291.272,162.530,192.164
393.300,292.876,164.636,190.468
392.729,293.991,165.247,188.895
394.413,295.462,163.774,191.949
393.515,296.497,164.830,189.953
395.086,296.638,164.613,190.396
395.140,297.686,164.216,192.374
395.176,299.770,165.500,190.991
394.655,300.579,165.836,190.891
394.188,301.370,165.786,191.594
395.023,304.435,165.443,194.317
394.445,307.169,165.308,193.287
394.037,308.863,165.742,192.108
393.415,311.548,165.950,193.679
391.242,313.028,165.480,192.945
388.279,313.903,165.005,193.161
386.101,316.454,164.078,193.672
385.691,316.768,164.762,193.065
382.617,318.281,165.158,193.464
378.623,319.012,165.251,193.734
377.173,321.071,165.804,193.519
375.461,320.701,164.884,195.097
372.841,320.192,165.052,195.432
371.610,320.418,165.159,194.935
368.844,321.124,164.194,193.883
366.028,319.692,164.532,194.471
363.521,321.065,164.534,193.470
363.396,321.849,166.093,193.265
362.097,322.489,165.543,193.244
361.559,322.620,166.195,192.216
360.872,324.520,166.122,191.506
361.373,324.723,167.044,191.970
361.084,324.983,167.171,191.689
360.804,324.465,167.355,192.514
360.241,323.446,167.909,193.140
359.580,322.522,168.026,193.154
359.022,322.935,167.323,192.980
358.477,323.322,166.926,192.995
357.749,323.011,167.522,193.331
356.257,322.684,166.503,195.879
353.985,320.392,166.473,197.890
353.711,321.697,167.426,196.778
352.379,320.532,166.483,197.202
352.349,318.708,165.489,197.295
351.327,319.085,167.008,196.667
353.320,319.422,166.867,196.065
355.838,319.617,166.547,196.423
355.865,319.273,167.232,196.231
360.701,319.847,166.976,196.183
360.587,317.612,166.773,196.333
359.978,317.529,166.435,196.644
358.263,316.639,167.195,196.827
359.149,315.836,166.995,196.036
359.486,316.167,167.660,195.840
361.696,316.399,167.513,196.224
360.642,316.249,166.632,196.360
360.831,314.354,166.840,195.656
359.683,314.867,168.180,193.998
360.444,312.092,167.970,194.798
359.690,311.262,168.568,194.081
358.217,310.405,168.211,194.851
357.666,309.205,168.953,194.349
358.428,308.427,169.188,194.552
357.203,308.485,169.312,195.311
357.312,306.536,169.156,194.874
358.524,307.819,169.825,196.159
359.361,306.636,169.979,195.165
358.067,306.373,169.496,194.078
357.703,306.060,169.304,193.247
358.202,307.746,168.360,194.171
359.384,307.061,169.791,193.626
357.967,306.256,169.866,193.829
356.237,305.719,170.270,194.504
357.300,305.803,169.890,195.583
359.234,303.552,169.361,196.153
357.821,301.497,170.311,197.473
356.707,301.904,171.603,195.320
356.293,302.544,171.572,194.364
356.508,303.480,171.833,195.893
358.236,302.643,171.840,196.631
357.653,303.376,173.696,195.143
357.903,304.426,173.195,196.237
358.521,302.942,173.933,197.764
359.315,303.933,173.046,197.337
359.640,301.416,172.099,198.576
360.860,301.949,171.381,197.613
360.680,300.767,172.039,198.420
360.717,300.908,173.251,197.161
359.718,303.270,173.993,195.236
359.590,302.743,173.885,196.034
359.753,302.777,174.028,195.730
360.143,301.341,174.642,196.319
360.268,300.384,175.742,196.233
360.492,300.755,175.845,195.457
361.011,301.944,175.879,193.372
360.733,302.451,176.032,193.565
361.757,304.137,177.779,194.020
360.070,305.722,177.527,195.152
360.759,305.487,176.175,195.936
358.032,306.886,176.888,195.390
356.759,306.947,176.739,196.935
355.027,306.428,177.215,197.995
352.924,305.420,177.939,198.477
352.822,304.123,177.734,197.524
352.326,303.806,178.113,198.549
352.834,303.518,179.608,196.070
353.410,305.239,180.390,198.671
352.759,304.422,181.594,198.123
353.448,307.387,180.720,197.610
352.717,306.672,183.549,198.545
352.525,305.485,184.959,199.022
349.688,304.245,183.404,201.079
350.125,307.504,185.096,200.386
350.348,307.323,185.279,200.675
350.482,306.621,185.248,201.588
350.459,307.738,187.932,200.585
350.866,308.775,189.423,200.703
350.483,308.021,188.786,202.433
348.688,305.809,189.492,203.422
349.525,304.865,190.016,204.604
346.859,303.922,189.641,204.418
347.063,301.372,189.784,206.422
347.890,299.135,192.272,208.991
345.299,295.934,192.483,209.777
346.196,299.162,194.779,210.313
346.019,295.144,192.256,212.550
347.436,295.598,192.746,209.608
349.525,293.213,193.050,210.167
347.756,291.343,194.286,209.957
351.291,289.555,192.566,210.376
353.967,285.453,191.237,211.441
356.540,286.329,192.831,208.906
360.217,286.356,193.600,208.733
360.220,285.561,197.115,205.834
363.711,285.226,197.603,204.354
364.793,284.762,196.747,204.546
364.406,282.256,197.393,202.601
369.297,283.049,196.638,206.294
370.279,280.562,194.021,206.490
370.056,280.766,192.916,205.411
370.944,280.844,193.177,206.718
368.042,280.560,191.944,206.810
370.761,280.816,194.490,207.236
371.072,281.545,193.241,205.714
369.695,281.997,193.385,204.216
371.520,282.309,196.142,206.634
371.439,280.651,196.586,208.610
374.197,281.285,197.028,209.526
374.996,279.063,199.540,210.077
374.543,278.252,200.643,211.762
373.430,278.234,201.053,208.076
373.321,278.275,202.213,209.311
373.322,278.634,202.727,206.793
372.023,276.934,203.739,205.307
372.201,278.184,204.505,205.353
372.841,276.841,203.041,205.261
370.878,277.098,204.655,205.300
370.739,279.127,205.941,205.824
371.279,276.759,206.024,207.663
372.328,276.935,205.957,206.768
373.621,277.294,205.635,205.700
372.585,275.688,207.408,205.613
372.161,276.892,207.353,204.578
372.512,275.981,207.483,205.549
372.023,273.092,207.165,204.876
371.759,273.267,208.836,202.660
375.238,274.670,206.823,199.599
377.933,274.864,205.949,198.138
379.372,275.301,204.385,196.937
383.080,276.232,202.970,194.322
386.573,277.053,198.692,192.058
388.686,277.511,195.818,190.114
394.265,277.291,193.536,187.312
400.893,278.430,189.336,183.537
403.196,279.244,186.556,180.536
410.892,280.652,181.306,176.599
414.261,282.245,177.043,171.836
418.988,283.894,174.010,168.553
425.427,286.021,169.136,164.129
427.945,287.696,167.349,158.993
434.586,289.476,161.813,154.886
441.003,291.782,157.332,150.896
444.200,293.398,155.515,147.123
449.126,294.214,152.601,144.311
451.923,293.347,150.311,139.779
457.211,294.559,146.160,136.337
460.460,294.553,143.387,133.886
461.767,295.137,142.161,131.591
463.051,294.936,139.899,130.415
464.846,294.220,136.814,130.347
456.308,294.868,139.305,127.278
455.637,294.585,138.233,127.733
448.837,295.881,142.525,125.620
446.150,298.086,142.683,124.163
442.627,298.655,144.493,123.421
439.454,298.709,146.072,122.614
437.740,299.881,145.530,122.332
431.609,300.710,147.553,121.249
434.054,301.999,145.445,120.396
428.994,303.874,148.388,118.773
430.575,303.785,146.279,118.775
424.049,304.812,149.579,117.797
423.066,304.857,149.290,117.273
424.624,304.451,147.025,117.689
418.654,305.114,150.738,116.483
420.287,304.380,149.172,117.328
414.744,303.827,151.919,116.774
419.519,302.904,149.492,118.569
418.414,303.442,148.542,119.521
418.598,303.815,147.843,119.019
416.774,304.245,148.881,118.498
417.260,303.569,150.396,117.584
421.188,303.665,149.400,117.890
422.074,303.881,148.246,118.262
415.944,304.248,151.942,116.725
420.001,305.698,152.062,116.324
418.808,306.433,153.317,116.237
413.743,306.110,157.212,115.439
418.264,306.981,155.123,115.887
413.486,306.987,157.997,114.419
420.276,306.018,153.843,116.828
410.988,306.219,158.959,116.281
418.139,306.005,155.516,117.857
417.018,306.438,155.625,117.472
407.117,307.278,161.734,116.040
404.470,305.881,165.523,117.769
416.606,304.444,159.872,120.706
407.380,306.968,165.318,118.787
412.611,306.101,162.447,121.641
398.338,307.496,171.819,120.793
414.582,306.241,164.374,123.648
407.576,305.340,164.893,125.693
410.460,304.567,163.833,127.572
397.021,307.841,171.813,125.286
402.103,307.465,169.936,126.637
423.373,298.741,154.724,135.535
419.114,302.278,151.693,135.387
410.614,304.422,157.292,134.186
400.039,306.983,165.606,131.728
415.484,301.327,155.734,137.957
414.648,297.483,153.200,141.902
422.508,295.377,145.168,147.784
421.194,294.863,143.128,149.478
411.139,305.605,151.255,141.715
427.378,271.210,138.840,157.695
410.640,291.524,145.015,152.710
419.993,286.269,140.633,157.855
407.902,299.038,149.862,151.021
407.509,301.917,152.093,149.859
409.947,303.675,152.268,148.882
405.732,312.748,156.439,144.839
414.401,299.913,150.476,151.748
410.345,303.286,150.533,149.797
406.846,309.090,155.040,146.274
405.038,314.157,158.453,145.647
401.912,317.983,161.789,145.206
397.656,312.030,166.246,148.021
