505.000,117.000,394.000,502.000
509.367,133.710,394.710,485.759
517.344,156.204,413.560,466.848
537.210,199.228,419.500,435.374
562.933,205.548,422.982,422.028
578.565,214.018,420.747,413.284
598.010,196.879,409.864,427.550
568.716,187.088,435.813,432.942
552.888,178.205,464.773,433.458
586.406,171.518,449.594,439.585
609.932,161.210,410.290,452.990
623.123,160.962,386.209,463.387
619.642,164.626,357.119,462.839
629.062,177.591,325.392,461.674
624.213,193.654,351.669,440.442
631.973,193.884,380.533,435.730
621.519,189.034,415.184,441.227
607.407,187.908,433.121,443.403
586.865,178.104,455.058,450.846
596.938,160.830,439.009,454.282
618.819,163.603,406.441,462.161
608.289,172.931,373.050,474.047
562.461,182.191,347.041,469.519
582.607,182.367,319.389,468.405
589.821,200.133,333.655,450.920
620.179,209.591,350.192,441.660
621.820,212.609,377.330,442.834
584.460,187.293,416.350,459.643
565.757,193.324,410.938,466.749
548.111,179.033,418.874,449.519
523.957,200.217,360.655,474.169
578.227,204.282,302.897,483.663
602.396,211.065,309.174,473.917
618.531,206.903,347.023,468.811
571.470,203.183,407.032,456.163
565.253,209.093,447.010,466.837
531.160,203.217,489.935,450.662
550.093,220.564,494.495,425.884
589.787,195.398,436.903,466.541
585.030,201.472,369.177,493.052
572.273,212.401,374.009,478.135
568.623,214.160,373.224,469.645
539.926,220.654,434.565,458.987
553.980,214.945,463.362,459.751
557.374,213.585,439.523,481.869
584.512,214.918,380.518,502.341
692.844,219.752,344.226,500.866
701.222,225.544,318.079,501.318
656.526,234.292,320.637,484.947
664.344,231.144,368.818,463.036
664.890,223.343,396.087,449.227
651.191,225.786,378.152,466.885
739.222,177.678,379.693,476.598
733.559,189.325,391.689,459.738
728.761,212.010,349.689,483.286
706.204,217.030,372.146,482.523
716.737,215.219,420.008,473.333
699.471,171.241,422.095,444.858
704.282,188.086,356.716,486.550
725.559,179.391,320.793,493.402
785.195,190.384,282.565,490.419
779.991,202.528,315.230,464.343
691.474,181.059,361.628,462.372
679.334,182.922,363.144,471.082
709.585,171.120,341.561,448.214
712.406,187.846,302.859,454.511
719.328,195.786,265.074,479.268
720.984,209.990,268.214,474.313
652.976,186.727,351.625,418.418
593.674,201.677,401.476,425.641
562.682,201.544,368.362,468.206
569.224,193.562,354.632,479.688
634.144,194.194,299.894,501.221
600.831,193.895,314.660,481.702
620.475,208.134,352.779,473.510
575.596,197.745,376.090,468.818
567.562,201.395,358.513,477.557
572.085,195.924,351.343,484.857
626.800,197.589,286.895,502.374
608.163,192.346,299.612,464.890
619.840,215.005,347.076,464.615
577.381,211.024,401.291,449.092
545.552,214.260,384.853,476.567
550.747,208.362,380.996,487.676
621.647,204.344,331.773,500.826
627.435,210.181,314.996,494.228
635.050,216.192,350.228,480.514
645.461,208.088,366.900,464.358
629.303,210.376,362.138,462.639
629.091,210.431,359.912,456.552
674.311,201.667,305.950,467.971
756.161,209.820,273.105,480.385
746.404,218.930,293.626,464.117
726.451,247.792,339.307,432.278
671.891,208.436,339.226,450.404
675.249,199.666,332.443,459.547
713.703,201.710,297.065,473.364
745.275,203.822,295.280,459.885
732.704,208.786,307.759,451.032
726.606,206.269,355.211,419.112
705.268,205.601,375.510,415.967
703.235,205.911,382.854,415.985
684.277,207.448,357.678,431.114
738.124,214.803,301.187,453.488
725.089,224.037,272.567,465.504
724.437,260.645,324.326,423.819
666.768,219.642,375.709,401.063
656.703,236.316,402.883,391.930
616.411,226.074,360.839,437.164
654.744,222.347,306.426,455.797
638.105,207.452,310.208,439.228
588.251,176.765,304.592,441.052
548.726,158.907,300.565,425.423
557.845,166.297,300.078,418.306
514.978,167.297,302.271,401.477
504.389,208.490,334.606,365.765
488.985,205.138,333.594,354.367
491.250,198.956,326.950,358.577
509.611,216.929,322.351,361.071
507.270,212.925,321.163,360.512
514.709,235.379,302.081,371.344
469.004,207.114,324.379,361.468
536.569,226.719,314.861,357.507
562.705,218.830,369.980,335.279
548.303,193.075,471.561,280.627
539.516,213.131,523.815,254.592
358.809,252.982,476.217,312.378
351.647,279.017,439.023,392.430
417.348,267.754,409.063,440.787
462.109,257.385,408.814,455.165
537.084,217.844,394.346,483.157
553.984,191.214,386.050,509.701
613.381,96.333,333.140,582.007
697.699,64.552,303.321,621.317
689.993,47.970,318.757,638.886
736.679,0.000,410.121,530.900
600.046,37.347,480.006,498.242
491.942,89.255,503.405,515.347
198.539,147.045,544.064,507.514
293.315,109.480,619.648,430.863
278.094,161.870,628.205,462.172
207.489,213.873,579.658,494.398
229.119,186.659,555.302,509.912
223.132,198.590,541.827,517.224
242.412,191.973,526.892,513.771
264.167,209.186,500.259,511.206
276.943,212.154,473.283,505.138
337.261,206.800,452.789,504.137
326.701,195.850,452.684,489.848
318.473,197.863,442.809,488.768
346.892,188.081,417.097,499.388
364.756,164.804,391.671,502.097
423.419,156.756,380.915,481.836
435.661,131.440,354.202,476.876
463.576,111.288,343.479,460.849
468.531,113.828,333.483,449.279
516.213,84.413,320.327,443.478
541.355,64.201,329.419,436.255
570.708,39.472,341.819,418.788
592.396,96.440,367.796,392.901
663.229,20.827,364.579,425.008
609.311,57.899,398.037,419.993
668.369,30.325,400.926,458.146
759.887,0.000,422.373,463.447
807.770,0.000,421.557,460.028
824.552,0.555,426.258,459.992
389.874,273.488,454.928,414.876
403.939,276.939,434.480,397.400
433.296,252.610,414.244,371.779
486.608,236.854,367.197,371.324
535.424,200.383,315.539,383.296
548.595,173.071,282.445,403.706
578.115,143.894,250.405,437.054
586.808,136.952,233.708,452.124
588.533,102.801,227.879,488.367
574.753,81.020,240.517,516.395
548.260,64.434,257.915,537.424
532.203,49.303,254.919,587.153
517.895,34.397,245.719,643.309
520.827,27.691,240.331,664.478
513.497,32.848,234.161,683.876
501.554,14.477,232.621,703.401
488.235,21.006,240.365,698.526
473.899,19.762,251.374,693.690
460.426,13.895,251.428,701.591
459.872,13.681,256.733,702.334
452.135,36.059,267.855,692.394
395.563,33.681,299.974,684.689
347.887,77.787,350.200,648.086
317.614,152.008,400.070,593.472
310.860,181.505,431.716,552.891
298.925,191.069,442.109,535.032
336.280,203.467,424.223,523.653
387.123,219.615,392.816,507.756
412.544,209.249,348.274,509.634
419.979,205.364,313.810,514.668
427.756,208.450,297.083,513.038
432.526,210.293,285.305,512.925
414.243,216.400,292.186,506.495
414.274,210.623,317.171,511.573
389.284,222.123,339.709,503.205
316.274,220.522,435.249,443.035
327.514,228.322,477.125,466.891
291.930,221.908,545.666,461.600
268.604,227.237,612.412,456.798
336.897,229.362,582.950,483.670
329.697,199.511,573.462,506.277
296.791,142.262,571.121,516.339
233.702,69.742,588.405,501.075
229.433,82.061,602.236,509.896
