178.000,97.000,55.000,120.000
179.800,95.670,55.458,119.108
178.141,96.970,55.763,118.025
179.647,96.940,55.012,117.917
179.769,97.551,55.099,117.856
179.007,98.522,55.597,117.001
178.523,99.238,55.509,116.794
178.312,99.817,55.927,116.005
178.399,100.573,56.559,115.148
177.627,99.342,57.801,114.374
176.487,99.654,57.071,114.865
177.896,94.636,55.174,118.380
178.180,97.667,55.328,117.662
178.797,96.800,54.811,117.436
178.054,88.846,54.459,123.240
176.944,85.162,54.549,128.399
176.650,83.335,54.517,131.420
177.142,83.365,54.370,132.692
177.048,83.452,54.710,132.503
176.988,82.821,54.416,132.965
176.937,82.118,54.136,133.835
177.627,82.126,54.846,134.300
177.721,83.413,55.466,133.337
177.495,82.570,55.443,133.552
177.136,83.158,55.828,133.656
176.425,81.430,56.084,135.050
177.315,81.214,56.261,135.218
176.526,81.553,56.124,135.382
178.514,77.951,56.295,137.677
177.799,62.452,57.074,147.452
184.059,33.797,55.698,164.899
173.912,0.000,65.961,160.769
179.125,0.000,77.068,141.982
177.017,0.000,91.059,128.467
161.180,9.045,96.947,123.211
113.755,24.408,90.741,122.258
104.404,36.888,89.205,110.731
105.008,54.751,87.804,98.073
105.019,62.590,81.102,98.946
106.109,66.595,75.684,104.847
103.778,61.852,75.457,100.915
102.556,59.283,74.904,100.080
102.575,62.813,73.459,102.886
104.649,68.750,72.945,109.063
108.830,102.816,77.296,108.366
109.465,109.738,82.185,104.560
107.741,114.472,83.624,99.831
108.177,119.867,85.625,94.656
108.478,123.001,87.349,91.473
108.247,123.762,88.022,89.320
107.647,128.500,88.246,85.443
107.689,130.426,88.128,82.957
106.466,132.552,88.982,80.508
106.240,133.900,89.152,78.854
104.879,133.665,90.629,77.211
103.314,134.492,93.227,75.848
102.335,134.864,94.861,74.971
101.749,133.951,95.406,75.061
101.232,133.976,95.498,74.748
101.353,134.433,94.981,75.304
100.950,134.200,94.807,75.234
101.548,133.963,94.884,75.486
101.804,134.086,94.324,75.421
101.930,134.299,94.018,75.187
101.032,134.034,94.029,74.736
100.870,134.049,95.183,74.486
100.980,134.098,95.673,74.542
100.562,134.094,96.405,74.683
100.029,133.523,96.212,74.856
100.308,131.321,94.362,76.202
100.647,131.328,94.568,76.483
100.636,131.608,95.341,75.973
100.637,131.136,96.244,75.832
99.874,131.998,96.372,75.898
99.800,131.496,97.115,75.701
99.475,132.040,95.949,76.162
100.050,130.540,94.869,77.634
100.752,129.082,92.419,79.005
101.378,128.752,90.748,79.956
101.147,128.325,89.070,80.256
101.359,128.731,87.979,79.992
101.982,128.016,87.431,79.642
101.810,128.239,87.015,79.938
102.780,126.454,87.360,80.872
102.416,126.919,86.976,82.434
102.248,126.785,88.041,80.749
102.190,127.260,88.413,80.912
101.310,127.618,87.985,80.693
101.272,124.798,88.471,81.959
100.789,122.004,88.534,85.797
99.482,117.296,88.121,89.813
98.929,112.304,88.291,94.573
98.011,109.820,88.729,97.622
96.986,115.838,90.554,94.755
96.675,116.110,92.243,91.842
97.401,126.132,95.146,84.987
97.950,127.937,98.822,81.238
96.512,126.936,98.549,79.910
98.222,131.824,96.443,77.892
98.806,133.350,94.496,75.482
100.200,134.074,94.060,74.252
100.054,133.704,95.049,73.474
100.125,134.476,96.161,74.051
98.526,134.837,96.148,74.569
98.238,135.887,96.091,75.410
96.224,137.328,95.750,75.396
95.365,137.485,96.094,75.258
94.137,137.314,95.004,75.695
92.265,136.255,94.323,76.299
90.023,135.629,90.711,80.055
87.666,136.953,88.107,80.580
82.580,140.664,85.536,78.384
70.039,147.478,82.227,78.554
67.665,147.876,82.899,76.608
65.505,147.629,83.972,74.424
66.989,147.322,84.274,74.278
66.346,145.464,84.167,74.244
67.349,144.281,86.076,73.831
67.682,142.287,86.921,74.898
68.847,138.503,87.037,76.262
70.864,133.587,85.943,78.413
72.115,130.358,85.143,79.743
71.314,127.040,84.811,80.932
74.072,120.812,81.916,82.316
74.907,113.777,80.466,86.943
75.648,102.898,79.051,92.898
79.843,83.499,75.197,105.132
78.796,52.551,71.733,124.475
78.275,41.613,72.313,139.181
77.457,30.726,73.974,147.919
74.019,22.268,76.540,151.399
