191.000,139.000,286.000,162.000
192.938,144.557,289.524,158.730
193.205,147.080,289.941,155.814
194.244,144.726,289.644,155.650
195.112,144.050,288.551,155.924
196.726,144.866,287.462,154.782
197.082,144.528,286.838,154.766
196.065,144.508,287.313,155.052
197.707,144.486,286.289,155.420
197.800,146.938,286.406,154.843
196.408,148.158,286.685,153.328
199.942,144.093,284.026,151.192
208.361,140.628,279.148,151.600
212.186,136.856,273.443,151.883
209.763,138.682,271.859,151.426
204.784,141.301,272.905,152.164
203.182,142.168,274.704,151.714
203.786,141.452,272.351,149.954
203.036,141.499,272.416,148.939
200.726,142.821,272.737,146.895
201.815,143.516,269.054,146.757
204.233,144.657,264.640,146.555
204.696,143.569,260.670,147.515
208.320,145.720,258.359,148.860
216.458,146.624,259.119,149.573
223.251,148.059,258.063,150.634
229.177,149.366,256.107,151.549
231.344,148.412,251.368,151.365
234.932,150.145,250.770,151.681
236.886,153.123,248.833,152.678
234.412,156.147,249.879,153.306
233.462,159.957,250.179,152.167
233.933,159.742,249.193,150.989
231.717,164.066,250.506,149.946
234.720,164.234,250.533,150.321
227.573,165.359,253.722,147.714
229.250,165.520,255.341,147.047
224.896,165.598,255.770,146.049
222.140,165.261,257.683,146.015
220.356,167.248,261.178,144.150
219.165,166.672,259.405,143.673
217.695,161.764,254.665,145.930
212.521,162.269,253.865,144.727
211.453,160.644,251.310,144.646
210.301,159.057,250.978,144.425
212.260,158.897,254.488,144.218
206.335,159.348,255.285,143.762
206.764,159.376,258.467,144.109
205.343,158.455,258.388,144.377
204.578,158.129,258.574,144.276
204.056,158.799,262.543,145.233
204.828,158.681,266.321,145.914
204.932,160.403,267.457,144.512
203.364,161.789,269.074,144.233
206.555,161.271,268.169,146.520
211.531,165.810,267.571,145.709
217.905,166.683,265.648,143.602
225.458,172.065,258.187,140.760
246.441,169.955,241.607,137.158
259.882,160.134,227.123,136.221
270.015,160.176,216.043,139.673
274.732,159.013,208.925,141.607
276.355,162.223,206.744,141.642
278.268,163.353,204.814,138.789
277.406,164.993,204.062,137.602
276.205,165.686,205.603,133.825
277.296,166.366,204.282,133.539
274.545,167.024,206.529,132.521
272.395,168.128,207.588,134.324
270.320,171.413,210.633,134.331
261.897,173.335,217.036,135.219
253.659,176.077,225.762,133.756
255.702,176.632,227.400,132.911
250.547,178.142,230.973,132.419
249.275,179.264,233.882,131.599
246.718,177.688,236.698,131.664
241.989,174.937,240.071,131.202
239.519,172.714,242.742,129.933
236.735,167.688,246.552,130.721
235.411,166.930,247.327,131.865
234.048,166.682,248.626,133.460
233.455,165.971,249.818,132.704
236.729,164.043,248.683,133.953
230.237,162.557,250.846,134.904
231.117,161.975,252.318,135.576
229.147,160.970,253.367,134.208
230.317,160.174,254.089,133.511
227.446,161.179,255.499,133.052
226.411,159.136,257.600,133.443
229.598,156.538,256.360,134.253
233.382,152.562,252.517,134.512
238.831,152.581,248.363,134.406
242.867,151.443,242.375,135.199
244.954,149.792,238.891,136.375
245.210,149.082,237.577,136.801
246.577,150.138,235.704,138.020
250.072,146.484,232.871,138.315
250.665,146.050,232.220,138.658
253.756,145.966,230.212,139.888
255.961,141.102,227.123,140.028
257.189,138.860,225.246,142.677
257.417,138.284,225.579,144.682
258.297,135.912,225.588,145.865
259.234,137.218,224.960,146.539
261.985,135.817,223.165,147.168
263.173,135.708,220.699,148.501
262.949,137.011,220.506,148.472
262.487,136.686,222.357,149.940
260.835,137.783,223.393,149.974
260.649,135.244,223.449,149.815
260.115,134.111,223.537,151.070
258.590,133.659,224.939,151.051
257.247,134.607,227.771,150.476
255.809,135.116,229.228,151.058
251.005,138.166,232.045,148.236
246.942,144.358,235.514,150.192
250.280,149.277,233.834,149.572
250.137,151.014,233.329,152.589
246.477,155.103,236.896,154.076
246.761,157.901,237.621,153.737
248.439,154.505,236.867,156.185
249.052,147.242,235.564,157.655
249.602,145.617,235.790,160.257
245.750,146.256,239.031,159.490
239.682,145.450,243.368,159.850
236.311,148.048,247.331,161.017
234.930,144.857,249.896,163.736
232.500,146.106,252.626,162.845
228.886,144.537,254.904,163.945
228.076,144.860,255.493,164.729
225.336,143.961,257.381,166.749
223.957,143.423,259.476,167.273
222.448,140.484,261.191,168.369
221.779,140.483,261.943,168.345
217.946,138.713,264.231,168.621
215.791,138.177,267.167,166.920
214.002,136.220,268.922,166.100
215.950,128.474,268.377,170.802
214.277,126.709,269.527,170.185
212.004,125.570,271.865,169.806
211.051,123.230,272.728,170.927
208.829,121.137,274.188,172.465
206.942,122.699,275.427,171.915
209.505,121.397,272.860,172.969
207.278,120.726,274.098,173.241
205.055,119.661,275.304,172.829
206.177,119.185,276.175,173.528
204.820,117.828,275.998,173.496
204.168,114.357,277.752,170.367
202.402,113.581,279.781,168.414
204.794,114.216,278.131,167.875
209.501,118.318,274.716,169.389
207.758,117.833,274.091,173.258
212.645,119.982,270.297,174.240
212.211,121.240,270.783,175.884
212.863,120.830,270.177,175.881
212.016,120.791,269.500,177.976
213.119,120.199,268.697,179.424
213.729,119.749,268.161,183.654
215.557,122.123,267.231,185.962
214.800,123.594,266.881,191.528
221.451,126.952,261.919,196.212
223.005,126.374,260.399,197.962
225.158,124.289,258.720,200.150
224.693,121.362,255.891,202.886
224.799,122.638,257.371,204.161
224.191,121.182,259.088,205.014
221.170,118.118,259.390,204.285
220.149,122.584,261.555,209.480
218.662,114.524,265.668,204.015
215.169,119.582,268.940,206.782
212.949,120.908,268.978,208.874
212.214,122.867,271.087,208.988
211.498,122.008,272.732,206.151
210.427,123.062,274.280,205.439
209.585,123.896,275.137,203.479
210.665,125.663,273.708,203.619
214.102,123.555,271.210,202.028
210.520,125.642,274.214,203.321
209.460,126.460,275.113,202.272
208.038,131.712,275.602,202.194
209.916,132.078,273.028,207.782
216.051,131.984,270.588,202.289
217.381,136.017,267.314,202.142
215.182,135.726,268.824,203.157
219.223,136.418,267.146,204.208
222.920,136.840,261.831,212.207
221.989,136.638,260.852,210.810
223.109,139.488,259.333,210.281
227.620,139.195,255.335,207.400
230.466,137.115,252.261,207.928
231.181,135.783,251.558,211.549
232.531,135.477,249.799,206.958
236.366,136.441,246.554,206.376
236.449,134.167,245.375,207.550
235.746,136.469,245.847,211.492
233.203,137.765,247.821,213.149
232.229,136.114,248.965,211.590
231.369,134.795,250.292,215.110
225.036,137.697,254.922,217.422
212.784,147.298,264.960,207.628
195.659,160.180,280.932,201.394
188.087,163.914,292.197,195.760
187.509,164.662,295.570,193.179
186.854,162.953,296.391,192.978
186.089,163.867,297.437,193.318
183.225,160.745,300.001,195.050
188.303,160.362,296.968,193.634
193.849,157.376,292.979,194.374
194.937,158.408,291.749,193.486
198.848,156.914,287.240,194.684
201.892,150.428,283.924,202.437
204.072,143.511,278.086,209.042
206.058,136.294,275.356,214.520
203.230,132.834,279.189,216.370
199.732,130.469,283.411,218.497
201.382,133.201,282.737,217.304
201.910,128.509,282.527,217.037
201.382,125.365,281.381,215.147
200.408,127.676,281.929,215.453
199.717,124.398,281.941,213.801
203.877,129.005,278.532,212.719
209.315,129.273,274.141,205.025
214.229,134.602,270.218,198.966
215.622,136.980,268.485,196.482
218.705,139.968,265.182,191.363
221.626,139.122,262.200,189.503
222.797,142.627,261.917,187.198
223.415,142.574,258.696,184.435
226.784,139.596,256.181,183.540
227.025,138.761,256.570,181.178
227.041,137.415,257.246,179.544
226.729,136.860,257.540,179.270
227.727,138.126,256.569,177.510
225.509,137.712,257.267,178.293
225.123,136.767,258.765,179.342
223.737,138.107,259.363,179.237
222.968,134.428,261.540,181.706
220.849,132.841,263.274,182.838
219.705,133.810,264.054,183.063
217.862,132.057,264.638,184.610
215.852,131.187,266.277,186.822
217.914,132.196,267.508,188.450
213.197,134.756,269.959,188.052
211.795,132.623,269.878,189.410
209.393,131.439,272.035,190.905
207.619,133.576,275.259,189.386
207.334,135.922,276.482,186.295
197.156,131.610,282.721,186.523
194.882,130.808,284.883,188.034
198.060,132.393,283.158,183.336
218.982,133.305,268.107,184.125
243.311,130.936,245.273,186.600
265.495,129.043,222.796,185.697
275.815,129.728,209.774,180.664
276.632,132.130,203.665,176.239
281.330,130.821,199.049,172.640
284.871,129.007,195.852,169.679
284.426,128.827,194.603,165.252
285.148,131.928,194.863,163.234
286.998,134.027,191.756,163.465
296.766,132.529,184.465,166.102
301.219,134.355,181.039,167.933
300.310,136.667,180.014,169.843
301.394,135.764,178.349,167.865
301.190,136.876,177.623,168.099
300.225,138.071,178.837,167.108
299.193,137.133,180.303,167.064
296.893,136.354,182.403,167.149
292.965,137.210,185.261,166.529
291.728,136.235,186.904,166.396
291.483,138.374,187.258,169.004
282.910,137.924,193.841,170.589
279.333,137.793,198.633,169.630
277.708,138.830,200.416,169.989
279.502,140.307,201.508,169.577
278.079,138.669,200.938,169.957
279.918,139.248,199.073,171.078
280.573,138.508,196.884,169.722
282.057,136.387,195.468,172.190
283.627,136.332,194.289,173.485
282.832,134.409,194.399,172.959
283.408,134.477,193.720,173.641
284.298,135.711,193.212,173.755
285.156,135.058,192.540,173.014
285.510,135.546,192.249,173.151
284.870,135.756,193.036,173.525
284.823,136.633,193.870,174.595
285.711,135.678,193.582,173.276
285.462,133.840,192.688,172.770
286.041,134.950,192.677,172.936
283.384,132.265,194.188,172.877
283.909,130.205,193.997,171.938
281.916,128.947,195.851,171.370
280.813,126.436,196.481,172.034
281.398,125.979,196.178,172.108
283.473,126.431,197.003,172.175
283.008,124.297,195.473,171.526
284.294,124.272,194.281,172.443
284.121,124.883,194.799,171.106
283.816,123.985,194.944,170.770
284.756,124.438,193.716,172.132
284.334,123.884,194.573,171.155
283.040,121.953,195.914,172.863
283.596,121.632,195.893,172.229
282.774,119.152,195.197,172.068
284.609,122.000,194.252,171.743
284.448,121.389,194.889,174.153
282.261,127.788,196.262,180.386
276.886,131.703,202.639,183.131
273.770,132.424,206.769,182.599
274.248,132.993,207.608,181.327
273.410,134.115,209.118,180.700
273.303,135.521,209.926,179.671
271.889,134.040,211.171,179.971
273.867,134.436,209.573,179.360
275.548,135.214,208.485,179.110
272.953,136.010,210.369,178.896
270.718,136.550,212.271,179.021
271.331,137.678,211.388,178.678
271.321,136.630,211.359,179.411
269.420,135.379,212.819,180.275
269.732,134.237,212.367,181.064
269.948,133.480,212.659,182.394
271.204,134.666,212.460,182.651
270.354,134.421,213.807,183.268
267.720,136.061,216.339,182.689
268.170,134.549,216.216,185.434
265.985,132.069,216.144,186.965
267.702,134.779,216.129,185.502
264.959,136.952,219.307,184.975
264.587,135.881,219.782,186.396
266.778,135.034,218.551,189.894
265.756,140.216,218.258,188.069
266.725,142.754,217.100,187.611
266.054,143.970,216.324,187.902
270.043,141.975,213.777,187.204
270.114,139.781,212.335,184.708
269.179,145.033,214.183,181.910
267.931,142.015,215.268,181.024
265.982,140.887,215.999,179.530
263.894,137.655,218.052,181.685
261.518,134.763,220.705,183.746
257.855,129.846,224.197,185.798
258.763,126.363,224.681,187.904
254.440,123.760,227.481,189.920
254.482,124.838,228.659,189.270
253.078,123.006,229.778,191.463
252.616,123.022,229.928,190.832
253.017,122.856,230.230,191.114
251.765,122.434,230.540,190.538
251.528,120.376,231.127,190.155
252.075,119.501,231.048,189.919
252.283,117.190,231.470,190.835
251.480,114.858,231.475,191.246
250.233,114.244,232.214,190.730
250.523,114.494,233.179,193.109
248.765,113.912,233.388,197.651
249.066,114.496,233.260,201.266
248.720,112.345,232.884,199.598
246.853,113.509,233.773,198.090
246.677,113.973,234.635,198.854
245.763,114.189,236.127,199.577
245.137,114.476,237.340,201.281
244.717,115.077,237.347,202.316
243.583,116.200,238.476,201.715
243.557,118.001,238.589,200.396
244.706,118.892,237.865,202.563
243.395,117.617,239.717,201.766
244.647,118.978,238.419,204.447
246.715,120.276,237.420,204.950
246.655,120.219,237.249,202.717
248.798,119.640,235.504,206.914
248.733,118.896,233.475,208.468
250.898,118.659,233.901,208.251
249.655,119.999,233.377,207.442
250.456,119.137,233.185,209.568
250.218,116.619,232.928,209.886
248.453,114.338,233.227,211.857
247.693,117.085,234.782,208.682
248.188,117.392,234.082,208.992
249.029,118.341,235.877,208.236
245.950,118.753,236.496,208.080
246.106,120.301,237.921,209.449
243.165,124.142,238.066,212.642
242.914,124.655,240.044,212.350
243.472,124.453,240.979,214.697
240.126,122.255,242.439,210.698
239.377,126.525,243.913,215.033
236.079,120.795,247.550,212.170
232.956,124.313,250.085,213.061
229.282,122.198,253.129,207.570
228.102,123.984,254.735,212.565
226.836,118.505,256.894,213.177
228.054,121.066,255.832,214.015
224.283,118.351,258.279,210.456
225.118,121.763,257.714,217.231
222.568,117.547,259.604,213.341
223.027,119.263,259.765,214.843
219.543,115.399,263.254,214.936
220.293,117.635,262.522,218.947
215.088,113.327,267.682,211.405
218.126,119.617,266.448,214.343
216.316,117.853,266.989,211.921
216.672,121.249,265.588,212.466
215.182,114.641,266.208,208.435
217.072,119.094,266.406,210.600
214.593,116.992,266.454,208.624
217.908,118.910,265.368,211.721
221.811,118.270,261.186,215.261
221.960,119.049,260.629,215.878
224.330,117.933,259.485,212.242
221.570,116.003,260.444,210.406
223.035,114.965,258.718,211.811
222.818,114.098,258.627,214.223
223.156,110.414,258.791,213.075
224.287,111.891,258.239,216.062
222.219,111.936,260.428,214.982
222.153,111.997,260.616,216.014
220.742,110.578,262.263,211.726
219.577,112.383,262.510,209.930
216.393,113.376,264.009,209.675
216.061,111.093,266.811,206.798
216.542,113.922,267.908,205.253
212.811,118.061,269.948,206.963
211.771,117.822,271.464,205.775
212.435,119.786,270.864,205.936
212.610,120.372,271.444,202.205
214.667,130.908,269.472,197.894
213.503,125.722,269.886,196.843
212.995,129.182,271.489,197.661
213.509,129.985,270.340,199.638
211.507,132.499,271.812,198.125
212.144,133.221,274.025,197.519
211.832,135.426,272.845,198.174
208.394,131.172,274.344,201.761
208.214,132.585,275.362,200.074
207.450,133.508,278.255,197.950
204.758,132.593,278.986,198.474
208.645,132.607,277.677,195.222
201.268,128.847,281.094,195.550
216.557,130.867,270.320,195.200
209.770,123.419,272.770,198.394
216.357,137.441,266.674,191.100
211.532,147.857,269.047,174.587
242.870,138.974,246.372,176.306
269.175,134.935,221.653,176.734
284.341,121.211,203.851,180.782
289.899,112.987,193.715,177.409
