812.000,247.000,413.000,279.000
824.750,244.485,431.980,277.614
834.687,239.254,440.852,282.644
833.513,240.676,439.887,279.845
842.509,233.695,437.111,271.684
838.835,229.227,439.688,266.297
857.247,237.195,431.307,274.298
861.040,236.799,421.977,268.018
874.357,240.388,410.440,261.157
887.872,247.904,397.421,265.133
902.674,250.953,385.880,250.520
905.040,258.710,380.975,238.163
907.733,264.141,375.024,235.626
906.965,270.981,371.768,232.810
905.679,277.630,373.620,226.734
868.285,300.276,402.257,223.531
860.416,299.691,418.442,225.353
835.692,295.686,439.701,226.585
828.913,293.617,452.204,223.038
808.148,292.487,467.785,218.734
802.558,301.853,461.957,227.776
780.446,289.359,444.573,241.979
757.321,280.064,430.767,254.360
737.423,275.332,426.561,260.259
740.923,299.149,414.040,248.599
738.525,299.183,401.166,241.605
752.428,323.777,384.847,224.156
762.714,327.287,366.624,219.228
774.176,347.259,350.597,206.308
772.742,360.846,347.546,185.620
769.342,368.829,348.550,166.225
778.397,374.295,344.995,153.711
764.809,378.854,353.186,148.757
786.817,379.769,339.784,147.902
781.200,379.645,337.233,144.542
776.713,370.160,339.005,140.738
767.645,367.018,344.827,143.040
788.680,367.061,330.652,148.031
806.376,369.916,317.716,151.712
808.128,374.216,318.038,155.649
832.966,377.851,308.276,154.981
848.121,373.676,301.675,156.047
868.122,362.073,290.424,168.553
885.951,360.628,289.464,173.240
889.495,366.247,290.046,166.588
906.323,372.543,288.319,159.378
905.113,368.603,287.905,155.770
901.619,368.155,291.058,153.336
891.263,377.782,292.104,146.863
905.017,377.784,281.334,144.725
912.643,374.902,271.088,144.080
905.789,376.218,271.900,144.984
923.184,372.631,259.527,146.356
915.584,368.805,255.594,141.423
913.826,370.226,254.877,138.614
928.800,372.689,242.855,139.635
920.327,369.169,239.260,140.156
911.242,368.489,240.012,136.705
896.527,367.703,245.205,135.440
886.228,366.517,245.006,133.606
877.245,367.531,247.038,126.777
880.908,378.801,241.663,123.730
883.271,380.168,237.861,126.231
885.556,371.715,231.009,126.387
882.504,364.794,228.984,124.931
868.327,371.729,236.662,108.404
869.297,377.668,237.385,98.072
863.322,373.537,239.917,93.340
850.795,366.728,251.832,92.682
850.285,372.429,256.521,93.732
838.157,369.060,268.705,95.447
851.604,372.367,272.265,95.079
838.086,362.593,284.649,98.745
852.627,357.052,287.757,103.964
863.213,348.835,282.468,117.137
889.650,340.027,269.106,128.980
886.521,334.718,265.153,135.715
863.492,330.100,267.079,141.546
841.403,338.394,269.096,137.960
822.684,343.425,274.070,136.552
810.747,342.916,277.638,136.003
808.259,345.475,267.998,137.261
802.240,350.218,254.011,139.483
777.457,350.041,253.529,142.067
770.370,350.648,245.973,142.809
766.673,338.658,225.164,146.450
764.146,334.581,208.697,150.801
760.971,332.324,196.276,153.584
756.322,333.481,185.321,156.794
751.711,333.689,177.141,158.852
745.327,334.818,167.425,159.599
741.359,338.456,157.724,157.909
737.083,340.382,151.018,158.381
732.773,342.971,145.139,158.247
731.965,348.753,141.194,156.646
729.945,356.434,134.574,149.160
733.612,356.697,128.395,146.673
738.393,365.350,121.559,140.369
738.557,363.019,114.865,140.265
741.534,359.023,110.001,142.433
745.339,358.924,105.888,141.983
745.711,358.525,102.784,141.647
745.317,358.610,100.722,138.445
736.236,352.946,102.122,141.016
736.907,349.884,103.024,145.036
738.016,343.443,101.636,147.684
744.363,339.326,100.070,150.525
744.748,334.710,100.452,155.128
746.408,331.965,100.958,158.421
752.330,332.871,98.855,160.784
756.096,331.710,100.739,153.780
753.408,341.376,102.058,143.721
750.181,333.138,102.694,143.998
751.473,335.550,102.512,142.697
747.171,342.522,105.092,136.349
725.713,342.123,109.426,129.202
720.166,340.077,115.464,126.774
708.399,343.060,121.679,123.375
696.122,344.939,128.833,118.107
688.808,343.503,139.696,119.142
676.825,344.690,146.713,118.245
666.163,338.339,144.788,123.257
661.877,334.723,142.247,127.159
657.144,335.844,141.661,126.928
654.178,338.036,142.801,124.931
652.713,333.273,148.339,127.872
650.948,332.805,153.656,127.586
652.915,327.044,156.520,130.727
647.444,325.211,159.280,130.242
647.155,325.829,157.758,130.022
652.756,323.406,154.014,129.055
658.943,320.831,144.296,130.435
664.515,315.328,134.190,135.136
664.870,308.318,127.936,139.724
668.740,304.804,123.891,142.673
680.977,303.675,114.404,148.174
695.478,300.992,103.798,154.444
705.101,294.113,95.719,157.342
710.092,287.839,91.121,156.735
717.116,284.729,85.894,157.307
722.025,283.055,81.022,157.080
723.713,279.431,77.267,159.002
725.855,278.221,74.853,160.491
727.261,277.796,71.233,162.944
728.196,275.422,68.073,163.763
714.245,268.074,75.208,158.604
698.842,257.856,83.792,156.158
669.423,257.217,104.489,147.953
660.965,268.461,116.639,151.078
646.803,268.227,130.899,153.565
632.388,276.950,141.521,159.671
621.769,283.869,151.452,168.832
616.918,287.878,155.565,183.203
618.821,290.156,155.238,197.037
609.256,287.502,162.031,202.735
600.766,280.968,172.541,193.082
612.745,283.169,167.293,196.334
593.073,274.522,181.364,175.117
593.089,279.170,182.858,173.251
592.404,285.132,186.615,184.505
594.078,286.752,194.024,182.957
578.441,286.620,202.464,180.503
559.865,288.758,202.033,179.398
554.486,290.878,202.197,175.792
552.640,290.603,203.526,173.765
534.807,287.348,195.203,180.248
535.649,290.789,186.602,185.963
534.708,293.550,186.597,187.102
531.611,296.829,190.800,185.594
525.567,299.657,191.205,183.174
518.486,305.227,194.173,180.702
518.915,304.826,207.179,177.142
508.086,305.709,203.941,183.120
506.731,302.851,200.735,194.940
512.872,297.547,202.659,199.898
503.616,277.446,203.683,211.035
501.032,265.669,194.368,226.955
504.421,250.890,189.381,241.685
503.445,233.301,201.340,238.362
494.133,214.706,205.443,234.883
491.539,207.704,213.739,231.593
473.395,189.612,215.253,225.250
473.154,203.228,226.589,222.500
510.961,224.204,218.079,228.241
528.866,220.288,214.049,233.847
539.092,189.585,194.795,259.214
541.216,166.016,189.271,271.310
521.655,151.090,203.522,267.233
503.701,158.244,212.615,276.336
402.670,169.146,234.478,282.831
400.472,181.551,211.700,315.135
405.040,168.419,204.708,344.979
409.903,159.095,218.412,367.692
417.757,156.071,233.950,394.370
425.671,147.422,249.637,413.950
463.875,130.739,276.900,411.125
462.028,154.520,281.259,434.730
492.475,154.762,313.695,425.976
486.870,183.654,324.205,440.334
506.607,193.256,349.703,442.732
506.162,216.805,357.556,474.922
512.437,220.519,388.942,484.265
505.427,228.431,423.592,473.113
503.620,247.248,477.010,448.961
485.885,241.203,533.373,449.981
475.172,231.805,600.415,444.705
433.428,224.098,638.832,463.539
376.402,213.285,666.111,481.509
327.731,200.523,686.774,499.960
232.024,201.228,742.186,506.510
173.330,196.251,788.875,519.505
134.053,186.614,813.655,526.811
106.677,169.301,840.811,540.654
92.709,159.759,860.532,550.542
101.570,140.601,868.400,567.967
103.909,107.201,891.346,595.571
106.865,86.140,926.289,625.083
110.373,64.562,952.138,640.185
111.747,49.404,972.796,649.332
116.172,41.035,982.998,669.849
122.990,45.020,986.811,664.208
129.938,49.765,995.833,659.932
131.601,40.999,990.516,670.232
114.710,46.777,988.467,666.819
112.073,34.504,973.690,677.136
72.385,40.348,971.142,667.310
65.918,25.087,955.543,673.603
85.737,31.580,924.236,685.572
101.468,28.805,897.364,688.465
102.238,28.931,889.718,680.603
117.181,27.821,870.518,682.462
124.017,20.503,849.586,683.961
114.396,25.416,841.594,676.350
131.555,17.987,833.038,677.993
159.980,15.609,810.410,679.064
180.715,7.155,778.080,663.756
188.225,5.849,760.808,637.834
188.690,10.955,744.969,617.171
197.576,19.427,730.025,601.228
211.631,23.285,717.687,596.933
222.409,21.077,702.010,590.367
245.264,19.539,679.008,586.174
234.329,15.991,681.635,575.619
238.626,23.659,676.736,561.050
243.680,26.858,668.863,549.554
243.567,17.504,669.551,542.528
244.281,9.096,659.860,541.274
261.527,10.159,646.487,532.917
254.168,10.724,648.028,527.144
254.870,11.609,639.036,525.380
251.923,18.395,626.579,525.784
