795.000,99.000,441.000,148.000
798.310,106.399,416.302,150.202
804.134,106.621,402.476,149.449
799.728,107.938,386.002,147.561
794.092,109.113,377.543,147.981
786.132,110.389,372.535,146.339
777.742,115.909,367.708,143.740
775.365,120.872,363.709,140.935
775.450,119.527,346.509,140.972
771.472,115.636,334.567,139.380
759.714,117.161,332.159,135.092
753.387,117.318,334.109,132.256
755.020,115.439,325.801,131.928
752.948,114.382,317.865,130.850
749.176,112.255,313.428,127.827
741.302,109.645,314.320,124.919
746.561,109.786,305.093,123.811
745.037,112.796,299.423,120.902
737.574,117.264,300.791,118.359
735.289,119.975,292.879,118.401
729.605,126.280,290.091,119.114
720.290,128.872,296.369,117.996
717.769,133.004,294.833,123.991
712.673,128.234,297.203,123.911
696.434,123.518,310.683,123.347
713.112,126.319,300.443,124.139
689.655,121.511,313.493,120.509
697.930,127.061,311.536,117.586
696.864,126.530,310.066,118.706
701.586,134.965,305.108,121.648
682.768,134.595,319.729,116.537
628.631,126.900,333.667,114.389
573.457,127.650,333.832,118.113
506.502,109.072,313.110,134.342
505.013,108.811,303.641,142.241
506.532,111.108,295.483,146.193
507.658,109.779,290.703,147.076
506.568,111.918,284.679,148.920
505.103,110.475,281.131,149.053
501.629,105.954,278.229,149.981
499.733,102.327,273.094,149.366
499.128,99.898,271.485,147.366
495.226,99.878,269.002,145.666
490.818,98.855,266.041,141.875
490.437,101.705,263.509,141.198
487.914,101.546,262.971,138.571
486.578,100.949,261.007,137.087
482.711,102.975,261.130,133.684
481.827,103.728,261.835,131.212
480.370,105.245,261.898,130.744
478.572,103.218,262.237,129.884
480.320,103.319,258.547,131.342
479.723,105.005,258.510,131.287
480.344,105.621,259.173,129.623
477.533,108.499,260.812,132.514
476.599,108.025,263.946,132.723
472.989,107.188,267.280,131.955
472.800,102.903,268.756,131.841
471.760,103.272,270.104,131.445
470.546,98.398,271.962,129.157
469.004,99.112,269.828,127.143
463.871,102.183,272.594,124.325
462.187,102.929,274.443,123.275
460.656,104.259,277.509,122.489
457.751,104.054,282.376,124.205
453.201,104.098,286.480,126.760
453.633,104.662,288.901,127.767
519.451,115.802,313.255,127.295
470.273,110.301,322.492,128.882
506.581,120.132,329.054,131.937
446.389,103.893,319.209,137.343
516.047,118.521,320.994,134.095
498.275,113.203,331.745,132.077
467.651,105.773,335.036,135.583
440.835,93.191,316.407,137.164
444.072,90.690,302.782,139.196
453.220,87.551,290.795,139.037
457.647,87.878,284.461,138.894
461.957,85.852,282.570,139.043
463.095,90.421,279.345,136.042
465.172,92.379,276.437,135.346
466.872,95.863,273.636,134.736
468.711,92.546,271.569,133.402
468.514,92.950,270.213,133.329
465.266,87.183,267.506,132.708
460.842,90.671,267.278,134.572
457.715,90.446,265.363,136.382
453.672,87.015,264.059,137.917
449.005,87.751,263.600,138.712
448.116,86.063,264.325,139.999
442.858,85.417,264.941,142.900
438.705,86.943,264.505,143.103
436.090,85.826,263.009,143.221
430.816,86.157,265.265,143.507
425.938,89.747,266.275,142.551
423.225,87.451,270.100,141.906
420.121,84.210,275.005,141.752
414.200,82.111,271.391,143.249
415.137,80.780,273.737,142.704
414.536,85.621,273.976,143.279
415.834,85.192,275.525,145.672
420.767,83.926,277.590,145.987
424.624,82.727,278.908,145.974
429.836,81.060,275.149,147.336
433.166,81.378,276.079,143.689
435.560,84.566,278.809,143.664
439.166,84.817,275.795,146.789
448.585,85.294,276.404,147.793
452.983,84.619,274.949,150.407
459.383,83.479,275.937,150.856
467.906,83.334,274.695,150.807
475.627,83.262,272.293,149.350
486.338,80.599,270.423,148.359
487.422,85.808,275.168,148.695
495.361,87.326,276.311,148.137
499.015,89.100,279.681,144.980
500.065,87.841,288.590,143.922
501.971,86.434,291.507,144.226
504.717,83.531,289.889,147.272
508.129,84.378,290.051,145.930
509.463,89.924,292.155,143.420
510.121,93.550,291.691,143.821
514.123,94.330,291.076,144.920
515.520,97.651,290.491,147.701
517.882,99.492,291.543,150.760
516.328,100.921,291.087,153.845
519.422,100.750,291.622,158.612
516.080,102.440,289.618,163.766
518.194,102.538,284.799,169.090
516.015,102.939,286.375,175.193
513.242,103.948,291.457,177.901
507.681,110.391,294.985,177.860
511.410,118.015,293.930,178.473
511.422,116.269,293.258,179.618
511.941,125.307,293.350,182.030
514.524,115.476,287.370,182.357
520.581,121.918,288.148,182.454
520.993,115.536,285.117,182.316
519.777,114.020,285.861,182.670
520.773,111.625,287.360,180.719
525.582,127.858,287.951,173.477
527.315,123.376,282.951,169.415
530.453,134.086,282.483,165.586
532.748,132.081,281.912,157.604
538.256,135.392,274.947,154.627
539.418,129.853,270.920,151.179
545.842,137.966,274.273,143.411
549.706,143.532,275.108,139.446
550.979,144.136,274.571,136.964
553.638,146.504,275.390,134.605
554.352,150.136,277.855,134.517
553.736,152.220,276.831,132.040
556.512,152.992,274.638,130.979
551.924,154.849,276.055,129.283
553.178,156.063,277.115,130.956
549.376,151.442,279.608,130.893
545.226,147.521,281.174,133.391
542.940,142.686,280.175,139.372
538.049,140.215,281.549,140.278
531.708,139.762,276.159,141.316
524.530,139.872,271.609,141.521
523.632,135.470,266.874,141.966
518.584,133.942,264.219,143.669
515.129,134.832,259.507,143.195
515.334,133.228,252.880,143.944
510.783,137.175,251.550,142.577
512.549,137.719,249.524,143.441
513.924,138.460,248.928,143.461
515.284,139.392,249.791,145.562
518.882,138.783,248.995,146.191
517.740,139.846,251.245,142.128
514.571,143.351,254.062,136.991
519.038,141.393,252.007,135.843
518.862,145.825,253.515,132.036
508.860,154.741,257.268,124.573
507.608,159.933,261.138,118.687
515.734,161.458,257.551,117.112
514.272,167.223,258.124,113.744
518.335,169.077,257.152,111.634
522.086,174.693,254.898,110.540
513.040,177.252,257.108,111.036
521.058,178.060,253.361,112.975
518.363,179.414,257.313,113.179
515.941,179.297,257.715,112.576
517.421,178.067,257.341,112.675
516.289,180.035,252.627,114.596
512.463,179.478,242.393,118.199
496.607,180.027,234.271,119.474
480.650,183.097,227.187,122.606
466.372,179.376,224.288,122.413
443.203,185.860,219.303,130.510
430.588,190.375,211.629,133.820
429.664,188.077,197.333,145.121
419.511,166.069,193.057,149.058
406.134,172.000,204.913,144.118
448.545,109.064,211.851,159.921
440.545,79.790,202.571,174.915
464.269,110.995,230.330,159.125
519.390,137.425,237.033,147.976
520.119,151.370,239.607,136.119
520.377,157.277,236.492,128.684
497.463,160.517,241.805,123.662
487.771,164.565,247.516,118.650
475.406,169.565,250.663,118.332
475.957,170.252,250.402,118.515
455.120,167.972,264.144,113.367
466.599,173.178,257.291,112.777
465.580,172.875,259.069,116.913
459.668,173.819,263.864,116.952
454.566,174.838,267.595,113.046
446.341,174.499,274.366,110.146
440.894,177.141,275.643,113.232
442.051,178.321,275.424,114.689
441.046,176.091,276.833,115.123
441.105,176.004,272.934,115.854
437.309,174.923,272.380,116.667
440.811,174.232,269.252,113.003
440.753,173.067,264.849,113.227
439.105,174.525,263.327,112.276
432.078,171.380,264.354,109.041
428.779,176.084,265.066,108.297
421.626,172.034,267.079,104.683
422.219,182.695,264.390,107.335
436.381,178.742,257.232,108.757
431.778,177.092,255.588,110.686
441.251,175.813,249.408,110.511
444.948,174.161,245.718,110.813
450.592,175.102,246.601,108.682
440.358,180.785,247.818,106.948
453.567,178.418,244.207,110.017
456.145,178.119,240.005,112.755
460.792,179.961,238.777,111.377
472.265,181.909,238.294,110.272
471.997,184.112,236.729,108.262
480.089,185.803,235.345,108.650
487.275,186.153,232.729,108.036
493.806,188.390,229.343,109.882
493.089,186.801,228.922,109.067
491.230,188.428,228.075,109.379
490.804,187.592,227.615,109.002
487.838,187.618,228.921,109.610
483.844,187.463,229.802,109.184
478.981,187.025,230.193,108.232
472.204,188.846,228.820,111.032
467.124,187.800,227.984,112.617
458.158,188.469,229.503,115.287
443.582,190.580,236.286,117.597
436.278,190.904,236.290,116.919
409.682,190.885,249.676,116.143
409.766,190.615,255.478,119.266
391.958,189.116,265.628,119.205
383.103,189.712,268.670,119.561
370.729,191.392,271.188,121.786
361.458,188.336,273.704,117.745
343.871,187.089,279.521,116.027
337.184,187.179,278.307,118.637
330.298,185.598,273.885,122.701
324.273,183.168,269.617,124.635
297.324,185.256,276.282,128.702
274.347,184.411,289.869,129.755
255.723,182.779,297.949,130.663
237.141,180.547,304.558,130.011
224.576,178.989,305.351,134.122
212.798,174.383,311.955,132.128
212.787,172.070,315.823,128.632
212.927,173.843,310.334,130.701
212.440,166.528,306.947,129.177
208.627,168.031,302.582,128.175
208.570,167.246,296.729,127.422
203.575,164.580,295.167,123.896
201.747,163.712,295.984,125.493
194.444,161.640,299.498,122.502
185.478,160.926,306.654,121.868
172.071,161.779,309.877,124.733
165.109,164.835,304.017,128.549
144.553,163.687,307.094,131.579
131.078,167.386,308.448,138.791
117.721,160.387,313.699,142.081
116.256,164.609,311.574,143.765
109.979,158.337,311.948,144.786
104.942,157.266,310.344,145.374
98.779,154.035,313.936,147.697
90.194,149.138,317.625,147.619
93.516,145.435,312.109,149.008
91.933,144.692,309.231,152.005
100.072,139.257,301.613,154.255
107.493,138.701,291.440,156.724
102.649,136.359,297.867,154.724
99.560,136.693,299.063,156.793
96.921,135.586,296.876,155.853
78.777,135.567,311.770,155.518
85.947,135.596,313.332,157.390
84.136,135.088,310.417,156.588
79.930,134.236,318.828,154.320
56.105,139.861,324.268,152.408
83.569,130.305,328.793,153.827
58.802,133.771,329.900,152.874
43.065,135.786,323.449,154.506
31.332,143.037,318.976,156.058
48.518,137.842,322.171,154.767
37.041,139.012,316.402,156.562
65.071,133.574,322.700,154.504
36.599,137.525,316.781,152.819
33.107,144.181,311.239,151.296
99.731,127.020,312.999,152.248
97.227,123.291,319.989,151.717
87.475,124.569,333.578,150.951
122.667,120.284,350.702,149.889
119.845,122.884,379.795,152.553
134.809,117.872,406.414,155.484
130.178,114.077,443.948,154.971
110.598,113.499,473.645,156.090
87.419,110.586,491.373,161.276
75.288,107.553,504.486,168.300
64.487,105.727,513.511,175.601
68.047,100.681,516.266,186.801
66.940,92.510,518.502,193.537
55.654,95.781,527.907,191.375
64.114,97.280,534.463,195.124
62.537,101.772,548.671,198.026
64.184,98.327,547.293,208.058
68.839,95.439,538.545,217.564
82.810,97.725,520.408,229.153
88.776,98.189,509.675,241.964
77.018,97.133,505.055,247.809
74.674,92.783,511.544,247.500
53.727,89.498,526.426,244.789
36.749,93.510,540.858,235.806
16.239,93.914,546.173,238.389
24.053,91.380,544.906,238.777
21.789,93.324,550.032,236.236
11.498,94.351,551.662,232.189
9.662,92.846,548.382,232.917
5.727,92.641,546.928,234.362
1.739,89.976,543.586,234.966
0.808,88.075,543.866,239.276
0.189,85.730,540.550,234.828
3.556,85.201,539.762,230.474
5.594,90.204,537.328,227.553
9.519,86.729,523.624,225.846
12.711,83.369,516.331,228.243
9.858,82.462,516.854,229.878
10.998,84.440,513.104,229.849
14.009,87.546,508.298,229.485
24.065,86.484,499.410,233.939
27.001,82.661,496.296,232.294
22.517,78.448,493.200,227.687
42.858,84.088,474.652,234.017
56.760,83.509,461.481,232.576
34.811,93.257,471.284,221.210
42.980,88.178,467.830,218.006
33.490,95.018,469.645,219.372
26.925,88.853,466.726,218.292
24.267,90.621,459.659,220.583
25.221,88.113,453.079,224.004
16.533,83.266,452.087,226.399
10.038,71.489,454.239,229.255
10.276,79.093,452.321,233.952
6.557,74.638,454.162,234.374
3.153,70.724,459.589,231.791
0.000,69.652,458.373,233.993
0.000,62.182,454.203,234.561
0.321,66.020,458.921,232.721
0.000,61.853,455.243,234.006
0.000,53.777,456.179,242.419
0.000,49.785,460.861,245.176
0.000,58.309,469.124,245.921
0.000,51.149,468.331,252.120
0.000,57.118,474.264,255.910
0.000,41.726,479.355,256.053
0.000,55.483,480.797,258.726
0.000,44.328,480.837,265.916
0.000,47.450,479.294,266.931
0.000,41.718,482.692,260.479
0.000,43.460,482.854,262.869
0.000,50.322,486.650,266.816
0.000,50.220,482.815,270.712
0.000,57.116,480.792,274.269
0.000,58.044,476.356,276.749
0.000,66.405,478.760,276.502
0.000,66.139,480.174,277.295
0.000,68.926,493.130,276.795
0.000,66.503,495.275,269.252
0.000,82.165,513.226,264.653
0.000,83.804,509.934,267.958
0.944,88.550,510.237,264.097
7.969,97.187,518.551,259.515
4.885,91.745,524.495,256.206
4.967,94.676,525.260,263.094
10.370,94.721,528.508,260.758
12.736,96.469,530.545,259.798
14.335,101.533,532.391,262.179
16.286,98.738,531.950,260.509
21.369,101.062,532.815,260.386
26.333,101.841,537.682,256.369
17.100,104.062,547.291,253.493
23.079,103.098,548.671,252.789
19.944,106.779,550.687,253.504
19.925,100.175,549.635,255.526
20.017,107.156,553.517,254.292
21.268,102.559,548.926,255.237
26.690,104.361,547.540,253.080
24.647,106.695,545.092,251.527
27.602,101.536,545.270,245.711
11.093,115.013,553.728,247.290
29.076,108.750,541.160,249.610
32.278,110.266,542.964,244.674
23.730,116.743,546.070,245.462
46.640,109.774,532.390,244.971
28.877,114.925,538.091,240.631
54.723,114.481,523.350,241.901
58.643,111.482,522.118,240.107
55.472,115.855,518.392,246.058
62.737,111.021,521.469,240.516
64.527,110.481,514.523,240.399
57.434,114.391,523.205,238.597
62.948,113.856,520.579,239.929
67.126,114.372,516.114,234.156
72.846,113.829,515.861,232.749
57.822,115.227,524.150,234.125
88.929,114.702,502.795,240.337
86.294,114.955,503.035,237.454
97.029,119.832,502.889,235.043
106.644,121.694,489.899,237.293
95.412,116.931,502.861,227.394
94.332,123.077,511.174,223.171
84.821,128.646,516.158,223.744
122.294,127.332,491.378,230.691
108.507,127.602,493.389,230.886
95.698,122.448,514.359,221.563
102.332,127.705,508.022,225.051
97.015,128.362,514.237,220.359
90.981,129.069,517.613,218.093
103.332,130.531,510.218,220.332
88.630,131.297,520.072,216.369
100.901,134.818,511.433,219.529
99.702,129.831,511.796,221.583
101.335,130.280,504.022,225.701
104.353,126.597,506.839,219.009
131.591,127.744,484.580,228.512
148.876,129.184,470.633,233.892
137.949,127.147,474.186,234.881
147.488,122.400,470.903,230.361
159.051,123.326,459.854,230.572
169.642,124.734,444.698,231.485
177.712,123.116,440.058,233.409
178.313,119.878,438.236,232.506
175.282,120.532,442.462,229.134
172.053,120.575,443.300,226.880
172.340,121.438,442.416,224.312
168.547,122.223,446.150,219.602
172.303,122.005,449.034,217.032
173.294,122.915,448.732,218.121
165.630,122.194,454.483,212.471
166.033,125.205,454.465,214.466
167.454,122.542,455.063,214.148
170.625,127.678,452.799,219.045
171.269,124.195,450.046,216.040
167.111,124.232,454.147,212.429
161.398,129.548,457.191,214.301
164.823,129.383,457.345,214.225
181.296,129.554,445.254,222.011
163.100,123.156,451.748,215.637
167.680,128.546,451.742,217.771
185.654,128.085,442.414,222.898
165.179,125.768,449.487,214.314
174.178,131.781,446.552,215.543
175.444,129.440,443.898,216.605
183.628,128.765,438.464,219.357
176.639,125.252,438.414,215.713
187.516,128.764,435.829,216.913
175.189,126.278,437.765,211.421
182.325,129.168,438.523,213.523
178.492,128.521,438.695,212.416
164.603,128.899,449.693,209.630
175.629,135.099,446.073,218.408
157.204,128.635,456.477,214.905
163.681,131.286,455.734,220.803
149.946,132.288,457.223,224.869
133.312,126.336,473.550,220.898
147.620,130.899,467.905,221.907
135.004,130.006,475.320,224.867
129.313,129.508,486.018,220.404
128.643,130.826,485.949,221.246
125.925,131.081,488.235,220.881
108.970,131.677,499.093,220.317
91.057,129.721,512.299,219.766
94.292,131.240,509.371,222.566
97.005,126.110,508.814,222.943
87.067,127.641,519.841,220.147
93.893,130.644,513.272,223.575
103.644,130.092,507.277,221.271
99.831,130.524,509.988,215.624
94.006,134.840,513.015,214.177
92.038,136.958,514.372,217.171
87.367,133.928,517.757,217.832
95.479,136.700,511.735,218.747
78.793,134.902,522.915,215.737
97.865,135.709,514.900,217.301
81.909,137.330,527.832,210.804
89.324,139.592,519.436,218.997
75.082,139.853,529.480,214.753
83.864,141.714,526.679,215.634
80.300,141.249,526.809,217.398
81.239,143.165,528.681,219.479
80.062,144.629,532.597,218.653
77.805,145.528,536.946,218.444
80.449,149.508,534.606,222.655
68.058,144.143,544.464,221.541
84.702,147.545,530.688,224.765
80.889,144.470,533.175,223.612
76.839,149.614,538.598,224.283
77.781,141.747,538.212,220.924
82.405,150.568,531.869,225.152
87.261,142.445,528.671,223.981
81.186,148.903,534.349,224.028
85.775,140.057,525.462,227.857
88.564,149.686,525.408,229.697
77.282,141.303,534.362,225.578
77.671,148.261,535.831,225.080
76.376,143.010,533.316,227.187
94.577,149.262,523.125,234.101
89.764,143.865,517.646,236.440
83.237,145.984,521.966,232.873
94.414,141.493,515.443,233.973
78.013,145.562,522.320,229.025
91.121,141.296,516.887,224.233
75.737,149.644,525.368,219.641
84.663,145.144,521.000,217.190
72.274,149.603,530.528,213.107
92.811,152.056,514.457,219.719
78.642,147.984,519.418,220.155
84.568,145.350,520.336,220.301
79.833,146.871,524.040,218.352
83.011,143.684,524.791,216.355
84.842,148.669,522.510,218.427
82.642,144.612,522.249,224.639
78.340,139.787,526.748,221.047
85.634,146.153,525.125,220.457
82.148,140.185,525.356,222.882
70.940,140.483,530.297,220.433
65.131,142.984,535.470,217.813
75.005,137.284,531.476,220.927
73.470,143.715,534.678,219.979
84.142,138.474,531.162,221.506
75.500,139.237,529.063,223.135
85.879,133.782,524.528,226.241
77.536,135.415,523.877,227.408
75.233,127.833,530.193,218.853
54.418,137.171,544.450,213.656
51.718,135.998,541.993,216.529
68.494,130.997,529.335,219.020
68.428,129.749,530.298,218.169
62.277,129.384,538.232,216.308
58.669,127.729,540.498,216.288
66.242,124.270,529.904,219.958
62.379,124.472,537.414,217.012
59.543,124.074,539.527,217.271
61.701,118.699,537.905,214.751
52.472,122.997,542.267,215.456
54.339,119.088,540.663,217.194
43.937,115.791,550.782,215.508
42.945,116.933,548.616,215.682
43.042,120.279,549.395,215.689
49.006,115.294,544.050,215.214
39.564,117.594,549.786,215.839
48.795,116.347,548.098,218.326
49.540,110.591,546.666,217.017
39.558,112.110,548.089,215.018
39.874,116.857,552.133,215.196
42.406,115.530,549.564,214.957
50.675,114.139,542.955,218.155
57.539,112.424,535.008,221.707
53.987,111.542,534.078,217.421
49.813,114.405,537.470,213.561
