214.000,359.000,822.000,130.000
210.950,365.669,833.912,131.238
204.298,365.767,830.275,130.957
213.233,372.773,823.533,128.981
209.082,367.427,819.552,130.288
218.559,368.469,823.739,130.812
218.996,367.659,802.658,125.081
225.584,371.288,816.263,126.260
215.223,375.424,827.961,128.594
228.730,379.292,818.436,129.968
221.689,373.959,802.885,132.900
231.668,379.329,808.208,131.433
232.518,374.389,803.020,134.332
236.540,376.653,810.566,128.314
239.172,376.786,814.983,127.091
242.263,378.462,810.734,123.771
235.383,378.853,812.929,124.827
251.726,378.704,810.199,127.719
253.826,379.877,806.267,128.122
256.415,380.469,798.851,128.424
251.138,378.478,778.562,130.414
249.752,378.020,794.522,127.080
248.364,382.408,807.689,125.198
251.009,375.394,789.765,130.928
258.337,377.888,795.749,130.075
258.371,370.758,782.189,130.089
255.137,374.851,777.716,131.180
259.087,379.133,792.945,131.449
269.316,375.361,773.091,130.175
267.198,380.145,781.693,128.962
270.316,379.606,773.438,130.704
274.993,380.887,780.167,131.690
273.710,375.537,768.821,126.103
285.170,376.942,769.924,128.196
273.988,374.793,788.328,121.599
281.106,375.984,793.607,123.108
289.715,369.200,772.973,124.966
293.040,375.817,779.872,118.646
291.894,372.788,772.577,124.473
288.105,371.222,774.438,124.338
300.377,374.861,779.657,123.605
297.195,369.563,764.997,127.646
297.168,366.622,758.106,126.965
299.976,363.339,766.089,126.733
309.192,366.953,777.152,125.677
302.796,360.875,777.338,126.696
309.846,364.500,776.870,123.317
314.170,362.896,775.752,123.184
301.988,361.721,789.907,123.417
306.166,363.374,778.924,126.368
306.460,364.333,781.932,125.825
304.687,363.978,778.189,126.371
305.998,364.298,776.905,127.413
310.663,364.897,783.146,125.635
309.598,365.084,783.798,125.613
295.625,364.800,780.726,126.114
315.963,365.076,797.628,123.566
304.194,369.602,788.099,123.270
317.611,371.165,782.806,125.919
309.603,371.165,779.667,125.912
317.494,371.094,771.151,128.899
321.535,372.583,767.162,125.371
327.097,373.939,762.554,125.433
318.710,365.312,771.904,125.801
321.915,366.571,768.554,125.392
319.395,366.791,768.846,124.753
314.891,365.682,773.469,123.967
317.010,364.112,772.886,125.396
325.380,362.306,771.359,128.705
321.093,361.543,772.193,127.047
327.595,364.956,772.023,129.450
325.416,362.270,781.236,128.692
326.925,362.328,787.920,121.317
324.173,358.916,770.837,127.300
333.529,360.956,764.280,126.851
327.002,354.098,772.587,126.974
330.440,355.637,760.761,124.892
335.813,354.563,755.539,128.262
324.989,347.996,759.934,127.247
334.592,353.063,752.652,123.898
327.233,345.407,757.481,123.552
336.372,342.909,757.435,122.860
329.880,336.265,745.072,129.163
328.234,334.001,740.582,130.597
336.007,330.151,740.044,127.621
340.688,333.119,748.936,127.191
338.226,325.591,735.288,129.582
334.209,327.201,729.344,127.099
337.824,331.770,721.600,123.290
334.635,337.525,732.970,124.984
332.715,332.434,728.212,124.764
336.605,335.191,731.001,126.241
339.219,334.080,728.438,123.924
336.923,330.432,722.898,125.428
332.366,332.764,720.077,130.726
341.679,329.572,707.928,128.770
342.457,327.875,711.062,132.466
339.196,330.208,711.217,131.160
341.546,334.291,707.534,128.451
342.666,325.778,703.204,128.146
339.939,328.131,700.195,128.106
346.010,328.088,701.330,127.837
340.694,327.976,704.518,130.397
344.372,321.131,693.707,130.340
339.081,324.358,700.832,129.703
342.578,324.812,701.763,130.261
340.605,327.562,704.468,130.059
342.215,325.325,701.017,130.388
329.856,326.644,708.103,128.601
338.223,323.449,699.585,128.030
338.666,329.614,705.977,126.309
343.091,324.633,712.759,125.659
341.401,325.170,707.029,124.838
340.832,329.266,709.645,120.652
344.876,320.827,703.276,124.155
343.190,320.074,693.001,124.118
342.562,321.314,706.354,124.767
332.752,324.004,704.939,125.080
342.922,323.037,699.875,122.956
337.282,322.362,689.762,123.227
341.869,321.352,696.652,125.181
339.716,318.888,683.310,125.055
340.461,318.866,687.446,126.205
344.485,318.586,687.363,128.007
332.623,319.206,693.485,127.629
335.806,321.015,699.706,121.908
334.462,320.426,691.364,123.617
334.602,313.611,689.521,124.903
338.544,315.096,693.363,124.714
341.429,317.675,700.771,120.948
335.634,319.167,698.379,120.411
345.828,318.018,685.292,122.708
341.521,321.962,687.175,121.624
334.724,314.905,686.075,120.988
328.914,314.910,677.205,124.781
330.702,315.343,685.152,123.660
329.193,314.079,681.570,123.385
337.411,315.511,671.467,124.434
330.456,315.209,676.615,122.668
325.932,314.407,676.324,124.665
327.284,314.597,673.864,125.966
316.971,312.381,670.158,127.646
326.699,315.597,677.860,124.150
323.947,314.297,674.179,123.262
328.823,313.517,664.097,120.463
325.299,313.020,662.247,121.445
326.002,315.878,671.094,120.018
319.266,315.151,664.877,117.681
320.661,317.787,671.853,120.678
318.851,314.598,662.365,119.583
312.915,316.366,665.284,120.649
319.551,311.810,661.776,121.183
322.645,313.773,664.624,118.968
312.349,315.740,666.194,120.864
309.481,314.347,670.532,122.521
312.170,308.723,658.690,122.790
312.729,306.733,651.197,122.198
308.957,312.914,655.025,119.361
303.188,311.512,658.314,117.056
305.574,312.104,644.224,118.673
305.535,310.153,637.554,123.373
305.990,306.537,637.265,125.243
306.915,306.301,631.065,124.920
308.584,311.231,635.778,120.751
301.728,307.354,637.878,121.904
303.698,311.578,638.782,121.379
303.683,311.132,633.560,123.640
301.226,312.436,632.254,122.896
305.834,309.256,622.544,125.717
309.721,317.037,630.711,124.696
306.864,313.628,630.889,120.298
306.568,313.810,633.577,119.810
308.474,315.207,628.625,119.418
306.780,322.738,632.684,118.363
302.520,313.406,634.617,121.234
312.380,323.028,633.302,121.565
309.598,317.555,629.563,123.255
313.110,315.537,619.789,122.686
310.426,323.680,639.102,118.438
312.291,319.185,636.436,119.938
312.414,316.208,629.526,123.045
310.260,320.703,623.181,119.267
306.271,321.380,629.777,116.251
312.108,322.279,629.100,116.382
314.844,318.335,629.335,115.572
304.121,318.006,628.579,120.137
317.763,319.009,624.460,121.766
310.771,317.779,632.766,116.424
312.881,320.470,629.906,119.781
314.047,319.901,628.583,119.138
314.130,317.022,623.790,120.669
314.458,318.478,623.274,119.663
314.876,315.788,616.166,123.778
318.905,317.069,611.259,123.619
318.676,314.923,605.766,122.920
316.996,323.380,604.151,118.159
318.102,323.402,611.038,115.496
318.864,317.559,607.009,121.189
329.934,321.182,602.523,120.063
325.403,322.465,601.909,120.532
331.597,319.772,596.677,122.862
327.967,327.828,603.893,118.579
336.968,318.874,593.769,119.037
333.603,324.001,598.226,118.219
331.488,321.462,604.729,120.171
335.628,326.215,597.355,120.175
335.423,328.680,604.803,116.227
333.275,326.139,604.913,115.027
337.301,328.057,600.011,117.171
337.260,330.821,595.330,114.920
343.839,330.746,593.002,114.339
342.467,333.077,584.798,113.810
341.462,333.007,587.389,114.361
347.672,331.558,583.092,115.424
352.043,333.400,585.666,114.587
347.899,335.367,583.568,114.363
349.151,332.870,578.859,114.638
354.664,334.261,578.725,118.578
353.230,332.881,578.092,118.688
357.276,336.238,572.497,118.181
360.635,336.552,570.208,114.583
356.610,337.515,573.846,115.568
353.968,338.265,573.842,117.682
357.906,340.905,568.086,112.807
358.483,338.379,567.775,112.948
359.644,339.050,571.317,114.014
361.750,341.008,571.855,112.528
362.369,341.323,569.271,111.341
359.554,341.980,569.889,112.963
359.990,339.293,565.104,113.816
360.409,340.620,566.806,115.539
358.780,340.634,572.229,112.270
360.739,345.812,566.451,110.206
363.886,344.188,567.308,106.592
359.808,343.957,557.553,109.913
359.106,342.801,562.605,110.504
359.736,342.168,565.009,109.549
358.098,341.451,565.815,109.516
357.879,337.242,562.450,109.288
355.328,343.180,554.093,110.802
361.501,337.612,553.461,111.638
355.727,338.104,554.402,108.939
349.179,337.390,553.073,108.417
354.166,337.179,554.662,107.185
353.875,336.400,549.073,108.140
355.158,337.558,544.969,109.081
363.870,338.107,536.930,109.966
359.828,339.313,542.694,109.602
358.988,340.879,545.059,107.581
353.382,342.133,546.973,108.739
358.279,342.593,547.119,107.932
353.052,341.010,550.499,109.997
352.846,346.017,548.585,108.876
353.756,341.570,542.938,109.996
352.497,342.397,545.373,110.099
356.612,344.762,542.101,109.530
362.049,346.537,542.524,109.097
358.611,345.274,537.461,108.440
357.268,345.029,538.839,107.359
355.970,343.843,536.738,106.357
354.383,345.902,537.409,104.750
357.808,340.684,538.206,104.940
355.733,341.724,535.552,102.497
354.005,343.137,536.429,102.374
355.319,343.610,537.526,103.484
356.484,343.221,535.610,104.482
359.147,340.940,532.842,104.832
360.194,342.022,529.511,102.332
364.428,345.292,525.999,102.703
360.845,344.679,525.977,103.692
359.072,349.171,523.741,101.774
365.122,349.232,520.570,102.132
360.847,349.405,520.555,104.022
358.138,348.204,517.382,105.340
356.819,350.737,515.487,106.511
361.445,352.038,511.414,104.918
360.963,352.267,504.074,103.939
366.087,354.183,504.201,103.007
364.483,353.473,502.127,104.273
363.860,354.641,504.277,103.048
365.682,355.800,502.837,103.326
363.934,351.807,493.231,104.743
369.364,352.421,484.031,107.691
368.267,351.851,484.115,107.982
367.862,354.857,476.901,107.950
368.750,356.657,474.829,107.670
372.980,357.546,473.965,106.168
375.865,358.543,476.751,104.226
376.455,357.857,472.800,102.589
381.769,356.850,468.519,104.153
381.768,359.413,472.658,104.703
387.247,361.551,468.623,107.005
387.516,358.461,467.715,106.799
385.085,358.572,465.931,106.466
387.365,358.449,467.391,108.744
388.068,356.885,462.098,106.309
387.634,356.460,460.030,105.248
388.036,357.165,462.371,105.940
388.147,357.121,458.573,107.119
389.656,357.053,460.281,109.695
390.112,357.306,458.350,109.536
394.098,355.004,461.687,109.496
394.920,353.131,459.828,108.072
396.908,355.083,455.650,109.688
401.971,354.294,453.887,109.167
404.621,355.530,453.031,107.763
404.585,355.053,453.877,108.794
405.801,353.220,456.431,107.066
404.868,354.263,454.502,106.508
402.705,353.840,453.092,106.808
402.088,353.404,455.050,108.148
399.123,354.143,454.811,109.586
396.638,352.847,457.572,106.363
398.924,353.342,455.069,105.632
397.360,351.303,453.634,106.699
398.521,349.951,451.277,106.998
397.501,349.796,453.631,108.124
394.484,348.866,451.739,106.678
389.057,344.461,453.924,110.433
392.600,346.726,448.639,112.218
391.876,346.821,448.101,110.169
392.752,346.429,448.899,108.485
394.575,348.552,449.729,106.951
392.605,349.688,448.072,109.521
395.651,346.896,448.326,105.889
395.964,349.996,446.689,105.571
396.993,348.745,442.957,103.418
396.601,351.679,440.644,104.665
397.303,354.033,439.782,105.095
395.626,355.342,436.415,107.534
395.884,351.584,438.323,106.773
397.006,354.805,438.989,104.134
394.613,354.600,435.394,103.550
393.190,355.711,436.502,103.185
394.281,354.308,436.389,103.186
391.677,356.477,437.932,101.112
390.941,355.261,437.743,102.115
392.216,354.418,435.917,102.106
390.351,352.792,433.238,103.712
387.142,351.346,428.929,104.052
385.371,353.162,424.433,103.907
382.117,354.835,430.320,101.685
380.779,352.578,430.067,101.961
383.922,353.960,426.961,101.819
382.007,355.968,432.663,98.771
382.209,355.286,428.353,96.367
379.585,356.226,422.702,96.180
381.158,355.449,416.547,98.046
382.196,355.477,416.006,99.265
380.322,355.741,414.668,98.637
380.779,353.961,413.369,99.690
379.170,353.013,407.081,100.750
378.435,354.741,407.882,97.888
376.158,356.336,405.702,98.529
372.864,353.144,403.363,102.200
373.891,355.669,407.916,102.578
373.293,356.532,405.566,101.567
373.155,357.056,401.748,102.030
373.105,353.619,398.843,100.589
371.902,354.935,399.222,98.110
373.320,354.832,395.104,97.310
373.706,354.592,395.272,97.007
370.626,355.886,398.166,96.433
371.725,357.787,397.371,99.285
372.980,356.702,394.188,99.672
372.341,358.356,395.250,98.813
374.935,358.999,395.462,99.359
375.612,358.262,393.812,100.284
375.475,360.672,395.354,101.142
374.843,358.889,391.727,101.079
372.856,359.994,394.998,101.454
372.873,360.912,394.040,103.973
370.684,366.133,392.479,102.876
370.301,363.680,395.963,101.287
369.540,361.524,388.977,102.409
369.185,361.786,389.322,102.121
370.725,366.141,391.042,101.244
370.397,363.603,387.736,100.378
367.585,363.124,384.007,101.031
368.598,360.727,380.523,102.698
371.468,360.243,387.171,102.094
367.134,361.019,388.418,101.855
367.416,361.545,387.401,103.023
367.042,362.262,386.215,101.687
366.235,360.847,384.907,101.621
363.467,357.732,383.228,102.491
364.753,357.334,384.089,102.247
362.693,358.046,383.147,102.401
366.704,359.926,384.678,101.185
363.589,360.453,386.665,102.488
364.411,362.289,384.451,102.969
361.945,364.361,384.222,102.584
360.604,365.638,385.971,101.849
359.705,365.948,380.182,100.028
356.783,367.678,381.255,102.362
358.473,366.295,373.343,104.688
358.258,366.737,374.784,103.673
355.685,365.870,374.126,103.108
353.255,366.169,373.091,101.694
357.508,364.254,374.142,102.947
355.763,365.870,378.206,102.483
353.676,366.505,378.843,101.428
354.870,367.761,379.664,102.313
351.907,370.197,373.486,102.273
352.337,370.409,369.407,100.050
351.652,368.084,367.128,101.567
351.099,368.435,368.145,103.962
350.990,367.581,366.424,101.393
350.664,367.018,365.736,100.545
350.746,367.988,368.289,99.908
348.200,368.276,366.980,98.061
348.400,368.364,360.721,100.142
346.280,367.607,358.700,101.232
348.154,366.972,361.421,102.238
346.270,366.941,362.305,101.060
346.830,367.111,362.451,100.754
343.958,364.206,366.067,100.286
341.498,365.946,365.649,100.771
340.018,364.287,368.560,101.827
342.295,364.130,366.046,100.309
342.072,364.089,361.763,100.063
342.833,364.167,363.532,99.396
341.239,368.114,360.203,98.236
340.958,368.708,361.380,99.821
342.365,367.087,357.887,98.680
341.491,370.835,355.376,98.685
339.101,366.713,356.678,95.252
338.783,369.414,353.987,96.659
338.055,367.343,352.898,96.198
335.322,362.523,351.320,95.941
334.390,363.637,352.515,96.610
334.958,363.723,351.778,94.678
332.703,363.203,350.937,93.648
332.973,362.575,347.953,93.695
335.299,365.112,343.926,94.541
335.826,363.359,343.466,93.836
335.384,365.541,340.339,93.246
336.223,363.423,345.296,93.308
332.661,365.707,347.308,89.661
330.989,364.057,345.798,89.677
333.882,365.713,345.797,88.593
332.935,364.858,344.279,87.608
333.075,367.052,344.536,86.949
330.527,363.321,343.584,87.023
334.388,363.090,336.077,87.555
334.749,363.596,331.842,87.081
334.904,363.293,332.169,87.813
332.998,366.887,332.170,85.808
332.804,365.360,332.339,86.139
333.098,366.251,329.609,87.249
333.518,366.148,329.235,86.502
332.736,365.121,328.792,86.567
331.754,366.073,325.415,86.662
334.207,367.458,326.097,85.844
334.865,368.565,327.140,85.407
335.185,368.339,324.540,85.350
337.169,368.967,319.730,84.941
336.163,370.352,319.715,84.105
336.246,369.748,319.409,85.149
337.963,370.772,318.798,86.146
336.806,370.082,320.050,85.637
335.476,369.801,316.825,86.590
336.637,365.719,315.940,88.195
338.666,370.877,314.946,87.786
337.944,368.907,312.776,88.695
339.463,371.160,312.845,88.635
343.080,373.922,311.981,89.218
341.492,374.489,311.363,88.555
345.218,375.006,311.688,88.991
342.973,375.364,309.881,89.456
343.619,374.421,310.840,90.859
340.970,375.137,306.776,90.911
346.272,374.738,305.015,92.614
346.323,376.471,306.415,90.902
346.079,377.768,306.841,89.688
346.492,377.132,305.985,90.387
345.746,375.910,305.666,90.109
344.638,376.387,304.404,89.460
345.461,378.435,304.855,89.066
344.998,376.837,306.543,90.591
347.674,377.831,302.756,89.427
345.812,376.496,303.114,88.167
344.712,374.064,303.210,86.192
346.683,375.904,303.121,86.589
346.834,375.928,303.783,87.462
348.726,375.525,301.955,88.753
348.486,375.984,300.244,89.968
348.882,374.214,298.431,89.886
347.701,375.410,298.267,89.825
347.766,373.711,298.181,90.924
349.903,372.822,296.934,90.546
347.766,371.861,298.822,86.767
348.222,370.274,299.810,87.497
345.152,367.123,298.531,88.619
345.691,368.679,298.056,88.351
346.772,368.118,294.512,86.130
346.649,370.236,294.895,84.583
344.530,367.434,291.011,85.558
346.792,367.984,291.489,86.143
347.658,366.727,286.167,86.111
349.492,370.615,290.507,84.007
345.963,367.189,287.350,84.013
348.028,366.813,287.952,83.073
348.691,368.290,285.973,80.278
350.149,368.773,284.474,81.831
350.137,368.379,281.383,81.281
350.056,367.960,279.182,79.885
349.492,367.232,277.056,80.318
349.167,367.007,275.118,78.785
350.365,367.475,275.082,77.010
351.262,368.554,274.673,76.167
349.754,368.868,274.103,77.190
349.545,368.918,271.741,78.568
349.538,363.304,271.177,78.438
348.879,361.281,270.304,78.918
348.581,362.502,272.532,78.701
349.265,363.485,274.805,77.612
348.504,364.676,279.298,76.878
348.283,364.499,282.042,78.197
346.968,365.577,281.342,79.993
348.067,366.302,280.010,79.755
347.004,363.821,278.796,78.288
348.113,363.249,279.465,78.611
347.233,362.423,279.182,79.418
346.028,362.499,280.564,81.514
345.866,364.781,279.467,82.047
345.410,365.879,277.996,80.983
342.373,366.790,278.078,79.648
341.241,366.895,279.304,79.939
341.507,366.580,278.284,79.830
338.750,363.327,277.762,80.383
338.117,356.780,277.091,79.458
341.179,358.183,277.675,81.213
340.672,357.373,277.978,82.120
340.533,358.882,276.851,83.063
338.690,357.134,276.969,84.176
337.563,360.034,277.411,83.687
335.703,362.231,276.238,83.546
338.098,363.861,273.612,84.839
338.381,364.028,273.326,84.668
