166.000,184.000,125.000,60.000
166.446,185.383,124.770,60.325
166.888,185.257,125.140,60.288
167.819,185.785,125.667,60.274
168.190,185.593,126.062,59.913
169.241,184.000,126.415,59.678
169.905,185.645,126.325,59.524
171.132,185.122,126.826,59.065
170.673,184.666,127.663,57.949
171.382,184.835,128.276,58.041
171.696,184.270,128.659,58.674
172.274,184.371,128.694,58.371
172.595,184.155,129.885,57.381
172.628,184.040,129.787,57.793
173.292,184.344,129.975,56.944
173.992,185.345,129.391,55.486
175.598,183.483,129.816,54.848
174.668,181.981,130.789,54.911
175.800,181.189,131.302,54.443
177.141,180.748,132.033,54.331
177.371,178.541,130.511,55.099
177.368,178.285,130.510,55.164
178.260,177.095,130.826,55.028
177.789,176.325,130.730,54.977
177.187,176.190,130.820,54.727
175.686,176.362,130.644,54.273
176.053,176.263,131.369,53.796
175.492,174.727,130.060,53.205
174.454,174.683,130.598,53.051
173.952,174.209,131.582,53.405
172.752,174.390,131.853,53.590
172.843,173.664,131.101,53.182
173.765,174.698,130.485,52.960
171.882,174.855,130.762,53.702
172.697,175.136,131.457,52.883
172.891,175.512,131.512,52.706
172.912,175.211,131.001,53.061
174.232,175.717,131.302,53.030
175.589,175.070,130.273,53.153
176.420,173.967,129.824,53.423
176.445,173.554,130.837,53.317
176.246,173.750,130.981,52.673
177.833,172.964,131.562,52.801
178.303,174.706,132.879,52.422
178.428,175.519,132.489,52.682
178.525,176.706,132.501,52.260
180.062,176.578,132.542,53.132
180.419,176.192,132.903,52.720
180.842,176.901,133.539,52.121
180.468,179.898,134.522,51.767
180.590,179.602,134.975,52.599
181.254,179.662,136.246,52.771
180.445,180.341,136.339,51.602
181.367,181.620,136.122,50.839
182.162,183.519,136.433,50.478
182.061,181.896,136.148,50.230
181.965,183.390,136.638,49.543
184.022,185.806,134.920,48.776
184.295,182.487,134.442,50.782
183.593,183.875,135.023,51.060
184.001,184.621,135.133,51.686
185.093,182.208,134.041,52.333
185.936,184.503,135.140,51.086
186.516,185.294,133.729,52.231
186.772,181.276,134.099,50.357
186.299,188.653,134.576,48.974
187.017,185.458,134.135,50.216
186.360,184.710,134.283,51.060
187.470,187.505,132.731,50.702
188.614,183.819,131.476,51.053
189.941,188.879,131.964,50.291
190.094,186.616,130.636,51.380
189.953,189.384,131.569,50.782
191.016,187.276,129.908,51.955
190.579,189.205,130.391,50.064
190.705,190.045,130.884,50.046
190.772,187.040,129.799,50.252
191.751,190.868,129.091,50.508
191.385,188.807,129.250,50.773
192.232,191.544,128.591,51.173
191.625,191.167,128.760,50.933
190.228,189.895,129.433,51.245
191.597,190.188,128.515,51.092
190.825,189.552,128.312,50.454
191.132,189.684,127.493,49.828
190.165,189.908,128.012,49.398
190.426,189.228,126.572,50.290
189.649,190.834,127.180,50.413
189.333,188.357,126.621,50.634
188.986,191.285,125.506,50.047
188.065,190.360,125.662,49.375
187.228,189.874,124.931,50.036
186.978,192.054,125.200,49.695
185.176,189.291,124.442,50.324
186.153,190.771,123.835,50.710
184.506,191.630,124.140,51.039
183.336,189.868,123.784,51.969
182.343,193.058,123.755,51.236
180.166,192.314,123.823,51.577
179.617,193.115,123.596,51.295
178.420,194.669,123.328,51.122
178.098,192.818,122.381,51.471
176.610,194.216,122.460,52.191
176.386,193.492,122.016,52.406
176.483,191.615,120.084,53.068
174.112,193.509,120.039,52.934
174.962,191.668,117.529,52.333
172.595,190.665,115.644,52.541
170.576,192.457,115.967,53.313
170.516,191.678,116.369,52.822
169.366,190.028,114.715,53.542
167.311,190.407,114.327,53.884
165.423,190.400,113.344,53.704
163.175,190.120,112.990,53.264
163.398,189.753,111.127,50.793
161.771,189.088,108.944,50.785
161.194,189.700,107.059,50.917
158.638,188.328,106.178,51.089
156.604,187.713,105.880,52.111
155.273,187.865,103.834,52.605
152.675,187.358,103.029,52.439
151.814,186.979,101.486,52.613
149.335,186.473,100.067,53.140
147.670,185.972,99.522,52.586
145.021,186.339,98.951,52.191
143.909,185.116,98.114,51.708
141.985,184.752,96.912,51.243
140.305,183.889,95.340,50.955
139.076,184.943,93.830,51.462
137.352,185.499,91.994,51.850
136.197,183.782,90.089,52.422
135.370,184.142,88.068,52.124
147.121,186.088,78.460,58.629
139.910,183.096,78.523,54.407
137.862,183.624,77.423,52.910
136.511,182.693,75.237,52.305
138.130,181.662,72.880,52.228
137.263,182.201,71.423,51.879
135.726,183.131,70.493,52.082
139.203,180.502,66.389,50.959
135.997,182.387,67.654,50.730
132.741,180.608,68.544,51.354
131.213,180.674,69.190,51.797
129.318,181.360,68.692,51.617
127.923,181.013,68.782,50.769
127.128,181.385,68.708,49.813
127.403,181.217,68.457,49.967
125.287,181.263,69.693,48.733
124.835,180.409,70.062,48.747
124.572,179.916,72.091,47.991
123.273,180.582,73.922,47.851
120.847,177.987,76.177,47.187
121.059,178.597,79.508,46.441
117.928,179.123,79.373,46.499
118.879,178.944,80.863,47.158
119.750,177.573,84.514,46.892
118.387,178.326,88.348,46.410
117.712,177.546,89.349,45.388
118.086,179.283,90.473,46.571
117.238,179.689,91.108,47.972
117.840,179.581,92.379,48.520
117.105,179.203,93.587,49.611
117.059,178.933,94.722,50.202
115.835,177.786,95.537,49.697
117.082,178.573,94.457,49.798
117.459,179.028,94.470,48.777
117.619,179.276,94.459,49.437
118.151,179.440,94.532,48.868
119.367,179.623,93.827,47.730
120.160,179.233,93.232,47.635
121.106,179.176,92.980,46.978
121.565,178.908,93.014,46.983
122.154,179.645,92.901,47.206
122.856,178.170,93.564,47.445
122.802,178.289,94.005,47.408
123.957,178.683,94.065,47.207
124.242,177.884,94.251,46.978
123.565,178.789,94.918,46.332
123.687,178.248,94.880,46.592
123.111,177.324,94.540,47.371
124.597,176.046,94.910,46.693
123.925,176.826,95.280,46.689
123.952,176.581,94.902,45.756
124.497,176.333,94.693,45.063
125.721,175.462,94.475,45.425
124.638,175.518,95.547,45.900
124.947,176.125,95.909,45.508
125.535,174.630,96.355,45.575
125.641,174.022,96.642,45.480
127.095,172.495,97.683,44.699
126.690,172.935,97.739,43.599
127.008,170.968,98.363,43.579
126.969,173.186,99.265,43.022
127.578,172.051,98.962,43.644
128.768,171.444,99.474,44.300
128.983,171.320,100.168,44.808
129.262,171.699,100.153,43.962
130.610,171.221,100.466,43.810
131.396,171.794,100.684,43.280
132.552,172.636,100.182,43.335
134.082,172.582,100.588,43.480
133.636,173.511,100.996,42.969
135.857,172.718,100.215,42.868
134.796,173.984,101.027,41.924
136.512,173.082,100.818,41.785
136.988,173.383,101.557,41.409
139.760,173.908,99.905,41.017
137.126,173.006,100.202,41.857
137.658,171.747,101.447,42.153
137.597,171.381,101.776,42.083
139.219,170.134,101.054,42.339
138.970,170.446,101.306,41.984
136.990,169.810,101.492,41.689
135.395,168.837,101.932,41.504
134.360,168.914,101.311,40.777
135.104,165.354,101.767,40.552
133.927,165.482,102.568,40.190
133.845,163.633,101.215,40.065
133.716,163.312,100.588,39.797
132.121,163.220,100.239,39.435
129.946,161.216,100.902,39.286
130.374,160.332,99.842,39.211
126.856,159.164,101.502,38.847
125.778,158.614,100.417,38.304
124.973,156.291,101.372,38.069
123.517,157.187,100.520,37.671
123.654,155.470,100.635,37.467
124.051,156.312,99.268,37.315
123.792,153.920,98.856,37.310
122.657,155.182,98.969,37.166
122.562,154.719,98.955,37.030
122.524,153.984,98.667,37.001
124.385,154.040,97.713,37.080
124.494,153.337,98.100,37.004
124.171,153.817,98.781,37.172
124.969,152.802,98.719,36.919
128.497,152.295,97.359,37.163
129.658,152.171,96.912,37.234
129.803,151.909,97.108,37.109
129.326,152.441,98.063,36.793
130.807,152.568,98.444,36.661
130.082,150.912,98.425,36.395
131.860,149.910,98.787,36.098
132.970,150.673,100.157,35.586
132.063,149.885,101.024,35.862
132.794,147.588,100.760,35.993
134.466,146.725,100.958,35.723
135.467,145.437,99.704,35.723
136.292,143.395,100.346,35.732
138.082,142.181,99.807,35.723
138.512,141.173,100.092,35.535
137.810,142.088,100.190,35.557
137.673,137.990,99.791,35.775
139.076,139.047,99.080,35.809
141.698,135.978,96.147,36.973
139.829,136.934,96.597,36.705
137.786,135.620,97.891,36.724
137.617,134.258,98.077,36.685
137.434,133.514,98.053,36.794
137.623,133.808,98.366,37.195
136.524,131.859,98.137,37.159
134.891,133.472,98.501,36.638
135.513,130.839,97.453,36.839
135.816,131.627,96.320,36.919
135.425,129.069,94.796,36.517
134.675,129.475,94.198,35.978
133.816,129.099,94.335,35.576
134.873,127.902,93.064,35.658
134.529,128.590,91.752,35.698
134.207,127.930,90.973,35.512
137.174,127.530,88.994,35.075
134.792,128.884,88.841,35.664
134.166,129.896,89.328,35.726
134.924,128.679,88.722,36.048
137.107,131.449,88.348,35.470
135.708,132.835,89.247,35.118
135.726,132.872,88.768,35.726
136.032,135.950,89.129,35.351
135.424,137.198,90.119,34.840
138.910,136.796,87.858,35.328
138.222,139.670,87.586,34.999
136.750,139.942,87.662,35.093
139.553,140.072,85.915,35.591
139.525,140.466,85.485,35.599
140.281,143.240,85.991,35.362
139.621,144.951,86.917,35.274
139.505,144.505,87.054,35.916
139.775,144.600,86.829,36.287
143.261,147.947,85.414,36.293
143.440,149.781,86.078,36.433
143.929,148.514,85.678,37.060
145.725,150.016,84.479,37.505
145.286,153.025,85.368,36.796
142.054,153.190,88.112,36.374
139.799,153.489,89.411,35.920
142.667,153.421,88.640,36.544
142.061,155.649,89.655,35.635
141.799,157.605,90.721,34.257
140.789,158.849,90.735,33.741
141.029,156.676,90.076,34.094
140.757,155.459,89.029,34.670
142.236,156.852,88.833,34.653
141.255,158.660,89.675,34.201
140.147,158.245,90.287,34.154
138.677,158.935,91.193,34.410
136.238,158.100,91.216,34.411
136.858,157.061,90.129,34.899
136.421,156.199,85.995,35.195
136.247,157.696,83.464,34.600
137.467,158.725,83.813,33.735
132.394,156.482,83.966,33.737
129.920,158.384,85.892,33.086
123.979,156.758,88.167,32.948
124.063,154.542,88.251,32.752
118.769,153.442,90.089,32.532
117.782,150.399,92.045,33.085
117.223,149.813,92.541,34.130
118.188,148.970,92.098,34.700
116.526,149.168,92.480,34.851
116.462,149.852,93.216,34.811
116.647,150.115,93.163,34.568
121.512,148.694,90.795,34.682
124.036,148.291,89.157,34.724
119.330,148.317,91.588,33.756
121.120,148.761,90.429,33.946
119.529,146.060,90.483,33.463
120.283,143.697,89.218,33.363
118.386,139.689,89.471,33.312
119.519,137.045,88.447,33.047
117.384,133.615,87.976,32.823
116.708,129.997,89.316,32.598
117.867,130.216,90.200,31.980
120.022,128.880,87.143,33.322
120.378,129.456,85.641,33.653
119.798,130.261,84.884,33.457
117.905,130.048,84.482,33.726
114.370,133.148,84.823,32.984
112.270,134.140,84.038,32.440
111.089,134.745,81.486,32.489
105.294,135.264,76.625,33.273
103.171,137.764,72.936,32.768
102.462,135.721,70.308,32.912
100.492,135.759,66.947,33.301
101.065,134.272,64.898,34.366
101.020,135.239,64.914,33.598
101.766,133.318,65.376,33.065
101.821,134.843,66.832,32.675
100.906,133.551,68.185,33.344
101.167,133.458,68.854,33.230
100.208,132.164,66.875,33.775
100.592,131.158,64.717,34.192
101.842,131.227,62.673,35.283
100.161,130.492,61.861,35.395
100.637,131.004,60.087,35.937
102.565,129.638,57.406,35.897
103.440,129.897,54.626,36.284
104.451,127.181,52.161,35.436
104.199,129.178,49.273,35.662
105.400,126.541,46.463,35.682
104.379,126.974,44.210,35.979
