211.000,126.000,121.000,231.000
212.879,126.992,121.343,231.153
212.766,127.187,121.652,229.910
213.015,128.283,121.357,230.242
213.140,128.540,121.511,230.015
213.163,127.946,121.313,229.189
212.937,127.929,121.464,230.089
212.734,127.955,121.567,229.952
212.556,127.954,121.581,229.896
212.808,127.235,122.053,230.153
212.431,127.989,121.801,230.737
212.318,127.112,122.251,230.195
212.515,127.588,121.953,230.951
212.076,127.084,122.260,229.752
212.147,127.542,121.878,230.516
211.784,127.368,122.282,229.636
211.743,127.384,122.190,230.588
211.559,127.087,122.125,230.854
210.869,127.369,122.273,230.503
210.019,127.524,122.298,230.405
209.960,127.634,122.289,230.288
209.865,127.858,122.271,230.121
209.942,127.529,122.507,229.453
209.699,127.525,122.511,230.523
209.962,127.129,122.647,229.535
210.434,127.476,122.622,230.676
210.166,126.903,122.688,229.784
210.212,127.316,122.562,230.918
210.395,126.445,123.003,230.219
210.320,126.380,122.736,231.302
210.432,126.485,122.681,230.262
210.685,126.768,122.725,231.322
210.393,126.758,122.714,230.261
210.910,127.179,122.724,231.129
210.824,127.243,122.871,230.006
211.095,127.399,122.824,229.986
211.440,127.378,122.698,230.082
211.783,127.184,122.854,230.210
212.024,127.209,122.639,231.060
211.828,127.022,122.388,230.040
211.863,127.287,122.244,230.867
211.772,126.912,122.481,229.687
212.149,127.025,122.365,230.636
212.064,127.060,122.578,230.271
212.070,127.002,122.596,230.079
212.236,127.184,122.406,229.885
212.741,127.652,122.416,230.675
212.398,127.025,122.552,229.770
211.988,127.264,122.462,230.854
212.179,126.051,123.069,230.414
212.193,126.373,122.888,231.616
211.676,126.067,122.964,231.579
211.672,125.872,123.208,231.619
211.405,125.993,123.061,232.306
211.379,125.514,123.247,231.395
210.886,125.281,123.186,232.364
211.312,126.060,123.530,233.101
210.929,125.646,123.399,232.109
210.666,124.890,123.382,231.584
210.716,125.301,123.245,232.641
210.649,124.704,122.946,232.892
210.586,124.335,122.813,232.710
210.630,124.547,123.134,233.513
210.746,124.892,123.355,233.860
211.045,124.296,123.589,232.850
210.825,124.594,123.281,233.345
211.217,124.662,123.144,234.089
211.066,123.895,122.948,233.100
211.254,124.324,123.007,233.893
211.298,123.619,123.166,233.102
211.422,124.694,122.635,233.437
211.529,123.882,122.940,233.650
211.420,123.986,122.889,234.015
211.466,124.729,122.894,234.424
211.297,123.866,122.832,233.469
211.080,123.723,122.685,234.031
211.387,123.812,123.116,234.347
211.126,123.869,123.049,233.749
211.182,124.681,122.993,234.100
211.145,124.197,123.038,233.150
210.859,124.278,122.922,233.498
211.109,124.718,123.128,233.766
210.990,124.495,123.135,232.681
211.103,125.311,122.820,233.258
210.829,125.142,122.799,233.058
210.514,125.209,122.714,232.602
210.407,124.669,122.858,231.909
210.649,125.708,122.803,232.303
210.079,125.816,123.016,232.835
209.911,125.159,123.076,232.051
210.064,126.334,123.192,232.410
209.764,126.114,122.984,231.287
209.961,125.930,123.166,231.433
209.933,126.381,123.048,231.988
209.449,125.904,123.252,231.052
209.497,126.498,122.828,231.874
209.665,125.927,123.039,231.087
209.546,126.618,122.610,231.674
209.208,126.524,122.856,231.715
208.833,126.473,123.123,231.722
208.971,125.923,123.177,231.064
208.789,126.814,122.801,231.718
208.909,126.071,123.037,231.055
209.317,125.691,122.879,231.466
209.052,125.997,122.749,232.436
209.692,125.134,122.875,231.945
209.540,125.398,122.643,232.417
210.099,125.252,122.600,233.146
210.067,125.476,122.630,232.586
210.275,124.668,122.705,232.115
210.851,125.103,122.680,233.011
210.625,124.949,122.721,232.806
211.032,125.332,122.855,233.623
211.381,124.798,122.914,232.510
211.063,125.295,122.966,233.297
210.888,125.381,122.933,231.734
211.337,126.086,123.036,232.096
211.445,126.427,123.104,230.948
211.723,126.849,123.139,230.688
211.794,126.725,123.141,230.029
212.621,127.496,122.797,230.678
212.539,127.324,122.595,229.547
212.277,127.875,122.454,230.470
212.451,127.444,122.700,229.633
212.297,127.937,122.663,230.554
212.029,126.360,122.346,230.606
211.899,124.260,122.114,233.250
211.123,119.755,122.274,237.257
210.345,114.692,123.201,241.470
208.823,108.562,123.051,248.361
209.677,100.019,121.521,256.715
210.159,92.660,119.212,265.410
210.299,81.253,117.230,277.004
211.625,68.388,114.304,289.201
209.945,52.672,109.269,303.611
210.631,39.083,105.051,317.257
211.185,28.128,103.884,327.434
211.230,16.704,106.477,332.834
212.284,7.662,113.620,328.525
208.862,9.560,122.319,317.217
203.689,17.126,126.433,300.137
197.151,22.185,126.274,286.420
186.489,27.010,120.893,277.327
179.842,26.534,116.364,268.643
181.770,23.429,115.398,247.325
178.728,15.211,118.715,217.402
180.052,21.806,111.610,195.852
182.044,27.408,104.232,185.298
144.176,23.941,127.992,164.287
123.882,30.319,150.291,152.948
112.316,34.332,159.960,140.393
112.946,35.500,160.589,121.383
130.452,43.781,146.441,111.542
137.126,47.343,136.861,103.814
142.516,47.356,134.527,101.556
149.477,48.762,137.211,99.245
158.349,52.683,142.377,95.572
166.140,61.091,145.649,92.199
181.563,64.381,154.291,89.692
182.942,63.466,149.128,84.482
184.997,70.636,138.553,89.994
193.806,75.473,132.764,94.665
198.204,77.368,129.639,97.119
201.260,78.758,127.682,97.616
202.411,79.493,129.246,96.654
204.077,79.824,131.902,94.991
200.861,77.586,134.073,97.245
195.471,74.879,135.406,100.503
187.706,71.144,135.593,103.881
180.695,66.073,134.508,105.672
175.491,58.932,132.443,107.763
174.809,54.176,131.792,107.598
170.899,48.795,130.826,105.735
165.333,43.401,129.607,105.179
162.190,40.167,128.377,103.836
161.472,39.273,125.507,103.131
162.016,39.772,123.704,102.678
161.413,40.240,122.623,102.177
160.564,42.353,123.615,102.033
159.842,42.576,124.880,101.436
158.622,43.081,124.580,100.419
159.213,43.393,123.786,99.836
159.051,42.279,121.414,99.761
163.195,42.748,119.611,101.072
163.629,42.715,117.910,101.589
163.785,41.801,116.796,102.035
163.216,41.120,116.316,102.050
162.197,40.814,116.414,102.037
161.034,41.349,116.559,102.322
160.348,39.964,116.441,102.299
159.124,41.115,116.276,102.318
158.806,41.669,116.698,102.221
158.070,41.135,116.700,101.818
158.211,41.647,116.814,101.892
157.184,41.001,116.616,101.952
157.382,41.752,116.729,101.838
156.658,41.259,116.632,101.605
156.421,41.198,117.468,101.225
155.853,41.364,117.317,101.112
155.642,42.094,117.241,101.045
155.369,41.626,116.896,100.740
155.481,41.834,117.149,100.293
155.546,42.469,117.622,100.141
156.381,41.842,117.975,99.681
156.438,42.077,117.691,99.596
156.280,42.857,117.406,99.605
156.137,42.338,117.540,99.650
156.322,42.379,117.189,99.765
155.632,42.996,116.687,99.812
155.778,42.970,116.451,99.668
154.541,42.988,116.354,99.560
154.700,42.281,116.458,99.459
154.844,42.317,116.457,99.308
155.137,42.063,116.303,99.243
154.931,42.254,116.088,98.948
155.211,41.761,116.024,99.066
155.172,41.549,115.960,98.853
155.620,41.408,116.145,98.663
155.299,41.033,116.035,98.687
155.888,41.582,116.184,98.823
155.503,40.888,116.462,98.558
155.337,40.764,116.502,98.406
155.212,40.768,116.473,98.295
155.876,40.781,116.630,98.151
155.951,40.637,116.707,98.074
156.301,40.481,116.631,98.218
155.913,40.762,116.171,98.366
156.684,41.479,115.540,98.421
157.132,40.719,115.052,98.494
157.278,41.940,114.652,98.851
157.339,41.007,114.072,98.899
157.468,42.026,112.973,98.903
156.476,41.919,110.631,98.955
156.254,41.800,108.155,98.693
156.699,42.066,105.618,98.534
156.456,42.119,103.335,97.943
156.171,42.676,101.066,97.292
156.705,43.477,99.659,96.858
156.192,43.980,98.821,96.351
156.972,44.409,98.678,96.235
156.885,44.255,98.688,96.825
157.234,44.684,99.684,96.870
156.365,45.182,100.942,96.768
155.684,45.133,101.755,96.957
155.465,45.427,102.636,97.117
155.627,46.071,103.312,97.349
156.019,46.055,103.831,97.370
155.891,46.304,103.859,97.582
155.633,45.862,104.274,97.607
154.677,46.274,104.633,97.358
155.274,47.454,104.181,97.392
155.432,47.143,104.227,97.539
154.268,46.919,104.717,97.611
154.629,47.814,104.444,97.345
154.548,48.052,104.380,97.213
154.540,47.532,104.757,97.362
154.996,47.616,104.930,97.426
154.809,47.708,105.389,97.160
154.246,48.086,105.752,96.836
154.917,47.579,106.084,97.211
155.409,47.633,106.248,97.346
154.314,47.835,106.488,97.226
154.468,48.236,106.643,97.026
154.747,47.428,106.867,97.167
154.374,47.170,106.896,97.204
155.186,48.123,106.832,96.943
154.386,47.151,107.200,97.420
154.426,47.461,107.154,97.155
153.912,46.823,107.306,97.487
153.784,46.812,107.237,97.312
154.728,47.651,106.962,97.173
154.163,46.450,107.377,97.301
154.096,46.418,107.416,97.307
154.083,46.286,107.451,97.230
154.339,45.948,107.239,97.336
154.744,45.757,107.261,97.239
154.846,45.575,107.430,97.381
154.536,45.752,107.752,97.521
154.704,45.398,107.620,97.565
154.853,45.032,107.581,97.548
154.922,45.961,107.868,97.197
155.263,45.426,107.651,97.151
154.694,45.356,107.897,97.284
154.766,46.060,107.999,97.334
154.965,45.265,107.784,97.253
155.209,45.501,107.378,96.781
155.190,45.335,107.372,96.744
155.323,44.867,107.359,96.762
154.580,44.557,107.395,96.543
154.849,44.603,107.377,96.541
154.067,44.281,107.341,96.591
153.783,43.898,107.321,96.433
154.391,44.735,107.512,96.336
154.215,44.104,107.370,96.676
154.416,43.772,107.203,96.554
154.125,43.893,107.168,96.540
153.726,43.739,107.417,96.483
154.321,43.300,107.547,96.371
153.898,43.847,107.851,96.202
154.132,43.916,107.719,96.066
153.899,43.185,107.628,96.118
153.621,43.610,107.759,96.023
153.614,43.007,107.646,96.214
154.635,44.278,107.811,95.948
153.938,44.166,107.788,96.004
153.959,44.066,107.843,96.249
154.429,43.872,107.608,96.286
154.226,44.259,107.906,96.315
153.553,44.508,107.431,96.088
153.361,44.726,107.326,96.093
152.900,44.867,106.780,96.284
153.474,44.270,105.691,96.434
153.295,44.885,105.064,96.146
153.405,45.597,103.883,96.099
153.394,45.193,102.091,96.139
152.386,45.019,99.755,95.687
152.325,45.801,97.350,95.273
150.022,45.526,90.039,95.676
149.623,44.992,81.625,96.707
150.173,44.005,76.679,97.688
149.757,43.443,72.109,97.675
151.773,43.242,69.212,98.172
151.239,43.733,66.764,98.258
151.980,43.916,65.375,98.422
151.128,43.526,64.013,98.425
151.563,43.867,63.297,98.292
152.357,43.877,62.967,98.252
152.574,43.259,62.542,98.325
151.960,43.999,62.375,98.137
151.815,43.446,62.250,98.178
152.441,44.116,62.089,97.783
152.334,44.136,61.759,97.853
151.354,43.465,62.148,97.691
152.046,44.719,62.089,97.656
151.685,43.412,63.757,97.949
150.693,44.297,63.376,98.201
151.400,44.601,62.858,98.242
151.320,44.395,62.214,98.202
150.801,44.063,62.176,98.162
151.342,43.809,61.873,98.105
151.364,43.840,61.993,97.862
151.383,43.525,62.045,97.661
151.502,43.787,62.332,97.677
150.817,42.938,63.950,97.417
151.351,43.336,63.955,97.586
151.445,43.714,62.950,97.828
151.123,42.810,62.677,97.637
151.230,43.074,62.023,97.370
151.248,43.336,61.800,97.171
151.559,43.051,61.472,97.116
151.703,43.153,61.452,96.938
151.900,43.082,61.474,96.857
152.380,42.922,61.347,96.737
152.528,42.810,61.314,96.889
152.396,42.217,61.336,96.955
152.397,42.629,61.279,96.876
152.237,41.789,61.321,96.949
153.511,41.838,61.321,97.065
153.190,41.275,61.449,97.437
153.955,41.303,61.090,97.950
153.777,41.338,60.881,98.442
154.426,41.544,60.661,99.327
154.143,41.996,61.170,101.192
153.970,40.529,62.022,102.324
153.709,39.645,62.108,102.680
154.273,38.347,61.323,105.152
155.052,33.877,59.832,109.430
155.266,33.090,58.154,113.104
157.436,30.637,58.754,118.162
158.861,28.822,59.463,119.807
159.052,27.241,64.032,119.891
152.332,27.519,75.158,119.789
157.142,29.982,83.500,122.418
163.537,32.565,87.479,128.961
165.324,35.671,87.420,134.755
168.010,47.201,87.402,142.583
169.337,54.332,87.321,148.175
166.530,60.067,94.948,153.953
163.558,62.129,103.585,158.250
157.412,59.184,114.726,163.309
158.061,66.404,113.741,180.377
159.971,39.964,109.594,199.686
170.019,24.669,109.847,202.546
162.778,43.391,129.026,194.893
148.624,47.313,143.152,194.463
141.871,38.951,145.823,200.872
142.311,89.978,166.419,176.872
138.911,98.453,175.822,161.282
139.675,34.463,162.985,182.096
143.511,30.146,158.919,192.097
145.649,25.330,159.124,204.543
153.911,23.359,158.814,210.583
160.123,20.260,161.990,216.966
160.602,48.611,167.962,208.357
169.921,30.939,174.222,204.147
170.842,48.973,182.072,189.731
168.618,85.165,185.753,169.411
168.466,92.888,188.954,156.093
168.367,98.473,184.385,140.587
172.062,107.395,172.441,140.154
177.143,107.595,158.007,148.636
179.476,102.148,142.321,156.435
182.593,97.070,132.070,164.093
184.532,96.000,125.642,170.472
187.104,97.920,121.078,181.735
186.364,94.031,118.206,183.643
187.189,92.631,116.237,180.085
186.081,91.732,115.694,175.682
186.380,91.373,115.638,172.837
185.833,91.625,115.960,172.150
187.147,91.436,115.223,172.542
186.913,89.293,114.870,173.691
186.820,87.612,114.649,173.044
187.410,88.371,115.164,173.364
188.218,86.996,115.134,172.792
187.532,87.830,115.679,171.564
187.790,87.854,116.098,170.587
187.479,88.313,116.821,170.052
188.364,88.116,116.581,169.838
187.009,88.528,117.468,170.330
187.500,88.076,117.893,171.075
187.930,88.608,118.340,171.980
187.210,88.723,119.099,173.567
187.812,88.289,119.350,173.973
188.017,88.343,120.623,174.711
188.413,88.174,121.394,174.813
187.937,87.806,123.141,174.844
188.479,86.595,125.278,174.815
187.344,85.776,127.940,174.454
188.864,85.440,130.957,173.882
188.851,91.620,134.005,168.963
187.561,93.328,141.161,167.707
185.265,93.147,150.082,166.615
184.789,91.924,163.358,165.417
188.313,89.567,177.499,160.889
193.287,90.196,189.051,150.098
187.715,94.383,167.670,160.561
186.971,88.267,140.553,160.145
195.582,84.987,129.257,151.644
196.814,87.188,119.688,153.063
190.149,87.838,103.721,154.495
187.949,86.918,99.027,150.065
171.805,88.984,111.812,141.528
169.888,96.812,118.813,138.589
167.152,99.300,126.238,130.565
161.651,98.525,133.977,120.460
153.932,98.061,142.964,113.558
149.227,95.516,148.856,110.027
146.194,90.841,153.272,108.881
143.330,88.149,156.969,109.558
139.755,86.107,161.726,111.001
135.607,85.235,167.250,111.437
132.529,85.258,171.983,114.220
129.636,83.615,175.992,118.764
125.760,81.546,178.710,120.163
122.582,78.238,174.964,119.093
123.303,78.194,176.946,114.643
124.164,76.792,181.964,110.734
124.286,76.977,188.465,108.645
124.728,77.330,196.141,108.243
126.000,77.403,202.894,110.079
127.001,77.601,209.497,111.496
126.052,77.907,216.141,110.642
123.627,79.638,221.026,112.794
126.894,80.047,223.580,114.771
127.652,79.824,223.744,113.255
128.723,81.013,223.630,114.298
130.035,79.083,224.155,113.189
130.129,81.259,224.218,115.658
133.648,78.977,223.027,114.005
133.503,81.589,221.646,115.529
134.246,79.706,221.714,113.285
135.215,78.872,221.105,111.182
136.711,79.519,221.642,109.692
139.016,79.209,220.625,107.889
141.813,80.802,216.348,108.483
146.895,85.206,209.523,109.317
146.656,85.485,201.593,111.533
144.426,82.096,186.244,123.387
146.254,82.506,164.173,134.680
151.301,84.253,147.704,147.666
158.855,97.281,137.281,159.642
167.671,101.658,142.845,159.387
165.833,106.401,129.856,164.559
138.882,103.679,130.463,170.377
159.976,104.367,118.506,175.864
152.186,95.058,120.175,189.007
149.102,116.066,133.048,183.166
137.574,126.774,140.277,180.304
142.868,120.560,141.704,184.743
156.271,148.026,134.973,186.266
154.205,142.217,130.796,190.381
149.357,146.699,136.069,190.141
142.599,165.302,144.356,182.317
136.575,166.361,149.800,182.096
131.029,172.138,156.079,171.923
127.334,177.252,160.650,165.340
124.599,180.888,164.898,163.463
122.763,183.914,170.156,161.517
118.764,186.329,177.127,156.010
116.190,183.856,182.297,155.526
117.225,186.073,185.607,154.295
119.041,188.533,187.886,152.021
130.981,190.378,184.242,155.594
136.217,184.074,181.048,159.915
142.119,179.976,178.213,165.758
146.261,175.467,178.417,169.813
151.573,177.725,179.573,169.967
158.217,179.010,182.917,165.406
164.134,175.352,188.069,160.061
169.788,174.596,194.120,160.926
171.553,166.408,202.212,166.533
168.707,162.790,207.821,169.566
150.751,150.650,210.842,157.912
155.040,150.160,201.941,158.831
164.840,158.514,182.625,169.586
167.372,155.948,162.982,187.955
176.152,144.211,144.441,206.684
180.431,133.635,143.865,219.483
180.885,128.658,149.369,226.840
176.917,122.310,150.461,224.307
168.884,121.214,151.783,214.019
155.223,117.652,149.507,198.677
137.247,106.706,152.024,173.220
131.936,109.152,148.222,152.475
132.031,107.159,145.767,133.429
112.081,103.590,161.090,121.504
103.414,98.907,169.763,117.344
108.658,96.091,165.393,113.152
111.276,98.050,160.637,108.859
112.946,102.447,158.444,107.250
113.786,105.327,160.324,106.112
114.215,108.754,164.719,110.405
115.356,104.581,169.025,107.115
118.047,100.160,170.841,103.433
127.195,98.152,166.450,106.405
134.781,91.972,157.226,116.760
136.307,78.458,147.365,128.561
137.728,66.102,135.863,145.307
146.030,50.492,127.166,163.493
151.078,73.278,125.583,164.214
150.915,93.413,120.550,170.803
148.476,92.483,108.141,175.211
137.695,86.885,122.713,165.971
135.537,98.108,117.408,176.607
133.436,102.264,115.358,178.552
130.033,109.748,123.691,169.030
122.182,121.628,133.255,154.358
99.077,127.038,151.419,139.674
94.990,139.798,157.416,133.986
114.951,148.541,143.690,135.760
123.706,147.429,135.966,129.239
120.898,148.104,134.588,126.265
116.980,150.046,135.629,125.178
83.129,150.643,158.845,120.425
82.402,150.324,166.485,123.761
89.128,150.285,166.520,125.652
91.748,151.369,166.703,124.656
92.505,152.199,166.131,124.467
92.920,152.432,165.623,123.634
92.894,154.073,164.664,124.053
97.488,153.785,162.097,123.820
100.605,151.277,157.588,122.154
104.151,148.604,154.356,119.498
110.337,144.640,149.914,119.604
118.895,140.433,148.992,125.600
124.104,138.659,151.669,125.822
126.286,137.334,154.335,125.439
127.656,133.974,153.371,128.385
126.350,125.984,155.356,132.974
