191.000,226.000,307.000,203.000
175.525,227.894,296.708,202.692
171.040,225.339,281.857,204.582
165.100,229.652,275.412,203.060
157.286,233.707,272.717,205.960
149.715,240.400,272.910,205.608
140.873,249.250,272.925,205.692
136.944,259.912,272.163,208.232
129.068,270.507,272.405,208.506
126.741,282.481,273.692,209.980
124.527,294.266,271.502,211.244
122.754,305.587,271.817,211.385
123.482,318.100,273.298,209.446
123.355,329.553,269.752,210.397
130.795,342.953,276.820,207.096
131.073,353.593,271.908,208.129
137.901,364.523,274.431,205.774
145.887,375.263,273.512,205.440
153.694,385.759,275.079,205.097
161.192,394.996,279.138,204.789
178.291,401.933,279.472,208.107
189.608,410.501,283.283,209.645
205.416,417.726,280.617,211.977
224.608,427.133,281.113,208.463
246.130,434.723,279.112,206.314
267.667,440.594,277.237,205.057
284.767,448.461,277.413,202.050
300.382,455.954,277.497,201.550
310.877,459.250,283.390,202.613
318.393,462.278,284.838,203.685
326.697,460.951,287.339,204.743
332.532,460.058,283.278,205.966
338.749,458.641,280.397,204.808
343.990,452.664,281.368,203.525
341.562,448.295,275.323,202.711
345.748,445.117,278.680,202.429
338.259,438.150,274.142,203.674
339.341,424.725,274.691,203.602
333.274,415.482,277.850,204.167
324.642,400.524,284.566,207.090
316.819,389.175,289.836,208.934
307.747,383.853,299.397,210.729
287.756,372.150,294.675,210.795
274.794,363.923,284.344,212.694
258.757,351.031,274.912,215.361
242.499,339.386,269.875,215.071
224.876,328.132,271.106,212.021
207.562,316.485,270.009,209.709
191.746,308.732,266.912,207.818
180.794,300.419,267.851,210.390
171.393,292.285,266.856,211.907
166.718,284.150,267.859,211.814
157.255,278.679,271.235,213.752
153.383,270.646,275.421,211.356
149.765,269.509,275.970,212.319
144.599,263.346,275.461,210.905
143.696,257.893,273.472,211.790
143.452,256.309,275.909,212.248
143.474,253.183,278.015,210.304
145.857,251.232,282.134,211.341
147.539,250.575,282.474,210.493
151.282,246.839,281.500,208.156
154.364,249.664,280.699,210.494
157.992,251.500,280.246,213.120
164.776,253.155,282.973,211.811
166.889,239.766,283.382,211.026
174.030,231.653,286.146,210.891
178.231,225.796,288.142,211.753
182.130,218.501,286.882,211.624
188.583,215.830,286.941,209.312
191.341,213.015,283.617,208.416
198.700,210.332,285.561,208.516
202.715,207.267,288.559,208.021
208.724,204.039,289.182,209.076
215.223,203.401,291.191,209.739
218.912,204.631,288.020,208.913
221.868,205.255,282.011,212.549
227.040,208.381,281.911,212.149
232.083,212.687,281.685,213.644
233.770,220.653,283.463,212.080
235.535,227.901,285.207,213.073
238.143,234.432,284.728,216.348
244.084,243.992,287.850,218.953
243.072,254.775,285.486,217.912
243.862,266.294,285.461,216.280
245.372,280.154,284.936,217.245
248.311,291.956,289.985,215.684
246.618,300.870,295.224,216.002
242.486,305.868,298.776,215.958
240.917,311.865,301.719,215.385
238.342,314.651,302.695,217.000
240.182,317.964,308.102,213.925
234.131,321.378,306.644,212.237
229.780,320.578,300.311,211.852
231.609,322.409,299.121,210.220
229.267,322.593,294.217,209.807
227.443,321.499,287.475,211.650
226.495,321.610,288.418,215.309
224.744,321.127,284.224,216.403
227.886,321.865,285.600,215.002
228.033,323.733,286.368,214.358
232.509,325.037,287.215,214.405
234.370,325.809,287.520,214.581
241.874,328.950,290.506,213.687
245.267,330.379,297.762,210.873
247.652,333.854,294.042,210.429
255.510,336.361,293.416,211.520
258.850,337.073,296.624,212.002
260.333,337.136,298.611,212.103
260.680,336.998,304.586,211.598
265.195,337.192,305.915,211.582
264.745,336.245,305.675,212.271
264.141,334.127,306.831,213.248
259.299,330.690,302.205,215.565
257.869,328.113,307.903,216.417
243.729,320.929,296.995,220.250
238.062,315.035,295.491,220.743
221.036,307.553,295.092,221.109
206.722,301.552,296.942,219.020
189.121,293.207,294.672,218.902
175.771,285.004,297.409,218.661
164.754,271.404,293.743,219.765
155.405,257.862,294.149,217.894
145.109,244.594,293.906,217.428
137.928,230.831,292.938,217.209
133.314,220.604,296.980,214.098
127.139,207.172,299.086,213.937
121.897,197.021,299.121,215.526
123.544,189.753,298.920,215.971
123.400,182.657,296.056,216.070
126.074,177.598,297.875,214.524
131.117,172.645,307.251,214.247
138.673,166.974,317.606,215.742
143.472,165.964,327.404,214.521
145.757,160.543,323.865,214.924
156.083,158.421,320.809,215.079
172.920,160.933,327.714,215.580
177.295,164.906,330.793,217.277
189.849,171.212,330.044,218.650
201.815,178.381,323.678,220.437
215.696,186.289,320.678,221.869
227.151,199.087,315.268,221.008
243.042,209.295,315.621,218.942
258.072,217.956,319.387,216.663
271.180,230.109,318.950,214.678
284.945,242.903,318.915,214.226
296.905,250.318,317.196,216.251
308.695,258.925,317.830,216.012
318.454,264.082,319.343,219.062
328.108,266.690,326.262,216.505
334.947,269.544,324.593,215.168
344.097,269.207,321.262,214.438
352.821,268.703,315.222,215.961
359.072,269.261,315.826,214.248
365.329,266.918,309.772,215.656
372.221,264.968,307.564,215.560
374.097,262.186,308.249,217.733
379.949,256.651,309.435,219.061
381.276,254.273,313.106,218.125
385.576,247.136,314.017,220.456
386.088,244.356,318.428,219.322
386.976,240.262,320.681,220.394
389.007,237.969,321.709,218.632
387.083,234.711,322.268,219.233
384.735,230.048,321.589,220.468
384.303,227.638,322.415,220.455
382.656,225.565,322.370,220.598
381.944,222.346,323.113,220.088
380.608,219.261,324.907,219.666
376.747,216.838,328.296,219.942
373.897,215.109,329.290,220.047
375.297,210.736,329.480,218.094
373.126,207.194,335.935,217.300
369.597,202.751,337.469,217.441
365.695,193.480,337.012,219.199
365.056,184.354,338.076,219.861
361.600,175.060,340.502,220.174
364.036,168.070,343.062,219.896
362.340,160.708,342.490,219.735
362.359,152.092,343.067,219.167
362.470,147.718,346.737,217.982
359.923,140.736,352.139,218.336
364.158,137.997,361.142,213.971
358.669,131.023,352.488,215.854
358.505,128.931,350.561,217.687
358.657,125.099,349.383,217.331
358.692,123.478,349.470,217.716
354.406,122.889,346.626,217.724
352.795,121.628,345.548,218.333
348.487,120.817,343.054,219.610
347.711,119.174,340.337,221.216
345.755,119.964,338.987,222.121
346.699,124.325,344.587,221.183
342.170,126.686,340.421,222.210
334.212,134.870,338.669,221.444
335.213,146.075,339.122,220.276
330.903,156.686,339.132,222.862
329.014,160.940,333.207,223.459
326.583,166.349,336.532,221.471
319.431,157.335,340.362,219.349
318.145,155.732,340.556,216.742
315.639,155.831,338.452,219.697
316.616,154.633,340.023,221.157
311.117,155.454,340.608,222.127
311.753,159.985,340.928,222.961
308.068,163.060,341.620,221.198
306.647,169.733,348.730,219.010
307.967,171.760,346.442,218.225
306.399,179.411,349.044,221.529
309.312,188.010,353.259,221.910
313.279,199.591,365.435,221.212
307.381,209.246,363.398,222.205
315.059,224.687,372.837,218.389
310.479,235.307,360.262,220.258
318.218,253.010,361.803,216.885
319.084,265.864,357.898,216.981
325.276,280.326,362.600,215.582
322.847,291.866,359.771,219.791
324.968,299.394,355.778,223.081
329.649,308.070,358.008,223.202
328.502,312.163,353.319,226.667
331.926,322.422,358.282,226.774
334.801,325.045,357.852,224.504
337.767,328.915,358.367,223.805
340.750,334.417,360.076,223.763
340.189,334.211,362.662,222.263
340.262,336.115,357.239,223.081
348.083,336.754,356.853,225.152
350.930,339.037,365.698,221.216
349.223,336.654,362.175,223.271
351.154,335.272,367.597,223.895
347.691,332.363,371.751,219.364
342.127,331.314,386.215,218.244
328.313,327.149,389.521,217.917
332.007,325.075,404.557,218.729
321.758,320.793,409.771,220.114
315.274,319.086,414.279,219.716
303.450,315.974,415.686,223.152
293.519,315.071,410.283,222.537
290.450,314.321,410.082,222.021
275.399,313.133,396.299,223.330
265.250,313.795,389.743,224.975
261.781,314.995,394.264,227.292
246.027,315.037,395.181,229.534
239.020,316.775,393.155,231.531
231.571,317.590,391.594,232.604
227.399,324.456,400.930,230.345
214.140,325.055,395.524,231.543
212.965,325.965,399.194,231.808
209.485,328.209,406.793,228.821
206.621,329.030,413.179,228.689
203.854,328.676,423.857,227.572
206.379,326.597,428.866,227.860
205.558,322.861,430.096,228.927
211.113,317.726,433.222,229.649
212.478,309.697,427.698,231.025
217.516,301.601,428.447,230.720
226.583,293.287,425.033,231.603
229.660,281.142,426.089,231.771
242.171,271.205,421.657,229.712
249.056,258.078,413.997,231.724
260.599,251.426,414.118,232.892
268.761,243.202,405.207,232.535
291.415,236.004,402.973,233.744
286.621,228.579,393.418,234.728
304.666,226.023,391.193,234.515
320.648,226.301,393.197,234.034
327.093,222.549,392.791,235.289
344.772,224.787,398.369,234.595
355.360,223.979,403.675,236.074
369.042,227.213,407.723,235.960
382.030,229.980,412.122,235.763
396.083,230.116,418.215,237.136
415.630,237.651,430.392,233.904
422.409,241.445,436.875,234.896
434.829,248.073,447.257,234.345
445.541,254.667,453.299,233.527
456.894,262.260,451.360,233.795
462.735,263.975,451.714,235.974
470.867,266.963,454.748,237.153
474.253,271.575,459.340,237.421
479.938,273.504,461.609,238.349
480.791,277.258,467.977,236.979
482.238,281.660,471.005,237.083
485.115,284.812,478.048,233.909
482.369,289.926,482.314,232.798
479.707,291.814,482.123,231.951
475.005,292.097,481.788,233.307
472.128,293.241,484.489,234.049
465.170,293.215,488.635,233.289
460.064,289.733,491.422,235.188
448.661,290.445,494.034,234.707
438.353,284.570,497.283,234.813
427.203,286.095,500.468,231.044
414.397,278.266,506.621,231.443
405.100,273.833,511.673,231.240
394.748,267.089,514.571,231.236
383.187,258.918,516.074,233.057
378.375,249.094,518.207,234.126
364.845,241.361,524.707,232.952
360.181,232.164,529.132,232.198
347.337,220.158,535.703,234.216
336.877,212.481,540.384,233.830
341.919,202.314,537.476,236.506
343.666,197.986,538.362,234.833
349.836,188.655,538.075,236.789
353.389,184.435,540.446,236.504
350.193,179.130,547.627,236.808
355.087,175.829,552.328,236.639
360.456,172.851,553.215,236.259
376.252,169.138,562.124,237.970
397.871,165.962,564.756,239.567
412.415,169.156,564.336,240.557
444.819,166.983,567.511,241.728
478.282,170.031,564.509,241.530
514.360,173.066,556.812,243.943
535.964,179.076,560.556,243.959
566.435,187.722,557.303,241.873
613.752,194.467,541.797,240.762
628.436,207.318,540.688,237.812
660.466,214.924,528.411,239.864
700.192,223.967,513.316,238.938
722.422,231.596,505.905,237.447
737.810,233.808,494.490,240.453
733.756,242.428,505.368,235.391
749.962,245.617,499.681,236.244
756.529,248.527,499.177,232.840
747.859,246.395,504.797,232.020
738.424,241.439,505.946,232.129
729.191,234.090,503.534,234.600
726.984,229.322,501.273,235.501
706.200,211.076,509.828,235.786
709.937,184.929,503.475,234.928
705.819,154.346,503.872,231.248
713.828,123.493,500.435,232.031
724.536,86.225,492.415,226.146
726.481,45.788,492.078,222.216
746.866,13.960,493.538,217.655
751.508,8.829,515.556,193.696
747.557,4.838,531.076,172.782
736.431,5.229,545.293,147.189
748.719,4.635,551.333,127.769
737.080,13.314,562.860,113.316
720.755,21.285,574.565,107.986
732.254,26.002,563.733,109.358
769.334,11.995,546.955,105.486
790.377,13.291,524.120,111.716
802.710,21.339,502.631,122.718
809.714,19.766,487.975,137.449
815.156,20.655,476.347,151.556
821.076,19.665,469.941,171.660
