209.000,256.000,271.000,113.000
206.951,264.321,282.963,106.126
204.825,263.761,293.159,101.929
204.164,265.288,299.696,98.898
205.312,264.365,305.154,97.568
203.219,264.837,303.555,97.081
204.717,262.275,304.786,98.521
205.589,264.311,304.831,97.384
203.704,261.074,304.876,100.121
203.133,264.310,302.208,99.336
203.110,264.498,301.746,100.123
201.219,265.510,301.788,99.464
198.430,266.574,302.132,99.570
199.025,268.799,301.455,100.037
199.998,269.244,299.958,100.278
203.173,271.171,297.533,99.625
197.542,275.912,302.169,97.963
200.773,276.249,296.244,97.925
201.174,280.122,294.069,97.837
197.487,283.845,293.137,97.353
191.571,286.317,291.571,97.315
189.626,286.338,291.375,99.876
185.826,287.985,292.739,101.593
183.728,292.617,293.433,101.343
183.498,294.821,292.298,100.187
177.115,297.185,291.465,99.480
173.303,297.957,289.860,99.938
172.903,301.473,290.393,99.045
167.499,303.122,290.956,98.952
167.548,304.634,292.380,98.076
165.737,301.091,294.839,100.617
167.520,301.919,291.738,101.330
166.976,303.480,288.692,101.038
167.418,304.892,287.072,101.365
166.625,304.989,284.764,100.258
165.487,306.729,286.624,99.593
169.259,304.905,284.352,100.280
172.407,305.402,279.680,98.975
172.862,305.853,280.891,98.037
170.121,305.320,281.686,97.110
161.738,306.445,293.114,95.655
168.852,299.701,290.228,97.104
161.430,301.137,297.704,95.990
171.358,296.567,294.544,96.197
179.529,294.087,294.579,95.193
191.862,291.556,291.296,93.615
203.170,285.461,281.337,96.081
217.762,283.190,272.791,94.532
228.859,279.624,267.713,94.243
245.864,278.309,265.631,91.880
264.440,272.648,262.716,91.340
273.891,270.506,264.922,89.437
285.183,264.279,268.485,88.553
298.027,259.519,269.277,88.556
309.886,253.387,269.878,89.502
322.823,250.006,268.747,89.224
331.805,247.493,266.506,89.222
343.106,244.760,263.155,88.718
351.797,244.896,263.828,87.761
357.221,241.607,265.194,88.353
359.037,242.756,265.722,86.909
361.900,242.994,265.017,86.821
362.143,241.623,266.494,86.792
360.276,241.050,265.056,86.675
362.627,242.354,264.874,86.776
360.362,239.971,263.099,88.126
354.346,242.580,263.769,87.306
345.835,245.161,267.307,85.855
338.676,246.375,268.228,86.062
327.374,248.185,268.348,86.332
321.268,249.364,267.596,86.421
311.626,251.130,264.868,87.038
299.746,253.554,266.140,87.130
286.081,257.190,267.459,86.042
274.402,260.795,266.202,85.793
260.222,263.697,266.711,85.750
240.658,268.026,270.970,86.774
224.041,272.479,271.598,86.610
204.614,276.063,273.526,87.819
192.945,278.637,270.270,88.164
177.889,283.831,269.925,88.096
168.092,288.199,269.090,88.198
163.200,292.208,265.116,87.559
154.188,294.093,262.863,87.858
142.161,296.669,266.134,86.336
130.068,299.231,271.857,85.333
127.788,298.299,271.755,87.086
123.177,299.009,273.104,86.355
116.124,298.091,275.784,87.118
113.630,295.595,274.282,89.000
114.578,298.269,272.750,87.993
115.658,297.187,271.512,87.940
116.478,295.946,269.487,87.702
116.228,296.019,270.725,87.437
118.918,292.017,268.924,88.344
118.417,292.090,269.785,88.267
122.162,290.188,269.513,88.821
124.227,287.927,270.610,88.419
123.678,284.962,269.423,88.487
128.084,286.153,269.491,85.926
126.602,285.059,273.259,84.406
133.410,284.216,270.795,83.633
137.078,281.022,267.920,84.221
137.863,282.557,270.117,83.497
141.442,282.479,268.721,82.873
145.827,280.935,268.107,83.317
144.835,279.400,271.332,84.693
144.637,278.627,271.479,85.429
145.812,279.190,272.010,85.905
143.604,278.464,274.221,86.529
143.647,279.002,275.554,86.163
145.265,282.917,277.928,84.934
140.801,282.736,280.383,85.139
141.334,284.978,277.015,86.009
142.398,287.508,277.535,85.972
142.969,289.543,273.238,85.880
141.936,293.525,271.185,85.770
145.651,297.391,269.832,84.589
140.852,300.520,266.859,84.917
144.661,304.973,269.603,84.480
140.398,307.665,268.868,84.146
141.267,310.017,262.618,84.845
138.261,313.014,261.794,85.395
137.293,317.362,259.920,84.013
137.692,319.803,259.877,82.596
138.038,321.938,258.737,81.841
138.364,324.304,254.541,80.905
137.357,326.830,253.302,78.414
136.365,326.808,248.524,78.129
139.863,327.484,245.509,77.081
142.101,327.774,243.231,76.951
144.006,328.433,240.705,75.819
150.902,326.045,232.647,76.302
154.814,326.105,226.769,74.485
156.181,326.678,222.633,73.772
159.510,327.072,218.487,72.780
165.411,325.298,215.032,72.653
166.509,323.674,209.936,72.411
163.748,322.594,211.027,71.902
161.613,320.206,212.527,71.112
156.780,318.832,214.209,70.410
147.308,315.458,212.576,71.189
143.775,310.729,213.332,73.394
138.851,308.269,215.355,73.603
131.862,305.527,218.316,74.144
128.946,303.227,218.903,73.216
123.472,301.115,217.142,73.601
121.483,300.626,214.829,72.938
123.045,300.499,214.160,71.717
122.634,300.890,214.812,71.465
122.753,301.820,217.137,70.500
129.212,300.448,216.867,70.446
125.323,301.813,221.635,71.219
133.799,300.476,220.799,71.908
135.726,300.488,224.158,72.066
138.117,301.014,226.887,72.337
142.419,301.511,227.772,72.074
146.765,301.950,226.989,71.479
150.105,301.793,225.950,71.105
157.716,301.984,224.769,71.808
162.248,301.866,222.085,72.783
171.511,302.817,221.954,73.315
173.451,304.055,222.565,72.336
184.107,304.350,223.595,72.303
194.350,304.965,224.417,72.131
199.935,305.141,222.439,73.458
206.738,307.062,220.564,73.184
215.807,308.381,221.512,71.783
219.777,309.142,221.581,72.561
225.443,310.563,218.621,72.700
230.452,312.388,219.376,73.811
231.072,315.047,216.123,73.233
233.876,318.043,215.115,72.581
235.714,319.725,212.257,72.740
238.320,321.402,210.304,73.399
238.480,324.227,210.486,72.988
239.774,325.516,209.992,73.333
237.469,328.237,209.154,71.872
237.015,328.822,210.280,71.793
233.258,329.756,211.380,71.764
230.499,330.650,214.784,71.585
226.088,331.226,215.738,71.610
220.871,333.366,220.765,70.588
216.827,333.687,224.524,70.419
207.934,335.744,224.558,70.014
202.474,333.810,227.514,70.298
196.414,334.058,228.881,71.262
191.562,334.164,229.686,71.584
186.452,333.887,231.824,71.927
181.935,331.136,230.626,73.355
179.809,329.760,228.423,73.145
178.785,329.736,228.591,72.521
171.972,326.793,228.980,73.814
171.175,327.492,228.821,73.819
167.406,323.432,226.877,75.361
167.857,323.258,225.316,74.468
166.774,322.393,227.514,74.735
169.700,319.736,226.582,74.192
165.985,321.007,226.461,73.348
166.719,319.240,227.897,73.599
167.785,317.761,232.512,73.448
171.868,315.213,233.885,73.724
174.732,311.940,231.275,74.298
176.683,311.930,231.406,73.120
183.699,310.238,224.907,72.657
189.211,307.795,224.077,72.496
193.475,304.967,223.376,72.424
202.519,305.821,224.770,71.039
208.176,301.403,225.103,72.231
212.157,301.388,224.441,71.075
217.798,301.580,226.019,70.230
220.624,299.674,227.658,70.300
225.339,296.857,227.460,71.297
232.412,295.009,225.639,72.256
235.168,293.632,224.659,73.409
239.164,294.524,222.759,73.092
242.470,294.135,224.461,72.997
247.637,295.037,224.298,72.347
249.364,294.522,221.361,71.527
250.696,293.846,223.088,71.643
248.403,292.933,223.404,71.815
249.337,291.586,223.514,71.631
248.455,292.271,220.744,71.614
246.914,290.287,221.230,71.900
244.218,289.686,216.099,72.376
242.447,291.091,219.511,72.144
240.862,288.609,217.255,73.150
237.439,289.687,216.621,72.902
235.350,288.420,216.061,73.386
235.072,286.517,210.543,74.284
231.773,285.759,205.003,74.639
227.446,287.105,202.585,74.196
222.020,289.620,204.394,74.447
217.365,289.960,204.822,74.768
212.518,289.440,204.136,75.108
205.914,289.837,203.577,75.298
200.251,290.511,204.858,75.102
195.185,290.670,209.197,75.182
189.067,291.792,208.894,74.237
183.483,289.282,211.484,75.872
179.726,286.885,209.042,76.411
174.366,287.642,209.716,76.286
170.221,286.042,208.289,76.165
167.659,287.411,208.185,74.975
164.467,287.538,208.564,74.815
159.776,287.719,209.807,74.693
156.597,288.672,209.917,73.979
154.080,289.695,211.167,73.179
149.671,290.040,212.333,73.176
147.980,289.898,212.917,73.881
145.722,290.632,213.164,73.442
142.602,291.077,214.239,72.300
137.037,290.713,216.529,72.283
133.553,288.846,218.598,72.466
131.595,286.299,219.294,73.005
130.115,285.310,218.590,74.235
126.737,284.052,219.910,74.971
125.750,283.980,218.865,74.624
123.853,282.570,219.048,73.896
120.676,280.869,217.957,73.997
120.110,279.934,215.420,74.776
119.353,280.486,214.736,74.501
119.456,277.661,214.999,74.661
117.774,280.287,213.218,74.037
118.488,275.843,212.618,74.806
116.074,279.071,210.809,73.713
114.484,279.367,210.479,73.498
112.580,279.854,210.225,73.416
109.564,279.791,209.481,73.181
108.795,282.536,212.581,71.076
107.771,279.735,214.166,70.803
108.250,282.104,215.410,70.565
104.000,280.053,218.940,71.118
103.031,280.912,223.169,70.619
105.519,277.639,221.543,71.807
105.984,275.920,220.179,73.077
100.960,274.956,222.027,74.103
102.418,275.436,221.829,73.399
105.952,276.005,219.146,72.959
109.250,277.754,219.658,71.181
112.575,278.731,218.090,70.830
116.291,277.749,218.047,70.853
117.972,277.274,216.537,70.848
124.955,276.948,214.471,70.449
125.670,273.370,214.613,71.553
128.356,273.387,213.126,72.168
127.434,272.780,213.310,71.694
127.551,272.423,213.802,71.863
126.387,271.454,215.129,71.677
125.983,271.993,216.065,70.848
125.252,271.417,215.982,70.574
125.273,270.852,218.682,69.627
121.726,268.703,219.822,70.687
119.414,270.376,220.311,70.277
121.687,268.912,220.728,70.638
120.156,269.891,219.353,70.232
123.037,270.092,217.666,69.632
122.417,269.259,218.465,69.722
119.254,269.916,220.235,69.696
119.658,266.443,223.055,71.336
119.040,266.227,223.305,71.205
