827.000,270.000,168.000,151.000
828.140,283.865,171.257,147.228
827.281,290.682,172.959,145.700
822.804,293.745,171.733,144.595
812.754,302.473,169.980,143.789
804.156,301.728,168.757,143.656
797.657,296.571,166.294,141.969
800.220,296.935,167.058,142.553
804.987,297.442,166.124,141.163
806.775,295.203,166.255,141.965
811.168,300.952,168.669,141.877
803.241,297.824,166.318,140.975
793.239,293.108,164.606,140.524
788.010,292.825,161.881,140.692
784.591,284.744,162.928,139.412
778.699,285.032,162.366,140.377
774.867,290.010,160.908,140.532
771.364,290.759,159.940,138.856
772.163,280.713,161.855,139.880
761.769,290.216,160.857,142.207
741.159,296.300,159.496,143.356
736.330,297.675,158.247,143.475
743.924,289.472,159.930,148.355
754.423,290.959,159.001,147.225
759.383,292.610,157.792,146.316
757.669,296.037,156.761,142.904
749.686,292.930,154.757,140.517
746.903,280.587,154.078,140.212
749.120,280.618,153.746,141.188
745.198,267.031,154.748,142.224
733.438,258.016,154.194,147.248
726.845,263.267,155.202,147.577
719.796,268.514,154.501,145.273
711.910,273.501,152.935,148.315
704.424,284.844,151.468,150.660
699.271,287.544,155.885,148.902
699.521,280.831,155.428,146.445
702.006,276.118,152.715,145.781
705.495,278.919,153.529,144.343
699.388,277.381,152.616,144.596
686.561,292.353,149.084,143.057
679.027,294.795,147.940,141.788
677.925,294.678,147.583,140.970
682.652,295.384,146.730,139.653
682.646,294.659,144.230,140.698
677.902,293.715,143.320,142.081
664.816,297.186,143.052,138.107
647.409,299.940,143.091,135.822
651.895,297.240,140.473,138.722
659.223,286.701,141.219,134.613
659.670,293.396,141.227,131.257
652.044,292.900,134.424,131.061
659.984,284.388,130.644,134.588
656.861,286.554,130.077,130.767
654.550,278.931,127.309,134.536
650.454,274.950,128.125,135.249
648.713,276.203,126.506,136.933
655.521,269.580,128.497,135.906
659.438,277.865,133.721,137.743
653.297,277.380,134.944,135.522
638.106,274.751,133.494,138.019
630.246,276.078,134.436,139.007
630.662,282.278,135.006,134.312
632.439,276.757,134.524,137.121
634.493,267.184,134.176,139.360
630.876,266.471,133.898,139.696
620.467,265.155,130.786,139.362
612.023,261.670,128.613,143.466
608.844,252.151,128.887,140.421
612.697,252.258,128.835,140.337
614.858,255.987,129.834,140.008
609.245,263.596,127.947,139.407
603.640,263.944,126.712,136.215
608.348,258.819,125.412,136.164
609.194,257.495,125.486,134.484
601.696,259.924,123.153,135.054
589.863,261.096,122.354,133.913
581.788,263.594,123.378,132.335
586.961,261.172,130.279,130.097
592.077,260.421,128.905,129.801
599.453,262.135,128.094,129.204
598.282,259.760,127.011,130.152
585.931,270.979,126.083,130.917
574.804,284.580,125.072,131.300
580.221,298.299,124.398,129.890
598.991,299.585,125.000,129.739
606.532,296.613,125.024,128.378
601.404,296.458,125.194,127.517
591.457,289.901,126.462,128.176
582.353,291.291,124.792,127.106
582.508,294.971,123.608,128.709
581.916,296.154,123.908,128.714
576.382,293.257,122.632,127.612
575.739,287.787,124.036,130.047
584.958,287.096,125.521,127.775
592.822,282.629,124.937,127.940
588.652,282.253,122.800,128.442
573.370,283.162,121.787,127.481
563.292,276.199,120.685,128.228
567.192,270.001,121.117,128.322
574.812,269.450,121.045,129.016
577.637,269.313,121.753,129.340
575.156,268.893,122.965,129.798
568.815,271.226,121.894,128.070
570.799,265.399,120.334,129.013
574.085,263.682,120.740,128.373
570.463,265.672,119.720,126.572
567.276,262.204,118.747,125.041
574.638,255.243,119.212,126.730
582.743,262.857,119.504,123.100
582.555,261.122,119.833,122.055
577.786,257.593,119.349,121.414
575.590,257.326,118.925,122.059
573.792,253.453,117.869,122.068
577.366,251.715,118.216,122.601
571.011,257.955,116.832,122.613
565.272,261.720,117.746,121.860
565.426,261.405,117.914,123.606
564.892,271.610,117.753,122.871
564.997,274.062,116.726,122.855
567.572,275.545,118.436,121.715
572.117,270.420,117.689,120.332
576.955,267.500,116.168,121.239
577.659,263.814,114.774,122.866
574.505,270.303,113.593,121.959
566.719,271.616,113.284,122.142
563.989,270.031,114.076,121.338
568.401,270.442,111.677,121.632
583.555,267.453,112.357,122.592
592.111,272.402,113.332,121.881
590.727,272.484,114.626,120.805
588.526,272.296,114.473,120.731
587.834,272.872,114.324,120.574
595.247,271.463,115.476,119.565
612.166,266.049,117.827,121.298
618.912,273.220,115.850,121.077
622.115,278.728,113.497,119.276
618.924,272.684,114.988,119.577
614.729,272.033,113.913,119.900
616.661,279.878,115.225,120.386
620.985,282.134,112.669,119.312
624.214,282.353,111.877,118.663
628.199,286.027,110.291,118.090
629.860,289.657,111.013,119.448
629.214,293.912,110.976,117.801
633.094,292.747,110.772,118.067
636.061,292.579,110.966,117.050
631.727,288.790,110.975,118.161
623.893,292.927,110.762,117.842
616.366,295.503,109.466,118.129
615.002,292.757,109.875,119.351
620.896,298.728,109.368,117.970
624.112,298.026,109.957,116.074
626.796,293.424,108.101,117.036
629.790,298.772,107.194,116.019
631.465,298.809,106.396,115.578
635.283,298.460,105.060,115.712
637.537,298.549,105.741,115.124
637.693,296.752,105.124,115.908
634.002,298.872,106.160,114.837
634.169,294.274,105.576,116.277
636.796,293.134,104.793,116.674
635.506,295.995,104.491,116.219
631.536,297.868,104.808,114.552
629.078,296.601,104.450,116.407
630.264,300.262,105.281,115.055
635.919,303.050,104.880,115.348
635.921,302.687,104.948,116.249
635.275,303.205,105.023,115.448
641.528,306.566,104.569,115.153
640.674,309.959,105.258,113.403
635.651,310.543,103.528,113.912
629.902,315.247,103.245,112.889
628.628,314.147,103.060,113.168
638.807,314.367,102.665,112.217
647.664,314.344,101.059,112.212
646.246,311.724,102.738,111.637
640.069,309.956,101.318,112.186
633.509,307.867,99.914,112.402
634.028,304.483,100.545,112.273
637.197,301.759,100.443,113.373
635.435,303.509,100.716,112.445
632.160,304.784,100.125,112.566
629.769,303.632,100.827,112.027
630.847,299.749,100.833,112.343
635.946,297.486,100.677,112.088
641.489,298.425,99.596,111.452
636.645,298.297,98.522,111.883
632.307,298.794,98.635,113.212
628.811,300.639,98.717,113.622
626.768,300.374,98.484,113.192
631.359,302.531,97.535,111.339
640.985,300.342,98.983,111.183
647.256,302.461,97.892,109.736
644.035,306.369,98.374,109.881
635.824,303.534,97.646,110.942
633.171,303.238,97.864,110.250
639.313,307.095,97.802,107.722
640.672,308.475,98.267,107.229
640.999,307.012,98.838,106.987
641.343,303.351,98.385,106.744
643.292,299.989,98.656,107.248
646.790,297.271,97.407,108.265
642.785,295.194,96.560,109.712
632.338,292.562,97.040,108.276
632.221,291.839,97.806,107.337
638.905,293.509,97.429,105.875
642.418,293.864,95.697,104.879
638.558,301.233,95.414,105.031
625.306,312.100,94.343,105.845
621.044,314.559,93.797,105.269
631.486,316.268,93.684,104.934
656.993,321.557,93.730,104.501
681.073,324.308,96.510,103.483
693.995,325.593,97.435,102.976
687.914,329.728,96.052,101.366
678.417,332.917,94.623,100.947
677.369,336.544,93.674,101.172
684.763,341.116,93.627,100.930
688.605,332.004,93.477,101.104
687.506,330.216,94.168,102.314
682.994,336.357,93.369,101.852
678.635,328.979,93.126,102.048
677.826,329.261,92.416,102.238
675.695,329.143,91.796,101.894
670.840,324.566,92.153,102.107
666.099,324.176,90.464,102.586
656.019,322.516,90.584,102.547
645.724,314.939,91.214,101.859
640.881,309.968,90.882,101.069
639.548,311.845,90.679,102.168
640.324,315.898,91.444,101.162
638.077,311.790,91.700,100.511
632.623,311.156,91.123,101.235
620.709,314.267,91.562,101.874
624.880,313.440,90.810,102.537
632.565,316.182,91.005,102.715
642.882,319.856,90.731,103.560
649.546,323.885,90.497,102.107
649.962,320.780,90.387,102.420
647.561,321.593,89.852,101.340
649.330,318.032,89.330,101.245
656.315,322.106,89.196,100.248
660.349,320.635,88.303,101.377
667.319,324.069,88.496,99.865
674.203,317.213,86.984,99.951
672.447,307.477,88.066,99.950
676.608,310.964,87.158,100.632
684.504,309.464,87.124,100.795
691.816,311.282,86.671,101.237
688.057,314.041,85.965,101.621
684.460,308.630,86.119,100.401
684.490,307.437,85.464,100.510
685.108,309.107,86.841,99.932
682.010,317.128,88.705,97.853
671.119,317.632,88.018,98.674
667.239,319.732,86.267,98.317
667.633,317.761,84.590,99.041
676.142,318.690,84.565,99.501
683.355,320.862,84.988,98.852
687.536,323.059,84.911,99.306
681.369,321.772,84.315,99.527
671.932,321.433,86.183,99.058
670.344,331.002,89.766,98.111
667.663,333.552,88.401,97.274
668.533,330.530,89.179,98.346
671.680,337.867,86.630,98.062
675.234,342.327,84.637,96.875
673.898,339.098,84.936,97.588
667.952,339.633,83.246,97.625
666.226,341.039,83.311,96.230
672.583,338.217,82.207,97.017
675.960,344.153,81.468,97.057
675.573,346.758,81.250,96.380
673.482,343.346,83.323,96.673
674.515,345.737,82.518,97.187
679.217,345.784,82.585,96.725
683.327,341.925,82.558,96.285
687.961,340.949,81.779,96.375
690.768,341.581,81.566,95.967
683.152,342.419,82.582,95.043
666.388,341.868,83.785,95.247
658.684,338.228,84.027,96.399
663.130,334.662,84.233,95.415
672.312,332.147,85.862,95.525
669.366,338.261,85.596,94.764
657.702,339.627,83.912,94.322
654.878,335.127,83.997,93.687
661.156,333.031,82.511,95.355
665.321,337.304,80.707,94.635
660.933,338.132,80.180,94.174
660.688,336.018,80.321,95.190
668.141,338.545,81.544,94.368
673.423,335.485,81.194,95.016
673.696,342.037,81.835,94.409
662.899,346.741,81.713,93.789
656.426,348.249,81.377,92.691
658.894,350.119,79.088,93.181
673.765,352.624,78.500,92.306
687.007,352.732,79.500,92.711
686.885,353.568,78.946,94.543
680.471,358.716,78.039,94.481
674.376,358.891,78.088,93.891
677.648,361.701,80.085,92.419
687.055,363.021,79.730,92.632
699.382,368.191,82.628,89.821
697.510,369.415,80.514,89.643
693.398,371.914,80.234,88.281
689.169,366.327,78.466,90.692
690.846,365.155,78.657,91.291
686.371,365.800,78.990,90.515
674.827,363.284,79.456,91.849
671.864,361.438,80.685,91.597
676.944,358.265,81.500,92.048
676.129,357.922,81.238,91.457
666.702,354.646,81.626,90.896
656.057,354.759,81.229,90.685
649.961,353.756,80.773,91.217
649.071,353.552,80.317,91.302
646.778,355.900,80.040,89.807
651.918,355.864,80.882,89.057
656.790,353.344,81.076,88.375
655.219,357.172,81.504,88.165
652.733,356.336,81.214,88.920
648.655,355.725,80.244,90.080
645.618,362.576,81.310,89.135
648.937,364.735,80.772,88.965
658.984,366.733,82.285,87.886
662.951,367.157,82.669,88.598
661.790,366.168,81.029,89.275
656.365,369.496,80.485,88.962
644.188,370.866,80.977,89.442
637.812,369.178,79.060,89.918
643.164,369.113,80.755,89.532
649.684,372.042,80.317,87.834
654.880,373.029,78.984,87.742
650.273,373.760,78.046,87.622
647.015,369.464,76.965,89.161
654.010,370.433,78.145,89.258
659.518,377.818,79.042,87.511
656.004,381.595,79.201,85.446
648.663,379.012,78.932,85.998
646.506,376.256,78.589,87.792
651.829,374.372,77.829,88.535
660.033,376.242,79.698,86.391
662.298,376.642,77.600,86.918
660.002,374.030,76.721,87.620
652.262,372.020,76.069,88.669
651.396,372.978,75.634,88.118
652.240,371.364,76.126,86.923
653.517,368.332,76.992,86.703
651.687,368.442,76.654,86.163
650.913,365.335,74.748,87.850
650.417,365.763,74.781,87.743
646.142,367.065,73.945,87.242
642.386,366.397,72.253,86.707
644.638,365.380,71.225,86.758
648.163,364.997,72.958,87.084
650.048,367.983,72.938,85.832
644.567,367.268,74.190,85.677
635.898,368.809,75.126,85.229
627.664,365.763,75.226,85.657
622.834,362.004,75.207,84.890
625.821,359.914,72.906,85.836
628.255,361.988,72.432,85.151
624.340,361.995,72.504,85.384
613.838,363.847,71.269,84.320
600.678,362.907,70.700,83.953
596.363,361.891,70.488,84.896
600.562,366.417,70.936,84.344
610.510,366.547,71.226,83.660
618.283,370.148,71.207,82.778
618.143,369.167,70.111,83.660
611.432,367.353,69.812,83.978
604.804,368.075,70.276,83.197
601.314,366.634,69.852,84.028
600.878,365.591,70.866,83.781
598.730,362.040,69.461,85.168
601.770,365.148,70.401,83.822
596.742,364.619,70.048,83.373
595.158,364.431,69.406,83.149
597.715,364.435,69.438,82.570
603.000,360.496,69.551,81.896
607.877,363.147,66.917,81.995
607.512,366.737,65.656,82.287
606.780,363.899,66.604,81.706
605.689,359.426,66.309,82.540
607.233,359.081,66.021,82.950
602.768,357.672,66.573,82.176
590.174,359.120,68.575,81.379
583.423,358.774,68.249,81.744
585.876,358.438,70.044,80.762
593.102,358.395,71.167,80.311
602.000,357.611,73.430,80.207
601.316,354.074,73.047,80.419
597.556,351.719,72.433,79.867
593.347,352.225,74.934,78.813
591.431,345.441,73.745,79.546
593.029,346.809,74.470,79.337
590.303,351.292,72.204,80.403
594.237,354.240,72.715,80.189
604.746,352.963,73.490,80.759
613.343,354.968,71.926,80.537
618.966,358.639,68.853,81.192
622.853,360.563,66.914,82.059
622.193,361.799,67.918,81.346
619.502,365.525,66.703,81.462
617.569,365.740,67.061,80.187
619.422,365.092,66.043,80.267
624.591,369.121,67.190,79.487
631.285,367.445,69.306,79.017
636.753,365.093,71.343,78.260
634.249,363.218,71.155,78.907
625.400,360.201,73.155,78.424
611.511,355.538,71.630,79.078
604.028,353.939,72.909,78.923
600.254,349.515,71.078,79.696
602.450,348.633,72.350,79.351
598.199,343.643,73.290,78.272
586.687,340.376,72.326,79.121
574.509,343.516,73.152,77.458
566.294,341.372,71.879,77.668
558.964,340.808,71.756,77.532
556.575,343.794,69.134,77.711
560.971,345.625,69.466,76.775
566.251,348.958,68.442,76.910
566.099,357.609,69.728,76.300
559.895,357.409,71.010,76.088
556.258,358.307,70.508,75.910
558.482,358.840,67.738,76.387
559.628,358.566,65.871,76.645
555.082,356.749,69.127,76.264
551.710,353.819,70.317,76.974
552.874,354.577,72.044,76.153
551.696,352.621,70.945,77.513
545.429,351.345,73.529,77.476
540.743,346.966,71.798,78.028
543.267,344.712,72.060,79.249
542.501,345.472,71.481,78.412
542.837,344.747,73.345,77.811
542.655,344.214,73.671,78.138
543.136,345.723,74.305,77.292
541.450,344.215,75.046,77.252
544.207,344.266,74.760,76.907
549.266,343.017,75.036,77.193
556.399,341.070,74.291,76.485
556.510,340.425,75.342,76.326
544.153,335.922,72.940,76.387
540.394,335.829,73.063,75.963
535.800,335.569,71.497,76.041
