53.000,128.000,43.000,168.000
51.593,125.635,47.141,172.858
48.674,123.075,49.862,177.836
47.094,122.744,50.602,177.975
45.138,120.525,51.393,181.509
42.141,119.012,51.324,183.302
41.556,118.597,53.305,184.477
38.643,117.772,55.360,185.332
38.879,118.360,56.496,185.208
37.102,118.575,57.876,183.246
34.638,117.778,57.368,183.604
34.094,114.908,56.872,186.403
36.724,115.816,55.924,186.429
34.620,114.319,56.713,187.197
37.127,114.571,55.717,187.801
37.898,115.318,55.549,187.606
35.944,114.907,56.210,185.793
35.457,116.303,55.869,185.826
37.757,116.576,55.199,184.995
39.878,115.393,54.908,185.027
40.515,117.171,55.208,183.799
38.533,115.546,55.945,185.584
37.381,116.730,55.905,185.285
41.110,117.578,55.236,183.504
42.055,116.264,55.508,184.906
40.257,113.819,56.928,187.867
40.411,114.541,58.020,188.080
41.214,113.724,58.929,188.184
41.391,114.682,58.877,189.113
42.677,113.185,58.959,188.308
42.438,114.964,58.957,188.868
40.196,112.724,60.087,189.826
41.921,114.112,60.196,188.038
42.129,112.767,59.827,188.758
42.254,113.620,59.820,188.267
46.311,115.463,58.387,184.947
47.460,115.223,58.429,184.916
47.440,114.967,58.177,185.370
47.401,115.023,57.363,185.851
48.044,114.320,57.247,185.664
49.161,111.966,56.593,187.085
49.948,111.335,56.206,187.407
50.128,110.796,56.043,186.419
49.920,110.497,56.094,186.759
49.973,109.739,55.632,187.369
49.804,109.300,55.863,187.822
51.436,111.411,55.367,187.344
55.140,113.374,54.361,185.147
54.714,111.700,54.739,185.938
55.224,113.078,54.970,185.078
53.408,113.673,55.704,186.478
54.208,114.275,54.741,187.026
57.671,116.424,54.484,185.549
56.575,115.694,55.051,185.666
55.582,115.595,56.524,185.005
55.069,116.994,57.387,183.411
54.228,115.742,58.281,183.532
55.832,115.975,59.104,183.961
55.926,117.266,59.300,183.857
58.964,115.902,59.840,183.515
57.390,118.231,59.776,181.733
56.479,117.230,59.661,183.051
56.762,116.432,60.148,182.431
57.759,118.344,59.893,182.230
58.372,118.493,61.065,182.312
58.564,117.578,60.567,182.626
60.678,120.477,59.256,181.147
60.742,120.991,59.001,179.228
59.765,121.546,57.818,179.666
60.421,122.527,57.215,178.627
62.172,121.554,58.059,178.719
59.405,122.218,58.112,180.247
58.212,122.169,57.805,181.358
56.844,121.168,57.903,181.959
55.913,120.973,57.904,181.909
56.135,118.634,58.653,183.965
57.125,118.019,59.553,184.903
57.407,118.918,61.284,185.462
58.587,117.525,63.046,185.524
55.811,117.798,62.825,186.140
57.342,119.519,63.929,185.708
58.549,119.365,63.182,184.353
54.206,117.673,60.745,185.047
55.069,119.515,60.455,183.427
54.159,119.000,59.760,184.215
53.055,119.746,59.855,183.769
54.473,118.899,58.279,185.061
55.234,118.272,57.331,185.374
55.831,119.555,57.240,183.768
53.404,121.566,57.493,182.169
54.485,119.792,56.565,181.748
55.818,118.038,56.383,182.796
54.317,118.564,57.360,183.734
52.158,118.504,56.333,184.589
51.516,118.768,57.122,183.260
51.407,118.522,56.674,182.369
51.439,118.171,56.275,181.725
50.266,118.157,55.417,183.290
50.100,118.993,55.357,183.086
50.524,118.397,55.182,184.183
52.970,119.422,56.570,185.178
49.823,118.212,57.705,186.684
53.298,118.780,56.667,186.325
55.564,118.813,56.280,186.751
61.306,120.691,56.871,186.932
64.070,120.088,58.318,186.260
61.340,119.565,58.145,187.535
61.932,118.157,57.440,187.161
62.904,116.727,56.195,188.066
59.357,115.558,55.875,188.672
61.235,114.697,55.002,186.675
61.444,115.621,54.849,186.278
63.668,115.206,54.221,186.379
64.296,115.562,53.736,186.524
62.635,115.108,53.521,186.472
61.789,117.015,53.163,185.402
59.313,114.833,53.108,185.962
62.208,117.773,53.830,183.470
58.841,119.636,54.399,183.263
56.888,119.120,53.685,183.048
60.516,120.893,53.106,179.914
58.271,123.019,52.193,179.883
55.610,123.373,51.775,180.819
55.771,125.641,51.508,183.820
55.678,126.957,51.638,186.812
55.293,129.482,52.462,188.782
52.579,127.004,53.244,192.504
54.113,129.847,53.053,193.099
51.140,128.521,54.797,193.454
49.060,130.933,57.132,189.249
48.956,129.244,58.194,190.089
50.064,129.063,58.969,189.892
48.968,128.062,59.660,192.536
46.277,127.702,60.520,195.764
44.745,126.626,60.802,199.838
44.795,124.675,62.756,206.400
44.479,123.401,63.526,212.937
42.861,123.735,64.939,221.904
42.011,123.726,66.985,226.034
42.656,121.580,69.559,227.273
40.407,120.129,71.433,230.677
41.150,120.201,71.033,232.703
42.194,120.928,70.076,233.309
44.233,120.043,69.704,232.093
47.357,118.790,70.068,231.632
50.757,117.983,70.885,233.414
50.884,116.434,73.726,235.925
55.616,113.120,75.165,242.271
57.534,119.485,78.058,239.481
58.039,117.894,81.926,239.460
59.934,118.698,84.318,238.624
59.620,120.358,85.742,238.248
64.018,122.181,85.391,236.319
65.311,122.826,85.741,234.563
71.514,123.255,84.051,233.269
77.961,126.335,81.157,231.091
81.134,126.036,77.628,231.582
88.270,122.981,72.208,234.750
90.625,118.399,71.878,236.666
91.872,118.237,73.417,238.496
92.084,121.009,74.299,237.175
93.820,121.635,75.479,236.435
95.286,120.652,77.472,234.633
96.999,123.182,77.447,233.088
99.800,122.283,77.103,233.359
100.910,123.765,76.874,233.540
103.334,125.444,75.155,230.290
108.402,121.752,73.669,234.699
111.348,123.633,75.497,235.294
117.088,124.327,79.991,235.650
121.939,127.191,87.798,231.859
124.076,130.587,91.633,229.626
128.829,130.443,88.948,229.757
128.947,133.192,86.754,227.740
132.690,134.363,83.382,227.529
135.610,137.280,82.180,225.790
137.118,138.038,81.685,224.021
136.136,138.734,82.970,223.316
139.321,138.376,84.130,223.031
149.656,138.378,82.521,222.195
157.025,139.292,81.625,221.872
161.019,141.509,79.596,220.066
170.076,140.954,78.639,221.699
176.086,142.412,77.870,221.079
179.088,141.405,78.940,221.977
183.201,141.559,78.384,222.668
186.318,144.251,77.025,218.540
190.679,140.059,75.086,222.252
192.753,141.111,75.862,222.762
196.483,143.888,78.628,221.801
203.615,137.106,79.365,225.613
209.406,137.952,78.763,224.765
213.486,136.033,81.112,226.036
215.698,138.041,83.999,225.621
218.900,137.871,82.270,225.384
222.430,135.352,79.889,226.403
225.388,132.979,80.897,227.059
224.371,134.051,86.572,226.853
225.157,137.145,89.083,225.800
227.787,139.355,91.363,221.398
233.787,139.672,92.755,217.958
242.252,139.781,88.682,218.220
251.077,137.031,83.749,222.935
258.442,136.953,80.843,225.730
261.958,137.222,81.448,226.175
266.119,133.808,85.794,224.969
267.825,134.908,91.062,225.819
268.118,134.958,97.964,224.916
270.521,135.619,101.367,224.024
274.663,134.171,103.360,224.953
279.109,131.486,105.674,224.066
286.286,128.723,106.237,224.788
291.078,128.606,105.713,227.643
295.921,130.051,108.898,228.901
299.377,129.644,115.634,226.620
295.668,133.661,121.421,225.523
296.331,136.741,126.461,223.194
302.055,137.520,125.867,224.351
304.454,135.774,123.569,223.967
305.797,131.880,118.901,227.393
311.792,128.151,116.362,229.974
320.553,126.611,109.564,231.862
323.877,128.360,107.921,228.615
323.118,129.689,110.170,225.184
322.397,129.376,112.591,223.176
320.600,129.746,114.863,220.940
319.907,130.434,117.967,215.563
321.184,130.235,120.185,212.033
321.903,131.091,119.704,213.104
320.743,132.713,119.648,215.025
317.326,129.712,118.749,220.420
320.670,129.464,113.703,222.866
320.082,123.692,110.870,228.063
319.993,124.225,106.971,229.322
320.255,124.302,104.188,229.558
317.269,120.168,102.637,231.880
315.319,118.307,98.528,234.735
312.857,116.957,95.741,233.745
311.226,118.634,93.225,232.727
309.870,117.054,90.949,233.050
311.318,118.724,88.403,230.533
309.506,119.574,85.778,227.879
310.097,116.929,83.339,222.532
309.922,117.588,81.156,221.272
311.018,114.990,79.538,222.942
314.884,112.053,79.280,223.266
320.018,106.673,77.825,232.557
329.579,100.047,78.995,239.686
325.766,90.390,82.348,249.286
321.830,83.810,83.713,260.158
319.156,79.928,85.764,255.463
318.317,78.775,85.981,252.483
318.470,81.493,84.950,253.801
321.253,80.847,84.660,252.718
319.606,79.429,83.703,250.399
319.484,77.834,83.159,248.481
319.422,78.953,82.273,249.134
320.935,78.451,81.561,245.790
321.296,78.711,80.663,242.110
322.155,78.384,79.547,243.873
324.779,78.481,79.319,243.895
325.855,78.364,81.793,239.936
323.744,76.945,85.705,233.636
317.618,75.213,86.804,233.921
315.618,75.791,87.862,234.056
312.432,75.939,88.610,234.171
311.030,76.942,87.012,235.130
310.618,75.073,85.655,236.779
311.260,74.878,83.473,236.567
309.328,74.902,81.829,236.784
305.675,77.940,81.315,234.687
305.742,77.415,81.046,233.166
304.309,78.138,80.325,236.189
302.282,78.446,81.862,238.966
300.747,77.762,81.871,241.101
296.827,76.599,82.299,238.043
298.380,77.155,79.219,231.962
297.140,78.527,79.153,222.108
295.396,79.839,76.983,217.821
293.688,79.416,76.694,210.513
295.287,79.330,75.444,201.715
294.723,84.323,71.680,198.797
295.939,85.275,69.284,196.969
294.845,86.028,68.135,196.468
294.450,84.482,67.734,195.483
296.138,84.419,68.085,192.846
296.793,81.573,68.458,194.065
296.149,86.600,69.013,191.509
296.878,85.738,69.070,190.645
297.565,87.812,69.535,189.628
298.468,85.086,70.263,188.607
297.203,87.065,68.551,189.117
297.153,84.836,67.408,190.845
302.157,83.491,65.053,191.295
301.881,84.554,63.210,191.202
301.445,82.861,62.276,192.922
301.962,84.529,61.296,194.404
302.571,83.121,61.811,195.137
301.948,85.065,61.273,196.614
302.772,85.936,60.412,199.370
303.498,85.910,60.578,201.250
303.471,84.923,61.836,201.940
305.061,86.421,61.912,201.516
304.427,87.794,62.136,201.274
304.746,89.121,61.507,201.295
306.598,88.207,61.858,198.843
303.502,89.934,62.717,204.420
304.523,89.152,63.048,202.980
304.530,89.449,63.123,202.761
302.534,88.583,62.425,206.306
303.957,87.223,62.826,205.340
304.424,87.347,62.225,208.704
302.864,86.868,62.584,209.901
304.616,85.899,62.983,209.401
305.119,86.128,61.978,211.400
304.216,88.250,61.746,210.597
306.217,86.340,62.336,207.685
307.696,87.974,62.068,204.701
308.703,87.249,62.153,201.318
309.403,91.155,60.504,201.723
309.376,89.833,60.788,199.151
310.337,88.765,61.830,197.354
310.892,89.933,63.905,196.450
311.675,89.732,64.431,196.727
312.545,93.079,66.670,194.127
313.278,89.976,67.433,192.619
314.460,93.491,68.227,188.285
314.727,93.667,71.304,188.395
314.366,92.572,72.617,193.625
314.161,94.071,72.735,197.960
315.869,92.644,76.485,200.625
319.665,95.449,79.019,204.334
322.784,91.762,79.238,207.980
323.953,94.075,80.765,210.913
325.361,91.019,82.378,213.668
328.648,90.157,80.973,217.246
331.830,93.553,83.234,215.936
334.958,100.598,83.159,212.326
341.573,90.323,82.590,218.370
347.321,86.903,79.985,219.473
353.030,90.325,76.348,220.569
356.609,98.413,80.144,213.894
357.545,95.944,77.233,217.369
361.728,93.049,75.110,216.800
361.856,96.446,75.140,221.004
364.786,95.338,75.989,221.061
366.990,99.067,74.748,223.700
