178.000,144.000,78.000,191.000
182.146,146.373,72.314,194.905
180.183,149.053,69.758,198.539
177.710,152.088,69.853,200.804
177.108,157.292,72.147,200.527
177.444,160.057,75.462,198.282
178.139,153.869,78.326,198.513
178.275,146.542,79.820,195.059
172.232,139.846,82.451,190.435
169.573,132.848,82.870,186.424
163.684,125.667,85.057,181.564
159.451,121.066,86.276,179.992
156.097,117.443,87.569,178.563
159.001,121.855,85.905,174.992
152.552,125.537,86.554,172.065
146.591,125.467,86.229,174.088
143.258,123.566,86.629,174.526
142.838,122.874,84.896,173.458
142.504,122.134,83.369,172.339
140.588,122.302,81.726,174.027
143.126,125.081,80.009,173.958
144.360,129.473,77.782,174.155
143.747,130.044,77.112,173.846
142.607,131.629,76.873,176.081
141.594,125.846,77.134,176.260
143.938,120.783,77.619,176.210
147.395,117.820,76.758,175.933
150.177,117.170,76.459,179.305
150.933,116.515,76.860,182.912
150.609,116.445,77.365,185.349
148.729,115.020,76.837,186.363
145.806,116.171,76.678,185.903
143.237,119.189,76.540,187.308
144.963,125.442,75.336,185.024
147.980,127.179,76.242,184.385
150.130,127.655,82.813,184.311
147.490,130.600,87.832,183.843
146.879,132.895,88.344,183.040
134.773,136.241,88.073,183.443
131.778,137.957,83.573,184.770
131.135,143.656,79.648,185.709
134.467,141.844,77.621,186.661
135.930,141.277,75.502,187.268
134.571,142.430,75.032,189.394
131.750,143.071,75.345,188.367
128.126,144.086,78.685,188.678
128.723,144.528,78.569,188.807
127.577,144.439,79.631,188.725
127.696,148.348,79.699,186.672
126.565,151.816,80.008,183.421
123.481,148.760,81.910,181.374
120.970,145.736,81.539,184.227
121.679,140.251,80.693,188.421
125.738,136.144,78.076,192.029
129.430,135.472,78.208,192.719
124.441,137.612,82.927,194.847
127.781,139.016,82.680,194.310
133.230,140.598,77.796,194.423
134.914,138.700,75.475,194.413
131.167,133.918,76.267,197.447
130.311,128.615,77.984,202.076
133.365,122.559,81.099,202.345
135.829,119.784,85.318,203.837
139.482,122.005,87.757,202.355
141.037,125.473,87.262,202.958
128.793,128.040,91.204,202.650
125.929,129.453,91.192,204.905
121.157,130.500,91.962,206.847
123.755,132.417,91.721,204.720
125.692,135.836,92.059,202.545
130.478,138.763,90.478,201.795
128.063,140.131,92.873,203.136
126.962,142.314,92.273,204.454
123.839,142.171,91.172,204.701
124.313,140.924,90.087,205.251
125.147,142.083,87.437,204.788
125.836,140.355,86.584,204.683
128.492,140.260,84.437,203.848
119.506,142.321,89.539,204.298
113.134,144.561,93.819,203.347
106.816,142.727,97.338,206.517
101.977,143.011,101.518,208.944
99.921,140.505,102.847,208.725
95.869,140.460,105.341,206.065
93.442,142.212,105.758,203.954
93.777,142.452,103.454,205.574
90.869,137.844,103.449,206.135
87.714,134.158,103.592,204.760
85.509,131.132,103.165,205.956
81.452,126.492,103.209,207.189
79.501,123.498,101.099,209.898
80.008,120.882,97.484,214.797
78.556,114.063,97.921,212.842
74.983,112.780,97.331,213.915
74.051,114.416,97.641,213.080
70.255,116.554,99.089,211.201
71.457,116.036,98.606,208.682
70.886,121.384,98.328,212.078
73.238,120.402,96.690,213.169
71.325,116.054,94.598,213.138
70.446,110.756,92.701,213.837
68.341,110.099,92.978,216.209
64.451,107.248,93.350,216.970
60.944,105.138,94.525,219.586
61.868,102.096,94.535,220.921
60.245,97.598,95.146,221.157
55.697,93.938,94.903,227.384
54.840,87.629,94.627,230.686
57.793,89.341,94.766,230.951
58.961,84.925,96.822,230.653
58.987,82.786,98.507,234.384
60.877,85.851,98.843,229.558
65.354,91.400,95.900,238.004
70.166,88.851,95.021,231.584
66.431,88.064,98.608,228.673
70.242,92.760,97.182,226.970
67.595,95.714,99.713,221.026
71.208,100.553,98.073,214.232
69.055,101.890,98.595,209.211
67.009,99.594,97.978,215.013
68.647,96.386,99.386,215.528
68.233,93.647,100.376,218.486
66.202,82.417,102.177,226.751
66.661,80.628,101.027,228.059
65.366,71.642,101.621,232.163
60.658,68.687,100.888,244.934
60.191,66.351,96.157,260.288
60.174,63.645,92.217,275.429
57.306,57.056,92.702,290.738
51.168,47.985,96.931,300.138
49.384,42.677,98.376,305.818
45.661,36.316,101.106,306.686
43.363,37.459,102.343,311.296
41.830,35.582,101.595,314.487
40.374,37.148,101.293,315.685
37.693,32.341,102.270,316.724
36.094,30.064,104.552,319.399
36.085,25.399,105.731,321.431
32.327,29.659,108.092,321.666
28.510,25.567,111.042,315.262
26.957,31.126,111.535,316.143
27.943,29.346,111.378,313.168
24.105,34.725,112.565,310.839
25.873,40.519,112.296,309.257
19.205,36.428,115.156,309.053
18.944,39.831,116.435,308.807
14.958,44.995,119.799,305.953
12.184,47.701,122.880,305.313
10.983,45.468,124.398,307.814
8.239,50.457,125.470,308.886
7.927,45.865,126.197,309.033
5.890,49.022,127.230,307.513
5.065,47.816,126.910,308.542
4.177,43.095,126.693,309.766
2.067,41.068,126.284,311.683
1.928,40.474,126.610,312.602
2.098,41.433,126.799,311.366
3.353,44.233,127.128,311.238
4.896,51.235,127.411,307.469
4.649,46.523,130.828,307.345
4.762,42.019,131.726,313.405
5.749,37.317,135.932,315.681
6.274,35.029,137.725,318.827
9.609,40.553,140.296,317.038
16.281,40.156,139.045,316.763
23.648,33.211,135.452,321.508
28.343,29.079,134.480,326.084
26.524,24.991,137.702,331.219
27.689,15.474,142.297,337.270
26.416,11.620,145.550,341.964
29.371,7.537,147.902,344.211
28.112,2.941,150.867,344.031
30.503,4.346,150.622,344.134
37.461,6.425,147.465,343.583
40.433,4.235,145.986,344.911
46.401,1.914,145.713,344.837
42.529,0.000,147.242,342.414
34.022,0.293,155.485,334.216
40.307,3.124,153.904,333.137
48.671,1.797,149.074,336.082
50.269,4.304,145.524,335.571
55.046,6.258,142.392,330.882
54.627,3.802,141.021,329.159
62.512,9.542,139.733,329.716
61.944,9.880,141.442,329.775
65.356,10.138,139.934,333.924
65.921,8.412,141.210,329.249
66.454,4.046,141.421,323.246
67.405,1.579,141.075,319.745
72.441,5.592,141.279,321.992
75.971,15.363,142.137,320.954
75.534,10.047,142.107,330.371
76.045,9.540,142.368,333.229
78.521,6.854,140.450,336.459
80.510,6.386,138.114,337.535
80.268,5.329,140.016,340.601
79.413,1.183,141.605,342.919
76.551,0.564,142.804,340.357
71.750,2.366,141.792,344.997
70.929,1.070,140.999,343.953
71.689,4.890,140.045,334.377
70.903,9.503,140.844,333.319
69.402,14.875,138.595,332.351
67.876,10.374,137.168,334.367
66.689,19.131,137.152,325.978
69.585,25.393,133.994,322.198
70.769,30.609,133.799,324.187
73.820,26.068,132.856,322.902
71.581,19.451,135.067,319.908
72.313,18.091,135.151,318.363
71.361,18.823,136.899,318.150
74.943,26.273,134.271,321.803
82.367,29.272,130.446,321.939
78.293,25.936,134.850,322.322
84.119,28.861,131.602,324.513
87.148,30.337,128.061,322.730
88.753,26.488,130.702,324.028
93.101,27.974,129.290,325.254
98.580,30.527,128.735,325.551
95.028,32.224,133.617,322.299
96.800,42.442,134.883,315.574
101.122,45.005,132.244,311.975
102.929,51.506,132.195,305.900
103.096,55.829,131.190,303.231
103.728,58.717,131.333,299.188
104.733,59.596,130.958,297.550
106.586,61.581,130.115,295.194
101.938,64.062,132.680,292.229
99.328,64.845,132.962,291.095
101.009,65.146,130.261,290.591
100.027,62.330,131.004,293.417
103.916,63.070,129.788,293.741
106.809,67.051,125.842,292.772
104.980,70.889,126.547,289.192
107.602,76.074,123.772,285.852
107.099,75.747,124.092,283.770
112.515,81.224,122.627,281.103
107.456,83.019,124.909,276.589
107.223,92.490,126.531,268.007
107.668,91.439,125.659,267.991
105.812,96.811,128.243,264.957
101.520,104.447,130.893,257.799
104.367,103.331,129.361,256.610
105.812,108.828,128.943,253.268
105.625,117.792,130.241,244.929
110.419,114.870,123.601,244.641
111.451,99.638,118.700,256.414
112.445,88.814,117.122,267.467
112.211,77.123,119.198,279.249
111.942,72.441,123.737,284.742
113.030,69.744,125.522,288.830
116.407,63.050,124.077,293.358
115.845,53.378,125.528,300.962
108.952,53.240,128.701,304.035
107.975,50.033,128.167,305.466
109.082,44.388,125.526,308.574
107.128,38.090,125.505,313.498
104.269,30.747,127.184,319.397
101.685,28.448,131.260,323.793
97.996,26.074,133.262,330.476
98.218,24.940,133.496,332.590
97.820,25.490,133.677,335.686
97.518,23.245,132.631,335.406
97.278,21.746,132.698,338.740
94.641,20.471,135.051,337.262
92.659,22.609,136.158,333.055
91.720,26.027,136.755,328.253
94.490,29.821,134.268,324.615
97.040,35.261,130.788,320.377
102.906,37.116,127.639,319.497
106.124,38.124,124.579,318.666
105.222,39.406,124.597,316.753
106.045,40.158,121.523,315.629
105.392,41.690,124.017,317.389
104.712,42.724,123.468,319.123
107.406,46.477,123.015,311.822
109.151,47.185,121.275,309.961
111.502,53.698,120.333,304.283
112.126,57.964,120.968,299.421
110.576,61.773,120.954,299.018
110.413,62.275,122.080,297.667
111.391,63.686,122.771,297.227
105.428,66.796,126.522,292.335
104.053,56.378,126.424,299.525
108.861,57.204,125.953,299.735
113.219,59.292,124.298,298.193
110.249,61.564,124.111,295.457
103.713,59.573,128.347,297.947
102.669,56.981,132.994,299.059
101.279,59.471,134.945,297.424
102.334,60.593,134.526,296.575
105.115,62.662,132.050,294.674
104.306,62.461,133.331,293.690
106.355,64.710,132.950,291.764
103.123,69.500,129.185,289.718
96.253,71.431,129.427,286.290
105.134,67.224,126.121,290.753
108.961,64.554,124.587,291.656
105.772,63.055,121.292,293.096
102.364,63.038,119.401,293.597
105.812,63.298,116.186,294.725
106.339,63.687,112.696,295.886
107.526,61.808,110.105,297.093
106.892,59.320,109.636,298.715
108.550,63.165,109.564,295.525
108.770,66.683,108.323,293.073
110.373,67.789,108.357,290.660
111.054,65.932,108.549,292.356
108.262,71.257,109.012,289.066
110.315,69.360,107.689,290.274
110.712,71.504,107.962,287.689
108.841,67.542,109.759,290.408
108.519,66.964,108.494,290.590
111.967,69.843,109.032,289.842
114.703,68.733,107.017,288.995
115.939,73.873,106.090,285.044
117.418,74.723,105.748,285.024
110.760,73.720,106.318,284.625
114.188,72.372,105.607,286.079
116.165,72.059,103.529,286.451
116.021,70.193,103.135,287.044
114.512,74.838,103.893,283.771
114.938,71.985,104.099,285.903
112.071,75.099,105.363,283.135
110.727,70.347,106.604,286.922
112.793,73.244,106.700,285.401
109.888,70.859,110.289,286.810
110.153,70.055,111.124,288.680
111.001,67.765,111.261,290.152
108.819,65.812,111.172,291.630
105.988,66.386,111.689,292.806
106.460,60.295,112.555,297.834
104.210,63.661,115.466,297.740
105.243,62.812,114.147,296.671
106.967,61.893,115.316,297.677
109.220,63.405,117.236,296.920
114.231,66.383,124.264,293.777
101.815,63.976,125.653,292.850
105.595,67.707,130.628,291.485
108.883,65.752,128.834,292.460
105.311,66.512,125.646,289.073
106.435,64.646,127.479,290.823
108.469,63.305,131.743,292.875
106.871,63.893,138.709,292.297
115.107,64.210,136.130,292.170
118.211,62.051,134.090,294.453
124.530,58.724,135.201,296.477
123.815,54.551,134.131,298.707
123.126,59.905,134.405,295.606
122.764,56.861,129.312,298.879
124.208,59.717,129.003,296.777
122.889,56.002,134.830,299.166
121.741,50.101,135.742,304.637
124.506,49.160,137.387,305.790
116.561,59.269,141.415,300.627
113.699,49.611,140.449,304.502
113.147,51.421,135.808,308.536
