448.000,357.000,87.000,33.000
448.011,357.087,86.056,33.662
445.430,357.486,86.508,33.392
442.351,358.844,85.684,33.374
436.732,359.339,87.058,32.848
430.284,359.809,88.028,32.401
422.543,360.083,88.957,32.236
412.630,360.632,90.414,32.379
402.979,360.896,91.986,32.159
396.460,360.655,92.448,32.307
384.813,360.695,93.942,32.814
375.954,360.831,93.333,33.497
366.524,359.560,91.506,34.182
357.745,360.552,91.498,33.239
346.571,361.111,92.567,32.793
333.392,360.733,94.933,33.543
322.269,360.470,94.435,34.171
308.809,360.026,95.690,33.861
295.024,360.905,96.955,33.637
284.893,361.887,97.565,33.853
273.287,361.619,98.434,35.168
261.863,359.259,96.169,36.531
248.692,358.232,95.692,36.618
237.618,357.150,95.511,35.773
227.163,358.628,96.126,34.168
208.829,357.781,100.356,33.409
198.733,355.062,100.274,35.766
191.023,353.611,96.936,37.495
182.354,352.396,94.263,37.602
173.236,353.065,94.352,35.489
165.687,351.000,93.787,35.595
167.712,348.351,94.622,37.976
189.835,348.771,95.456,37.726
215.079,347.594,96.646,36.128
245.485,349.970,105.094,33.215
283.420,350.482,101.929,32.928
321.699,350.302,96.673,33.548
358.195,348.699,93.363,33.647
393.103,348.812,93.135,33.047
436.795,350.903,94.948,31.803
464.842,350.435,94.013,32.730
486.895,349.471,93.642,34.917
502.415,348.198,94.312,35.025
512.720,349.191,96.493,34.853
515.939,347.910,97.825,35.302
512.101,349.422,99.926,34.584
501.127,350.436,102.008,34.499
488.244,349.466,101.802,35.375
475.819,349.403,101.374,35.319
452.732,350.347,106.844,32.491
428.781,350.446,112.926,31.517
408.424,348.345,111.079,33.289
390.282,346.934,108.763,35.115
367.346,347.682,109.940,35.875
346.324,346.457,111.552,36.400
320.801,347.062,114.503,35.728
300.134,343.621,112.866,37.332
285.378,341.812,108.256,38.614
271.963,340.619,107.256,38.784
258.140,339.305,105.605,38.940
245.014,341.340,105.593,38.482
230.623,337.606,106.283,39.707
222.977,337.975,106.699,39.100
218.075,335.231,107.927,38.573
219.060,335.217,108.150,38.674
226.673,336.019,110.183,38.355
241.139,334.095,111.946,38.456
258.585,334.544,112.278,38.659
279.454,334.222,112.599,38.543
307.241,335.018,115.892,37.431
337.677,335.494,116.102,39.118
361.889,335.459,116.909,39.561
383.381,336.279,116.342,40.160
403.130,337.758,117.036,40.023
420.992,338.734,118.183,39.198
434.368,337.887,119.728,39.908
440.131,337.553,120.875,40.402
444.543,336.971,120.825,40.785
444.946,337.059,119.264,40.001
444.665,336.353,118.992,40.485
443.160,336.313,122.275,41.286
438.445,336.254,124.683,41.929
433.858,335.616,127.438,42.472
425.020,336.107,127.455,42.830
416.924,335.260,128.513,43.240
406.901,334.972,127.672,44.775
402.223,333.852,128.751,44.525
396.684,332.810,129.360,44.458
391.248,333.060,129.003,44.016
386.667,331.642,128.603,45.298
385.102,331.166,131.897,45.416
379.417,330.807,133.631,45.581
376.825,329.905,134.001,46.169
375.579,330.510,135.084,45.426
379.011,330.289,135.977,44.723
380.666,330.158,136.414,44.537
382.257,331.699,137.495,44.617
388.612,329.679,138.256,45.081
389.488,330.350,140.041,45.296
390.179,331.114,141.002,45.126
392.921,329.052,138.458,45.988
394.910,329.830,140.705,46.674
400.729,328.813,138.669,47.847
406.504,329.848,137.734,48.257
412.056,330.777,139.006,47.441
416.855,332.531,141.100,46.797
420.734,330.264,142.295,46.929
423.125,332.456,142.379,47.228
426.305,331.403,142.406,47.568
426.221,332.736,143.304,47.176
425.729,331.679,143.536,47.475
420.255,333.601,146.596,47.411
415.954,332.747,147.163,47.754
413.325,332.752,147.162,48.166
410.079,332.360,148.142,48.875
401.283,331.991,151.576,49.943
394.715,332.830,156.088,50.405
392.502,331.825,157.570,51.137
384.984,332.137,158.902,51.451
390.067,331.008,158.186,52.273
391.413,330.785,157.968,51.830
386.773,330.530,159.638,51.471
390.101,328.535,160.332,51.979
393.049,328.372,161.095,52.483
394.320,326.642,161.996,52.840
398.424,326.353,163.026,53.194
406.437,326.379,164.307,54.965
412.338,323.455,164.683,56.791
420.324,323.872,171.458,56.297
427.457,322.659,178.986,56.398
438.516,322.453,184.337,57.701
451.327,320.859,186.418,58.076
468.924,319.833,183.144,58.952
486.454,317.332,189.257,59.014
491.131,318.792,191.636,59.764
496.812,317.673,197.464,59.832
509.634,313.807,196.556,61.516
517.377,315.169,199.455,61.151
522.926,315.311,200.669,59.415
519.669,314.783,201.297,58.963
521.532,315.150,200.590,58.564
523.468,312.513,200.166,58.814
532.633,307.462,215.754,58.875
513.515,307.566,209.536,62.652
503.509,306.594,210.746,63.687
494.797,310.505,214.435,60.418
484.091,306.374,214.602,59.628
474.428,301.336,214.095,62.703
468.874,301.360,215.838,64.213
459.088,298.994,217.553,65.013
447.574,298.398,221.199,63.866
442.176,297.167,223.464,63.904
427.407,296.797,223.827,64.203
423.555,295.108,229.088,64.507
404.993,292.989,240.009,64.405
389.706,291.881,250.018,63.063
375.161,290.537,254.711,63.333
364.129,289.483,258.204,65.036
351.879,287.586,258.402,65.354
336.864,286.665,262.272,65.704
325.469,284.684,265.414,65.865
320.554,282.925,262.270,66.562
310.548,279.856,262.829,65.972
289.066,278.853,265.857,65.951
276.917,276.642,270.353,66.157
266.955,275.774,277.501,66.401
253.639,274.100,285.924,70.166
243.820,272.577,294.266,70.347
259.860,270.142,290.810,70.944
273.982,268.922,284.975,70.604
283.692,265.751,273.561,72.794
263.667,262.424,280.105,73.459
279.463,262.750,289.009,72.609
271.489,261.112,294.271,71.857
290.810,261.477,305.159,70.177
295.863,261.104,313.666,71.139
313.356,258.957,322.060,71.994
320.158,259.947,326.902,73.019
319.600,260.761,333.279,75.042
322.397,261.031,342.972,77.045
308.393,261.049,357.224,77.553
296.220,261.493,365.051,79.527
278.820,262.863,370.527,82.241
255.139,265.085,373.337,82.578
229.295,266.610,381.445,84.633
199.598,270.766,386.752,86.235
163.980,274.055,388.953,86.862
134.248,275.229,384.465,86.641
96.890,276.569,375.729,88.472
63.079,284.528,368.135,88.830
19.741,293.408,374.414,88.367
0.000,296.546,369.650,88.157
0.000,299.267,347.607,91.344
0.000,302.735,325.089,93.694
0.000,307.429,303.256,95.181
0.000,310.067,284.272,97.292
23.468,309.388,268.841,99.704
19.705,333.369,288.031,88.725
104.878,339.878,302.877,85.628
155.971,342.120,326.763,85.828
229.217,343.864,345.787,90.416
300.997,343.439,365.906,88.531
385.130,341.322,380.953,92.307
439.272,340.462,400.850,100.458
486.053,332.495,416.967,108.102
508.785,325.314,423.949,113.991
522.558,315.558,431.066,118.737
529.935,306.015,434.943,121.546
534.049,296.942,437.482,124.690
509.472,280.177,440.901,131.909
479.674,265.144,446.889,140.924
440.090,247.426,447.640,148.577
401.262,229.049,443.994,154.271
375.601,213.207,435.539,158.695
365.872,205.150,428.861,161.940
383.336,221.955,414.227,182.935
397.178,284.006,406.010,199.045
385.922,348.515,406.419,210.398
371.005,407.381,408.696,204.336
361.337,408.969,409.034,205.489
356.433,387.570,401.830,212.318
353.803,366.108,396.372,217.445
359.419,348.822,392.750,219.925
364.685,328.988,387.176,226.999
364.768,299.991,382.572,243.825
369.240,274.929,377.866,262.412
361.018,248.091,376.610,273.608
353.299,225.081,372.280,280.863
334.668,204.414,364.135,286.723
317.181,180.862,360.031,295.728
302.334,159.073,354.709,305.143
290.272,144.588,350.008,310.692
277.503,131.603,341.844,317.118
265.754,116.318,330.599,321.784
253.316,102.418,325.093,328.885
245.397,90.309,321.010,332.726
239.598,80.979,312.995,337.504
238.846,75.152,306.412,341.587
244.068,74.564,301.767,344.830
251.793,77.179,293.650,351.035
257.897,80.639,284.800,360.296
266.546,88.950,277.123,367.316
268.181,94.085,269.733,369.984
269.948,96.493,261.538,372.875
264.941,97.811,255.591,373.927
260.461,97.752,248.340,372.613
254.513,90.950,239.567,373.839
248.627,77.980,232.370,378.252
243.971,64.289,226.862,379.563
241.767,41.162,221.536,384.986
238.922,12.149,216.555,389.953
242.138,0.000,212.740,381.930
248.688,0.000,208.495,361.613
258.900,0.000,203.445,336.783
270.549,0.000,198.410,317.010
285.078,1.159,195.760,308.843
300.518,4.189,194.549,309.587
317.040,10.607,191.434,323.709
337.087,14.266,186.738,341.263
355.373,34.860,187.452,354.236
368.227,67.392,188.973,360.844
376.999,89.817,190.216,364.285
385.696,110.923,191.465,359.214
393.922,128.150,191.920,353.388
400.367,145.211,191.780,347.302
406.552,155.260,190.656,341.034
408.205,163.932,189.213,338.711
407.287,166.694,187.370,336.618
401.416,173.310,186.196,333.605
390.666,177.861,186.103,330.177
374.897,180.348,187.611,327.527
355.553,174.784,190.424,324.277
336.862,166.596,188.994,322.804
317.609,151.477,183.709,322.068
293.436,122.865,183.201,327.143
277.903,102.075,183.693,326.653
268.425,87.873,180.536,325.987
267.319,73.811,175.093,323.067
270.880,68.285,173.841,321.087
278.235,66.591,172.271,316.271
290.438,67.686,174.396,310.483
305.302,72.954,176.267,304.297
323.718,79.268,176.826,302.596
342.333,86.687,174.258,300.924
365.999,88.114,171.322,296.312
382.447,95.595,170.817,292.962
401.523,100.410,172.145,290.996
423.795,105.593,170.395,290.366
446.248,109.640,169.371,288.787
470.938,113.652,167.361,286.562
489.170,117.421,169.783,281.578
504.532,123.135,169.081,278.992
517.550,123.007,169.326,274.765
528.497,126.046,167.192,276.694
539.189,122.600,164.434,279.507
547.412,123.077,164.840,275.153
556.384,122.338,164.923,270.069
565.354,123.513,162.582,267.739
571.538,116.529,159.570,268.727
571.457,110.683,158.116,269.023
569.690,99.910,157.164,268.926
558.746,90.462,160.511,266.930
542.843,80.494,162.353,262.649
528.408,75.729,161.012,259.481
512.862,70.897,159.878,257.942
498.366,68.901,159.773,254.274
484.514,70.202,159.582,254.548
469.059,73.303,158.479,253.591
449.428,73.182,156.650,251.095
426.434,69.528,159.784,240.901
404.559,65.108,162.630,238.781
389.864,57.809,162.712,237.742
375.602,52.259,161.054,238.504
361.405,47.523,157.086,235.499
350.530,46.394,154.052,235.995
340.059,45.091,153.911,234.195
335.163,41.051,152.318,231.284
332.325,42.112,150.349,232.118
330.741,40.284,149.469,232.773
333.310,38.700,149.255,228.759
339.830,40.567,149.983,225.799
348.634,41.147,153.571,218.672
360.235,46.893,156.841,208.387
378.076,55.730,154.600,211.496
399.937,60.188,151.955,210.842
