676.000,234.000,144.000,301.000
681.609,239.069,142.460,309.202
674.086,235.706,133.140,312.833
668.808,242.779,130.849,328.732
665.816,241.943,134.302,341.612
659.701,240.573,140.224,347.756
656.961,237.274,142.426,348.713
655.060,235.647,145.548,345.693
653.742,240.069,153.560,345.403
648.313,238.420,162.166,344.371
645.818,240.265,169.362,343.929
644.374,239.612,172.727,344.185
639.405,242.129,176.061,351.301
633.686,237.648,169.997,357.664
629.073,237.308,168.697,358.192
622.396,232.088,162.278,351.625
621.339,233.476,157.215,350.112
620.588,223.625,158.269,337.161
613.434,224.891,158.057,326.451
609.664,223.593,162.122,318.283
605.360,224.891,168.797,311.469
603.618,225.939,171.664,306.945
606.380,228.899,174.300,303.078
605.755,222.496,174.733,290.194
610.993,223.993,170.225,286.748
606.016,234.669,172.397,287.195
608.338,233.040,172.399,287.675
609.633,237.027,173.593,290.035
604.402,242.725,181.204,287.725
590.024,249.813,192.042,275.157
581.687,251.753,191.773,277.729
577.489,248.027,189.387,276.455
573.652,249.138,175.843,278.563
581.669,247.280,171.158,282.786
581.689,252.517,163.035,282.368
582.355,244.101,148.343,292.336
585.153,243.332,143.085,295.874
583.476,242.951,135.079,304.081
584.488,244.399,132.943,317.580
582.960,238.001,133.965,319.669
581.032,235.536,137.961,321.667
579.910,233.492,137.966,323.048
583.533,233.738,141.195,325.293
575.480,229.544,149.994,331.378
581.237,226.715,152.697,340.651
586.849,221.822,150.593,347.025
586.029,219.240,151.587,353.514
585.726,214.963,149.591,357.520
579.385,213.050,144.395,358.056
579.736,208.008,137.344,358.410
578.139,200.250,131.566,354.297
581.145,201.729,126.956,350.802
576.774,193.644,128.741,329.930
576.476,198.988,133.813,312.174
575.969,201.462,140.636,304.085
567.927,200.465,150.043,296.620
566.449,205.333,153.354,293.448
561.548,202.192,158.403,291.787
557.590,203.342,162.104,295.487
554.270,205.976,165.557,299.480
555.611,203.799,172.177,301.724
554.581,204.340,174.773,303.473
555.193,199.413,177.978,306.227
553.486,197.001,176.495,304.242
551.801,196.532,169.570,298.415
556.420,188.510,157.192,304.937
559.458,187.407,153.916,304.672
560.652,189.990,145.840,301.513
557.451,188.416,140.618,302.786
554.125,188.667,132.640,296.343
561.306,185.618,119.903,310.228
565.522,184.633,113.501,314.314
572.813,190.656,107.571,326.528
556.991,190.249,114.702,333.194
555.798,184.841,119.621,343.599
555.579,184.576,124.253,346.787
551.254,183.884,127.299,350.134
550.406,185.721,131.250,352.718
553.667,183.370,130.923,353.508
565.241,191.150,126.778,350.975
574.960,191.451,119.634,353.662
578.819,192.375,115.434,358.924
582.292,190.878,111.442,361.164
587.687,189.272,106.359,360.816
590.573,178.937,108.407,342.834
592.017,183.777,113.291,321.976
591.176,189.720,114.997,311.400
589.041,191.665,117.975,299.088
583.651,189.805,121.205,295.712
577.807,180.991,121.228,289.273
581.637,184.996,125.202,289.905
578.165,184.463,130.456,289.048
572.573,188.128,136.322,287.235
572.196,187.738,138.659,290.258
574.035,185.393,141.369,291.684
571.151,185.215,141.241,292.553
570.202,186.725,142.207,293.171
560.273,180.594,145.726,292.048
556.607,176.630,144.626,291.155
563.443,175.871,140.410,290.757
567.163,178.024,134.514,289.950
568.244,180.467,132.163,289.555
569.866,182.358,130.370,283.611
570.299,189.001,126.083,282.741
579.434,188.421,119.846,292.350
585.391,190.153,116.706,293.859
587.305,189.926,112.496,294.603
593.632,195.211,110.585,296.238
601.981,202.345,110.354,296.297
612.648,209.495,107.990,301.627
621.170,211.724,104.740,310.002
620.171,209.635,104.582,315.987
626.769,213.345,103.526,317.323
629.067,211.526,100.861,314.641
634.486,219.451,99.956,314.525
641.602,229.683,100.870,314.972
642.473,228.833,101.234,310.863
645.230,234.812,104.108,308.356
645.129,236.817,104.906,300.188
643.181,242.258,103.131,297.224
641.992,247.643,104.819,293.517
642.227,247.612,104.673,288.547
640.462,255.402,112.338,285.783
640.029,262.155,118.973,283.162
642.922,269.118,127.417,281.515
641.843,276.816,131.392,281.539
640.399,274.804,134.040,281.750
637.270,284.787,136.371,277.508
638.060,282.985,135.057,275.967
636.865,290.114,132.835,270.008
636.395,296.828,125.264,271.026
636.683,291.162,117.732,274.813
641.652,289.898,115.546,272.513
643.928,289.906,109.750,270.439
640.761,290.762,104.575,273.461
639.598,290.891,98.327,276.204
640.354,292.081,96.780,275.257
646.254,297.693,91.035,285.394
644.422,295.509,91.835,285.254
637.915,295.403,97.765,282.270
634.136,293.867,102.543,277.518
634.226,297.991,103.878,272.492
639.502,302.054,103.443,273.179
642.534,299.029,100.428,277.944
641.789,298.961,100.000,280.010
635.647,291.895,103.468,274.555
632.045,293.278,104.950,270.489
631.052,281.869,102.972,276.767
626.568,267.868,102.645,282.342
624.341,266.378,101.692,290.478
613.831,259.626,108.547,290.462
618.846,263.745,106.469,289.855
605.372,246.065,116.227,292.055
516.635,211.938,131.667,297.563
495.040,199.301,130.716,316.192
486.331,196.414,131.201,323.536
483.877,193.567,127.674,329.961
481.005,191.247,127.502,328.062
479.116,191.767,128.780,332.236
476.845,192.561,127.985,333.633
474.369,188.263,128.741,331.958
473.683,186.799,129.694,332.999
469.090,185.441,131.410,326.982
467.713,195.278,136.234,315.809
463.005,200.039,143.098,307.528
576.554,228.133,141.637,294.111
592.905,236.992,128.526,283.397
594.949,239.265,121.016,279.092
594.445,237.017,116.029,273.764
592.897,235.445,112.479,272.385
591.028,232.248,105.594,282.377
592.341,231.629,102.793,282.359
590.521,229.687,99.800,289.324
588.377,224.516,99.532,293.393
594.359,219.493,96.469,297.757
597.196,214.418,95.182,307.801
597.610,212.070,94.471,310.214
599.989,205.939,93.206,309.822
606.093,200.701,88.467,307.057
610.953,198.075,86.686,301.545
616.111,197.709,84.292,300.875
615.714,197.221,84.107,298.578
615.384,193.406,84.384,293.766
615.475,189.341,84.870,286.010
614.860,188.500,84.975,279.793
614.811,187.275,84.903,278.630
614.549,187.516,84.606,277.901
618.005,183.728,85.575,275.443
620.459,189.578,87.184,271.484
615.637,191.733,93.605,269.072
613.540,199.692,97.476,268.377
610.471,198.915,100.755,268.074
609.245,198.188,103.729,268.346
610.170,200.569,106.258,269.884
610.933,196.195,106.452,270.945
601.863,184.911,109.843,272.457
604.163,189.552,110.300,273.421
591.479,178.567,111.174,276.105
588.635,175.459,112.509,280.493
585.163,170.507,114.222,278.498
583.704,167.858,113.253,275.677
582.819,170.022,113.668,270.975
579.593,170.507,111.014,279.269
568.728,164.522,117.288,280.032
567.952,160.347,121.439,281.831
565.995,154.283,124.070,289.579
561.982,153.627,127.296,294.394
565.422,143.144,124.570,292.961
560.154,134.304,117.394,295.981
562.692,132.813,105.824,310.200
