430.000,237.000,160.000,277.000
433.757,236.438,162.016,275.042
431.968,239.541,162.566,275.819
431.592,239.309,162.459,277.931
432.075,238.799,161.751,283.510
433.850,237.630,162.140,285.026
434.488,237.116,161.421,289.648
436.135,236.988,160.645,296.421
440.979,234.764,160.329,299.887
443.675,233.620,159.659,303.336
448.879,233.002,158.571,307.811
451.583,234.046,158.249,311.876
451.864,230.508,156.234,315.696
458.301,228.882,155.138,319.102
461.066,227.428,151.232,322.937
462.049,226.908,150.736,326.508
464.910,225.262,149.770,333.567
468.397,228.824,150.204,340.779
471.213,230.232,149.579,344.693
473.073,234.148,148.331,348.230
472.889,232.917,148.213,354.708
476.511,235.426,149.142,355.699
475.665,238.036,150.800,357.059
478.500,241.136,153.489,353.802
477.945,242.160,153.916,352.798
481.872,243.773,152.244,360.677
483.973,249.089,151.803,361.748
482.469,248.263,153.179,354.701
481.655,249.828,152.167,356.300
484.728,259.763,150.288,353.670
482.303,253.387,150.772,354.438
481.794,253.160,152.158,352.718
482.736,253.025,151.749,354.074
481.721,256.867,150.396,350.812
482.246,257.169,150.385,348.257
483.221,257.341,146.907,348.451
483.576,252.570,143.679,349.021
483.299,245.439,142.469,349.035
483.740,240.965,141.242,345.353
484.790,237.720,140.270,346.479
485.993,231.656,139.331,348.596
488.263,224.263,136.454,345.865
493.289,216.977,136.378,334.772
492.768,214.407,134.949,325.776
497.813,213.259,130.617,319.944
502.448,208.737,128.148,311.272
503.469,208.369,125.877,301.894
508.721,207.061,123.203,295.319
506.466,201.111,124.538,290.565
507.056,203.112,125.291,292.556
507.326,197.714,125.926,290.485
506.338,199.936,127.818,279.747
505.926,200.008,128.583,273.496
503.465,198.616,129.074,258.772
503.131,199.386,127.477,254.188
504.705,201.771,127.613,250.677
505.624,204.925,125.229,251.369
510.609,205.182,121.929,248.106
514.431,210.025,116.008,254.447
512.591,210.451,111.515,255.378
515.229,210.937,108.079,253.765
514.134,210.011,107.986,243.961
517.075,214.384,106.528,246.725
516.440,216.836,111.128,242.237
516.057,218.589,111.976,243.324
517.075,220.316,112.577,244.511
518.212,220.606,112.197,244.825
518.207,221.187,112.682,242.379
517.437,222.654,113.149,240.454
518.878,228.632,110.758,247.315
521.155,229.028,110.915,249.501
522.737,232.590,111.951,251.657
520.278,232.814,113.623,248.627
517.060,233.539,110.705,250.598
519.040,232.444,108.042,255.425
518.980,228.395,106.676,254.956
521.219,226.198,107.275,255.419
518.790,224.990,106.484,254.359
520.274,221.845,107.428,255.080
518.821,220.447,107.789,257.187
517.692,219.234,107.529,258.029
517.960,215.000,107.290,255.210
517.752,214.421,107.154,251.145
519.052,216.146,106.396,254.855
518.037,217.193,107.445,259.171
520.113,215.459,113.620,259.349
518.216,215.525,121.546,257.680
516.143,214.899,128.574,255.853
513.857,211.634,133.482,252.361
513.263,211.437,136.657,249.968
513.153,210.679,137.834,249.627
513.459,209.699,138.595,251.691
513.717,207.837,137.446,252.862
514.307,209.540,137.936,256.924
513.949,206.389,136.041,260.330
517.527,208.735,133.093,261.594
515.115,209.498,132.542,263.793
518.183,209.527,131.416,264.556
517.591,211.329,130.501,266.886
518.554,213.423,129.527,266.693
517.374,215.011,129.325,265.700
515.688,216.956,130.396,263.962
514.608,221.371,132.963,264.503
512.360,224.116,135.497,261.627
509.323,223.685,135.755,258.595
508.322,227.319,136.165,261.402
505.676,225.885,139.054,257.274
504.085,227.599,141.140,258.589
504.257,230.452,141.679,258.387
507.780,233.088,139.116,258.178
506.778,235.667,135.960,253.954
511.281,235.482,130.190,255.530
510.367,234.373,126.493,258.619
511.200,232.922,124.800,260.281
506.083,229.139,126.249,261.845
509.338,226.998,128.296,260.276
508.013,224.506,127.657,260.014
507.375,220.484,127.735,259.013
508.442,220.873,127.624,258.499
508.105,218.596,127.474,255.724
510.678,219.139,125.397,250.029
510.843,217.895,125.787,240.956
513.968,215.203,126.470,233.274
514.418,214.774,127.018,225.985
516.682,213.506,127.208,220.363
520.321,213.533,126.100,215.896
522.261,216.465,126.805,214.793
525.267,217.640,124.717,215.561
526.686,217.614,124.745,213.297
529.342,218.368,125.208,210.525
530.958,219.027,126.280,213.104
531.642,221.186,127.470,214.389
533.719,222.786,127.834,216.680
533.869,220.533,129.844,212.265
535.202,219.411,131.208,210.924
537.155,219.748,130.528,209.978
538.321,219.279,130.407,211.069
536.953,219.944,130.352,211.478
536.818,218.619,132.079,210.130
536.166,219.202,133.776,209.305
535.880,221.472,135.484,209.557
535.123,224.027,137.197,208.731
535.028,225.578,136.830,209.042
536.773,225.810,137.310,208.419
533.615,227.442,138.376,209.905
533.407,225.341,138.878,209.045
529.634,224.805,140.963,208.278
529.458,224.798,141.845,206.451
529.358,224.561,142.087,206.110
526.958,225.484,145.903,205.985
524.855,224.740,148.680,205.568
521.754,223.897,153.811,204.749
521.475,223.100,157.037,203.560
518.647,222.229,158.129,203.812
515.041,221.930,161.353,203.660
512.928,222.668,164.680,202.830
513.141,223.452,166.116,203.452
513.393,222.468,165.937,204.521
513.264,221.541,165.325,205.293
511.909,221.049,165.960,204.983
511.234,220.588,168.067,203.818
508.644,220.580,168.239,206.206
509.870,219.541,168.658,208.447
506.943,218.904,168.839,210.641
510.410,217.477,167.704,211.862
508.654,216.176,167.888,213.811
509.077,213.847,166.912,214.666
508.960,213.070,166.972,215.553
510.470,210.736,166.754,218.045
508.195,209.728,168.764,220.779
509.356,208.334,169.286,223.524
510.633,206.719,166.777,226.216
505.937,204.740,168.902,226.981
507.432,201.162,167.364,228.773
506.246,198.125,168.659,228.639
503.448,198.723,170.183,228.939
504.218,195.846,169.250,231.616
507.003,192.871,167.285,234.258
502.028,193.157,168.685,236.736
503.257,186.305,167.852,241.268
504.608,186.176,164.920,244.461
502.722,182.768,164.247,244.706
503.259,178.313,161.845,248.190
501.541,174.813,160.514,250.724
500.438,173.450,156.895,255.003
500.156,168.801,155.969,256.665
499.404,164.393,153.801,258.416
501.017,160.603,151.377,255.753
499.669,161.335,151.073,258.228
500.408,160.278,150.803,261.559
498.628,159.260,151.021,262.793
498.595,157.258,148.960,266.665
497.198,156.199,148.100,269.399
496.392,157.408,146.505,277.659
494.985,157.301,144.811,289.159
494.820,154.147,143.001,295.545
494.716,152.726,142.939,301.510
493.831,149.166,145.407,304.219
492.913,148.785,148.998,305.603
495.939,152.631,157.140,305.646
495.284,159.439,161.565,306.117
494.551,159.786,163.394,310.034
494.441,160.295,167.113,312.241
491.634,162.204,167.149,315.702
491.460,162.844,165.156,317.937
490.898,163.715,162.538,320.563
489.171,164.934,158.245,323.150
488.392,163.930,154.428,324.790
486.425,162.380,150.275,325.649
486.750,163.623,144.703,329.918
489.134,166.169,142.254,333.792
488.187,163.168,142.740,336.332
487.898,165.308,143.015,335.851
486.790,169.247,147.187,334.675
487.824,172.548,154.052,333.951
486.376,174.853,162.329,331.619
483.399,177.598,164.303,331.884
482.977,182.954,165.361,336.876
482.344,185.557,165.337,336.774
481.153,188.450,164.089,339.590
480.110,189.119,164.007,336.166
478.724,194.017,163.345,337.011
478.661,195.095,162.054,338.306
476.287,196.927,164.708,338.026
475.039,197.850,164.279,338.421
475.044,197.433,165.837,339.291
475.334,197.450,166.653,340.332
476.123,197.198,168.401,342.852
476.059,196.565,170.552,343.671
473.933,196.261,171.398,342.325
472.475,197.621,173.681,344.403
473.836,195.179,175.120,341.484
472.220,193.413,176.894,341.735
473.550,193.268,177.998,345.296
473.229,192.898,179.097,351.210
473.132,187.821,181.683,354.139
473.457,184.449,185.839,351.636
471.794,180.220,190.379,351.264
470.316,177.216,191.458,348.643
466.838,177.353,190.077,354.333
466.558,171.830,196.094,352.616
463.663,168.544,204.756,354.916
459.203,164.363,212.905,358.484
458.420,159.613,222.561,358.324
460.212,157.012,228.248,358.841
459.496,156.827,233.597,364.508
454.262,156.861,225.892,386.210
456.058,149.873,226.926,400.135
454.689,143.482,229.372,409.138
454.523,135.083,232.456,400.681
449.933,132.263,227.820,405.924
454.475,127.877,231.680,408.398
449.929,124.040,225.105,420.998
452.745,119.382,227.308,427.418
455.628,116.590,227.477,433.234
454.529,112.769,226.699,434.007
453.321,110.933,228.370,435.394
451.746,109.705,228.277,436.933
457.004,108.595,231.882,438.871
454.899,106.135,236.571,444.761
452.196,106.489,229.575,449.255
461.317,105.902,242.613,447.193
452.725,100.390,231.804,456.352
454.405,101.681,228.484,465.483
458.106,98.624,236.533,459.885
453.131,97.127,222.036,470.840
460.154,100.250,216.000,487.711
459.303,94.128,216.477,494.563
463.526,91.511,214.826,495.907
463.212,99.312,221.156,492.325
469.511,94.153,222.003,497.581
465.415,101.503,222.221,492.397
463.971,96.036,215.022,497.246
463.325,101.092,217.804,492.229
466.360,109.538,219.105,496.633
464.366,108.637,213.037,501.912
468.055,114.864,215.775,497.708
468.610,118.975,214.933,494.952
467.874,112.704,214.139,488.510
471.149,117.349,216.689,476.902
470.065,120.126,222.050,466.244
470.815,114.288,222.625,449.540
470.789,130.307,220.033,445.323
470.124,119.381,225.219,434.304
465.635,124.744,226.399,426.510
467.770,123.913,226.282,421.487
468.690,123.578,232.359,410.413
463.229,132.453,229.389,418.513
458.074,123.822,219.258,428.302
458.219,126.148,210.386,437.304
454.596,128.172,205.749,449.149
455.987,118.351,208.211,447.800
458.771,120.290,212.085,448.499
457.344,119.935,216.150,445.652
449.475,117.917,212.021,444.630
450.655,123.132,208.182,449.672
449.936,120.722,215.163,450.637
443.605,118.101,213.547,456.036
442.430,117.591,217.230,456.092
441.609,114.328,217.195,459.964
442.258,113.494,218.708,459.102
446.040,113.975,220.369,459.755
451.906,112.630,234.933,447.342
444.984,114.744,236.829,454.238
428.059,108.752,240.572,460.137
421.620,111.892,241.915,470.518
424.068,97.766,237.837,472.304
423.363,99.648,237.376,467.242
422.224,95.551,231.600,470.977
418.289,97.544,226.980,471.631
417.151,95.143,223.802,470.537
415.615,88.522,218.825,475.763
415.232,79.226,214.631,471.944
415.647,88.456,215.114,477.347
414.129,81.503,210.424,483.403
413.493,83.483,207.512,491.654
414.854,82.233,206.311,494.161
415.123,81.168,201.047,500.630
418.622,77.264,203.575,503.351
420.513,74.537,198.808,509.784
419.764,62.449,199.286,512.537
415.597,70.927,196.161,513.439
414.734,64.140,199.173,514.079
413.632,63.875,198.193,517.177
409.305,60.892,198.627,513.968
401.354,59.480,202.132,508.259
395.824,64.524,210.194,507.926
395.796,68.463,214.066,502.251
391.665,68.512,215.245,497.240
387.141,65.332,215.499,499.568
391.635,63.755,214.236,507.961
388.732,67.989,218.487,505.100
387.233,68.104,217.987,506.994
381.449,68.187,214.830,502.975
384.052,69.855,215.822,506.896
375.894,76.659,212.568,511.232
380.057,78.460,215.284,504.214
372.603,79.761,211.229,501.081
372.361,81.712,209.693,498.861
370.264,86.356,209.540,498.050
367.249,81.160,212.424,501.139
368.097,70.185,211.512,510.872
365.391,56.493,213.006,512.726
363.439,55.211,218.026,501.391
358.197,59.715,222.822,487.581
365.113,51.660,217.289,489.851
372.068,58.121,217.752,487.264
382.543,60.053,214.565,491.312
395.109,74.128,213.824,490.389
393.430,81.746,204.833,485.495
398.938,85.467,196.756,484.922
394.506,86.655,193.508,477.541
394.839,89.685,183.223,479.583
401.890,87.382,180.321,474.998
398.030,92.728,179.670,470.334
400.171,94.666,180.362,470.304
404.347,96.412,178.592,469.221
406.966,99.119,182.408,457.790
410.808,103.808,184.596,454.889
412.945,109.347,186.496,453.187
415.344,110.920,184.555,452.971
416.125,113.075,184.820,449.820
419.014,117.036,184.865,447.902
425.177,116.712,182.343,445.114
428.824,117.099,178.894,442.212
432.649,117.799,178.406,439.944
433.969,118.019,177.029,436.143
436.492,124.092,176.808,436.513
441.082,122.461,179.681,427.686
443.304,127.553,178.874,421.600
445.910,132.348,179.146,416.438
450.218,139.048,179.200,409.450
453.497,143.406,178.830,404.043
457.216,149.395,177.361,399.679
458.662,152.736,176.658,396.683
461.409,152.414,174.142,389.903
464.625,152.966,172.767,378.878
466.346,152.400,171.121,368.311
466.359,154.917,168.186,358.845
468.171,160.803,164.915,354.887
468.777,166.916,163.888,350.726
468.781,172.587,162.963,350.975
470.030,175.507,162.433,355.905
468.104,172.866,161.743,355.296
465.347,172.081,162.474,348.531
460.721,171.597,162.916,341.482
458.519,173.673,162.436,340.759
455.742,166.745,163.219,332.363
453.652,167.523,164.635,327.369
451.244,164.266,166.146,321.416
447.438,162.711,166.996,320.821
443.809,159.918,167.418,323.597
440.509,157.072,165.933,331.470
439.594,153.585,162.741,345.241
439.548,145.303,160.579,357.885
439.361,138.814,160.246,369.857
434.418,130.417,159.758,378.297
428.788,122.401,163.333,368.510
424.308,117.279,166.044,359.406
419.655,110.962,171.449,346.821
417.905,111.487,177.400,350.439
416.210,107.555,183.356,348.158
417.422,104.503,188.730,351.461
416.410,100.349,197.214,363.307
417.940,98.911,203.596,380.430
409.954,89.097,216.795,389.924
406.421,84.673,226.771,396.797
403.985,79.955,230.819,402.286
403.042,77.222,232.921,403.313
400.623,73.439,237.413,404.464
394.339,73.296,237.794,403.779
386.446,71.425,231.948,405.750
380.659,67.324,230.260,407.662
377.425,68.823,224.100,417.505
377.780,61.345,217.941,423.703
378.627,61.476,213.686,431.621
381.350,58.009,211.938,437.438
381.462,54.902,213.798,434.958
373.453,47.670,212.138,433.571
375.367,47.650,208.179,440.059
370.221,54.798,210.560,432.409
362.804,55.176,214.852,426.016
360.799,59.857,217.641,420.515
357.547,62.762,218.974,416.617
353.861,62.147,218.267,409.528
357.350,73.627,219.150,408.559
353.922,66.956,215.840,407.265
358.670,66.942,213.180,412.840
356.229,56.319,209.174,423.348
360.115,54.015,206.278,421.715
352.367,41.361,208.241,423.362
346.199,28.187,209.635,423.395
344.350,21.236,212.737,433.092
341.637,15.685,213.918,443.070
338.283,11.091,213.272,438.473
338.674,7.437,213.666,437.208
340.006,5.394,211.263,431.567
346.465,0.000,207.676,419.982
349.409,1.940,204.239,403.100
358.993,6.062,191.903,396.229
364.383,4.234,184.816,388.290
370.035,1.081,179.734,380.893
375.519,2.271,174.771,376.297
380.459,5.489,172.868,375.254
385.792,1.199,169.706,368.381
389.401,5.722,166.862,372.749
392.088,7.702,166.341,365.816
394.982,9.905,162.660,364.067
397.485,10.175,163.515,364.559
402.491,12.628,165.861,365.276
