554.000,512.000,167.000,76.000
546.564,511.053,168.897,79.285
545.138,504.627,173.886,82.503
547.928,494.559,181.336,86.784
541.809,487.821,191.539,89.248
542.100,484.306,196.782,90.496
543.217,484.944,196.207,91.234
541.109,490.004,195.190,90.648
536.221,492.321,195.294,90.611
536.481,491.875,192.255,91.787
537.951,490.844,189.814,92.219
537.932,492.548,188.285,93.627
540.241,492.573,186.267,94.824
551.136,491.901,181.036,97.188
552.293,492.556,179.422,98.238
555.995,494.227,176.900,96.830
550.079,499.274,181.077,93.366
546.994,498.738,184.057,93.559
550.605,499.246,185.488,93.538
559.485,504.299,186.521,92.600
566.443,506.145,190.502,93.253
575.572,510.356,195.199,94.499
582.656,513.708,197.587,94.653
591.215,514.197,200.116,95.163
602.340,515.448,201.873,96.676
613.193,520.065,203.998,96.068
624.295,520.610,204.980,95.662
637.417,516.405,203.146,93.160
659.092,508.419,199.001,91.087
678.923,505.190,196.436,90.104
693.282,498.088,195.430,100.572
715.944,474.123,175.061,131.937
718.908,445.058,167.410,166.358
725.548,401.725,159.899,204.250
727.179,352.901,149.424,215.131
706.797,364.601,158.063,206.084
709.730,361.958,164.424,190.624
723.928,350.848,174.910,168.036
740.368,350.180,185.770,139.707
753.363,342.853,185.521,126.080
752.989,346.476,177.826,119.606
761.221,341.381,177.972,109.669
774.297,352.588,167.270,109.054
788.297,350.784,153.501,115.538
792.269,391.317,158.980,106.426
787.726,432.358,162.596,101.889
752.798,455.877,184.313,86.477
738.046,468.114,194.545,73.113
723.025,468.654,202.110,68.135
713.253,470.347,203.381,66.016
708.040,470.178,202.099,66.874
706.672,469.966,194.871,68.565
697.974,469.894,188.402,69.914
687.554,468.798,182.429,71.312
677.013,465.116,175.521,73.233
668.525,463.686,169.776,73.757
663.847,465.729,163.226,71.907
657.361,469.669,159.490,69.274
652.693,472.554,153.979,66.582
644.990,473.132,146.126,66.659
639.065,472.072,140.628,67.029
632.348,471.966,137.528,65.087
629.769,470.786,131.438,65.175
626.264,471.740,127.330,65.005
617.750,474.483,125.466,63.735
609.271,476.628,124.801,63.724
594.506,478.965,128.468,63.425
581.942,482.800,133.584,62.553
582.430,480.967,130.910,61.504
584.276,481.939,126.792,62.044
580.513,482.085,125.941,59.247
587.467,476.717,119.440,57.540
589.724,473.580,113.646,57.140
588.938,471.466,110.520,55.096
590.273,470.960,107.100,53.292
589.569,473.113,107.572,50.093
587.744,475.784,111.044,46.404
584.599,475.791,114.945,42.528
581.406,474.205,117.674,39.611
582.817,475.102,120.425,38.467
592.960,470.716,117.224,39.667
600.486,464.881,114.384,41.090
612.269,464.224,112.162,39.453
618.661,463.091,110.325,38.697
618.250,460.962,106.345,38.846
629.320,453.914,107.105,41.945
613.777,450.613,112.823,43.323
586.668,453.823,122.305,41.285
587.095,444.580,124.723,44.745
595.474,436.200,122.437,49.097
603.499,410.817,108.544,63.257
603.268,407.570,103.014,69.654
602.989,410.964,98.800,70.871
601.316,418.691,99.415,67.123
601.096,427.211,102.451,60.872
600.708,434.564,106.703,54.033
596.050,444.172,109.431,47.733
590.405,449.558,109.830,44.411
580.688,458.175,111.666,40.847
568.582,464.504,113.656,38.745
570.147,470.025,111.828,37.593
577.614,478.820,107.249,37.748
581.773,488.188,107.281,35.473
580.338,491.960,108.922,32.997
575.733,486.652,110.116,31.862
587.386,477.716,107.951,36.125
599.158,471.335,107.151,40.640
606.950,465.610,101.397,44.842
617.195,468.024,94.905,45.211
627.884,470.489,90.233,46.807
633.505,474.548,92.347,44.968
633.359,477.361,90.624,43.696
627.965,483.454,90.229,40.397
620.760,472.118,88.443,45.830
615.267,465.081,85.243,50.769
611.651,465.216,89.511,49.654
613.735,469.741,93.647,45.271
616.442,476.067,99.198,40.040
635.473,476.914,93.357,38.522
633.306,481.838,95.315,33.450
634.538,480.295,93.736,30.875
630.904,478.479,93.073,29.081
631.606,475.897,90.660,28.052
629.356,473.238,89.832,26.669
631.409,468.973,88.241,25.911
629.849,468.106,84.300,25.954
632.958,467.662,79.727,25.157
631.826,465.695,72.933,25.907
635.712,465.327,69.115,25.980
637.163,464.218,67.500,26.067
643.136,463.165,73.095,26.222
641.020,458.514,76.089,27.888
638.816,455.466,72.123,29.838
640.465,456.781,72.535,28.748
639.525,463.329,73.077,28.971
638.436,468.077,72.888,28.176
638.383,469.505,73.530,28.089
637.313,470.869,75.887,27.894
638.469,475.066,81.786,26.315
635.437,474.875,88.635,26.914
631.374,474.586,94.324,27.957
623.262,471.761,100.485,29.801
615.438,469.444,106.189,31.298
607.798,472.533,115.371,29.843
602.466,475.994,120.190,29.758
597.532,477.519,121.105,31.079
595.392,477.193,122.793,32.522
592.118,475.895,126.987,33.117
588.072,476.940,128.902,31.838
587.141,476.535,130.233,31.280
585.622,476.973,131.544,30.752
582.024,477.371,132.334,32.352
580.073,476.936,129.592,35.798
586.999,480.943,134.822,36.005
598.240,477.841,136.596,38.507
593.220,475.158,144.732,39.469
576.781,478.171,158.616,39.608
598.012,479.617,158.027,40.507
607.336,482.360,155.463,40.716
611.104,488.646,157.340,39.646
607.919,489.957,160.709,40.547
610.472,488.678,162.381,41.818
607.105,487.621,166.249,42.835
600.343,486.644,169.740,43.536
594.232,487.812,172.583,44.250
588.365,488.251,173.067,45.171
578.665,487.617,174.093,45.135
573.473,488.438,173.787,45.881
570.714,489.190,173.542,47.086
569.903,492.472,172.746,47.651
567.663,491.892,173.417,49.059
554.439,486.048,178.028,52.250
540.372,484.533,186.034,51.436
540.509,479.652,185.331,53.178
541.872,477.516,181.800,54.359
549.292,475.354,173.935,54.203
556.103,472.778,165.581,54.265
568.615,469.090,153.720,56.462
584.008,467.874,142.770,57.318
592.748,470.765,138.390,55.094
598.110,472.798,137.062,52.775
603.661,478.317,139.271,48.705
611.216,484.333,130.758,47.011
636.102,486.923,126.319,45.200
664.292,485.881,129.472,42.494
665.367,480.615,132.994,39.864
670.753,478.316,135.750,39.347
676.090,480.524,139.450,38.946
674.852,484.564,140.603,38.757
670.901,484.546,142.552,38.274
667.784,482.406,142.591,39.383
659.469,480.771,146.423,39.251
651.074,481.453,149.252,39.117
643.678,480.399,150.461,39.422
638.914,481.499,150.096,40.769
635.002,484.930,151.139,40.915
642.186,485.307,147.423,43.127
639.906,486.517,151.236,44.012
643.589,486.477,154.592,43.978
652.960,490.599,157.912,44.323
661.144,494.775,160.649,44.334
667.237,497.530,162.067,45.665
670.160,499.838,163.186,47.146
671.798,502.401,165.613,47.726
670.114,503.531,167.220,48.956
668.147,505.607,170.321,48.248
675.397,506.587,169.063,49.170
678.851,508.567,171.438,49.623
680.074,511.844,175.096,50.203
677.950,519.010,179.850,48.876
677.235,521.052,181.027,49.417
674.523,519.795,182.631,49.604
673.702,520.710,183.096,49.817
672.465,520.005,183.523,49.767
676.377,520.934,180.883,50.310
673.459,522.373,179.902,50.683
672.176,521.542,179.726,51.763
673.858,520.438,178.457,53.238
670.645,519.383,178.572,53.309
668.024,516.962,176.638,53.353
664.340,513.223,175.192,53.183
659.422,506.650,173.998,53.675
658.136,502.785,173.248,55.486
652.113,499.228,174.627,56.552
646.855,499.061,175.584,55.844
641.667,494.071,174.914,58.112
635.378,491.084,174.389,59.811
630.401,487.620,173.852,60.432
627.046,483.384,171.583,62.607
623.506,480.712,170.291,63.424
625.032,482.006,169.558,62.602
629.457,480.971,169.590,60.922
635.445,481.609,168.292,59.031
641.892,481.923,167.124,56.274
641.146,481.084,165.595,55.460
632.811,484.933,163.747,54.016
620.876,475.260,160.720,60.808
630.205,440.943,140.569,85.449
621.720,406.111,117.973,116.788
625.736,365.661,96.022,146.146
621.839,317.847,90.508,165.469
620.526,316.735,95.358,161.836
627.749,326.974,108.591,145.671
627.017,322.691,123.988,137.740
625.542,317.587,133.350,131.045
630.402,303.911,145.471,119.772
627.851,312.111,153.755,110.698
628.115,338.315,157.742,101.560
629.285,296.536,137.285,128.348
637.491,291.075,121.442,148.619
650.471,308.257,120.961,154.917
656.188,327.370,122.548,172.132
677.538,366.664,132.033,158.107
668.217,391.239,140.130,136.458
668.658,410.888,142.391,115.383
670.578,416.917,139.484,99.795
669.818,430.275,137.501,84.334
671.710,439.824,136.611,71.445
673.035,445.908,137.592,61.918
668.821,451.720,139.684,54.387
666.097,456.796,141.763,48.960
660.484,458.949,142.477,46.917
649.619,461.699,144.480,45.747
639.790,462.613,145.483,45.189
634.259,464.704,146.713,45.024
628.505,465.150,147.792,46.107
626.361,465.026,147.583,47.148
620.901,468.325,149.178,47.194
621.235,472.129,148.768,47.631
616.666,477.068,150.068,47.816
618.082,481.478,149.534,48.333
617.353,485.279,148.628,49.518
617.803,488.162,146.837,50.465
608.796,490.771,149.496,51.109
596.035,491.049,153.142,51.020
591.995,491.031,152.940,50.659
590.718,493.083,151.890,51.027
591.801,492.272,149.948,53.892
585.535,489.600,151.752,57.607
573.543,488.585,157.432,59.851
562.481,491.118,164.876,58.593
552.751,486.549,168.124,59.481
543.376,486.047,172.570,58.173
533.153,482.324,175.396,61.284
522.495,486.554,186.761,61.618
518.915,490.975,195.301,62.653
518.333,493.574,188.707,63.020
523.227,488.007,183.540,63.426
536.761,483.882,187.665,64.660
543.501,484.356,200.487,64.027
538.376,485.251,213.288,67.590
527.519,493.751,217.348,68.911
526.937,492.358,216.891,74.840
521.026,490.547,223.202,84.020
507.680,492.450,235.872,85.292
537.585,492.416,227.086,84.298
542.594,501.862,226.727,78.827
553.572,509.499,223.588,77.412
555.792,516.369,220.706,75.550
553.480,521.806,221.067,75.055
548.633,524.344,221.612,76.724
545.082,530.556,222.997,76.651
542.039,535.440,224.814,77.221
539.687,540.967,227.275,77.980
537.772,543.901,230.038,81.391
534.439,544.690,234.590,84.737
533.178,543.377,239.033,88.339
533.403,538.919,241.300,92.465
537.625,532.719,242.368,96.375
538.727,525.242,248.093,100.264
549.265,520.448,248.449,101.779
569.149,516.187,245.578,103.779
578.628,517.008,243.645,106.734
586.629,520.375,240.572,108.799
596.581,524.162,241.159,108.659
609.957,520.793,240.989,108.719
622.709,514.151,236.327,110.452
627.668,511.483,236.823,112.259
638.040,510.125,238.632,115.580
652.915,509.840,238.452,120.625
655.197,509.733,233.249,123.253
652.910,511.176,228.961,125.374
650.184,509.720,227.775,126.577
639.733,508.982,229.013,127.168
618.767,510.479,235.035,125.779
576.721,513.331,257.099,122.620
567.389,515.932,262.751,124.014
576.444,512.350,260.187,126.691
580.410,510.626,253.552,127.235
582.456,514.699,251.497,127.066
585.208,512.783,251.333,126.433
589.425,511.104,250.104,124.722
593.573,510.378,248.026,123.915
598.373,511.359,248.952,123.874
603.962,511.496,248.241,122.590
604.300,514.452,247.728,121.836
609.747,514.022,248.556,122.410
612.368,510.608,251.697,122.504
621.343,506.766,255.857,125.132
624.339,505.303,259.892,128.263
624.077,507.226,263.849,130.933
621.670,510.902,270.030,135.173
623.922,518.768,277.284,139.741
625.705,525.323,283.918,142.169
621.114,532.574,292.591,141.766
615.381,536.740,306.264,139.717
614.728,538.548,320.679,140.830
588.424,546.661,342.809,139.919
555.577,556.003,363.542,138.840
526.310,565.766,383.228,134.846
499.920,570.586,403.056,133.565
483.010,570.626,416.874,135.176
469.390,568.623,429.130,136.649
466.427,561.722,436.475,140.609
472.088,554.893,443.328,144.406
485.743,558.830,447.404,141.320
508.564,560.636,453.759,137.867
520.046,560.125,460.682,137.883
527.267,561.314,469.145,137.601
549.146,552.068,463.151,140.316
526.376,560.079,477.278,136.949
542.376,554.525,478.158,142.098
536.649,555.907,485.417,144.198
533.937,553.117,487.678,145.090
555.261,545.004,477.381,147.273
571.449,533.246,460.193,152.496
601.777,521.634,436.486,159.346
671.521,500.337,387.915,171.051
703.929,496.628,349.281,173.168
723.417,496.757,318.289,165.829
737.290,502.090,295.293,156.267
749.320,506.965,279.837,147.103
771.250,510.002,269.465,140.884
796.253,511.102,260.517,135.208
814.339,506.272,252.045,129.750
824.439,499.402,246.026,123.845
808.723,460.958,224.269,126.362
764.184,408.043,223.924,126.877
714.887,328.281,217.905,125.177
657.014,273.366,209.650,120.808
617.192,252.783,190.851,120.712
591.728,237.654,177.509,142.458
577.213,282.629,169.477,150.233
636.592,395.682,191.988,147.263
649.083,401.665,218.434,129.536
633.967,412.855,243.574,112.024
622.966,447.069,258.725,101.893
615.611,475.615,275.719,95.120
600.757,490.587,305.779,84.252
590.589,492.147,325.370,78.822
593.728,482.456,334.860,81.539
600.397,482.614,336.795,83.313
618.255,466.032,328.355,95.803
630.345,462.792,315.131,102.019
639.872,460.073,297.648,105.117
651.325,454.537,286.605,106.545
651.230,455.466,278.323,103.115
649.534,448.152,264.332,103.771
641.825,446.689,252.892,100.524
633.993,451.732,245.793,94.106
629.865,457.828,239.802,86.813
626.051,457.980,232.942,82.530
620.465,467.026,228.904,77.561
595.680,468.362,242.947,71.408
599.195,454.953,231.871,70.694
584.722,455.187,229.880,65.516
581.174,457.110,228.565,62.368
578.347,464.384,230.498,56.086
575.708,460.995,221.143,55.520
564.615,458.853,210.255,55.730
570.730,460.191,202.905,54.248
573.428,459.388,199.679,54.192
563.376,461.922,198.678,50.978
574.100,464.165,208.049,45.457
568.659,461.471,218.891,43.341
573.848,449.153,217.498,50.351
562.020,437.628,220.525,58.207
550.838,438.274,231.136,59.491
539.618,439.493,241.608,57.916
525.811,427.615,249.634,62.822
529.190,425.802,234.768,69.530
539.568,435.606,220.428,71.309
545.627,437.069,223.211,71.428
528.973,434.099,237.570,73.593
516.519,433.745,254.661,71.608
549.107,435.188,254.032,74.636
580.938,443.572,260.114,83.425
585.130,446.853,263.058,89.397
609.013,438.776,246.074,93.242
634.863,440.437,234.401,94.331
658.213,445.193,221.992,95.104
661.550,451.783,211.125,96.626
662.184,461.335,200.550,100.730
644.754,477.723,197.687,104.035
632.406,484.529,199.528,106.643
622.845,501.179,200.901,109.423
613.732,515.474,203.907,112.404
607.501,527.203,207.337,113.476
583.209,531.732,216.475,115.883
592.757,529.212,211.032,117.804
613.534,533.781,201.199,119.752
638.384,531.610,191.144,117.973
654.876,536.321,181.029,111.212
662.136,532.958,165.822,109.330
670.222,528.542,152.884,106.494
677.908,523.231,141.395,107.383
678.624,515.441,135.043,106.411
679.238,506.787,130.105,101.825
683.176,501.164,126.884,96.660
685.534,499.470,124.169,90.486
688.161,489.635,119.183,87.242
693.956,473.967,115.527,85.459
693.074,475.207,112.577,79.829
695.157,474.108,111.577,74.202
701.841,477.372,110.381,70.006
705.513,486.396,107.091,73.896
711.329,504.667,106.808,76.475
715.455,520.146,107.089,78.295
715.085,532.807,105.915,75.563
711.293,538.106,105.082,72.809
705.202,541.895,106.267,67.875
707.266,543.764,108.745,64.494
711.567,546.526,108.766,63.249
719.408,543.093,103.576,62.245
713.725,540.128,97.718,62.413
711.378,541.792,89.621,63.197
718.263,543.236,94.529,58.917
721.913,542.963,96.678,59.262
703.927,540.993,93.632,61.514
691.775,541.499,96.467,61.877
674.191,541.707,106.356,61.722
648.597,544.786,123.884,59.810
620.718,542.608,139.750,61.245
609.510,538.741,149.638,63.621
598.776,537.360,160.926,64.341
586.809,540.383,170.628,63.967
581.009,541.522,176.808,63.708
571.031,540.598,185.987,62.537
561.094,533.396,191.278,65.460
558.154,528.179,195.180,64.154
556.672,521.702,200.723,62.926
551.439,516.737,206.029,61.554
558.366,518.796,210.633,58.216
566.948,520.575,217.175,56.306
580.056,524.308,221.184,56.313
588.443,530.643,226.007,57.467
583.523,533.502,239.070,58.688
573.230,526.673,243.353,65.924
555.970,518.008,250.957,71.566
544.790,501.509,260.641,80.552
546.606,502.306,269.924,74.861
550.768,507.881,279.869,70.954
565.484,518.022,282.652,67.560
586.062,523.720,289.102,67.595
589.740,530.904,291.058,68.992
592.785,533.409,293.887,68.548
606.127,526.766,292.344,71.802
616.364,525.135,295.312,74.413
612.798,522.846,301.527,79.215
616.991,524.225,306.561,75.665
622.757,513.134,297.839,78.537
620.993,515.514,297.569,73.567
614.380,506.706,289.259,72.750
615.191,507.132,279.013,70.619
616.009,505.312,278.553,72.206
622.896,508.339,296.344,70.251
606.728,497.481,304.871,75.139
542.641,501.444,310.366,73.485
537.932,503.598,293.885,72.405
540.321,504.537,277.727,70.159
542.137,504.636,269.680,68.273
552.735,501.378,260.171,67.298
567.297,497.842,249.675,68.055
561.722,502.595,245.955,67.002
584.067,507.738,238.119,65.233
602.948,512.180,231.684,64.733
608.522,515.278,227.750,62.173
616.190,519.907,232.223,60.294
610.894,518.826,232.336,62.407
609.416,523.325,231.687,61.611
610.669,525.900,234.883,61.773
605.569,529.340,237.342,64.319
603.730,532.751,236.066,65.612
601.484,535.662,240.362,65.448
604.403,538.384,245.750,65.506
599.571,541.070,252.269,66.699
604.748,544.210,256.565,67.957
599.471,542.601,262.308,72.559
601.878,540.636,267.384,76.119
601.075,548.514,274.859,75.693
594.564,551.465,278.033,78.154
591.082,552.920,289.402,79.021
579.999,550.497,296.980,80.977
584.563,546.464,302.462,82.590
581.680,541.080,304.141,82.390
579.646,539.964,306.175,81.283
578.102,541.654,308.866,78.218
573.518,541.348,315.874,75.427
564.759,533.157,319.766,77.370
567.251,523.926,313.727,81.158
567.197,521.375,314.123,81.588
572.790,511.838,313.272,83.109
572.368,508.800,310.960,85.100
574.192,502.516,317.855,85.539
571.225,503.292,317.242,88.188
581.217,499.719,311.160,88.200
570.454,502.138,311.556,84.722
550.862,493.980,311.716,82.762
530.698,484.901,315.099,80.362
550.500,474.111,302.096,89.478
593.034,463.812,289.378,86.893
633.499,414.518,260.283,104.945
659.585,330.572,218.276,153.333
679.816,282.191,181.522,196.115
660.250,277.304,167.000,213.149
617.181,287.614,172.527,208.645
589.996,255.021,168.690,218.997
555.927,279.008,167.525,231.431
504.834,364.812,190.232,203.464
484.130,375.556,180.609,197.711
471.407,424.520,179.832,170.117
450.902,461.416,191.533,139.310
443.060,469.530,200.026,119.833
443.462,486.121,200.379,109.284
455.160,505.021,197.230,102.011
470.700,497.502,191.235,97.528
484.388,504.311,189.026,89.978
512.619,514.049,182.774,83.161
531.359,502.631,176.421,78.891
546.329,491.295,171.685,74.512
563.168,481.815,168.214,71.621
581.526,468.340,165.940,68.409
596.034,459.812,163.167,65.887
609.546,453.597,159.678,65.660
618.849,444.214,156.678,65.359
624.158,433.495,153.862,63.988
621.003,419.844,150.112,62.553
624.638,404.061,143.487,60.922
638.520,401.176,144.163,56.103
656.844,404.152,143.916,52.334
671.597,414.769,141.490,48.073
674.239,421.216,142.358,46.326
677.337,426.545,143.984,45.425
677.793,431.155,145.388,43.445
675.187,437.240,140.444,42.111
691.920,446.246,142.211,39.924
698.145,451.466,143.916,38.951
696.675,458.363,145.211,37.994
699.279,460.558,146.684,38.426
702.997,461.665,148.560,38.874
691.697,470.778,150.360,37.221
685.664,477.930,152.430,36.700
691.882,482.878,153.545,36.274
689.361,482.687,155.685,35.187
683.840,480.014,157.858,34.789
681.635,484.162,161.159,34.295
681.515,484.606,162.594,33.755
671.925,481.029,163.992,33.158
662.334,479.019,166.265,32.360
656.271,480.545,167.577,31.549
653.464,480.758,169.392,32.457
648.017,483.289,173.553,34.051
645.134,495.668,172.633,34.791
643.881,501.811,176.533,35.013
