536.000,137.000,46.000,27.000
531.289,136.774,47.584,28.002
525.298,136.433,48.376,28.568
521.242,135.111,48.797,28.549
516.351,134.552,48.539,28.853
511.603,134.285,48.366,29.064
507.034,133.019,48.336,28.972
501.792,131.819,48.305,28.944
497.464,130.421,48.643,28.946
492.347,129.561,48.440,29.021
487.786,127.856,48.767,29.082
482.984,127.736,48.939,28.959
478.816,126.247,48.914,28.763
474.499,124.565,48.773,28.633
470.323,123.771,48.725,28.614
465.789,121.604,48.826,28.475
460.985,120.968,48.834,28.582
457.031,119.019,49.020,28.983
452.626,117.201,49.267,29.249
448.874,116.663,49.212,29.284
444.712,114.993,49.329,29.390
441.105,113.287,49.260,29.448
436.658,112.147,49.077,29.512
432.889,110.749,49.198,29.455
429.111,110.173,49.016,29.561
424.653,108.452,48.555,29.501
421.212,106.834,48.753,29.363
417.204,106.019,48.454,29.350
413.461,104.576,48.737,29.273
408.888,103.662,48.713,29.602
404.950,102.283,48.363,29.433
401.062,101.390,48.580,29.502
396.423,99.758,48.371,29.623
392.064,98.559,48.557,29.499
387.728,98.011,48.536,29.654
383.813,97.795,48.172,29.624
378.851,96.490,47.976,29.493
374.298,95.832,48.269,29.312
369.855,96.156,48.225,29.705
364.785,94.766,48.298,29.617
359.922,93.483,48.534,29.569
354.796,92.996,48.866,29.513
349.623,92.675,49.373,29.577
345.263,92.208,49.707,29.414
340.153,91.358,49.414,29.390
334.781,90.240,49.506,29.358
329.172,89.234,49.710,29.397
324.180,88.695,49.884,29.462
319.153,87.625,50.188,29.559
314.756,87.672,50.797,29.455
309.228,86.592,50.731,29.575
304.275,86.310,50.840,29.263
298.860,86.147,50.896,29.298
294.268,85.927,51.078,29.235
289.990,85.403,51.694,29.217
285.303,85.036,51.754,29.301
280.955,84.465,51.907,29.291
275.940,84.797,52.243,29.308
270.889,84.178,52.604,29.353
267.004,84.171,52.612,29.253
263.080,84.008,52.282,29.182
257.895,84.600,52.054,29.110
253.932,84.468,52.222,29.009
250.291,84.367,51.911,28.855
246.407,84.772,51.765,28.710
242.404,84.823,51.464,28.751
238.554,85.764,51.273,28.564
234.359,86.165,51.316,28.695
230.532,85.572,51.230,28.747
225.930,86.888,51.602,28.360
221.514,87.368,51.645,28.530
217.630,87.331,52.128,28.736
213.752,87.534,51.882,28.846
210.359,88.737,51.812,28.733
206.727,87.729,51.494,29.239
203.465,88.663,51.199,29.154
199.640,87.901,50.604,29.203
197.670,87.917,49.465,29.049
193.744,88.474,49.407,28.926
190.029,89.231,49.316,28.513
186.183,89.278,49.263,28.669
182.284,88.315,49.071,28.948
178.272,88.624,49.118,29.023
174.775,88.321,49.116,28.948
170.358,88.651,49.255,29.014
166.335,88.425,49.216,28.906
161.799,89.215,49.367,28.748
157.985,88.391,49.165,28.712
151.808,88.645,49.416,28.781
148.574,88.490,49.312,28.744
144.819,88.661,49.196,28.776
140.684,88.290,49.242,29.014
135.884,88.443,49.021,29.163
132.020,87.284,49.007,28.956
127.436,87.214,48.533,29.244
123.461,87.079,48.530,29.103
119.529,86.431,48.439,29.138
115.202,86.284,48.658,29.266
110.837,85.876,48.850,29.613
106.520,86.144,48.803,29.692
102.906,85.704,48.916,29.236
98.505,84.779,48.735,29.059
94.466,84.792,49.058,29.040
90.525,83.826,49.452,29.037
86.041,83.445,49.700,29.009
82.382,83.027,49.516,28.792
78.400,82.511,49.447,28.783
74.330,82.361,49.334,28.695
71.011,81.189,49.510,28.673
67.825,81.035,49.639,28.534
64.594,80.412,49.652,28.588
61.032,80.541,49.717,28.501
57.874,80.526,49.940,28.473
54.645,80.189,50.060,28.724
50.818,79.452,50.154,28.765
48.206,79.622,49.829,28.628
44.842,80.145,49.521,28.866
42.330,79.633,49.205,28.918
39.707,79.185,48.984,28.930
35.830,79.097,49.341,28.970
32.517,79.460,49.361,28.823
29.846,79.552,49.127,28.844
27.886,78.956,48.964,28.818
24.343,79.266,49.285,28.668
20.959,78.277,49.633,28.725
18.680,78.641,49.479,28.578
15.608,78.130,49.908,28.500
12.558,77.741,50.099,28.550
10.140,76.879,49.963,28.511
6.939,76.636,50.336,28.382
5.211,76.391,49.802,28.475
2.600,75.931,49.603,28.453
1.791,75.109,49.324,28.385
1.313,75.083,48.137,28.046
0.380,73.469,46.918,28.098
0.020,72.737,45.722,28.300
0.757,73.063,44.477,28.379
0.052,72.293,43.550,28.719
0.455,71.491,42.558,28.893
0.000,70.737,41.548,28.895
0.071,70.629,40.468,29.030
0.652,69.954,39.522,29.263
0.247,69.610,38.555,29.030
0.000,69.274,37.953,29.139
0.775,69.287,37.464,29.161
0.680,69.173,37.120,29.137
0.893,68.543,36.981,29.084
0.432,68.276,37.125,28.883
1.105,68.655,36.832,28.943
0.687,68.173,36.993,28.806
0.393,68.551,37.156,28.749
1.240,68.847,37.272,28.712
1.180,68.401,37.663,28.659
0.820,68.693,38.207,28.602
1.229,69.323,38.839,28.493
0.546,68.486,39.594,28.333
0.621,68.913,40.261,28.423
0.673,69.034,40.940,28.541
1.006,69.153,41.738,28.444
1.226,68.612,42.560,28.381
0.843,68.723,43.392,28.419
0.534,68.141,44.189,28.354
0.867,68.100,45.022,28.195
0.999,66.902,45.900,28.015
1.224,66.545,46.871,28.054
1.408,65.619,47.521,28.100
2.018,64.846,48.253,28.231
2.037,64.798,49.093,28.314
2.987,63.963,49.423,28.261
3.182,63.061,50.028,28.211
4.554,62.100,49.699,28.137
7.001,62.068,49.540,28.126
8.752,60.543,49.185,28.164
9.440,60.741,49.122,28.394
11.108,60.166,48.936,28.333
13.132,59.346,48.911,28.318
15.463,58.958,48.838,28.334
17.390,58.351,48.763,28.462
19.403,58.598,48.406,28.408
20.749,58.045,48.577,28.417
23.810,58.214,48.200,28.610
25.710,57.348,48.385,28.494
27.882,57.331,48.343,28.681
30.522,57.408,48.396,28.609
31.975,57.204,48.734,28.623
34.623,57.587,48.820,28.672
36.950,58.312,48.833,28.799
40.455,57.878,48.401,28.641
41.977,58.338,48.618,28.927
44.826,58.824,48.491,29.037
47.359,58.437,48.585,29.083
50.041,59.003,48.276,29.081
52.753,59.333,48.092,28.925
54.667,59.298,48.670,28.723
57.073,59.738,48.702,28.685
60.095,59.056,48.487,28.707
62.522,59.461,48.475,28.693
65.475,59.602,48.318,28.619
67.016,58.648,48.326,28.520
69.771,58.267,48.564,28.591
