592.000,263.000,188.000,207.000
597.565,264.859,190.829,194.487
597.703,266.761,187.590,191.182
597.339,271.288,185.689,188.981
593.715,273.657,187.870,183.633
595.899,276.727,185.703,183.155
593.741,282.663,186.055,174.145
594.050,284.332,186.183,172.338
591.123,287.513,188.722,169.294
591.437,288.707,188.831,167.685
589.525,287.630,189.816,169.445
588.473,284.711,190.702,170.622
589.857,284.556,188.420,170.800
590.786,284.669,186.030,170.997
591.141,283.467,184.612,172.029
590.597,280.973,183.259,172.695
587.011,281.297,187.495,171.845
588.169,280.572,185.746,172.622
584.478,280.714,186.869,172.406
586.441,283.186,185.920,170.358
586.250,283.595,183.780,169.768
582.202,283.224,185.487,168.820
583.247,282.727,185.175,169.560
585.039,282.000,182.985,167.654
583.717,282.958,182.963,168.433
584.469,284.893,182.813,166.127
581.837,284.796,183.237,163.324
583.858,285.635,181.953,163.524
580.378,284.808,183.626,163.338
580.795,283.815,183.263,163.968
580.288,283.788,184.187,162.738
580.828,285.181,182.571,162.294
579.799,287.627,182.205,159.041
579.390,289.344,180.893,157.945
579.533,288.844,180.799,159.183
577.739,287.713,180.874,159.322
577.439,287.751,180.753,159.596
574.733,286.294,180.907,158.171
574.840,285.103,180.898,159.347
574.002,282.894,181.899,159.952
574.484,276.545,181.251,164.252
574.211,276.871,179.589,163.659
572.824,269.961,180.353,167.757
573.431,268.823,180.424,168.347
570.973,266.870,181.132,170.517
571.419,262.292,180.162,174.300
570.249,263.299,179.323,177.040
570.590,263.593,180.421,178.840
566.614,264.465,181.811,180.427
567.381,265.073,182.707,181.086
567.493,267.909,182.486,183.508
567.317,267.979,182.287,184.339
565.644,268.224,182.591,183.010
564.439,269.658,183.796,182.158
566.059,268.421,184.071,182.147
564.562,269.319,183.576,182.926
563.438,268.505,184.462,182.189
564.493,269.535,184.390,181.421
562.394,269.009,185.230,181.381
562.031,269.169,183.945,181.357
562.874,268.882,184.535,183.633
562.797,270.654,183.251,184.928
562.686,271.262,183.196,185.618
561.913,272.953,182.717,185.885
561.412,274.140,182.059,185.387
561.021,273.671,181.928,185.254
560.561,273.831,181.919,184.113
559.145,273.269,183.335,182.222
559.497,271.808,182.319,183.201
560.187,271.930,181.778,184.544
558.757,270.053,181.123,182.285
559.635,270.311,181.119,182.809
559.178,270.050,181.822,181.108
558.838,271.210,180.556,182.892
558.310,271.974,179.858,183.960
558.028,274.181,180.425,185.597
557.845,273.562,178.832,181.817
557.396,274.467,179.263,179.518
556.242,275.642,179.337,177.308
556.254,276.803,178.569,175.535
554.415,277.113,178.469,172.982
553.576,276.138,180.544,172.374
554.565,274.142,179.883,171.558
551.596,273.330,183.078,169.503
553.648,269.050,181.471,170.816
552.408,267.695,181.764,170.585
553.663,266.265,179.408,171.411
552.150,267.416,179.569,171.872
553.318,266.768,178.909,171.849
550.321,267.800,178.659,172.560
550.990,268.927,179.252,174.092
549.063,270.372,180.702,175.723
548.661,272.002,180.238,178.107
548.310,274.845,177.893,180.403
550.695,277.720,176.293,182.083
550.533,279.576,174.044,182.560
551.589,281.181,173.027,179.441
552.223,282.145,172.203,179.788
549.506,281.410,173.361,180.469
547.743,281.666,174.725,178.817
549.102,279.724,173.905,179.919
548.882,277.408,172.937,180.844
548.563,276.235,174.165,181.016
548.465,274.162,174.891,180.520
548.121,272.863,176.485,179.468
546.506,269.447,178.856,178.592
545.183,268.704,180.814,177.873
544.326,267.891,179.907,175.547
542.894,265.365,181.117,177.352
540.507,262.335,182.099,177.563
538.166,259.855,182.310,175.624
539.247,260.168,179.684,177.685
536.333,258.140,181.431,175.680
538.950,257.882,181.357,175.759
538.197,258.233,181.560,175.786
537.225,257.635,181.089,175.869
534.209,256.762,183.580,174.896
537.098,258.536,182.672,175.394
535.737,258.580,182.235,175.088
534.058,258.975,181.808,174.957
534.811,258.906,181.386,173.824
533.115,260.381,181.705,174.003
536.574,263.002,181.703,176.342
533.478,264.223,182.040,177.217
533.651,264.712,182.010,179.731
532.288,265.584,183.980,181.614
529.244,264.894,184.933,181.550
531.230,266.644,184.699,181.769
530.726,266.690,181.992,180.942
530.202,268.542,182.067,181.892
529.249,270.342,184.031,181.490
528.317,272.726,184.203,180.530
526.810,275.009,184.306,178.932
526.448,274.850,185.427,179.725
525.000,273.657,185.722,179.628
524.524,275.385,186.393,180.608
523.600,274.099,187.108,180.343
523.661,275.584,187.431,180.709
523.645,273.397,187.548,182.274
522.937,272.732,189.335,182.370
520.862,271.765,191.053,180.798
522.773,270.525,190.500,181.350
523.200,269.022,189.470,182.280
523.531,267.089,190.497,183.523
522.756,266.061,188.703,183.783
524.475,266.477,188.818,181.867
526.321,265.541,188.876,181.203
527.543,268.425,186.100,185.593
529.284,266.164,186.317,187.838
531.718,266.737,183.748,194.393
532.172,265.509,181.492,190.709
534.071,265.472,180.708,193.693
532.571,264.440,184.728,189.504
531.388,264.458,185.585,186.960
532.180,267.569,185.275,186.686
533.288,267.161,186.433,185.321
530.008,267.051,189.086,181.748
532.042,269.908,187.536,184.724
531.287,269.174,187.494,183.570
531.804,269.219,188.696,183.518
530.955,270.429,190.386,180.304
531.213,272.561,189.727,181.362
532.393,274.254,189.672,178.794
534.281,275.782,188.910,180.554
537.066,274.925,186.784,182.439
536.869,275.665,186.270,184.025
535.981,276.893,186.596,184.839
537.392,278.392,186.590,184.061
539.219,278.607,185.442,183.885
540.743,279.274,184.680,181.725
540.439,280.109,186.392,179.559
538.740,277.823,188.722,179.344
541.055,278.002,188.475,183.386
540.270,274.933,190.683,183.542
539.083,272.748,191.326,187.279
540.499,270.617,191.516,191.521
542.334,267.883,189.153,195.260
544.045,265.894,187.129,195.696
544.991,265.229,184.992,197.990
546.404,262.308,184.626,197.700
548.639,261.260,182.031,198.208
552.702,261.534,178.536,200.759
551.086,261.448,178.476,200.231
552.132,261.152,179.749,202.422
552.707,257.779,178.917,203.980
552.329,256.974,178.609,202.584
553.007,255.197,178.392,200.533
554.221,253.888,179.065,199.610
554.550,251.617,180.966,196.079
554.377,250.340,180.692,196.248
554.331,251.129,181.631,192.387
555.862,251.477,179.821,193.248
557.390,253.034,178.666,196.154
558.379,254.060,178.187,196.685
558.531,254.294,178.847,193.123
560.043,256.878,177.619,194.332
558.875,258.328,179.145,186.015
559.726,258.677,179.202,182.790
560.508,261.164,176.738,186.854
561.152,262.189,179.885,194.401
558.736,261.365,179.005,197.451
558.252,258.598,179.743,199.407
558.140,259.409,179.628,199.964
558.059,257.776,180.922,199.553
557.313,257.771,182.032,195.821
557.301,258.772,183.119,190.937
557.858,260.544,183.335,191.074
557.456,258.776,183.083,191.526
558.231,259.774,183.099,192.128
557.758,259.872,183.125,190.692
556.661,258.574,185.536,189.554
555.622,259.888,184.943,188.684
554.631,260.198,187.278,187.484
554.060,260.640,187.074,187.200
552.647,260.877,187.872,186.881
553.498,260.572,189.432,183.716
553.566,258.980,188.753,180.884
554.634,257.383,189.836,179.973
554.613,257.023,190.174,182.267
555.406,255.704,189.183,182.370
556.015,257.210,189.325,183.162
555.237,255.427,190.396,183.907
553.735,254.630,191.927,182.490
552.316,254.377,194.753,180.310
550.173,253.902,198.807,179.739
554.065,260.488,194.373,186.563
556.825,255.759,190.554,187.325
560.793,258.686,188.334,185.513
560.561,260.186,188.677,185.243
557.939,258.436,189.324,185.622
555.275,258.430,190.082,190.106
562.813,259.356,186.322,191.392
561.044,257.784,186.335,187.015
560.098,260.602,186.948,190.051
561.707,257.349,186.697,189.323
561.753,257.853,186.683,190.083
560.921,257.100,187.372,191.263
562.079,257.366,187.699,191.570
562.795,256.463,186.734,192.620
563.351,256.997,186.097,191.546
561.066,258.365,187.595,192.247
564.095,262.134,187.417,193.599
562.518,258.580,188.128,195.168
561.912,260.236,188.777,196.868
557.806,260.825,192.562,196.848
562.958,264.212,191.527,197.289
563.379,263.429,189.989,198.991
564.469,262.879,189.248,202.250
566.353,262.450,187.886,202.456
566.946,265.346,189.198,204.103
565.169,261.682,188.951,202.408
567.070,263.022,189.188,204.547
564.570,260.078,192.624,203.229
562.900,262.832,194.674,202.936
561.010,259.308,196.046,203.729
565.302,259.000,191.982,203.850
567.644,259.814,190.630,202.511
569.344,262.298,189.384,202.477
569.822,259.708,189.435,202.526
570.868,260.677,186.244,201.068
570.388,259.757,185.320,196.286
571.352,263.036,186.509,195.549
574.113,262.204,182.439,190.650
573.270,263.549,183.796,191.111
576.243,262.692,181.124,189.798
576.240,264.377,179.383,189.835
576.605,264.104,179.585,192.126
576.449,261.457,179.631,191.430
577.186,263.218,179.254,192.988
576.328,262.120,179.686,190.110
575.967,263.350,182.103,188.746
575.445,263.562,181.092,188.930
576.295,263.573,180.991,188.522
576.662,262.165,179.727,189.109
577.041,261.680,180.261,187.759
578.809,262.388,181.145,188.907
578.102,260.419,181.678,187.278
577.263,260.708,181.073,188.381
578.553,262.493,180.260,189.657
578.030,259.512,179.100,190.208
577.292,261.198,178.326,189.424
578.149,261.529,178.282,184.846
578.596,260.894,179.067,184.334
578.434,261.575,179.000,186.441
578.388,262.323,180.122,183.671
577.522,261.648,180.685,183.520
577.724,263.363,179.825,188.002
576.368,261.988,180.055,185.040
578.601,261.598,178.943,185.706
578.778,264.026,177.920,184.077
578.651,264.234,177.908,183.469
579.414,266.244,177.347,182.006
580.243,266.354,177.749,182.872
580.806,265.948,177.558,185.893
579.885,265.978,177.212,183.296
582.092,266.668,175.419,182.972
582.132,266.093,175.016,179.829
583.042,265.798,174.445,182.540
582.054,266.107,174.156,182.510
582.144,266.988,174.148,181.609
581.336,266.497,174.067,181.517
581.558,266.500,175.517,180.468
581.576,266.992,175.062,178.960
581.607,269.167,174.200,176.001
582.680,268.836,172.918,177.593
582.555,267.336,172.813,178.493
582.489,267.707,171.646,177.279
580.977,269.183,171.863,175.549
583.044,269.544,171.930,175.999
582.721,268.174,171.745,176.088
582.826,268.606,170.446,174.228
583.594,270.373,171.491,171.000
585.300,271.406,169.024,170.274
584.255,270.557,167.740,169.001
584.130,272.092,167.802,166.662
584.259,273.466,167.517,165.669
585.378,274.855,164.938,164.451
583.837,274.695,163.551,163.384
585.477,273.550,162.607,163.290
585.630,273.712,161.323,162.374
583.523,275.117,162.806,160.646
584.573,276.704,161.950,160.840
585.404,276.431,161.694,159.493
586.161,276.388,159.607,160.768
586.469,276.265,159.318,159.222
586.977,277.791,157.139,158.996
587.312,277.876,157.545,156.922
587.897,279.759,156.142,163.992
581.161,313.788,157.486,162.129
581.378,313.632,160.413,158.028
584.654,302.217,159.342,156.612
587.517,300.571,157.810,156.077
586.910,300.201,158.347,154.153
586.907,296.475,155.717,153.525
586.319,295.661,154.324,152.614
585.648,297.804,154.978,152.729
586.541,301.641,154.446,151.224
587.042,301.433,155.715,152.310
589.835,302.109,154.444,152.789
592.709,304.650,153.400,153.101
595.440,304.652,154.057,153.149
597.169,302.192,153.538,152.027
599.043,299.578,154.501,151.989
601.557,302.172,154.002,153.797
605.608,306.280,153.474,153.410
601.505,307.793,153.478,152.638
594.308,302.535,153.524,152.416
593.531,304.547,155.030,148.798
591.814,304.530,156.749,146.566
594.005,303.976,155.917,147.112
593.836,304.923,155.509,145.953
592.051,304.829,156.891,144.476
592.919,303.840,156.921,146.438
592.551,303.747,155.706,146.867
592.613,302.983,156.305,146.720
593.237,304.000,155.327,148.352
594.318,304.281,154.064,146.748
591.979,306.380,156.068,143.789
593.603,307.448,154.400,144.247
594.621,309.098,152.875,141.968
595.633,309.117,150.959,141.983
595.986,308.900,150.068,141.464
597.902,309.277,147.796,141.529
597.657,310.085,145.956,140.896
598.732,310.402,145.283,140.473
598.735,309.977,145.358,138.998
601.461,309.208,144.115,139.590
600.585,309.542,142.752,138.705
603.177,310.380,140.772,136.343
603.640,311.659,139.143,136.219
603.256,310.147,140.033,135.662
603.430,309.691,138.976,136.073
603.434,310.119,138.715,136.280
604.705,310.981,136.891,135.256
604.609,311.663,135.994,133.957
604.153,312.597,136.783,132.245
603.553,313.718,136.544,131.812
604.695,314.957,135.045,130.162
604.440,315.520,135.127,128.302
605.879,315.489,134.626,127.921
606.519,316.855,133.742,127.451
605.813,317.256,133.333,126.527
606.567,316.593,132.716,125.918
606.932,316.107,131.927,126.059
607.850,317.112,131.632,125.412
608.680,316.957,131.011,125.815
608.624,318.105,131.105,123.807
607.878,317.292,131.893,123.033
608.030,318.950,132.022,122.446
608.704,317.161,130.042,123.194
608.586,316.938,129.675,123.598
608.673,316.764,129.041,122.038
606.587,319.765,131.625,120.092
607.988,319.112,130.142,119.760
604.992,321.223,132.791,117.355
606.643,320.416,130.644,119.159
607.468,320.047,129.987,119.666
608.345,320.186,129.370,120.321
608.309,320.171,128.929,121.394
608.219,319.259,128.366,122.148
607.399,319.678,128.977,121.829
607.773,320.193,129.371,121.180
607.996,319.459,127.997,121.960
608.807,319.884,126.423,121.826
607.891,322.149,126.762,119.469
607.376,323.142,125.310,118.434
608.638,322.538,124.614,118.812
609.153,322.645,123.376,119.054
609.222,322.283,123.286,119.708
609.947,320.786,123.694,121.047
609.377,322.753,123.467,121.324
607.958,321.902,124.765,120.398
609.061,321.781,125.025,119.971
608.461,323.851,125.188,119.680
606.664,324.268,127.077,118.932
606.192,324.175,127.292,118.979
608.005,323.736,126.992,119.377
607.480,323.838,127.400,118.762
606.924,323.372,127.368,118.185
607.081,324.369,126.734,118.877
607.333,324.148,126.626,118.339
606.296,324.806,127.291,117.444
606.811,325.013,126.775,117.582
606.921,325.216,127.183,116.826
606.452,326.412,127.530,115.836
606.622,326.160,127.669,116.894
607.159,325.223,126.781,118.284
606.975,325.116,126.557,118.936
607.229,324.506,125.332,118.817
607.188,325.366,124.700,118.563
606.996,325.009,123.665,117.000
606.564,325.291,123.511,115.580
606.675,325.462,122.637,115.524
607.326,326.904,122.183,115.661
607.706,327.196,118.995,116.351
607.656,326.828,119.285,115.087
607.984,326.666,118.878,115.113
607.653,326.260,118.752,114.817
608.142,325.463,118.857,115.201
607.460,326.023,119.433,114.022
607.740,326.870,118.846,114.126
606.941,327.933,118.234,114.397
608.502,325.852,117.021,115.354
608.207,326.220,116.831,115.832
607.920,326.398,116.463,115.942
608.965,326.524,116.067,115.814
608.441,326.211,116.725,115.155
608.162,326.135,116.804,115.063
607.931,326.395,116.639,114.627
606.437,326.491,117.582,114.197
609.057,325.751,116.238,114.516
607.703,326.845,116.308,114.221
607.022,328.326,116.953,112.481
607.368,328.294,117.080,111.865
607.268,328.630,117.497,112.033
607.091,328.209,117.180,112.663
606.488,327.722,116.034,113.751
606.572,327.369,114.906,115.093
607.120,327.523,113.646,115.810
607.684,327.068,112.939,116.586
608.952,327.995,112.495,116.102
607.928,328.319,112.399,114.716
607.097,328.411,112.162,114.257
606.917,328.062,111.973,113.702
606.222,327.528,112.466,112.969
605.949,328.350,113.718,112.626
605.792,329.226,113.815,112.336
606.180,328.405,112.056,113.199
606.010,329.484,111.091,112.747
606.074,330.207,110.143,112.395
606.013,331.248,110.055,110.985
605.327,331.277,109.513,109.745
605.755,330.393,108.911,110.282
605.929,331.853,109.089,110.364
605.808,331.378,109.259,109.990
606.402,334.106,108.608,109.349
605.887,333.487,108.927,107.943
606.425,334.614,109.514,107.466
606.157,334.258,108.601,108.028
607.367,336.228,108.803,108.407
606.071,336.134,108.912,107.862
604.962,337.330,109.177,106.904
604.764,338.611,111.014,105.380
604.003,337.795,111.076,105.512
603.635,337.841,111.335,104.785
604.328,338.351,110.993,104.290
603.636,340.582,113.637,101.071
603.624,340.308,113.204,100.787
604.372,338.949,110.519,103.087
604.923,339.509,108.718,104.106
605.094,338.549,108.882,104.566
603.281,340.062,110.622,102.489
603.029,339.387,111.479,101.643
603.257,340.050,111.732,101.261
602.530,340.432,110.750,101.988
602.713,341.527,110.309,100.734
603.963,341.276,108.744,101.324
603.883,340.551,107.590,101.807
604.162,340.547,107.496,101.876
603.937,340.825,107.404,102.261
602.789,341.372,106.560,100.664
602.895,341.801,106.720,100.307
602.920,342.629,107.532,99.550
603.656,341.456,108.412,99.439
602.603,341.317,106.865,99.952
602.583,341.875,106.806,99.925
603.310,341.434,105.287,100.072
603.798,340.337,105.078,101.261
603.657,339.940,104.167,101.911
603.581,339.292,103.138,102.830
603.136,338.975,102.632,103.241
603.655,338.537,102.272,103.467
602.718,337.428,102.162,104.605
603.059,338.185,100.852,103.046
604.604,338.843,98.912,102.791
603.811,341.814,98.279,101.237
604.049,343.451,98.343,100.268
604.581,342.330,98.168,99.971
604.353,341.790,97.928,99.486
603.573,343.866,98.189,98.393
603.669,344.025,98.975,96.813
603.288,345.089,99.689,95.870
603.345,344.641,100.764,95.666
602.891,344.023,103.086,95.447
602.533,344.889,105.178,94.667
602.274,345.296,104.667,95.842
602.621,343.672,103.915,97.156
602.823,342.495,102.373,98.303
602.687,342.340,102.574,97.500
602.552,342.939,102.985,95.847
601.510,342.742,103.738,95.161
602.824,341.991,103.778,95.283
602.223,340.624,103.717,95.191
601.578,341.149,104.041,94.195
602.433,339.890,104.420,92.418
602.360,338.112,104.081,95.004
601.745,338.195,103.875,95.587
601.812,339.710,103.603,94.578
601.667,341.049,103.408,93.412
602.505,338.864,101.403,94.243
