654.000,228.000,155.000,122.000
658.835,233.932,157.386,119.384
655.436,234.413,158.418,118.646
651.836,233.705,159.048,119.727
648.570,222.021,160.032,121.919
647.553,208.122,160.939,125.156
647.661,207.313,161.411,126.229
650.447,194.795,162.861,129.329
650.536,187.268,163.222,131.036
649.954,195.958,160.977,129.474
648.810,201.011,159.544,127.713
649.013,199.849,156.966,127.294
649.592,199.552,156.185,127.199
653.563,201.071,155.652,126.678
659.989,199.675,153.172,130.146
662.618,203.877,151.968,132.325
662.891,210.002,153.087,133.088
662.846,213.001,156.504,136.647
662.016,211.485,157.154,137.924
663.281,209.964,161.127,141.608
663.929,208.922,167.352,140.622
661.943,195.407,172.823,143.850
654.082,192.505,179.969,141.495
643.425,185.164,187.078,140.959
643.560,181.963,189.744,142.954
637.721,173.321,191.780,146.765
638.542,162.226,190.333,152.788
646.230,156.340,181.177,155.761
662.383,150.222,168.146,159.121
698.251,141.966,142.276,164.569
718.563,141.064,120.155,166.341
725.772,146.498,106.479,165.833
726.159,151.968,97.783,166.676
716.301,205.067,132.348,152.169
702.739,227.059,165.218,142.336
693.502,226.435,183.355,140.420
686.714,239.003,196.707,139.910
675.720,236.297,199.026,143.654
675.206,224.175,189.732,151.411
657.793,219.759,163.979,166.508
650.764,212.771,137.865,175.145
656.828,215.968,121.077,176.164
662.261,209.772,110.843,173.364
658.096,214.537,108.643,168.557
629.037,219.345,120.045,163.682
620.458,222.438,132.534,164.213
562.131,225.776,161.619,156.692
554.837,228.892,178.928,156.302
534.132,220.907,195.498,145.686
519.368,223.173,206.520,145.828
527.989,230.992,212.432,154.051
533.085,231.971,200.876,164.966
560.270,220.296,169.372,183.900
573.613,222.024,159.108,186.815
603.497,233.322,144.018,185.131
611.539,241.626,129.544,180.828
625.842,253.669,140.549,170.991
620.589,259.998,170.287,164.026
613.085,259.481,201.114,163.061
607.191,258.778,217.060,163.391
602.965,262.211,228.229,163.462
590.777,261.239,228.238,164.724
585.122,258.847,210.387,168.811
583.202,258.260,184.907,177.149
585.381,263.996,158.831,184.566
589.881,262.080,144.778,188.115
592.519,271.511,131.551,189.700
583.764,284.807,117.672,193.035
571.008,296.744,126.894,187.713
548.061,305.778,146.847,184.872
526.894,299.824,175.591,175.951
504.070,303.150,191.963,179.625
543.372,303.005,190.736,184.034
543.802,306.968,195.320,183.868
468.811,316.757,221.383,182.214
481.532,312.792,216.275,181.931
557.033,296.031,187.023,190.274
583.887,297.556,161.898,192.795
597.578,297.201,142.745,194.742
611.288,299.255,142.490,192.856
617.149,300.610,156.309,192.012
632.594,304.925,198.978,187.003
625.729,295.211,242.971,187.321
613.257,294.436,267.113,190.444
603.692,288.090,271.075,193.825
592.702,288.449,253.332,196.258
583.424,291.503,221.941,201.025
582.203,288.916,190.806,209.392
583.085,293.475,168.559,210.691
585.333,295.185,152.226,211.208
583.599,298.210,144.993,210.007
578.893,300.066,142.787,209.683
573.229,300.494,142.488,210.271
567.244,303.516,145.125,210.412
562.369,302.955,144.702,210.946
557.650,304.237,145.633,211.373
546.420,289.082,138.796,216.762
552.236,287.163,133.460,217.913
553.493,290.547,135.022,216.720
559.824,296.314,144.327,214.245
559.905,294.839,145.710,219.327
560.494,294.183,152.184,221.348
560.786,293.240,154.419,225.836
565.018,289.243,161.499,231.631
570.721,295.571,173.721,229.479
592.893,311.939,222.124,216.809
559.148,305.169,199.380,225.103
562.964,302.053,181.709,230.036
562.287,303.441,162.245,235.214
565.957,307.931,150.113,235.516
564.493,306.539,144.166,237.764
559.682,312.050,146.395,236.500
571.317,314.459,141.915,241.876
573.484,316.278,138.316,240.750
566.308,321.981,138.231,239.511
575.975,322.899,133.247,238.368
583.726,324.758,133.279,233.716
594.106,320.241,133.612,235.697
589.774,312.531,131.902,240.787
585.504,315.481,133.147,239.804
589.164,312.043,139.623,240.831
582.787,308.105,139.188,246.457
583.435,307.616,147.631,245.863
577.503,300.334,145.870,249.821
576.673,300.160,145.049,248.008
576.043,303.339,145.522,245.294
572.728,295.486,143.689,251.366
567.834,290.708,141.094,257.677
562.754,296.002,140.736,258.039
555.019,302.176,143.174,256.235
547.879,304.878,139.155,255.714
548.425,311.265,137.617,251.679
545.744,320.189,137.737,242.480
545.257,322.036,137.375,238.122
542.113,332.058,139.355,232.508
544.596,336.679,138.194,231.029
545.336,337.265,142.210,233.585
545.361,334.941,143.932,235.396
548.114,328.931,138.314,242.038
553.995,329.490,132.661,241.076
550.246,330.234,145.251,240.964
542.577,328.906,149.539,240.423
538.566,330.718,151.402,239.952
539.453,328.768,153.503,240.216
533.793,330.149,149.418,243.024
534.684,332.426,146.929,242.104
537.934,330.635,144.264,242.310
538.700,333.230,143.366,239.227
540.271,335.788,143.890,237.395
541.214,335.224,144.907,237.509
547.303,341.878,149.428,235.178
549.550,343.107,145.379,235.918
545.472,343.920,143.974,235.405
553.055,340.070,139.552,243.808
568.084,341.172,138.102,244.845
567.537,340.944,140.513,244.635
571.106,343.335,144.191,243.935
565.890,338.224,145.911,248.822
547.748,332.981,140.597,254.767
533.303,335.159,143.647,252.494
548.255,330.046,133.031,256.664
553.821,330.996,125.635,258.100
560.803,341.178,126.172,257.961
563.747,337.444,134.161,248.435
564.052,344.488,136.752,242.942
563.648,348.853,144.202,236.567
567.609,347.505,157.377,236.071
563.411,346.753,158.217,239.394
561.765,349.750,164.914,237.731
559.807,349.488,168.661,236.678
565.004,348.317,173.086,236.755
571.786,343.004,167.672,242.125
576.230,333.969,150.617,250.780
578.721,330.677,139.238,255.082
584.908,330.011,131.321,256.214
586.609,325.052,125.180,256.428
588.311,321.939,122.209,259.951
593.368,317.680,125.700,261.022
598.017,310.100,129.816,261.546
601.799,313.006,138.163,260.581
610.745,309.451,151.113,255.195
686.935,367.398,154.821,268.186
699.062,390.036,142.055,299.363
680.387,398.077,142.581,306.518
699.509,381.507,133.401,326.749
701.567,372.275,135.848,338.689
700.681,359.585,142.422,349.751
700.873,352.722,152.333,361.740
698.478,347.671,162.071,367.814
693.302,336.043,167.924,377.666
688.032,332.536,171.987,381.011
688.544,330.129,177.954,384.238
680.863,325.341,180.917,387.831
678.978,319.736,184.072,390.716
673.390,315.086,185.280,393.597
671.366,314.005,187.898,394.328
667.646,313.921,188.767,394.626
670.330,319.140,191.879,391.202
662.440,313.690,192.152,389.279
664.166,314.182,191.499,385.444
664.913,317.163,190.026,384.589
658.074,311.182,187.518,385.511
661.155,315.422,189.380,380.247
660.837,315.378,189.662,372.658
658.876,315.406,184.852,371.678
658.441,309.421,180.679,370.586
655.123,304.412,178.477,369.592
655.163,299.562,176.971,367.812
655.315,296.007,176.413,364.676
655.623,292.015,172.209,361.481
655.538,294.532,169.136,356.788
655.982,284.894,164.187,356.254
655.545,282.496,157.900,348.158
658.893,281.036,152.839,335.464
662.918,284.179,151.708,322.008
664.546,285.745,151.498,306.517
663.391,289.236,145.544,299.768
668.299,293.869,151.654,284.647
668.966,307.679,164.677,261.759
667.229,311.015,180.334,244.624
661.421,316.851,190.379,229.676
656.854,318.897,199.651,219.367
654.854,316.926,204.061,217.318
652.118,311.281,212.984,215.247
646.307,306.592,222.360,213.870
641.193,305.211,230.242,209.869
636.354,302.603,238.167,206.311
631.896,302.315,245.932,201.369
630.187,303.656,249.613,197.852
627.304,301.082,254.083,194.239
624.874,297.850,262.558,191.562
622.897,300.564,268.926,184.673
620.810,303.846,275.714,179.092
618.274,302.366,281.682,174.643
616.048,303.938,283.781,172.472
615.858,301.353,288.809,171.771
614.197,300.294,292.434,170.380
614.791,297.554,295.156,171.316
614.214,293.450,299.103,174.315
614.715,290.202,302.210,177.202
615.524,288.920,302.840,179.165
615.169,289.704,305.437,179.031
615.177,291.208,307.060,178.574
614.749,284.921,310.559,183.310
613.235,281.138,312.261,185.481
610.492,277.891,311.176,187.669
608.466,279.166,311.192,187.312
600.840,275.928,311.051,191.004
587.336,271.526,312.272,194.883
576.304,268.504,312.266,195.853
559.547,263.989,312.907,196.829
548.240,251.360,313.059,199.090
548.650,255.781,311.508,194.697
536.944,246.235,312.737,195.345
523.433,243.722,313.543,195.403
513.870,240.902,313.041,195.348
501.089,244.046,313.174,192.651
492.057,237.467,315.451,193.011
492.369,239.625,314.626,192.304
483.502,237.110,317.245,190.879
475.138,242.444,318.175,189.144
467.340,243.360,319.121,191.042
465.509,249.958,319.684,189.734
461.681,252.414,320.906,191.370
460.455,255.227,322.755,190.084
464.250,264.392,324.840,187.135
466.547,262.107,326.585,190.659
473.546,262.379,327.310,194.591
479.818,264.376,328.064,194.834
486.212,261.438,326.749,197.988
486.989,260.472,326.133,198.496
486.565,255.233,326.220,202.831
489.221,252.704,326.875,207.842
493.033,256.828,326.831,207.145
493.637,261.849,328.071,205.427
490.981,264.413,330.079,204.487
489.921,262.868,331.922,205.947
488.878,261.500,332.069,207.108
486.127,259.684,333.623,208.080
481.610,258.730,333.855,209.735
477.780,253.320,333.012,213.612
473.613,249.525,332.877,216.289
472.471,252.052,333.876,214.649
468.824,255.295,335.247,211.163
462.357,247.910,334.873,215.084
454.527,249.951,337.794,213.976
449.880,247.896,340.826,212.841
440.589,248.118,345.083,213.207
439.155,248.460,346.371,212.531
433.120,248.295,346.137,214.922
428.515,248.991,347.647,216.120
422.539,249.094,349.570,216.679
420.985,244.938,348.873,221.836
416.510,237.044,350.082,230.021
417.319,240.538,350.077,229.978
409.144,243.875,354.395,228.164
405.150,250.587,357.868,223.824
399.570,253.226,360.260,221.014
394.636,249.192,359.729,222.935
386.750,247.436,361.621,225.483
385.802,243.603,361.708,228.631
377.075,246.001,364.218,227.986
370.006,247.028,365.310,226.221
362.722,245.671,365.378,225.943
355.352,239.102,367.581,227.710
349.442,233.346,368.747,229.423
348.590,231.631,368.600,230.986
343.296,226.608,367.881,232.688
334.654,216.757,369.312,239.513
326.174,215.084,372.993,241.942
318.989,219.738,374.851,238.282
315.946,221.482,375.885,236.723
315.059,219.507,376.903,237.469
315.150,226.358,374.286,232.449
316.477,227.155,373.141,231.267
320.000,223.605,371.872,233.425
322.094,224.366,369.705,233.185
327.923,216.993,367.977,236.861
327.849,214.223,365.842,239.696
334.031,209.859,363.904,240.380
340.528,210.839,360.143,236.504
350.581,210.478,352.135,233.526
359.432,206.357,345.118,233.664
371.863,200.234,338.012,235.159
374.427,201.551,332.777,234.937
390.497,192.367,323.026,238.055
396.460,190.373,312.044,239.354
404.570,191.636,300.614,239.409
416.207,190.849,288.621,241.009
435.349,196.253,275.256,240.431
