585.000,232.000,77.000,117.000
584.989,237.306,78.502,115.658
585.141,234.271,78.738,118.117
585.940,232.946,80.414,119.030
586.133,231.255,83.075,113.633
585.466,224.177,82.590,115.414
587.239,226.655,78.717,117.521
591.029,228.076,78.102,115.963
588.552,240.992,77.921,111.453
587.537,242.643,76.035,109.327
589.507,239.409,73.507,110.231
591.711,234.484,73.985,112.097
592.629,233.092,73.141,114.396
590.879,230.290,73.258,117.323
585.178,228.470,76.186,113.385
582.429,227.750,76.043,115.524
583.627,225.352,76.501,115.818
583.764,229.994,77.213,118.355
580.175,233.242,77.889,117.582
579.793,233.215,76.727,116.448
578.424,239.897,77.495,111.504
576.849,240.849,77.564,108.975
576.590,240.763,76.952,109.170
575.128,230.275,77.645,114.477
571.037,227.118,78.759,116.000
569.485,224.381,79.859,119.321
570.849,223.392,79.409,122.699
570.137,226.238,78.876,121.776
569.263,224.800,80.052,120.989
568.918,227.453,79.649,120.579
568.617,229.943,80.567,119.900
569.418,235.759,82.612,115.556
569.115,229.486,82.043,115.783
570.018,230.474,82.206,115.270
574.683,237.304,83.281,112.793
577.570,235.848,84.118,114.708
579.602,229.289,83.717,117.850
580.704,231.195,84.191,115.168
581.476,227.963,83.419,116.559
580.768,228.812,83.058,119.989
582.973,232.397,86.492,116.522
582.775,227.285,85.385,119.054
580.819,227.845,87.054,116.841
577.256,224.923,87.053,115.416
575.973,230.104,87.615,111.663
576.943,229.731,85.871,112.227
580.157,227.827,85.400,113.166
580.843,224.562,84.652,115.516
573.896,229.915,84.218,115.858
570.518,230.694,85.635,113.878
572.772,229.399,84.386,114.866
575.104,226.403,84.822,115.669
575.241,224.424,84.605,119.149
578.480,223.845,87.944,119.619
578.628,228.211,87.448,119.151
581.282,231.579,85.820,119.130
587.703,226.085,86.467,117.586
590.143,228.606,84.464,119.737
592.529,228.541,84.247,122.706
594.709,227.133,84.890,126.133
598.290,238.239,86.319,126.703
598.753,238.177,87.051,125.219
599.149,233.322,86.836,125.802
601.106,230.461,87.349,125.624
607.750,223.858,88.757,123.051
608.758,221.278,89.370,121.928
610.014,222.741,89.663,119.906
610.194,228.191,89.102,118.877
609.648,234.977,90.096,119.588
609.879,240.688,90.252,118.705
610.189,242.236,90.588,121.064
609.672,240.093,91.362,122.690
611.279,233.670,90.896,123.419
612.651,229.185,90.643,122.946
615.611,222.339,89.824,124.170
617.112,221.046,90.000,124.692
620.442,226.697,89.103,124.346
621.338,234.484,89.773,124.946
622.172,234.164,89.848,124.428
625.171,239.036,90.225,121.605
624.446,236.274,90.840,120.394
625.355,236.926,91.368,118.972
628.305,232.931,92.502,122.001
629.433,234.446,91.433,122.432
623.008,239.495,92.848,122.640
618.097,240.974,93.811,122.226
615.658,237.900,94.628,122.504
614.958,236.348,94.039,122.681
612.886,236.270,93.834,121.787
611.291,236.150,94.525,119.990
609.805,239.330,93.458,119.397
609.875,241.837,93.180,117.174
606.519,244.969,93.173,116.850
605.803,242.614,91.950,116.570
607.260,243.310,94.391,115.308
607.500,241.199,92.701,117.045
611.627,242.130,93.160,116.626
612.215,242.855,92.907,116.472
614.544,243.649,93.640,115.075
615.022,244.571,92.144,116.527
617.077,247.023,92.676,116.406
619.246,247.205,92.138,116.192
621.697,250.647,91.682,113.837
620.293,246.265,91.781,112.806
620.229,246.473,90.230,112.229
619.891,247.957,88.728,111.532
618.394,249.995,88.908,111.621
618.124,248.434,89.832,112.754
615.787,250.397,90.129,112.501
616.721,247.147,89.024,113.041
618.159,248.264,89.172,113.808
618.781,249.090,90.005,112.608
623.198,246.971,90.585,112.309
624.656,248.548,90.058,110.789
620.492,249.817,88.959,110.329
619.710,246.930,88.038,110.368
621.168,250.326,86.877,108.889
621.716,249.747,86.064,109.116
622.718,249.463,85.148,112.336
625.031,250.795,84.629,110.504
638.221,251.064,83.990,109.962
641.380,253.344,83.048,108.720
645.662,254.712,83.624,106.785
647.536,256.705,83.230,106.091
647.784,258.242,82.767,104.843
645.427,260.070,83.255,102.805
644.889,259.709,81.995,101.687
644.600,258.164,81.311,100.619
643.785,260.969,80.466,99.726
643.077,257.356,80.579,101.779
644.438,256.544,80.199,102.430
643.363,257.875,80.719,103.104
643.982,263.582,80.197,102.808
642.543,265.276,80.115,101.706
642.725,262.396,80.771,101.963
642.557,259.796,80.357,102.000
645.587,258.829,78.905,99.725
646.788,260.867,78.237,99.157
647.158,262.461,77.450,97.297
647.328,263.747,77.003,95.702
644.541,268.597,76.159,94.445
643.437,268.906,75.580,95.716
643.099,267.783,75.374,94.659
642.154,268.622,75.693,91.689
643.972,269.674,75.220,89.885
643.618,264.930,74.797,92.340
642.210,266.972,74.366,91.549
644.383,265.174,73.840,92.716
642.580,266.273,73.091,92.358
642.847,266.187,71.207,91.625
641.276,269.999,70.363,90.124
640.519,272.852,70.101,88.424
645.628,269.587,70.126,88.315
646.651,273.767,68.935,86.626
646.916,273.657,68.530,86.768
647.762,273.442,67.870,85.425
648.183,273.846,67.566,83.333
650.481,273.346,67.525,81.775
651.082,273.603,67.862,80.987
651.812,277.236,67.416,80.299
651.631,279.924,66.135,82.794
652.207,280.091,65.838,80.514
653.589,279.430,65.464,79.146
653.068,282.902,65.219,80.329
655.874,277.609,64.501,80.267
655.646,277.055,64.488,80.725
654.632,278.511,64.398,82.137
654.945,281.064,64.330,82.635
654.055,271.343,63.782,84.182
653.128,272.670,63.882,82.692
652.658,274.194,63.690,81.934
653.356,276.252,62.521,80.533
654.494,280.259,62.279,77.028
653.561,283.269,59.931,77.146
654.230,285.444,58.934,77.224
654.801,284.951,58.342,75.799
655.774,284.636,58.764,76.487
655.699,288.243,58.611,77.781
655.367,285.128,59.035,77.786
656.031,285.183,58.661,76.553
659.634,287.712,57.277,77.368
658.699,288.194,56.532,79.653
659.162,288.049,56.376,79.045
659.271,288.691,56.832,78.839
660.567,283.724,56.137,78.895
660.922,287.491,55.596,75.442
661.653,285.924,54.528,72.795
661.871,289.362,54.243,72.114
663.701,292.209,53.785,72.043
663.873,287.835,52.099,73.832
665.408,289.768,51.225,75.697
664.650,284.642,51.528,74.067
668.342,286.118,52.201,73.243
668.899,283.971,51.802,72.211
669.886,283.167,50.899,72.144
668.586,290.952,51.266,72.557
667.092,295.877,51.418,72.064
666.867,291.782,51.386,72.077
665.885,301.251,51.435,69.989
665.070,301.473,51.325,72.000
663.320,290.828,51.036,72.351
661.912,294.460,51.087,72.385
663.169,296.556,50.817,72.309
661.132,287.733,51.048,71.168
657.629,291.063,50.661,68.227
658.696,296.703,49.860,69.862
659.407,287.092,49.007,70.056
660.689,283.051,48.504,71.206
661.677,285.050,48.272,70.947
657.780,290.248,49.119,66.992
656.560,294.957,48.939,65.505
656.835,301.668,49.126,64.401
654.322,299.863,49.183,65.987
654.138,287.102,49.122,68.463
652.785,288.354,49.035,68.543
650.647,295.745,48.468,66.764
646.259,287.097,46.615,70.349
643.096,285.497,46.570,67.786
641.678,287.719,46.846,67.136
640.916,291.269,46.489,68.069
637.160,287.526,47.517,66.599
637.971,294.080,46.275,69.559
637.310,293.189,48.511,64.802
636.261,288.794,48.344,65.807
634.226,289.533,48.044,65.866
633.507,284.944,47.160,66.702
631.024,288.458,46.362,67.437
629.963,280.745,46.391,64.873
624.368,279.618,45.674,65.778
623.079,281.697,44.343,68.197
620.732,285.742,44.072,68.386
617.959,288.255,43.142,69.603
611.796,275.385,45.140,66.874
608.258,276.995,46.860,66.503
608.032,278.829,49.517,61.730
607.883,290.342,48.443,63.451
599.916,283.546,47.239,65.920
598.038,272.050,46.885,67.570
600.076,277.839,46.641,66.408
600.618,278.673,48.164,64.415
601.848,295.875,49.670,62.284
601.301,283.057,49.013,61.892
600.660,289.966,49.220,61.200
602.751,278.362,52.122,57.939
600.032,285.860,55.745,55.459
591.382,287.994,55.708,53.896
591.928,283.086,54.359,59.160
591.214,284.793,54.026,57.726
582.115,284.908,49.512,60.086
584.343,281.692,45.111,69.780
579.642,279.725,49.895,61.661
578.487,282.670,51.604,57.119
577.433,281.372,49.006,57.111
581.701,289.655,47.551,56.874
582.183,285.508,46.450,55.493
579.902,282.682,47.094,53.162
587.259,292.469,48.221,52.825
581.054,285.049,49.176,54.875
582.013,288.318,50.677,54.458
580.398,281.604,46.563,60.704
577.458,273.392,46.607,59.410
576.952,276.836,46.524,57.547
580.429,285.342,45.748,62.904
578.979,294.467,45.535,59.880
572.442,288.549,46.959,57.911
571.241,278.353,47.627,58.029
571.516,279.412,46.712,57.598
571.856,279.890,45.576,58.193
567.366,275.509,42.149,64.147
568.615,285.518,45.116,58.055
563.758,291.021,47.398,53.415
561.537,272.999,42.808,61.778
560.264,280.970,47.612,54.958
559.697,287.537,48.869,53.249
561.020,282.707,45.523,57.434
562.191,291.468,45.705,56.152
556.235,268.596,44.404,55.162
557.721,271.870,42.469,57.631
559.583,284.905,42.237,55.166
559.149,292.926,43.198,53.181
558.129,282.353,43.305,52.023
558.108,292.519,41.057,55.900
559.494,282.699,42.811,53.237
560.086,275.379,42.868,51.061
559.289,294.275,42.823,49.274
559.945,285.975,41.115,52.482
561.752,294.230,42.694,49.910
561.516,288.512,43.031,50.673
