284.000,111.000,52.000,37.000
280.270,106.048,51.085,42.152
279.332,104.477,50.829,45.549
271.898,107.921,52.807,44.192
271.671,107.784,53.784,43.627
258.206,107.812,59.688,42.232
257.381,108.740,61.553,41.864
246.795,106.084,63.106,42.628
246.511,106.565,63.546,42.427
238.818,103.940,63.896,44.278
239.289,102.935,63.819,44.668
238.327,105.005,62.506,46.554
238.319,103.129,62.322,47.865
238.699,105.987,58.531,47.953
239.618,106.456,56.237,47.639
237.131,108.345,52.897,47.641
238.074,108.082,51.197,47.575
237.493,107.900,49.362,48.602
238.543,107.774,47.951,48.691
233.550,105.306,44.877,50.285
234.365,105.907,43.370,50.899
229.523,105.777,42.212,53.039
229.440,105.607,42.089,53.519
219.282,107.434,42.873,52.954
219.082,108.179,43.791,52.519
208.559,110.945,46.474,51.277
208.288,110.891,47.250,51.119
201.842,111.093,45.768,50.125
202.196,110.987,44.523,48.987
198.747,107.354,41.071,50.559
199.469,106.884,39.066,51.158
189.299,105.538,36.104,51.300
190.117,105.531,34.368,51.116
179.069,104.226,32.822,52.740
179.701,103.344,32.052,53.491
176.067,103.431,30.429,55.665
176.320,104.331,30.234,56.117
176.321,108.858,30.151,56.231
176.064,108.457,30.178,56.719
179.453,109.411,31.307,56.213
179.282,108.901,32.041,55.735
168.203,105.246,33.591,55.259
167.542,105.668,34.310,55.076
167.431,102.635,32.226,56.324
167.514,102.715,31.617,56.522
179.037,102.656,33.658,55.662
178.794,103.598,35.181,55.559
188.640,101.956,37.881,55.153
187.634,102.196,39.032,54.904
204.889,100.986,42.268,55.003
205.412,101.859,44.529,55.161
225.216,94.614,46.187,55.903
225.921,94.583,47.277,56.193
239.229,90.242,44.655,56.010
239.813,89.635,42.658,56.055
256.263,89.714,43.462,56.151
257.251,90.715,44.476,56.424
271.499,90.975,48.081,57.145
270.236,90.442,50.349,57.834
281.065,94.905,55.049,54.740
278.679,94.987,57.476,53.544
290.041,94.365,55.171,57.021
289.188,93.381,54.700,58.017
301.126,94.409,54.706,59.685
300.757,93.813,55.147,60.073
310.060,97.451,56.508,60.774
309.573,96.934,56.794,61.867
314.067,96.754,61.169,61.809
312.370,96.603,63.835,61.936
317.386,97.843,66.330,62.614
315.533,98.752,67.632,62.892
315.129,96.105,67.182,64.585
315.832,96.915,66.226,64.613
308.934,95.654,69.220,66.059
308.398,95.528,70.501,66.388
300.332,97.559,73.324,64.905
300.369,97.700,74.731,64.623
286.299,100.653,80.986,63.134
283.826,102.080,84.676,62.983
274.771,106.627,88.375,63.267
274.777,107.078,91.472,63.529
264.948,104.210,91.153,64.745
264.891,103.621,90.533,67.551
254.555,100.600,93.119,68.844
252.792,98.965,94.129,69.276
247.901,96.064,95.474,69.452
247.772,97.471,96.075,69.116
242.007,94.397,94.710,69.773
242.379,94.240,94.819,70.759
230.721,87.963,101.031,69.455
224.138,89.089,105.457,67.611
203.697,77.897,107.714,63.755
203.958,76.824,110.226,64.665
204.934,62.442,114.133,73.159
204.374,61.055,115.507,77.536
226.096,73.480,119.787,79.413
225.807,70.532,122.952,82.223
228.209,75.163,127.487,81.583
233.211,72.484,131.696,81.646
224.208,78.585,129.897,82.440
221.637,80.611,123.635,81.593
211.043,76.431,116.611,77.836
211.116,76.672,112.113,75.903
210.129,82.809,110.011,72.065
210.683,82.957,107.231,70.474
217.152,90.309,104.780,66.754
218.456,90.074,101.374,65.717
225.007,96.141,99.585,63.005
225.900,96.284,98.471,62.444
231.022,95.037,94.168,59.794
231.987,95.110,91.734,57.829
245.838,94.773,91.361,56.582
244.718,95.286,90.525,55.543
266.556,92.951,87.749,55.062
267.379,93.963,86.334,55.206
281.462,91.330,79.126,54.416
284.078,91.310,74.541,52.323
305.662,89.262,67.455,52.556
308.151,88.624,62.686,52.091
328.532,82.923,55.176,54.532
330.318,81.581,51.358,54.940
349.254,81.284,48.270,56.458
350.072,81.622,46.348,57.196
362.159,88.054,42.802,57.341
362.858,88.043,40.803,56.110
372.347,97.683,39.422,54.314
372.843,98.118,38.286,52.111
387.196,105.430,36.226,50.621
387.805,105.382,34.728,48.964
398.694,99.042,32.592,46.767
399.145,99.322,30.863,45.656
409.149,94.402,29.567,45.984
410.129,94.519,28.704,46.195
421.701,95.725,30.461,47.054
421.060,96.306,31.147,47.515
423.912,102.833,33.758,48.323
423.916,101.461,35.216,50.078
423.657,101.393,35.574,53.046
424.435,101.050,36.075,55.173
432.905,99.217,37.129,58.329
431.716,98.512,38.441,60.107
431.964,93.859,39.683,59.947
431.654,94.090,40.201,60.300
412.207,94.739,44.847,61.981
410.976,93.766,47.593,63.061
394.442,93.394,54.020,62.466
391.542,94.051,57.660,62.454
382.124,95.751,62.302,62.457
380.216,95.868,64.854,62.274
373.237,98.909,65.747,60.126
373.925,98.982,65.790,59.385
367.114,99.038,64.908,58.915
367.000,100.603,64.287,58.508
365.080,101.076,64.000,58.152
365.098,101.172,63.982,57.839
364.827,102.399,63.269,58.964
366.003,102.226,62.628,59.687
358.166,103.043,63.347,60.020
358.624,103.055,63.572,60.333
347.559,108.412,69.141,59.284
344.996,108.063,72.076,58.934
340.020,116.439,73.377,57.782
339.683,117.992,73.028,58.023
334.920,115.432,75.884,56.557
333.317,115.480,75.657,56.419
326.228,110.773,74.042,58.198
326.918,111.396,72.874,58.248
321.166,106.393,72.165,58.503
321.353,107.312,71.086,58.394
354.327,102.312,75.928,57.542
360.045,102.325,72.260,59.428
341.145,103.510,69.604,63.752
335.732,102.776,69.327,64.291
314.584,104.596,68.363,72.180
313.790,102.070,67.996,77.039
304.393,98.409,69.410,80.926
304.396,97.522,72.591,84.028
289.718,96.672,81.975,85.164
291.167,96.021,93.253,85.397
276.199,94.804,109.409,84.774
273.193,94.711,119.532,85.890
258.133,93.742,126.038,86.905
256.526,93.137,129.235,87.639
243.679,92.122,135.257,88.719
243.140,92.826,138.701,89.304
225.125,89.342,140.963,91.196
223.020,88.878,140.988,91.665
208.910,86.128,141.292,91.569
208.326,86.497,141.218,91.938
196.301,90.447,143.583,90.817
195.604,89.317,143.604,90.509
176.176,91.361,148.240,88.957
175.059,91.827,149.842,88.687
156.480,94.064,153.070,85.550
156.046,94.795,154.186,84.398
142.145,96.232,160.245,82.074
142.148,95.575,162.353,82.091
122.929,93.641,164.220,80.179
122.417,94.303,165.407,79.573
102.004,88.873,167.707,82.903
101.156,88.859,168.746,84.763
82.763,85.240,168.946,85.312
83.083,86.409,169.764,85.080
74.564,93.264,159.538,81.539
76.790,96.014,153.335,78.339
71.440,101.991,138.550,77.879
75.475,103.208,130.749,75.976
67.463,99.493,114.033,76.955
75.291,98.959,103.326,76.962
67.560,94.974,87.876,81.025
75.484,94.976,77.441,82.678
44.879,89.751,74.372,78.802
43.371,91.883,73.462,72.234
10.546,84.727,81.222,71.298
3.418,82.938,85.418,71.457
3.038,29.675,88.203,72.280
0.000,11.297,91.653,70.996
0.678,14.497,104.196,63.776
0.000,17.292,108.905,62.898
0.000,15.236,106.775,64.890
0.517,14.779,106.778,65.595
0.743,13.829,107.589,68.688
4.370,15.316,111.353,70.882
0.000,17.990,112.633,77.064
1.235,17.762,113.072,80.629
5.844,18.326,119.130,82.460
0.676,19.490,123.042,84.860
0.405,18.665,121.576,88.643
0.678,18.008,121.008,90.769
4.515,21.085,126.273,93.794
0.000,24.625,126.137,97.515
1.721,24.184,125.483,105.917
6.583,27.734,124.577,111.352
7.475,27.324,124.641,120.382
8.362,21.561,125.268,125.055
5.793,24.918,122.395,131.517
8.012,26.177,124.758,132.374
9.396,22.870,130.055,134.378
1.751,22.898,129.404,140.091
11.823,31.610,127.440,144.024
25.225,23.061,131.777,144.424
26.432,26.105,140.100,140.447
41.271,26.315,141.533,140.037
15.741,33.800,144.403,141.559
41.299,27.593,141.488,143.995
61.313,18.083,162.846,134.221
70.284,19.437,178.234,132.407
91.854,23.435,202.131,120.232
84.989,29.417,212.412,118.149
156.578,61.784,235.591,115.234
305.604,61.576,206.079,127.102
338.499,66.595,190.808,125.367
342.500,55.671,174.685,124.214
344.341,66.223,160.921,120.547
344.884,72.321,149.885,112.756
339.701,89.952,137.713,103.086
341.412,91.881,130.144,96.717
346.888,103.274,129.898,92.736
346.614,103.581,129.898,91.042
352.091,113.682,129.780,89.977
351.545,113.926,128.929,88.983
364.704,114.567,126.183,93.218
364.793,115.328,124.424,94.266
382.971,106.598,118.441,99.090
384.458,105.744,114.634,101.561
401.753,101.571,106.565,108.989
403.554,99.876,102.834,112.154
414.681,97.521,97.993,118.479
414.324,94.779,96.850,121.361
421.801,93.913,96.822,122.422
422.085,92.523,97.618,123.703
427.660,94.203,96.360,125.739
426.203,94.825,95.564,127.671
426.498,94.052,94.036,130.054
426.754,93.148,93.726,131.033
430.089,89.006,90.991,133.258
430.071,89.351,90.116,133.888
429.101,84.563,88.350,137.519
430.644,84.762,86.910,139.689
419.063,81.148,83.897,143.178
418.922,80.850,83.104,145.117
403.268,84.773,86.235,147.705
403.217,85.329,88.029,148.293
383.014,91.852,94.040,147.476
380.510,91.200,97.785,148.106
355.464,99.598,105.069,147.383
352.094,101.293,109.277,146.573
322.635,102.899,117.443,142.806
319.926,103.212,123.375,142.755
289.909,100.065,124.721,143.141
286.245,94.012,128.541,147.547
257.656,88.716,134.289,150.844
242.376,66.694,133.447,162.353
230.200,89.145,143.446,161.141
212.486,67.622,153.921,170.427
123.418,58.882,174.842,158.087
93.416,65.935,176.727,148.318
121.872,64.501,182.129,150.430
119.123,69.380,182.925,156.595
121.750,77.767,179.974,162.447
123.198,83.529,181.912,166.274
94.177,73.425,172.803,175.941
96.357,77.957,166.005,175.852
90.588,72.474,168.467,172.925
89.013,76.239,169.461,172.157
88.503,67.853,172.469,172.092
85.992,70.889,174.404,171.605
86.026,73.352,194.254,169.255
81.257,74.900,204.866,169.186
81.069,79.470,207.530,168.512
78.554,80.814,208.428,166.400
76.628,90.655,196.856,165.122
78.442,86.789,192.861,166.540
84.311,80.835,184.754,167.746
86.048,79.079,180.943,165.978
94.423,69.525,171.872,172.636
93.549,67.612,166.884,172.507
102.058,62.909,160.037,177.891
103.937,62.359,156.107,178.855
103.577,63.052,157.616,174.355
104.071,63.632,156.771,173.306
122.126,64.637,142.161,167.826
123.185,66.430,135.464,163.823
149.013,71.046,117.875,159.967
153.447,72.100,107.175,155.669
168.232,67.846,94.088,154.643
171.336,67.380,86.807,154.112
184.186,64.664,76.348,154.664
187.102,64.558,71.471,154.077
196.109,58.468,68.726,153.883
197.713,58.723,67.772,153.245
202.675,61.194,69.154,152.349
204.394,60.842,69.676,151.566
207.617,61.132,74.198,149.256
206.531,63.974,77.594,147.365
211.549,64.920,76.395,143.552
212.972,65.931,75.141,140.058
224.476,71.114,68.983,133.873
226.617,73.271,66.743,130.137
223.687,71.226,64.154,133.543
224.939,72.378,61.801,133.843
166.541,26.237,72.795,111.255
164.607,32.922,77.097,98.083
181.722,36.852,76.219,92.545
182.306,37.511,75.639,90.151
192.358,36.827,74.245,87.216
191.935,37.398,73.313,86.798
185.240,33.345,73.567,85.846
185.321,33.742,73.159,85.941
188.903,35.199,73.722,85.180
188.161,35.470,73.652,84.270
205.608,35.913,74.656,81.535
205.737,36.248,75.461,80.884
