381.000,310.000,438.000,175.000
377.041,312.941,442.699,170.554
376.448,315.295,444.224,169.732
371.424,315.444,441.270,168.051
372.310,318.171,443.907,168.405
374.877,318.716,441.480,166.990
371.814,318.085,442.571,167.103
374.471,319.372,441.554,167.720
371.336,320.136,440.290,169.173
371.548,318.341,435.440,167.774
370.750,316.328,437.080,167.717
368.195,318.076,434.788,163.019
369.330,318.577,434.348,163.053
368.921,317.309,435.188,164.198
368.754,320.122,435.438,163.610
368.082,318.016,435.946,162.550
368.580,317.219,431.795,164.616
369.476,320.345,431.355,164.190
369.955,317.043,431.143,167.050
367.170,315.939,429.912,167.269
367.360,322.118,428.470,165.171
367.749,318.987,425.412,166.201
370.431,315.167,423.855,165.683
369.294,317.197,426.426,165.104
368.630,318.734,422.177,164.680
365.828,315.750,423.066,164.498
368.342,316.839,424.277,165.670
368.536,317.637,417.316,167.774
366.694,314.790,420.964,167.353
367.338,316.456,418.733,167.157
365.776,317.249,417.528,164.322
367.975,319.127,415.071,164.594
370.401,316.127,413.903,166.562
372.332,316.959,410.023,166.934
370.575,317.959,410.524,166.811
373.573,317.356,408.120,167.676
372.059,318.230,407.120,168.178
371.470,316.680,408.998,167.558
371.320,319.018,404.956,165.207
372.695,319.747,405.978,165.819
372.129,318.857,403.673,167.455
374.410,318.920,398.056,166.402
373.730,317.540,401.337,165.817
373.146,319.131,400.889,166.996
374.192,317.903,395.903,165.913
374.763,318.717,396.374,165.217
374.968,320.062,396.350,165.836
374.910,319.757,390.464,166.903
377.681,319.727,387.197,168.359
379.971,319.830,383.370,168.831
383.406,317.653,378.194,167.248
381.106,321.935,381.755,165.647
382.972,318.970,379.046,166.504
385.076,318.042,375.480,166.424
386.893,320.368,377.647,167.044
389.622,318.801,369.867,167.069
391.357,319.330,367.904,167.956
391.471,321.148,363.577,165.517
393.700,319.588,360.215,164.544
395.081,322.611,357.771,161.729
399.156,319.727,354.584,163.411
400.207,321.180,350.808,162.708
405.261,323.153,347.027,160.597
405.317,319.941,341.793,162.946
410.182,322.606,336.750,162.978
411.892,321.582,331.828,161.722
416.361,324.738,327.837,159.333
418.660,324.102,324.964,160.140
420.652,322.474,320.544,160.311
425.775,324.157,315.351,159.130
429.782,325.581,310.402,158.202
431.723,324.115,306.354,158.091
433.376,323.192,302.513,158.600
436.918,326.012,296.475,156.592
439.853,326.124,294.921,157.633
443.682,326.838,288.096,157.073
454.338,325.084,278.934,158.698
455.999,328.215,274.065,155.411
459.842,328.072,268.207,155.563
462.342,329.068,264.495,152.823
468.561,328.994,258.241,152.491
470.889,329.309,253.823,151.988
477.772,329.030,246.897,152.097
482.984,330.643,240.508,151.607
486.482,328.935,235.646,153.262
490.184,327.960,230.905,154.857
494.555,327.729,224.936,155.426
501.359,327.537,216.480,156.078
504.414,327.865,210.521,155.528
510.303,328.493,203.462,154.336
516.220,328.658,196.067,155.153
526.395,328.494,185.161,154.267
534.094,329.487,177.054,154.318
539.127,329.095,170.652,154.828
540.727,330.470,167.901,153.350
548.879,329.853,159.699,153.837
556.211,330.490,151.494,153.876
561.294,328.748,145.668,155.150
560.831,328.741,141.952,155.120
567.667,327.560,136.713,154.119
570.368,329.667,131.869,153.426
573.427,328.346,128.808,154.073
578.676,330.420,127.841,153.361
578.674,329.825,128.158,152.441
579.507,331.916,128.049,151.648
577.481,331.440,126.759,151.092
575.537,332.056,127.902,149.633
574.970,334.111,131.382,150.161
570.157,334.297,133.609,150.800
572.819,333.640,131.212,151.763
573.980,334.597,132.078,150.594
571.198,334.816,133.731,150.935
572.234,336.202,134.376,149.959
568.849,335.867,141.249,150.193
561.074,336.971,149.100,151.176
558.381,335.205,158.345,149.366
547.003,336.746,164.755,149.519
544.990,336.807,167.791,150.037
538.146,338.144,172.707,149.842
536.769,338.604,174.154,150.066
536.334,338.104,174.223,148.508
536.213,339.382,173.476,150.679
532.824,339.526,177.546,150.717
532.228,339.158,177.243,149.881
526.483,339.865,176.319,149.823
522.803,340.924,183.487,149.332
518.274,340.570,183.164,148.140
515.568,341.589,188.199,145.380
509.964,342.203,187.539,143.249
507.996,343.019,182.614,141.768
506.225,344.467,180.220,138.463
502.316,344.765,179.618,136.629
500.625,345.485,182.078,136.201
496.983,345.143,187.132,135.733
493.377,344.811,187.289,134.327
491.512,348.643,194.801,136.194
488.403,348.000,192.067,135.126
486.930,347.876,196.006,133.473
484.512,349.658,200.923,135.296
480.710,348.045,203.257,134.458
481.360,349.700,211.588,135.142
474.235,348.629,211.070,133.498
475.625,348.723,212.392,131.751
476.635,350.136,215.101,130.044
474.219,348.614,211.689,128.902
477.703,350.648,210.157,128.690
479.377,351.623,209.578,128.247
479.068,351.247,207.612,127.063
479.110,349.995,198.396,127.550
480.619,351.529,189.596,127.212
484.419,352.068,189.622,125.941
487.454,352.777,189.387,124.914
489.964,353.366,190.648,124.795
492.780,354.135,191.477,124.188
495.748,354.083,193.511,123.119
497.097,355.250,193.557,123.089
499.662,355.363,196.172,122.554
500.291,356.031,194.020,121.649
501.573,356.576,193.678,120.958
503.891,356.111,194.966,120.380
505.530,357.875,195.233,119.926
504.724,358.590,197.224,119.987
506.772,357.545,197.519,119.634
509.043,358.797,197.278,118.547
509.065,359.701,198.093,117.166
510.463,359.750,198.628,116.251
512.364,360.163,198.706,116.006
513.760,360.325,199.424,115.986
514.878,360.002,200.961,116.192
515.757,360.361,201.207,114.881
518.038,360.412,202.479,114.905
518.288,359.633,203.047,115.002
518.796,361.343,203.189,114.211
520.683,361.266,203.735,113.813
520.371,360.650,203.966,113.270
521.679,361.173,204.333,113.244
522.697,360.881,204.228,111.962
523.598,362.236,205.457,111.364
525.910,361.925,204.695,111.467
525.111,362.242,206.131,110.537
527.932,362.166,205.513,109.886
527.683,362.012,204.764,108.724
529.026,362.567,204.587,109.676
529.414,361.982,204.236,109.880
531.155,362.900,204.970,110.016
530.361,362.762,205.116,108.699
531.622,362.923,207.358,108.617
533.326,363.696,207.181,105.963
534.339,363.501,208.733,105.644
534.342,365.019,205.583,104.592
535.723,362.420,206.379,105.503
537.155,364.274,205.127,102.908
536.934,365.362,202.502,100.981
537.083,364.133,200.095,100.625
537.381,365.671,200.664,99.265
537.772,365.508,199.327,99.274
538.392,365.358,198.558,98.083
538.634,366.775,198.665,97.695
538.268,365.519,198.166,97.628
539.057,365.994,199.518,97.414
539.370,364.692,198.196,97.154
539.318,366.229,196.732,97.010
539.928,364.503,195.832,97.282
541.231,364.328,197.033,96.699
540.914,364.161,197.227,96.260
540.501,365.543,197.176,95.574
541.848,364.123,195.940,94.648
542.844,365.417,196.683,95.240
542.460,363.858,196.445,95.299
543.439,362.989,199.187,95.287
545.278,363.784,205.175,93.342
544.895,364.899,203.724,91.418
546.672,363.754,205.361,92.202
549.002,364.930,207.898,92.478
547.771,363.363,201.390,90.680
548.453,364.427,200.550,89.841
549.632,363.836,199.639,91.085
549.609,363.695,198.064,90.639
551.478,361.954,197.127,89.213
550.441,361.875,189.446,88.325
552.190,361.459,189.060,87.968
552.268,363.270,189.779,86.697
553.307,361.714,187.878,86.290
555.102,361.498,185.955,87.076
556.573,361.328,183.905,85.787
556.357,362.599,183.438,85.172
558.621,360.459,183.185,85.587
559.536,362.835,183.710,84.663
560.020,360.915,179.118,84.996
561.002,361.039,178.374,84.665
562.819,361.101,179.879,83.531
563.946,362.594,180.518,82.687
564.641,360.468,177.974,82.620
565.815,362.161,179.261,81.584
566.521,360.818,175.559,81.844
568.345,360.105,170.753,81.576
570.096,359.336,169.756,82.221
572.837,359.890,167.688,81.259
573.976,360.897,166.110,80.348
575.267,359.923,166.281,80.329
578.228,359.724,165.094,80.045
579.751,359.883,165.077,80.134
580.971,359.462,163.235,79.372
583.767,359.156,162.976,78.632
584.700,360.661,159.378,78.427
587.649,359.925,159.294,78.526
589.499,359.667,159.616,78.351
589.487,359.949,158.186,78.078
592.907,359.889,158.036,76.564
595.337,359.534,157.120,75.863
596.100,361.195,152.143,75.391
598.641,361.409,154.935,74.922
598.767,360.940,154.467,74.882
600.760,359.309,153.543,74.488
603.875,359.315,154.190,73.906
606.150,359.593,150.575,74.548
607.794,359.883,150.375,74.452
610.910,360.001,151.472,73.108
611.808,359.512,149.449,72.346
615.249,359.326,152.090,72.203
616.079,359.832,148.600,71.895
617.882,359.708,148.151,71.912
619.146,358.568,145.302,72.163
621.341,358.841,142.854,72.340
624.070,358.592,143.333,70.881
625.637,358.291,143.178,71.115
625.832,358.360,140.097,71.202
628.817,357.524,137.225,71.284
632.290,357.707,135.475,70.887
632.989,357.244,134.691,70.943
635.195,357.408,135.422,70.587
636.111,357.129,134.778,70.575
637.047,357.508,134.055,69.936
638.970,356.406,133.680,69.085
642.224,357.363,133.960,68.648
643.193,356.575,133.854,68.603
645.151,356.612,133.261,68.532
646.455,356.207,131.312,68.448
647.275,355.885,129.448,68.413
650.612,355.474,128.478,68.676
651.190,355.194,129.450,68.545
653.599,355.101,128.005,68.744
652.923,354.837,125.719,68.754
656.063,354.305,124.630,68.403
656.473,353.930,121.743,67.829
657.798,353.851,119.620,67.403
660.500,354.126,118.628,66.813
660.842,353.736,117.126,66.264
662.819,353.745,115.876,66.094
664.919,354.494,116.039,65.395
664.957,354.466,115.192,64.592
666.295,353.866,116.138,64.441
669.712,354.116,115.889,64.338
670.751,354.053,116.347,64.153
672.218,354.300,116.082,64.293
672.037,353.794,116.604,64.118
673.951,353.578,116.558,63.858
675.071,353.082,113.994,63.667
677.255,353.467,113.840,63.270
676.827,352.368,112.665,62.827
680.080,352.689,112.674,62.130
681.338,353.884,113.087,61.147
681.693,353.439,111.589,60.962
684.200,353.518,110.140,60.400
685.788,353.099,109.827,60.254
684.564,351.682,104.872,60.968
687.102,351.932,101.698,61.359
687.799,351.835,100.854,61.053
688.772,352.175,100.681,61.075
687.486,351.847,99.578,60.228
686.245,351.941,95.602,60.797
685.780,352.148,95.101,59.698
685.158,351.842,92.936,59.364
684.929,351.380,91.508,60.120
682.652,350.949,90.748,59.780
682.141,350.777,89.564,59.191
680.515,350.464,85.620,59.512
681.020,350.028,84.560,58.763
682.258,350.436,84.803,58.374
680.763,350.168,81.737,59.088
680.322,350.399,79.266,58.953
679.410,350.115,76.847,59.036
680.235,350.305,74.547,58.876
680.059,350.032,73.034,58.260
679.977,350.343,71.954,57.761
682.178,350.862,73.370,56.557
680.572,350.202,70.222,57.107
679.996,349.983,67.738,57.306
680.208,349.648,65.799,57.322
680.787,350.117,64.762,57.171
681.020,349.764,63.415,57.018
680.978,349.884,62.565,56.617
681.586,350.133,61.911,56.115
681.305,350.440,60.748,55.560
682.010,350.616,60.351,55.375
682.141,350.299,59.802,55.125
682.377,350.350,58.886,54.745
683.663,350.729,57.955,54.122
682.676,350.122,57.163,53.564
683.524,351.585,56.123,53.323
684.851,350.492,55.544,52.682
683.560,351.131,55.157,51.992
685.794,351.176,54.430,52.077
684.342,350.685,53.588,51.959
686.204,351.371,52.575,52.342
686.966,350.333,51.693,51.833
687.222,350.594,51.229,51.903
686.840,350.297,50.447,51.684
686.447,350.992,50.135,51.573
687.733,350.875,49.638,51.223
687.502,351.308,48.733,51.132
687.864,350.742,48.109,50.932
687.913,351.252,47.986,51.261
688.506,350.143,47.598,51.349
689.320,350.290,47.002,51.156
689.649,349.467,46.444,51.274
690.221,349.765,46.110,51.073
690.714,350.171,45.700,51.223
690.483,349.530,45.780,51.281
691.279,350.409,45.772,51.232
