141.000,184.000,146.000,66.000
140.194,183.493,146.383,66.420
139.703,184.258,147.387,66.065
138.866,183.939,147.146,66.471
138.492,184.175,146.491,66.427
137.071,184.198,146.378,66.459
137.795,184.097,145.197,66.614
137.534,184.566,144.599,66.324
137.934,186.342,145.199,65.534
137.116,186.270,145.997,65.304
136.590,187.279,146.541,64.614
135.492,187.878,147.725,63.645
134.746,188.240,148.249,63.167
134.092,188.606,149.802,62.586
133.499,187.997,150.223,62.731
135.059,187.335,150.324,63.275
138.212,186.672,148.494,64.655
138.498,186.272,147.496,65.208
139.219,185.650,146.846,65.465
138.814,185.188,146.850,66.075
138.615,184.906,146.728,66.305
139.520,184.031,146.709,66.873
138.771,184.318,147.604,67.369
138.870,183.367,147.796,67.595
139.842,183.830,148.808,67.900
140.663,183.724,149.453,67.875
140.767,183.463,149.157,67.839
141.171,183.467,149.794,67.837
141.612,183.601,150.009,68.183
141.597,183.676,150.143,68.168
140.632,183.537,150.401,68.113
140.548,183.548,150.559,67.890
139.719,184.370,150.594,68.025
139.833,184.575,150.615,67.984
139.833,184.796,150.190,67.617
139.489,184.783,149.315,67.517
138.824,185.372,148.830,67.432
138.971,185.131,148.323,67.284
139.710,185.036,148.070,67.375
139.063,185.335,148.572,67.247
138.841,185.454,148.944,67.660
139.295,185.638,148.964,67.655
138.609,185.611,149.290,67.772
138.739,185.220,149.898,67.753
138.419,185.093,149.805,68.346
138.645,184.613,150.063,68.674
138.443,184.228,149.951,69.376
138.393,184.027,149.902,69.369
138.146,184.362,149.711,69.119
136.725,185.253,149.100,68.993
136.051,185.627,148.691,68.501
137.045,185.826,146.868,67.893
134.613,184.596,145.217,68.483
135.320,180.311,143.128,72.275
135.688,173.696,140.174,78.240
135.054,163.633,135.658,86.894
135.269,156.083,130.946,94.184
134.127,151.779,127.483,100.030
134.920,148.089,125.480,104.696
136.480,144.317,124.914,108.631
137.135,142.413,123.738,111.661
137.842,141.853,122.246,112.772
142.078,143.967,121.042,111.358
141.683,146.972,120.712,108.708
141.823,148.271,120.311,106.905
141.065,148.296,119.294,106.569
138.278,145.172,117.639,108.401
134.542,143.868,117.314,110.229
130.154,141.974,117.946,112.209
124.497,138.033,121.621,115.809
120.366,132.955,125.522,120.836
115.943,126.618,126.298,127.912
110.341,119.497,122.481,135.670
109.577,114.979,120.909,141.604
106.079,115.935,115.962,142.857
103.270,119.790,113.017,141.370
98.186,125.587,108.678,137.439
92.656,132.866,104.877,131.530
89.773,140.350,102.087,123.314
89.690,143.102,98.708,119.108
86.884,143.076,94.657,117.195
84.669,142.091,90.705,117.599
84.305,141.223,88.703,118.052
85.253,140.207,85.949,118.916
86.799,140.416,83.392,119.469
88.288,139.584,81.254,119.926
89.553,139.255,79.881,120.507
89.536,138.171,78.530,121.659
90.098,137.666,77.925,122.165
89.308,137.968,77.663,122.157
88.630,137.978,77.437,122.485
88.031,137.693,77.740,122.780
88.058,136.195,78.437,123.448
87.439,136.071,79.528,124.163
87.349,136.165,80.040,124.590
87.131,135.946,80.691,124.755
87.219,135.308,81.205,125.287
87.757,136.046,81.261,124.971
87.645,135.137,80.839,125.459
87.587,136.293,81.154,124.807
87.867,136.332,81.300,123.930
88.178,136.748,80.815,123.386
88.310,137.192,80.608,122.855
88.214,138.186,80.879,122.355
88.157,137.776,80.676,122.546
87.931,137.898,80.465,122.198
88.140,138.454,80.025,121.725
88.143,138.712,79.741,121.594
87.569,138.480,79.663,121.600
87.863,138.394,79.492,121.480
87.939,139.128,79.480,121.304
87.952,138.767,79.730,121.226
87.931,140.073,79.728,120.611
88.148,139.689,79.042,120.439
87.883,140.586,79.314,120.163
87.880,139.910,78.846,120.486
88.500,138.758,78.719,121.090
89.030,137.243,78.184,122.809
90.479,133.940,79.383,124.794
90.984,133.722,82.305,126.417
91.888,134.839,87.284,125.280
89.909,135.560,90.519,124.714
90.073,134.866,91.719,125.174
91.131,135.264,94.252,124.884
91.998,136.261,97.832,124.114
93.454,139.324,104.355,122.331
90.395,142.047,107.927,119.434
94.580,141.990,113.244,119.167
92.878,139.754,111.385,120.793
96.045,137.063,112.060,122.703
96.185,135.622,109.106,124.870
98.689,132.836,108.335,126.070
102.279,133.592,111.214,126.670
104.868,132.981,116.190,126.626
107.520,135.137,118.871,125.433
111.283,137.606,120.162,123.857
112.513,139.077,123.057,122.172
114.223,138.511,127.758,120.469
115.485,140.571,132.163,120.071
117.537,142.593,135.789,118.201
118.950,144.585,140.150,116.737
122.410,146.065,144.102,114.507
122.548,149.321,146.808,111.856
125.748,152.757,150.140,108.049
127.650,155.726,151.892,104.093
130.962,161.150,152.070,99.102
135.010,163.937,152.004,93.934
137.468,165.284,149.652,89.470
144.984,162.149,149.848,81.376
152.618,160.503,148.651,77.188
160.471,160.812,147.428,76.568
166.160,160.080,145.108,76.940
175.793,163.595,142.150,76.143
183.231,164.931,140.462,75.512
188.072,167.991,142.359,74.583
195.452,170.567,143.127,73.444
202.371,173.117,143.429,72.452
205.177,173.765,144.762,70.707
207.262,173.889,144.743,70.521
210.353,173.568,143.729,70.961
217.668,173.390,140.111,72.452
223.859,172.054,137.632,74.257
226.369,172.336,136.416,75.762
227.711,169.308,135.838,77.250
228.489,167.624,134.515,79.932
228.705,162.478,132.332,83.016
229.507,158.881,132.527,85.859
231.525,154.770,130.853,92.076
234.079,149.899,130.366,96.459
238.457,147.274,130.593,100.313
242.853,146.932,130.796,101.486
248.332,149.970,135.429,99.384
254.148,162.024,138.774,92.779
259.761,175.152,143.366,86.621
266.417,177.752,147.744,82.350
282.948,176.220,144.105,80.755
286.893,173.587,143.426,81.691
287.079,168.530,143.648,85.705
293.536,165.658,145.085,90.726
296.614,163.479,144.606,96.751
303.748,162.131,143.145,102.967
308.535,159.401,140.173,105.781
316.563,161.573,136.011,105.623
324.372,159.982,131.123,107.260
335.539,158.117,125.149,109.120
342.800,157.142,120.422,107.596
346.181,157.178,118.233,105.106
349.195,160.233,116.672,102.840
348.859,162.425,116.200,104.982
357.011,162.751,110.352,109.061
359.725,157.082,104.306,115.814
363.667,152.311,99.611,122.259
366.183,147.470,96.412,128.611
367.725,141.685,93.545,135.007
366.649,139.749,93.478,140.246
361.802,140.022,97.913,140.159
357.982,139.830,102.574,138.140
357.069,140.235,105.359,129.162
364.436,145.391,108.206,125.423
369.973,148.637,113.961,123.778
372.133,149.929,119.385,122.268
381.756,152.131,119.173,120.824
389.981,151.417,117.678,119.680
394.569,149.873,116.002,120.377
397.535,146.729,114.568,123.191
392.795,145.028,118.039,124.357
396.039,141.389,116.544,127.786
401.638,137.195,111.799,132.295
400.722,135.915,109.609,135.521
398.225,133.576,106.315,140.427
402.192,129.223,99.143,145.805
399.000,121.532,97.604,151.647
389.240,114.959,102.614,156.358
379.701,111.442,108.694,159.759
358.041,108.893,121.636,155.960
351.246,113.188,129.455,154.196
347.815,118.991,133.946,152.807
346.679,126.022,137.896,148.139
351.162,132.288,139.571,141.588
354.677,143.457,139.397,133.345
360.048,155.651,137.409,121.536
360.043,165.317,138.098,111.590
362.577,170.947,135.802,105.402
360.756,175.616,134.498,100.953
359.625,171.579,130.493,101.918
362.664,162.131,121.699,110.405
362.119,148.768,113.692,123.030
361.500,136.292,106.293,135.891
353.553,121.768,102.565,149.132
348.393,104.518,98.481,164.826
338.376,90.547,99.077,175.519
319.458,80.836,105.543,170.267
313.579,90.327,102.598,172.956
309.790,96.813,98.952,178.021
303.869,106.718,100.744,176.210
301.803,117.258,104.422,169.844
291.297,123.390,113.485,163.584
285.701,132.692,118.319,155.277
277.932,141.351,121.174,146.699
268.794,150.813,123.764,136.850
263.119,171.129,124.465,122.480
254.894,189.292,126.270,107.167
247.134,204.658,128.356,94.709
249.983,205.366,123.804,91.276
255.984,197.076,114.985,96.619
263.823,185.210,104.943,107.145
266.203,173.534,97.566,118.754
271.750,155.394,91.311,135.225
277.059,138.594,85.988,151.885
280.551,130.102,84.266,162.881
283.499,115.194,80.261,176.544
283.612,104.226,78.385,185.788
278.724,100.975,84.626,184.613
275.568,103.398,90.626,182.068
280.245,115.139,92.440,180.530
283.062,125.734,96.214,174.220
285.586,135.163,100.732,166.093
287.647,144.365,106.809,157.529
282.534,152.790,109.936,150.298
288.527,162.674,110.660,142.202
287.196,172.894,113.890,131.787
288.029,185.171,118.964,121.626
275.863,201.606,127.969,107.863
271.640,212.719,133.590,97.187
282.653,211.473,128.965,95.146
293.842,209.382,122.799,95.292
296.969,209.584,118.343,95.158
300.504,214.673,119.061,92.072
301.702,219.828,121.438,88.714
302.323,221.082,125.733,86.782
297.523,220.662,128.812,86.845
295.100,217.025,125.911,89.601
302.265,214.347,119.571,92.974
306.069,211.396,114.749,95.736
301.825,212.345,109.439,97.301
291.140,214.607,100.975,97.114
290.909,216.631,97.589,94.842
289.136,216.480,94.904,94.148
289.257,211.840,90.159,97.426
289.073,204.738,86.068,103.513
289.796,196.314,79.527,111.699
287.495,181.921,78.965,123.349
294.423,164.786,74.984,139.324
294.954,157.394,77.048,149.273
299.939,144.968,77.599,159.592
304.517,138.000,82.272,163.733
312.064,140.155,90.854,163.997
314.369,149.149,102.913,160.206
312.332,156.297,109.465,154.728
312.879,162.658,114.318,148.017
310.575,172.878,117.503,139.382
314.212,179.872,118.092,130.347
313.539,189.627,118.500,121.254
318.258,196.163,116.374,113.801
322.739,201.303,113.795,107.950
324.711,204.475,112.634,104.700
327.141,205.606,110.866,103.471
326.780,205.542,111.338,102.673
325.986,206.275,111.258,102.129
326.065,202.928,110.586,104.464
327.390,198.656,108.498,106.344
331.655,194.389,103.816,109.926
332.872,190.088,99.969,114.556
333.728,185.117,98.235,119.169
334.598,178.177,96.905,125.348
329.605,170.504,98.904,131.625
326.271,154.874,100.022,144.055
319.691,143.942,103.301,155.770
314.552,135.265,102.419,164.564
307.270,125.772,97.978,172.109
310.152,128.843,96.156,175.506
310.007,130.977,95.965,176.089
307.199,130.505,99.088,175.773
303.789,132.881,102.603,173.891
300.146,133.002,105.661,172.375
298.794,134.556,106.786,170.969
301.535,131.729,103.544,172.216
301.205,129.090,102.106,175.224
300.894,128.451,101.242,176.287
301.663,125.575,99.449,178.545
302.349,123.173,98.370,180.830
302.449,121.652,98.042,182.992
301.706,121.940,98.972,183.023
300.387,121.075,100.148,183.891
298.711,121.770,102.421,183.160
295.526,121.755,105.582,182.728
293.132,120.802,107.255,183.186
294.718,121.765,106.547,182.650
294.993,121.450,106.290,182.363
294.133,124.035,107.015,180.716
290.240,124.540,109.849,179.780
291.791,125.513,108.965,178.398
292.367,125.347,108.189,177.564
289.868,123.838,109.700,178.625
288.328,124.783,111.131,178.727
287.792,124.833,112.063,177.967
284.955,126.650,114.433,176.642
284.506,128.754,116.109,174.968
282.683,130.571,117.751,173.396
281.649,130.814,119.120,172.717
279.531,132.484,121.127,171.742
276.338,132.143,123.280,171.607
275.955,132.631,124.923,171.647
275.373,133.308,125.601,170.854
276.322,133.801,124.758,170.617
271.377,133.934,124.687,170.981
269.554,133.791,123.435,170.872
269.270,133.310,123.355,170.648
268.231,133.221,124.547,170.616
270.106,130.720,123.092,171.847
272.135,128.459,120.982,174.335
275.484,127.259,118.120,175.417
275.917,126.566,117.483,176.425
276.837,127.040,117.097,176.320
276.878,127.121,117.258,176.448
275.945,127.882,117.656,176.776
276.451,128.827,118.188,175.443
272.256,129.436,120.638,174.538
270.409,131.303,120.602,173.406
267.682,132.081,118.396,172.891
264.873,133.535,117.087,172.038
264.338,136.175,117.054,168.793
265.491,142.741,119.846,163.031
266.917,152.212,124.081,154.106
265.288,158.585,127.612,148.276
260.650,171.735,131.447,137.170
258.104,184.821,134.237,125.158
258.568,195.214,134.328,115.297
260.434,199.255,132.571,108.760
263.340,202.501,129.555,104.647
269.215,201.658,124.825,104.467
273.548,200.234,122.267,105.914
277.626,197.077,119.973,107.995
281.065,195.096,118.009,109.757
283.560,192.638,116.429,112.071
284.102,188.367,114.369,116.124
284.490,180.290,112.395,124.108
281.748,168.171,109.941,135.080
279.229,158.595,107.646,144.467
278.078,150.330,103.669,152.785
271.597,143.515,102.150,158.960
267.165,142.235,103.914,162.149
261.758,137.312,105.299,165.050
263.653,138.333,102.625,164.672
265.201,139.502,99.698,162.609
262.599,144.607,101.410,158.310
260.934,153.637,103.544,151.622
255.372,159.584,107.763,145.668
250.178,160.780,113.079,142.778
244.407,161.172,116.598,141.803
242.979,159.066,117.994,142.680
242.699,157.915,115.293,144.843
242.904,154.190,109.237,147.845
242.696,151.593,103.196,150.201
245.799,154.780,96.156,148.479
249.444,159.289,92.032,144.466
252.548,165.405,94.104,139.229
251.827,170.040,94.862,133.655
251.550,173.828,93.030,129.832
253.120,177.312,90.362,127.248
254.583,179.235,86.841,125.993
254.972,181.939,84.745,123.082
256.232,182.285,82.622,121.830
256.464,183.724,81.389,120.281
255.717,184.127,81.521,119.080
253.997,184.567,81.560,118.204
253.618,184.319,80.966,118.118
250.202,185.008,81.860,117.289
249.574,184.424,81.010,117.695
250.680,183.457,79.312,118.743
249.468,179.761,79.359,121.320
250.817,175.896,78.200,125.116
250.958,171.049,77.838,128.911
250.507,164.958,77.727,133.426
249.160,155.922,76.779,141.350
249.266,147.026,76.873,149.416
251.240,139.027,77.369,156.605
249.516,133.000,78.430,162.210
254.654,130.928,86.118,163.867
251.706,125.933,86.139,168.971
249.235,124.117,91.533,169.644
247.364,120.632,91.611,171.824
246.388,116.227,89.395,175.515
249.035,117.405,94.726,175.079
246.040,118.856,94.201,174.736
248.197,115.406,94.687,175.353
244.711,118.743,93.581,172.512
247.788,122.547,95.338,168.907
248.992,120.602,93.333,168.174
242.956,122.084,93.236,166.743
242.088,130.075,101.348,159.287
239.791,134.960,104.444,153.631
235.358,133.841,103.661,152.610
231.853,128.051,101.772,156.080
227.843,128.452,98.960,156.474
226.327,133.609,99.835,152.788
222.830,135.465,101.498,148.600
222.011,136.666,103.989,147.010
219.218,132.711,105.930,145.963
219.159,134.433,114.080,141.525
213.876,136.951,119.320,136.239
211.852,133.850,117.669,136.073
210.165,132.158,117.695,136.969
210.709,133.733,122.523,135.367
209.600,134.224,125.779,134.204
208.061,136.028,135.403,131.689
201.859,138.986,138.057,127.954
200.901,140.809,143.566,125.234
195.171,146.346,146.675,121.520
189.645,149.765,147.488,117.394
183.512,152.161,149.451,112.495
183.597,152.401,153.555,109.970
187.561,149.480,164.733,106.089
185.366,147.409,171.619,104.356
175.900,154.376,173.348,99.687
168.752,154.754,169.988,97.907
164.767,153.240,162.119,104.493
164.365,152.215,156.310,106.969
162.097,150.569,144.964,109.360
157.284,148.859,125.294,112.344
159.132,145.051,105.926,116.246
163.534,142.123,93.667,118.159
168.298,140.827,87.937,118.758
170.766,140.444,83.980,118.943
173.252,141.573,80.942,117.937
176.855,142.843,78.675,117.098
180.367,144.871,76.442,115.523
181.637,145.315,74.818,115.201
183.553,146.134,73.287,114.675
183.318,145.796,71.525,114.738
184.335,143.152,69.711,116.624
185.184,141.692,68.294,117.807
185.182,138.879,69.085,120.491
186.059,136.425,70.262,124.288
186.640,132.755,72.242,126.803
187.351,130.569,74.467,128.858
187.250,129.507,76.188,131.363
189.321,127.541,79.063,133.348
190.470,124.852,82.354,135.547
190.519,122.543,85.093,138.074
