470.000,443.000,162.000,72.000
465.125,456.018,167.310,74.339
459.387,464.672,173.454,77.887
455.723,472.547,176.676,82.526
451.561,479.958,179.712,89.051
447.931,491.981,179.484,92.786
442.798,502.459,179.630,94.093
433.277,514.026,179.967,91.783
423.587,532.872,183.229,88.765
417.064,545.854,185.618,82.916
411.183,557.273,191.026,76.090
402.367,563.639,199.183,72.053
394.298,567.799,206.563,69.345
381.522,572.205,212.990,67.859
362.219,571.417,221.585,68.857
345.668,565.539,229.337,71.297
332.101,564.549,238.869,73.166
324.747,568.130,247.238,72.263
316.862,561.577,254.125,72.822
304.082,562.915,262.576,71.842
309.347,569.194,264.146,70.597
310.532,572.924,271.400,70.456
311.587,579.431,276.434,70.930
318.979,587.509,278.890,70.725
318.158,595.254,285.504,71.277
323.101,604.545,284.709,71.576
334.327,617.372,280.131,70.474
349.864,627.622,276.678,69.092
373.220,629.356,274.271,68.847
380.785,636.074,277.310,67.652
391.204,640.379,276.102,68.476
402.949,641.837,273.691,69.567
415.185,638.194,272.602,73.926
415.901,632.603,282.923,77.800
436.619,623.260,279.850,84.676
455.760,611.481,278.858,88.524
481.910,598.055,272.371,93.934
497.079,592.250,270.201,97.385
513.012,580.680,265.967,103.143
524.349,575.002,259.017,105.494
538.893,565.167,249.988,110.678
545.150,555.032,246.043,116.356
556.881,545.374,240.139,119.365
564.748,535.167,235.222,121.256
586.336,523.907,221.356,128.353
593.790,510.568,210.480,132.038
598.257,500.897,201.131,135.246
596.970,485.208,197.917,134.889
610.791,472.506,189.885,138.036
623.758,451.532,183.992,137.801
635.615,437.556,177.481,138.300
647.372,424.459,171.214,139.224
649.352,410.648,163.620,145.292
647.690,386.546,149.811,170.470
645.303,369.722,127.671,194.959
636.811,341.846,109.733,215.947
635.152,316.686,99.697,235.975
636.678,298.292,95.359,247.912
632.778,286.208,98.063,252.240
626.254,289.225,104.213,243.671
620.558,285.501,112.352,235.533
617.820,299.687,120.081,216.460
616.114,302.786,127.158,203.863
614.003,305.504,130.525,193.234
612.532,307.465,134.013,183.628
612.972,308.388,135.420,176.109
610.706,310.352,137.988,170.950
604.636,312.087,143.479,166.116
604.100,314.819,145.787,161.999
600.878,316.283,149.531,158.838
599.473,316.180,151.429,156.357
599.985,318.611,152.105,152.360
599.681,318.956,153.247,149.220
599.552,319.276,154.489,147.020
599.048,320.416,154.672,145.164
599.929,321.814,154.073,143.624
600.025,321.768,154.745,141.943
598.745,323.146,155.251,140.274
600.713,322.981,155.504,139.649
600.158,323.469,155.011,139.000
600.906,323.676,154.937,138.080
603.031,323.589,153.071,137.705
603.952,323.668,152.176,136.749
604.774,323.876,150.849,135.792
608.357,324.342,148.697,135.777
606.545,325.401,148.476,135.125
607.666,325.436,148.051,134.977
607.650,326.425,148.323,134.950
608.064,325.941,148.354,134.905
605.600,327.118,149.783,133.980
609.173,326.114,148.251,133.767
607.847,327.496,147.868,133.934
612.077,326.910,145.764,134.270
606.890,326.767,148.813,133.534
611.152,326.643,147.455,133.367
604.627,327.673,150.630,132.409
609.439,328.004,149.379,131.651
603.707,329.137,151.238,130.891
608.041,329.221,149.750,129.227
605.071,331.264,151.583,128.462
606.172,331.243,151.669,126.432
606.323,332.002,150.771,125.511
608.676,333.363,150.124,125.221
606.716,334.011,151.491,123.063
602.509,334.367,154.520,120.437
598.231,336.949,157.905,118.315
597.938,338.201,159.763,116.240
598.194,339.876,160.552,115.098
595.834,342.930,162.936,112.351
592.357,345.919,166.037,107.786
588.299,350.179,169.294,97.618
587.301,358.908,170.931,90.934
588.160,363.923,171.733,86.956
589.361,370.509,172.026,83.764
592.028,378.077,171.526,79.314
594.093,386.674,172.810,75.100
601.115,401.730,169.065,78.586
600.456,404.500,167.146,79.361
628.827,393.316,146.406,90.936
646.711,386.538,129.372,108.244
640.488,375.217,130.435,118.382
657.758,372.167,126.133,115.118
665.937,371.493,119.666,112.278
669.963,376.604,116.112,103.859
661.726,381.713,120.306,96.124
664.760,388.899,119.206,95.575
666.198,399.003,116.951,96.522
666.714,410.138,114.429,97.284
662.204,419.922,114.863,97.415
657.834,437.398,115.083,101.204
654.786,450.668,114.569,100.032
651.335,464.902,113.930,96.161
645.060,482.551,115.031,96.894
635.015,499.616,119.649,96.218
620.342,515.173,130.442,98.568
607.890,530.649,142.793,101.823
594.322,538.709,158.081,100.616
580.821,543.987,174.717,98.653
570.523,552.531,189.780,100.370
580.537,546.038,198.117,100.208
571.670,545.502,211.389,97.659
564.481,547.758,227.398,91.571
558.155,543.721,242.543,86.962
560.927,543.098,258.405,82.139
557.576,544.440,267.503,76.548
567.663,555.915,267.481,72.389
570.579,564.795,262.726,70.709
579.203,570.853,258.129,71.040
583.850,575.732,246.963,72.769
593.112,576.849,235.247,75.795
601.117,582.090,226.924,76.572
606.460,575.131,217.932,79.917
608.005,572.311,211.883,78.992
614.072,572.119,206.962,78.100
614.196,570.416,206.460,75.562
614.722,568.506,206.258,72.505
595.840,571.850,216.568,68.249
585.132,577.279,223.199,64.803
586.188,576.363,224.827,63.496
583.074,575.304,225.808,63.553
577.077,573.385,228.293,62.987
569.167,569.655,231.486,61.675
567.696,569.805,232.106,59.886
564.352,562.658,230.256,61.565
564.132,561.649,225.402,62.325
563.165,563.006,221.058,62.024
562.859,559.741,217.518,61.789
564.652,557.645,212.306,61.958
568.538,562.515,207.106,60.058
568.408,560.786,201.365,60.235
567.360,558.359,195.940,60.266
568.029,554.655,189.485,61.146
568.422,550.485,181.214,61.499
569.583,543.319,170.859,62.661
579.425,540.134,158.920,63.939
589.200,533.771,149.092,64.565
599.164,526.890,138.935,65.508
609.841,519.886,130.180,66.942
624.136,513.410,121.323,67.893
633.521,508.453,113.200,67.814
