128.000,256.000,23.000,47.000
127.074,256.793,25.387,44.734
126.996,257.031,25.961,45.643
128.196,260.533,26.735,43.949
128.474,261.063,26.612,42.679
129.782,264.344,26.899,40.857
130.735,265.232,26.812,39.249
131.091,266.974,27.894,36.952
132.217,267.786,29.793,35.304
133.455,267.029,32.429,34.742
132.321,265.752,33.673,35.895
132.676,264.728,34.408,37.177
133.086,262.626,34.815,38.817
133.093,260.349,34.033,41.097
135.275,257.652,31.329,45.166
134.980,258.100,30.704,45.809
134.854,258.331,31.438,44.477
132.263,260.490,31.620,41.500
131.795,261.428,31.159,39.580
129.091,263.435,33.335,37.562
129.671,263.133,32.597,38.882
128.706,263.019,33.327,38.941
129.417,264.852,33.860,38.450
128.728,263.983,32.753,39.011
128.096,261.226,33.141,39.069
127.345,260.266,32.706,39.128
127.215,261.988,33.464,38.214
124.957,262.326,34.774,37.616
124.585,263.537,36.846,35.897
120.814,263.783,39.207,34.419
121.990,265.251,39.863,33.714
120.573,264.782,41.939,32.515
119.298,264.712,41.320,33.689
120.450,264.438,41.698,33.742
120.786,262.454,40.815,35.154
119.725,261.301,40.142,37.268
120.522,260.107,41.292,37.557
119.650,259.203,40.682,38.791
121.131,259.933,41.309,38.418
120.544,260.134,42.929,36.584
119.770,260.479,45.044,33.676
120.456,263.175,44.130,33.715
121.493,264.461,43.013,33.978
122.021,264.283,42.684,32.609
121.563,265.074,43.747,30.940
121.919,265.546,43.175,31.122
121.126,267.338,43.173,30.802
122.803,265.737,43.634,30.441
123.424,265.995,43.937,30.827
124.010,266.089,43.892,32.404
123.830,266.488,43.383,33.441
124.514,266.926,43.286,33.712
124.653,263.824,43.199,32.613
123.363,263.617,43.301,32.152
122.822,264.669,42.835,32.236
122.002,265.319,43.138,32.361
121.770,263.932,42.671,33.345
121.747,262.465,42.471,33.963
121.283,261.364,42.517,34.957
119.161,261.606,42.918,34.207
122.510,261.690,41.107,34.705
120.988,260.708,40.185,34.445
121.089,263.474,39.072,35.450
121.532,260.985,38.655,35.823
121.364,260.836,37.705,36.057
121.005,260.805,37.440,35.370
122.117,260.607,37.842,34.338
121.754,261.565,37.851,33.998
122.400,261.257,37.508,33.251
123.680,263.076,37.099,32.190
126.733,261.921,34.837,32.975
126.075,262.676,31.624,35.642
130.555,259.822,28.290,37.350
132.604,259.390,27.233,38.450
132.349,259.507,26.700,39.492
132.549,258.859,26.653,39.433
134.338,263.509,26.820,39.586
136.411,271.035,28.604,39.702
137.748,274.918,28.907,41.888
136.665,276.705,29.812,43.221
137.967,276.445,29.827,44.341
138.311,278.066,30.068,44.290
137.868,278.852,30.124,44.445
137.135,280.538,29.992,44.294
137.086,280.986,30.301,44.007
138.501,283.271,29.638,45.474
137.768,282.303,28.556,48.725
137.740,284.606,27.736,53.566
137.127,285.127,27.571,57.581
136.853,284.430,27.503,61.234
134.765,282.078,28.668,62.834
133.426,280.900,29.654,64.318
134.271,277.794,29.413,67.081
133.576,269.179,29.531,71.102
130.495,263.899,30.843,69.505
132.275,260.693,33.580,65.410
131.376,258.591,36.626,61.744
131.183,256.398,38.278,57.324
129.014,254.868,38.735,53.279
129.491,255.988,38.686,51.478
128.643,253.504,37.390,50.343
129.132,255.699,36.766,49.425
128.336,256.177,36.384,47.327
129.374,257.453,36.268,44.681
129.869,257.553,35.416,43.774
129.351,259.217,34.670,42.681
129.825,258.073,32.926,42.744
131.294,261.216,31.948,41.819
133.170,262.214,31.808,40.503
134.730,263.317,31.333,39.067
135.902,262.989,30.456,38.284
134.142,262.446,30.348,37.364
134.040,265.584,33.266,34.321
132.562,270.092,37.817,30.642
130.395,269.838,39.695,29.949
128.515,269.098,40.107,30.022
128.405,269.390,39.005,29.737
130.033,270.318,38.964,28.390
130.130,269.660,37.526,28.869
132.322,269.909,35.433,29.511
134.049,267.412,32.866,30.950
136.291,267.664,29.971,32.181
135.586,266.416,27.084,33.148
137.072,264.770,24.855,33.980
137.202,264.036,23.949,32.903
136.628,265.488,23.612,31.711
137.757,265.779,22.832,31.664
135.886,265.271,23.452,31.059
135.038,265.921,23.392,32.681
136.227,265.325,23.584,33.273
135.965,265.284,24.415,33.134
134.234,263.484,26.867,29.982
134.055,264.704,27.681,28.910
134.787,265.593,27.462,29.477
136.458,265.205,27.500,32.499
141.111,269.318,28.043,35.046
140.557,269.331,28.689,37.514
140.587,269.094,29.050,39.251
139.380,268.340,30.301,39.705
143.021,271.470,30.185,41.091
141.645,270.957,30.202,41.347
139.661,269.014,29.770,41.130
137.746,268.408,30.063,39.094
136.448,268.358,29.841,37.660
140.181,268.247,28.520,36.474
139.952,268.454,27.944,34.790
141.138,266.369,27.014,34.277
138.097,265.637,28.079,32.369
137.203,265.741,28.768,31.560
135.655,264.234,28.362,31.417
137.485,266.824,27.540,31.142
135.051,266.162,28.162,29.969
135.738,266.638,28.597,28.890
134.715,267.271,28.945,28.160
132.682,268.436,28.777,28.315
132.393,267.293,28.894,28.686
132.807,267.390,28.345,29.618
132.912,266.695,28.743,30.372
132.664,266.151,29.058,30.828
132.875,267.089,30.383,31.190
132.019,264.374,29.924,32.442
131.636,262.880,31.004,32.878
130.282,263.952,31.870,33.270
132.054,264.561,32.055,34.067
133.017,266.311,33.604,34.867
133.515,268.002,34.339,36.162
133.188,267.524,33.639,37.571
133.094,268.202,32.750,38.054
131.469,267.136,31.253,38.202
132.326,268.169,29.770,38.134
133.410,267.834,28.092,38.470
134.296,269.285,27.928,37.008
134.303,269.586,26.903,36.597
134.576,268.303,26.224,36.015
135.356,269.536,25.156,35.390
136.162,268.797,24.348,35.547
136.729,268.797,24.110,34.339
136.605,268.598,24.651,32.885
134.795,271.660,25.647,30.607
135.401,272.757,24.845,31.898
136.404,273.335,24.051,32.679
136.961,272.774,23.992,33.464
136.268,271.940,24.440,33.428
136.420,273.158,24.939,34.212
137.298,272.838,25.721,35.308
135.537,273.216,26.663,36.926
135.488,272.962,27.303,38.219
132.839,272.082,28.295,38.798
132.918,271.237,28.348,39.807
131.686,270.483,28.295,40.395
131.412,271.122,28.743,41.794
131.441,271.571,29.420,42.759
129.367,271.483,30.135,41.567
130.860,274.127,30.338,41.302
129.398,275.298,30.509,41.367
129.944,276.053,29.539,42.206
128.117,274.973,29.366,43.567
130.128,273.778,29.851,44.271
128.411,273.185,30.279,43.821
129.301,271.556,29.850,45.206
129.057,270.202,29.395,46.050
129.753,273.287,31.320,44.314
130.333,272.118,31.820,44.182
130.635,271.967,31.162,44.065
132.603,271.371,30.102,46.275
135.761,270.934,28.926,47.185
135.573,270.608,28.800,47.474
137.765,270.260,29.897,47.945
137.350,267.852,29.937,48.752
137.150,267.359,29.915,48.530
139.383,268.360,29.730,48.634
139.185,266.085,29.629,50.455
140.069,264.810,29.469,52.110
138.659,265.314,29.121,52.360
136.726,266.578,29.350,52.257
138.764,268.098,29.730,51.099
136.578,267.535,30.715,49.929
136.006,268.562,30.856,49.500
136.241,268.443,30.176,49.363
135.019,268.913,30.001,49.470
132.775,268.991,29.269,50.684
133.160,269.140,28.325,51.009
131.616,269.086,27.656,50.998
132.766,269.222,26.721,50.713
131.312,271.243,26.026,50.188
131.399,270.250,26.308,50.685
131.598,268.837,27.636,50.751
129.692,266.925,29.282,48.957
129.460,267.068,30.685,46.340
130.472,266.460,31.899,43.801
131.913,264.309,31.124,42.643
130.379,266.470,33.123,39.452
130.091,267.550,33.818,37.614
129.178,268.696,34.998,36.847
130.624,265.495,34.114,38.417
130.418,264.375,34.124,39.692
132.411,261.944,33.522,41.661
132.195,262.597,33.848,41.307
130.280,262.105,33.771,41.189
130.472,261.284,32.910,41.595
131.086,260.999,33.336,41.709
131.440,263.002,33.802,39.870
131.037,262.846,33.683,38.473
132.237,265.142,33.455,36.354
135.322,268.983,33.129,34.790
133.523,269.471,31.354,35.232
131.908,268.419,29.669,36.401
133.931,272.139,28.481,36.768
133.682,271.494,27.237,37.325
134.643,276.049,27.022,37.066
131.410,274.960,26.457,37.309
131.702,275.676,25.984,37.735
131.158,275.813,25.670,37.450
131.837,275.826,26.111,36.550
131.519,275.420,26.518,36.296
132.832,275.686,26.719,36.558
132.993,273.641,26.715,38.465
134.233,271.236,26.177,41.134
134.155,268.551,25.741,44.353
131.706,264.897,27.999,41.623
130.816,264.229,29.290,39.721
130.547,262.642,31.087,37.785
130.945,261.684,33.336,36.515
129.697,259.719,34.808,34.731
128.557,257.991,35.586,33.841
129.011,256.907,36.524,32.854
127.769,256.803,36.585,32.529
127.901,255.905,36.391,32.301
127.346,254.733,37.006,31.506
127.730,254.590,37.617,30.400
128.213,254.095,38.235,29.200
128.169,253.482,38.111,28.974
127.884,253.408,37.222,29.036
129.213,252.857,37.361,28.301
128.720,252.533,37.333,28.159
128.416,251.931,37.740,28.304
127.640,251.213,37.547,28.852
128.887,251.345,37.024,29.407
129.940,251.537,36.743,29.287
129.429,251.379,37.396,29.419
129.560,253.489,37.906,29.220
129.256,256.207,38.573,28.828
129.085,257.174,39.596,28.087
129.754,257.285,39.515,29.752
129.939,255.295,40.712,29.296
129.228,255.479,41.405,30.054
129.321,255.060,41.669,30.658
131.178,257.339,42.460,29.883
131.502,253.758,43.128,29.047
131.091,252.588,43.314,28.951
131.577,251.902,43.426,28.505
131.674,251.778,42.941,28.591
134.490,253.554,41.633,29.835
138.272,248.705,38.928,31.960
137.086,247.035,37.713,32.948
139.466,242.301,36.173,34.927
140.795,240.238,35.311,35.532
140.494,240.108,34.694,36.022
139.320,239.097,34.136,35.367
139.472,239.280,34.320,34.206
137.550,239.143,34.641,32.178
135.717,238.065,33.887,31.581
135.456,240.004,33.289,30.743
137.711,242.304,31.282,31.139
136.237,241.719,31.176,30.706
139.712,241.928,29.094,30.909
139.199,242.285,27.965,30.163
138.774,244.155,28.921,28.487
139.411,244.966,28.473,27.496
142.072,244.271,26.249,28.090
143.144,243.972,24.610,28.495
145.442,244.559,23.119,28.812
144.356,245.246,23.346,28.701
146.105,244.879,22.991,28.485
147.679,244.867,22.700,27.661
149.483,244.869,22.155,28.084
151.113,245.124,20.838,29.986
151.357,244.289,20.973,30.900
152.535,243.937,20.887,31.928
152.912,242.807,21.377,31.535
154.678,242.542,21.011,31.412
153.041,242.081,22.426,29.994
153.202,242.475,22.091,30.155
153.479,241.221,22.373,29.810
152.216,241.118,22.803,29.083
153.738,241.378,21.986,30.443
153.988,240.669,21.798,31.355
155.366,239.955,22.024,32.249
154.976,239.957,22.495,32.674
155.409,239.966,22.880,32.881
156.642,239.761,22.858,33.770
155.691,238.710,23.073,33.341
156.909,239.933,23.662,33.186
156.622,239.698,24.049,32.731
157.222,239.652,24.303,32.099
157.393,240.506,24.503,30.930
157.174,241.873,25.078,29.553
159.302,242.473,24.484,29.394
159.603,242.598,24.763,28.838
160.462,242.399,24.207,28.384
161.663,243.622,23.275,28.770
162.561,242.642,23.274,27.974
164.552,243.208,22.253,27.963
165.410,244.339,21.652,28.166
165.853,244.175,21.409,28.569
167.025,243.347,21.673,28.004
167.920,243.486,21.804,27.622
168.028,243.915,22.072,26.829
167.328,243.320,22.815,25.538
168.145,243.187,22.981,25.175
168.951,243.084,22.201,26.743
168.971,241.812,22.970,26.477
169.981,241.654,23.536,26.121
170.352,241.731,23.677,25.806
170.768,241.027,23.770,25.192
171.083,242.224,24.112,24.256
171.222,241.210,23.676,23.966
171.565,239.682,22.892,24.063
171.493,239.674,22.001,24.204
173.282,238.596,20.957,24.598
172.686,239.794,19.152,26.617
173.319,238.349,18.267,27.550
173.243,237.688,17.926,28.032
173.635,238.680,17.820,28.481
173.669,237.799,18.417,28.091
173.321,237.045,19.128,27.575
173.898,236.755,20.143,26.667
174.874,236.117,20.002,26.565
174.140,236.085,19.739,26.882
174.728,234.500,19.679,26.880
174.686,234.236,19.640,27.078
175.580,234.162,19.298,27.389
176.586,232.644,19.327,27.059
177.762,232.237,18.869,27.206
178.979,231.319,18.967,26.604
180.101,229.745,18.637,26.910
179.929,230.141,18.747,26.934
181.193,228.338,18.871,27.348
181.457,228.373,19.013,27.976
181.247,226.570,18.878,29.467
181.067,224.823,18.990,30.687
181.182,225.508,19.329,30.576
181.934,225.858,19.331,30.406
180.829,224.226,19.740,30.287
181.588,223.817,20.374,29.600
181.312,224.249,20.727,29.944
181.404,225.372,20.744,30.647
181.533,225.431,20.874,31.371
182.158,224.620,21.075,32.105
183.446,225.875,22.119,32.273
181.488,226.776,21.956,32.180
181.840,225.026,21.974,32.603
182.500,225.437,23.832,31.365
182.847,224.281,25.565,30.599
182.079,224.122,26.715,30.438
182.645,224.050,27.132,30.834
182.392,223.423,27.759,30.320
183.451,222.173,27.660,30.451
183.660,223.535,27.965,31.590
185.044,218.572,28.986,32.498
186.493,211.500,31.526,32.623
184.069,212.699,30.432,36.889
185.640,211.149,32.062,38.980
185.226,210.348,32.918,42.384
183.796,215.142,32.802,44.987
186.238,205.684,33.874,47.258
186.382,199.952,36.129,49.677
186.016,202.920,36.967,53.790
182.747,217.537,38.336,56.886
181.967,215.133,38.954,59.097
180.518,213.541,40.039,61.036
180.487,212.962,40.392,61.308
180.115,208.707,41.740,62.516
180.080,210.706,42.711,63.091
180.773,210.355,43.605,62.843
180.686,210.044,45.514,62.824
181.051,208.067,46.867,63.618
180.757,206.364,46.660,64.573
180.572,206.067,46.530,63.850
181.168,205.753,45.068,64.448
182.404,206.896,44.853,63.628
183.694,208.106,44.813,62.401
185.044,210.357,45.292,60.103
185.611,206.440,45.054,61.351
187.008,209.220,45.751,59.751
187.926,207.972,47.421,59.403
188.957,205.543,48.819,61.308
188.591,202.562,49.854,63.647
187.934,201.113,50.734,65.227
187.569,194.818,51.070,69.296
189.287,190.322,53.971,70.998
187.357,186.873,54.175,75.998
186.790,182.273,51.669,81.788
187.763,182.784,53.222,81.082
189.812,184.547,55.621,79.549
190.666,186.775,58.277,77.318
191.366,185.058,60.437,75.716
187.700,177.494,57.280,81.597
188.300,186.869,60.535,77.317
190.447,186.973,62.893,74.703
188.895,183.624,62.016,76.902
191.172,183.959,62.383,76.303
188.879,182.926,62.090,77.460
193.657,185.105,64.078,76.402
191.795,179.803,63.103,79.151
195.626,187.960,66.365,74.805
195.405,189.187,67.446,73.136
194.451,187.833,63.433,76.307
199.104,190.668,66.616,72.527
198.809,192.742,66.956,72.425
