703.000,529.000,70.000,108.000
703.578,526.221,69.293,112.442
703.147,524.274,69.440,115.853
702.585,524.097,69.681,117.543
703.071,523.820,69.522,117.845
702.947,523.101,69.368,118.497
703.347,522.807,69.135,118.951
703.644,522.579,69.086,119.187
703.681,523.564,68.988,119.264
703.565,524.249,69.008,119.103
702.863,523.760,69.144,119.383
702.889,525.416,69.385,119.080
702.135,524.571,69.345,118.825
701.787,525.935,69.527,118.746
700.980,526.642,69.760,119.056
701.026,526.956,69.685,118.262
700.975,527.295,69.608,118.458
700.570,528.434,69.731,118.533
700.639,528.548,69.390,118.349
699.713,529.033,69.564,118.216
699.246,529.371,69.585,118.366
698.703,530.343,69.571,118.188
698.916,530.197,69.474,117.556
699.278,530.638,69.242,117.673
699.319,529.882,69.304,117.368
699.632,530.304,69.041,116.217
699.477,531.493,68.951,115.375
699.521,530.809,68.592,114.183
700.116,531.265,68.393,113.089
700.468,530.673,67.695,112.132
700.461,531.432,67.409,110.201
700.723,532.017,67.179,108.502
701.101,532.734,66.643,106.041
701.459,533.618,66.459,103.877
701.747,533.720,66.183,101.435
701.868,533.859,65.685,99.405
702.346,533.356,65.148,98.033
702.883,533.702,64.875,95.978
703.244,532.989,65.096,94.846
703.303,532.299,64.757,94.036
703.027,532.336,64.832,93.727
703.994,531.815,64.760,92.823
703.728,531.806,65.150,91.486
703.313,530.933,65.600,90.707
703.281,531.254,65.720,89.902
703.292,529.590,64.932,90.111
703.809,529.914,64.873,89.287
704.692,529.227,64.094,88.447
704.368,528.704,64.118,87.710
704.642,528.199,63.895,86.799
705.096,527.321,63.763,85.859
705.724,525.521,63.572,85.345
705.410,525.003,63.508,84.573
706.517,523.603,62.953,84.811
706.741,521.859,62.834,84.122
706.138,521.021,62.857,84.558
706.456,520.556,62.654,84.245
707.440,520.086,62.329,84.070
706.371,520.172,62.700,83.585
706.262,519.793,62.846,83.455
706.564,517.991,62.858,84.222
706.979,519.209,62.604,83.315
706.942,518.805,62.435,83.573
706.925,517.665,62.308,84.277
707.463,516.116,62.571,85.054
707.637,515.077,62.277,85.965
707.201,515.169,62.132,85.751
707.190,513.573,62.274,86.968
707.393,514.035,62.995,87.143
707.418,514.933,63.259,86.952
707.358,514.995,63.118,86.870
707.296,515.982,63.343,86.093
706.870,516.176,63.384,86.289
706.454,516.953,63.538,86.509
705.877,517.530,63.825,86.603
705.509,518.988,64.275,86.722
705.433,519.512,64.735,87.878
705.378,519.588,64.747,89.727
705.210,521.199,64.841,90.452
705.258,521.258,64.352,92.296
706.235,520.653,64.002,94.316
705.489,520.619,64.603,95.563
706.061,519.319,64.720,96.469
706.100,518.471,65.418,97.839
706.952,518.495,65.221,98.045
707.365,518.148,65.367,98.698
707.733,518.153,65.433,98.405
709.021,518.947,65.115,97.225
709.790,518.589,64.757,97.063
710.077,519.583,64.602,95.912
710.771,519.621,64.229,94.839
710.910,519.674,64.204,94.214
710.812,518.371,64.368,94.774
710.540,518.691,65.038,94.083
709.429,516.486,65.707,95.208
709.524,517.200,65.688,94.720
710.048,517.227,65.372,94.314
709.256,518.491,65.756,93.795
709.413,518.593,65.674,94.060
709.337,517.400,65.859,94.629
709.078,519.440,66.069,92.858
708.461,519.824,65.957,92.506
708.878,520.353,65.884,92.032
708.492,519.159,65.959,92.429
708.546,520.978,65.751,92.013
707.985,519.708,65.722,92.552
708.063,519.026,65.485,93.127
707.741,518.295,65.624,93.332
707.441,519.245,65.935,93.392
707.395,518.607,66.049,93.343
706.830,518.713,66.156,93.583
706.681,518.460,65.915,93.533
704.803,518.736,66.608,93.447
704.607,518.502,66.408,93.223
704.148,518.706,66.336,93.162
704.190,519.044,66.390,92.987
703.893,517.816,66.289,93.056
703.575,519.073,66.292,92.613
703.283,517.974,66.332,92.842
703.164,517.794,66.062,93.337
703.078,518.424,66.124,92.992
702.666,516.692,66.207,93.753
703.007,516.757,66.041,93.622
702.959,515.785,65.803,93.445
702.556,516.529,65.814,92.763
