694.000,201.000,210.000,314.000
691.938,211.078,218.620,310.065
684.540,217.120,231.076,305.960
675.297,222.459,247.044,299.630
656.379,239.360,278.253,284.364
637.952,251.535,306.923,269.620
630.317,257.229,328.605,268.316
614.683,260.573,349.550,271.059
603.613,258.789,376.881,275.076
595.783,262.233,395.932,275.814
589.984,261.082,415.268,275.880
583.219,262.991,431.153,273.569
607.918,278.564,435.422,273.907
613.397,281.427,432.593,275.861
624.324,280.913,428.442,280.210
617.514,281.028,434.835,284.100
622.565,288.269,450.738,296.424
599.110,284.471,483.651,304.388
588.210,284.171,511.272,310.187
586.161,291.466,529.001,312.528
581.848,315.588,546.028,312.986
577.080,323.599,549.063,309.584
586.123,342.402,549.514,309.867
593.901,342.689,548.908,307.452
610.759,336.589,545.316,315.360
614.929,334.321,547.363,316.396
614.830,325.465,539.161,323.366
613.526,321.585,535.431,322.606
620.182,315.936,529.552,318.451
622.717,316.814,522.227,315.803
619.844,317.144,522.957,311.911
625.949,325.623,524.055,298.513
625.312,337.283,529.941,279.091
626.197,338.910,532.008,265.557
628.731,343.184,533.487,257.107
626.973,339.925,536.083,252.288
622.479,329.702,536.162,251.672
621.412,322.030,540.697,246.871
616.895,318.961,544.340,247.176
620.180,313.363,539.121,256.635
625.502,288.462,534.022,273.266
626.711,291.713,531.386,275.282
620.869,275.346,530.528,285.266
623.614,267.379,524.315,293.713
635.250,253.433,514.640,301.587
642.587,252.761,504.798,299.504
649.496,256.937,497.056,297.867
653.381,259.784,493.269,296.318
650.568,270.416,492.894,283.509
641.923,281.517,501.387,266.625
633.293,291.751,512.187,249.966
625.931,299.483,518.273,235.799
615.902,299.552,515.943,227.013
624.525,303.325,505.853,221.654
629.477,288.879,491.809,225.484
633.553,286.734,477.834,221.680
630.557,269.551,439.566,232.690
640.348,262.508,413.936,242.026
647.429,259.570,395.298,244.178
652.151,256.157,390.915,243.556
650.142,257.972,385.797,238.896
652.710,265.505,378.244,230.880
653.272,269.728,365.128,221.527
650.529,272.959,357.083,210.879
659.604,281.196,344.438,202.127
666.110,290.984,338.508,191.016
674.788,300.763,331.808,180.800
681.679,303.914,325.116,170.892
699.874,303.225,322.821,165.933
710.834,302.633,313.699,169.300
724.817,298.455,299.967,173.382
745.958,287.604,280.996,184.709
781.265,285.569,261.783,193.067
803.915,279.237,253.076,200.802
819.212,273.931,242.665,204.883
835.904,276.533,234.148,207.347
861.218,282.231,229.395,206.630
873.166,285.659,232.544,202.390
879.884,290.524,235.738,193.892
879.429,292.152,234.505,190.021
889.306,301.202,232.849,185.963
894.804,312.589,238.898,174.989
885.365,319.191,246.335,167.954
888.211,321.725,242.579,165.706
897.608,323.349,242.910,166.333
899.129,313.544,235.619,171.449
902.624,308.417,229.853,178.238
909.803,303.226,230.312,186.850
910.805,289.889,220.715,197.566
914.962,283.037,214.097,201.941
918.611,279.508,211.497,203.392
914.622,278.256,204.879,204.369
923.416,279.416,198.769,206.309
925.843,282.550,190.858,208.165
924.368,287.787,182.502,206.020
919.116,294.141,179.730,200.113
911.530,303.817,180.920,184.781
908.916,310.760,184.836,173.417
903.422,316.767,187.816,165.750
900.981,320.551,190.286,163.713
894.081,312.073,196.841,167.136
891.142,309.334,200.380,171.856
891.426,303.089,206.720,177.671
888.629,293.466,205.401,188.158
886.070,277.408,208.416,201.598
885.596,270.352,214.283,210.498
887.476,267.969,216.532,212.008
883.794,267.575,219.015,204.277
880.036,274.078,217.551,196.251
876.607,281.143,209.828,196.132
875.111,286.962,209.119,197.399
871.737,290.658,211.256,192.787
865.475,304.550,222.206,181.267
855.645,312.890,233.027,172.189
848.017,320.466,240.821,164.263
841.823,322.285,247.478,153.786
840.132,332.208,252.981,148.033
832.620,337.774,256.313,148.511
826.906,338.933,260.889,148.522
820.754,334.244,266.250,145.458
816.430,316.193,268.127,161.014
813.627,311.000,270.892,177.431
810.973,307.933,274.148,181.370
805.883,308.425,277.525,186.204
796.218,314.699,281.401,188.265
793.390,321.684,293.790,184.431
785.599,329.029,301.904,181.382
775.207,337.375,312.752,179.609
770.642,353.385,320.185,174.464
765.204,369.608,323.920,163.085
754.021,382.547,325.565,151.000
742.662,402.333,330.858,136.569
747.972,416.034,330.761,124.971
762.683,416.943,313.533,122.316
775.912,420.726,299.641,119.645
779.212,421.123,288.290,117.569
780.219,424.563,284.865,115.596
795.634,425.804,283.386,114.676
809.227,425.607,279.771,118.104
824.706,419.367,273.996,122.104
810.388,414.330,278.953,122.855
817.866,412.757,282.216,121.579
808.190,410.091,285.549,121.539
779.321,414.087,304.749,116.355
731.037,390.014,314.120,125.698
657.230,371.524,297.565,142.216
779.383,361.399,306.345,150.798
794.283,328.001,300.428,169.305
802.943,312.467,294.844,182.984
809.245,299.805,290.033,191.660
820.539,289.859,279.699,199.244
833.206,277.048,264.913,207.173
837.062,269.063,257.628,211.564
838.982,265.758,251.827,212.684
841.297,264.331,246.633,210.549
838.883,265.004,240.522,203.063
835.917,265.999,236.405,196.555
832.012,267.413,231.261,189.874
825.335,269.620,230.027,184.418
809.929,271.779,231.126,176.248
806.678,273.680,228.024,174.002
802.181,274.849,224.072,171.172
791.673,282.003,225.201,165.899
772.681,279.513,231.970,169.727
749.833,293.902,251.063,162.519
733.729,301.881,260.870,162.876
713.874,318.150,272.309,157.080
682.692,345.560,282.353,150.019
665.827,358.547,290.050,154.922
650.732,367.735,301.067,151.300
624.866,392.014,315.879,140.170
424.726,368.499,282.406,159.181
424.939,367.406,253.172,170.228
428.487,372.684,255.162,166.654
422.918,377.949,266.113,162.611
395.258,384.515,282.477,159.941
383.464,387.322,289.057,160.893
370.651,386.247,293.141,162.260
356.128,389.878,300.246,156.055
329.945,391.874,304.791,150.605
321.608,390.368,307.283,147.603
314.026,389.064,317.349,146.751
301.702,385.806,320.276,145.952
308.779,391.581,332.399,141.639
287.870,389.033,346.791,143.629
286.655,385.070,356.774,147.181
367.581,383.870,345.366,150.482
277.410,382.791,357.496,153.000
239.206,378.815,379.847,156.432
254.141,386.195,399.394,155.498
216.397,382.955,414.308,159.419
152.434,373.836,411.181,169.752
136.062,368.694,411.939,178.130
121.527,373.526,415.668,181.740
99.881,372.515,421.196,182.446
63.391,373.401,426.874,183.575
53.536,377.006,425.593,186.299
57.056,372.385,424.093,188.810
52.952,368.293,419.339,194.556
43.832,361.103,402.053,206.809
52.688,352.831,388.286,212.337
46.494,351.463,367.566,218.190
54.649,369.434,341.402,219.134
25.638,385.652,375.016,193.979
17.784,400.608,392.912,182.014
57.751,400.351,406.166,172.831
217.735,388.256,410.400,169.082
263.397,369.713,386.089,173.592
301.157,357.573,363.810,177.469
333.387,346.396,347.546,179.293
378.080,337.190,329.532,181.174
432.884,317.831,306.541,188.596
462.079,311.758,302.043,190.383
485.753,305.741,297.473,191.987
505.924,306.290,303.200,187.190
513.135,299.353,273.528,201.842
528.361,293.652,252.177,207.039
549.456,283.861,231.322,210.335
560.521,273.444,214.202,209.834
563.663,260.373,189.477,219.354
569.219,244.014,174.702,228.561
566.879,229.621,165.761,238.827
557.442,216.021,168.057,244.538
680.794,158.852,174.153,248.900
675.119,160.389,192.553,255.663
664.235,183.143,194.197,272.060
631.620,181.241,204.265,281.257
554.614,151.615,196.328,288.940
523.150,122.135,190.242,285.029
496.352,118.166,214.168,274.168
500.970,129.014,216.968,286.566
470.197,134.287,210.023,289.385
446.479,123.094,214.404,294.320
422.973,117.151,198.303,299.902
423.854,106.594,193.109,300.757
452.550,111.069,178.694,316.395
454.248,129.688,176.260,328.723
451.345,150.690,176.317,337.481
444.262,176.099,175.126,343.739
462.032,206.767,181.802,355.280
493.800,300.650,198.059,364.352
465.470,411.715,254.695,321.054
432.041,415.827,286.590,303.699
422.048,380.233,288.278,323.333
428.466,330.744,280.017,366.418
432.981,290.935,269.793,406.599
439.398,270.551,261.959,435.689
434.650,243.919,256.187,458.513
430.042,236.465,257.730,469.977
425.705,231.213,268.750,469.978
414.046,226.313,282.293,470.837
397.213,213.525,297.715,468.938
390.352,210.637,306.631,468.577
381.688,205.670,315.239,469.214
388.321,201.474,311.914,467.116
378.212,192.577,323.055,458.179
371.828,190.849,329.564,446.955
382.545,191.379,324.403,438.041
392.519,195.026,315.292,429.399
385.297,206.456,329.045,407.941
391.856,218.147,328.938,391.737
392.348,230.758,332.076,374.913
387.880,247.841,336.603,352.837
395.745,278.728,335.906,322.359
398.195,298.257,334.818,297.028
400.988,315.721,336.493,271.510
407.287,340.472,334.094,240.274
413.293,383.616,336.625,204.985
407.434,406.232,344.646,176.350
418.245,406.659,360.687,155.206
410.722,396.498,375.150,151.403
425.438,377.090,378.395,156.772
413.353,377.100,386.005,153.683
414.525,369.140,389.723,158.832
411.899,361.589,388.873,162.193
400.569,351.970,402.731,167.760
396.536,335.075,416.754,174.994
393.207,313.287,419.647,192.462
424.433,284.597,411.401,215.859
444.242,258.693,398.864,237.205
457.529,229.897,390.174,261.875
471.172,217.390,386.984,277.528
477.171,189.811,369.884,302.950
474.118,171.662,356.836,317.559
476.022,157.981,346.780,329.644
477.800,146.254,340.978,340.488
484.533,139.715,343.863,350.351
491.225,122.272,341.281,364.052
496.463,111.491,344.073,372.438
509.492,103.283,337.640,380.997
522.204,94.856,329.126,389.301
531.260,83.674,329.247,403.176
528.772,77.937,328.622,410.617
529.753,67.598,328.903,420.403
510.868,62.911,342.420,428.027
531.899,57.492,338.030,435.389
536.946,47.853,330.961,444.803
548.169,49.832,321.693,446.572
563.792,47.079,307.054,451.441
564.635,40.212,299.238,458.235
570.268,44.577,298.408,457.229
555.889,41.380,304.746,459.732
552.163,44.523,307.050,455.844
539.630,49.446,321.472,449.257
531.737,55.680,325.060,444.755
535.722,60.688,328.039,442.022
526.111,69.291,334.371,437.222
509.655,78.999,341.767,429.034
525.881,83.155,338.475,427.493
519.530,94.605,350.072,415.220
511.269,106.143,351.834,404.217
517.154,134.392,356.604,381.964
512.550,154.108,352.017,363.948
514.945,167.412,350.153,344.056
516.618,191.538,347.726,324.297
524.124,236.676,339.581,292.945
532.686,264.985,336.591,261.553
532.441,289.500,331.396,236.987
526.390,310.954,334.095,210.047
537.103,347.440,348.970,183.361
552.104,366.876,361.188,162.473
554.534,378.106,377.726,148.869
548.893,382.615,384.620,143.226
523.872,369.791,373.456,144.939
515.547,359.882,367.542,150.947
509.985,353.809,368.546,156.316
508.994,341.279,367.454,167.663
497.162,325.674,366.369,185.606
499.829,318.355,361.969,197.729
490.082,315.706,372.579,201.014
490.421,317.375,377.902,205.079
490.385,319.673,381.656,207.107
485.245,326.305,383.091,205.871
482.939,332.518,386.065,204.756
483.156,332.818,388.698,204.253
480.758,332.163,395.720,204.478
479.420,326.238,400.057,209.019
479.216,325.798,405.077,210.324
478.750,321.250,407.944,215.345
470.228,314.890,417.390,223.598
474.946,314.770,418.837,226.109
470.824,321.092,422.379,222.296
465.510,329.341,435.155,213.834
458.583,348.446,445.610,198.845
462.673,330.854,447.368,206.059
470.585,340.762,448.699,205.156
490.031,334.247,437.394,215.685
497.183,327.837,426.561,225.754
497.802,320.551,418.014,232.521
500.164,309.170,409.154,245.673
510.431,297.389,400.305,257.622
522.126,282.808,389.543,267.867
538.769,272.458,375.130,279.457
548.571,262.164,363.001,290.097
562.965,252.887,359.726,301.716
561.621,249.967,360.114,308.384
558.644,244.396,359.823,311.721
555.921,242.200,358.514,315.764
541.533,236.203,365.890,325.429
529.124,220.654,371.423,337.867
524.779,217.850,375.227,345.740
515.140,206.615,374.082,356.919
503.203,226.681,370.220,351.007
496.403,243.766,375.379,339.329
486.228,266.041,380.882,322.425
474.136,289.929,390.579,294.742
435.738,323.256,412.110,264.912
421.898,341.306,422.626,244.601
411.173,361.097,431.614,226.808
403.385,368.842,435.514,215.845
377.598,394.969,445.841,198.684
365.151,397.199,454.084,189.166
352.087,395.969,458.451,187.595
344.161,395.661,461.581,187.768
351.319,388.414,452.862,197.224
355.077,374.298,441.051,211.429
361.289,347.697,428.648,234.488
377.313,336.408,416.500,252.466
386.439,310.008,399.110,274.428
401.423,293.915,383.402,289.078
407.252,287.992,376.140,296.902
412.651,286.079,365.868,302.729
422.862,290.191,347.717,304.678
428.183,276.259,337.052,310.442
439.555,275.473,340.925,315.943
438.610,268.661,340.407,326.277
432.890,274.959,343.441,324.659
431.675,304.307,356.007,305.706
434.693,316.355,357.124,295.665
436.931,290.181,354.338,307.246
443.577,279.752,351.106,311.851
445.938,288.761,347.162,310.323
440.256,293.063,350.395,302.605
433.613,324.409,352.245,280.777
424.702,366.867,359.473,247.513
419.153,389.390,364.908,216.170
411.471,406.686,369.991,194.159
415.619,416.733,364.477,178.712
411.009,424.078,367.868,170.031
416.718,427.146,368.220,164.832
409.917,426.345,362.461,164.368
413.009,421.646,354.567,164.335
426.203,417.898,342.166,163.997
436.572,411.511,323.566,170.281
419.813,402.416,319.978,177.291
436.366,384.494,304.927,191.686
444.757,329.856,289.607,227.461
451.092,308.967,287.276,251.875
461.586,296.388,289.225,268.351
475.250,289.951,290.341,277.889
469.884,277.166,292.069,282.641
468.891,285.717,290.710,281.500
472.142,290.466,284.515,274.662
476.577,297.268,284.861,263.307
483.564,317.163,288.070,247.331
484.914,331.851,298.418,230.015
481.203,351.405,304.312,215.319
446.543,366.722,325.816,198.833
428.487,353.969,322.066,194.642
439.409,356.403,317.391,191.067
451.779,355.663,300.910,191.635
454.374,361.948,288.369,186.665
466.856,368.307,285.407,177.068
473.224,373.982,275.938,171.841
475.932,376.796,273.232,165.170
489.585,375.502,267.286,167.457
519.347,364.017,252.652,171.536
527.276,362.287,242.342,172.147
539.484,359.448,233.555,173.374
552.655,355.763,222.979,174.684
526.315,376.527,241.418,157.037
555.525,372.183,227.116,158.193
565.716,379.909,215.279,154.053
568.245,390.900,210.007,142.512
573.300,398.612,202.399,131.460
571.329,399.942,197.599,124.136
567.000,398.086,193.971,120.296
567.709,398.147,192.930,120.007
563.799,392.827,192.037,122.791
563.053,391.485,190.506,125.153
553.803,389.211,194.890,125.070
555.809,386.723,194.199,126.671
565.289,387.122,183.752,128.658
570.761,386.620,175.904,129.696
570.948,385.054,171.520,129.256
570.295,383.825,167.033,128.728
570.250,383.883,161.874,128.242
571.078,383.890,158.300,126.466
568.139,385.615,157.333,125.368
566.093,388.992,157.540,123.560
562.721,391.046,163.520,122.130
581.563,391.226,160.664,121.784
595.382,392.321,159.088,122.043
607.966,395.397,161.361,119.621
638.575,394.001,168.929,122.917
655.367,393.407,177.133,125.868
688.462,394.802,178.910,130.658
711.918,396.227,185.767,132.858
786.490,406.384,186.595,137.773
823.224,408.371,186.171,140.424
857.083,414.739,189.239,139.696
888.666,427.601,201.099,131.899
948.114,425.349,202.880,132.155
976.914,420.091,195.832,136.780
1002.559,409.569,191.877,142.865
997.005,406.135,213.256,143.754
1082.770,393.756,205.345,154.445
1103.180,374.672,187.845,167.456
1107.813,359.679,178.907,175.228
1115.885,348.376,171.205,178.463
1104.497,324.206,175.672,178.585
1106.024,315.162,179.031,177.605
1099.571,311.493,182.026,184.247
1090.122,311.347,189.587,192.028
1097.698,343.501,187.205,196.852
1094.056,374.363,187.549,203.571
1093.360,415.384,191.159,204.897
1110.586,441.843,180.927,224.589
1105.236,493.995,176.691,228.594
1105.898,504.734,178.872,221.157
1121.905,501.772,169.777,218.626
1116.820,488.887,170.198,212.818
1128.125,467.367,160.851,216.758
1121.387,457.165,164.595,207.821
1118.170,455.449,168.407,198.184
1127.809,458.619,164.532,195.786
1125.482,457.248,159.448,196.122
1134.550,468.437,154.143,192.798
1131.808,467.851,153.232,188.920
1133.058,473.170,150.588,188.218
1133.673,475.971,150.218,185.199
1127.333,475.208,154.318,177.912
1125.925,477.480,155.899,171.053
1125.698,478.099,154.929,168.434
1116.916,469.551,161.168,163.661
1122.743,466.571,157.475,167.220
1126.303,465.349,154.833,168.185
1121.518,459.623,156.643,166.418
1090.510,446.815,166.341,159.785
1088.034,444.419,167.587,156.953
1083.469,440.823,163.692,158.973
1085.516,435.664,155.556,159.147
1068.370,426.233,154.122,155.373
1058.174,426.735,157.094,152.226
