548.000,387.000,52.000,111.000
548.273,391.692,53.382,112.091
545.688,390.874,54.817,112.242
543.283,392.247,55.715,110.961
540.387,393.238,55.024,110.919
539.424,394.168,54.832,110.779
536.829,393.290,53.888,111.282
534.085,393.752,53.437,112.240
531.567,393.568,53.720,112.844
530.411,393.330,53.429,113.032
527.841,393.288,53.281,112.779
524.517,393.616,54.035,112.526
520.907,392.973,54.506,111.904
518.929,393.286,54.037,111.905
516.531,392.555,54.600,112.480
514.436,392.735,54.340,111.722
512.138,392.456,54.338,111.430
510.149,392.753,53.840,109.938
509.357,393.909,53.473,109.568
509.943,392.413,53.467,109.946
509.376,391.224,53.449,110.295
509.230,390.117,53.143,110.793
510.224,388.469,53.268,110.566
575.096,399.167,69.624,95.389
567.962,405.149,81.756,85.174
563.287,405.742,89.663,79.400
560.734,406.160,91.309,78.321
557.761,403.694,89.960,79.092
557.735,394.245,85.344,80.712
553.100,336.486,75.027,104.594
554.276,360.876,73.285,105.350
525.903,333.351,83.554,101.583
520.912,354.996,96.644,93.060
511.902,341.542,90.978,105.043
526.632,368.600,97.286,92.026
508.960,328.509,82.077,112.301
495.713,339.509,81.116,113.087
491.403,328.602,70.108,123.349
463.106,312.504,89.363,107.512
469.843,344.795,98.548,102.523
477.876,321.083,97.023,109.671
455.264,332.548,100.544,100.760
457.219,319.560,85.325,108.111
456.754,315.731,77.160,109.732
463.030,317.773,100.480,97.678
465.825,324.580,90.097,102.626
461.120,323.116,89.658,103.216
434.118,304.713,78.827,107.733
442.841,291.760,81.972,105.246
434.686,291.145,85.883,99.236
419.154,285.693,81.223,105.094
432.355,311.195,83.756,105.023
411.501,290.835,77.574,116.201
409.020,315.219,90.353,102.003
437.347,280.437,98.272,104.829
399.364,305.194,108.587,94.261
387.818,285.983,101.642,109.054
412.186,303.424,120.927,93.959
400.835,284.681,104.257,103.723
407.448,286.195,91.373,103.622
412.463,282.424,79.729,110.619
410.579,281.332,82.466,106.274
412.647,292.303,71.984,110.935
403.803,289.908,84.524,101.556
383.868,277.575,98.264,95.687
385.134,291.434,108.372,92.029
413.284,281.761,97.726,104.771
421.762,310.348,105.032,95.839
442.878,321.236,112.724,89.955
455.756,321.177,110.054,92.475
480.115,332.331,121.679,86.269
465.036,346.797,135.764,75.255
472.044,348.745,128.677,80.174
496.501,347.884,112.170,88.072
501.739,352.384,93.020,98.917
509.957,353.838,87.176,98.051
521.040,360.982,87.782,93.171
533.129,371.097,95.306,87.194
543.077,379.683,99.106,84.208
546.507,374.686,97.511,91.311
550.957,381.641,91.311,95.926
552.825,385.944,81.656,97.547
564.619,387.761,81.150,95.003
567.742,386.956,87.029,91.879
569.536,390.647,92.836,88.137
574.275,388.183,92.519,90.648
574.964,390.333,93.108,90.796
570.342,389.462,85.802,94.965
573.434,369.898,76.930,103.490
585.534,386.459,95.292,91.157
532.537,390.819,121.668,75.847
560.231,390.094,143.670,67.898
565.375,390.867,142.047,75.669
577.416,389.305,131.426,85.092
594.856,388.375,107.204,99.470
605.344,381.060,85.831,112.967
615.747,376.659,71.740,116.681
625.116,375.327,63.879,114.002
633.546,379.879,57.456,111.078
641.615,384.123,53.648,108.283
647.081,387.996,52.789,104.393
652.963,391.286,53.440,99.290
656.564,394.809,53.852,96.547
664.084,398.638,54.526,94.047
668.469,402.372,54.918,92.759
671.886,403.620,53.661,90.341
676.080,403.293,51.813,92.717
680.621,402.385,52.220,92.993
684.071,404.419,52.687,92.749
687.655,406.598,52.857,92.685
690.233,408.593,53.701,92.005
693.355,411.398,54.420,92.749
695.886,412.720,54.927,94.358
699.018,413.603,55.802,94.189
702.049,415.140,55.736,96.547
705.241,416.259,55.941,96.918
706.810,417.250,56.007,96.387
709.610,417.925,56.116,96.629
712.421,417.951,55.795,95.378
715.727,420.887,55.328,95.017
717.373,423.069,55.003,94.660
719.117,424.287,54.318,93.587
720.429,427.889,53.610,95.140
722.489,432.798,52.451,98.561
723.325,434.030,53.110,98.711
724.767,436.641,53.043,99.355
725.264,438.838,53.268,101.344
725.492,440.483,53.815,101.197
725.701,441.286,54.631,99.880
727.225,444.219,54.864,99.256
727.673,446.574,55.058,98.856
728.093,447.666,54.684,97.947
729.397,449.378,54.610,97.849
728.654,451.210,54.435,97.443
730.006,454.299,53.727,97.855
727.532,455.585,54.055,96.044
727.116,456.999,54.565,97.257
723.825,454.632,55.975,95.803
722.726,453.799,57.877,92.985
720.550,454.426,58.969,94.441
719.461,454.231,59.899,94.622
717.778,452.491,60.643,95.264
716.800,452.782,60.849,95.753
712.734,452.203,61.808,95.658
709.994,451.193,62.301,96.778
705.349,452.034,62.182,98.757
701.026,451.346,62.217,99.628
697.654,449.697,62.010,100.115
693.611,448.002,61.988,100.941
691.236,446.442,62.071,100.619
690.762,443.349,62.386,101.280
691.807,439.162,62.829,101.527
691.354,437.899,63.008,100.951
691.518,436.809,63.284,100.385
692.015,434.798,64.214,100.216
691.359,432.874,64.590,99.587
691.064,432.027,65.035,98.420
691.300,430.449,64.588,98.490
694.279,431.745,62.375,100.527
694.822,431.396,61.017,99.874
695.377,430.640,60.145,99.439
696.364,428.625,59.889,98.976
697.801,428.466,59.716,98.390
697.563,426.724,59.593,97.915
696.954,427.353,59.825,96.670
697.565,426.914,59.911,96.701
696.865,427.009,59.785,95.808
696.047,428.153,59.572,95.798
696.422,427.892,59.511,95.305
695.551,428.596,59.152,94.729
695.673,429.445,58.985,93.891
696.401,430.258,58.830,93.763
697.170,429.769,58.610,94.906
696.284,431.248,58.316,96.237
696.970,430.250,58.043,96.173
697.346,430.259,57.319,94.085
696.831,430.669,56.277,92.640
698.065,430.303,54.622,92.856
698.517,430.442,53.905,93.412
699.280,429.183,53.881,95.441
699.373,428.864,54.685,97.350
699.993,426.947,55.326,96.392
699.248,429.093,56.389,92.800
699.122,432.848,57.275,89.271
698.776,435.364,57.270,86.753
698.124,436.446,56.380,86.146
699.829,436.816,56.586,84.878
699.110,438.121,57.684,84.203
699.530,438.821,57.773,83.374
699.225,439.286,58.017,82.695
700.489,439.680,57.695,83.213
700.089,440.491,57.810,82.355
701.535,441.926,57.681,82.299
701.198,442.941,57.906,82.618
700.864,445.056,57.268,84.409
702.014,442.905,57.459,85.845
701.877,443.102,56.803,87.579
702.224,442.950,56.491,89.210
703.006,442.185,56.630,89.938
702.276,441.925,56.500,91.407
701.540,440.972,56.386,92.519
702.464,441.890,55.918,93.026
702.963,442.440,56.053,93.370
703.203,442.302,55.897,93.853
702.261,441.644,56.152,94.105
703.133,442.340,55.680,94.730
702.663,442.701,55.889,94.192
702.453,443.119,55.678,94.673
702.608,444.951,55.159,95.587
701.071,443.980,55.599,95.424
701.455,445.233,55.579,96.542
701.130,444.491,55.282,96.159
699.442,444.289,55.441,95.996
699.489,445.502,55.113,96.507
697.687,445.564,55.270,96.557
697.286,445.930,54.780,96.276
696.495,445.637,54.537,96.687
695.317,445.896,54.667,96.163
695.853,445.450,53.815,95.389
695.693,445.200,53.537,95.320
695.724,445.982,53.646,94.962
694.657,446.700,53.657,96.090
694.693,447.141,53.749,95.866
693.651,447.806,53.805,97.213
692.498,448.348,53.717,97.838
690.790,449.220,54.341,97.024
689.646,449.743,54.158,96.106
689.069,451.218,54.008,96.110
687.959,452.732,53.704,96.734
688.137,453.789,53.616,97.297
688.909,454.629,53.343,97.511
687.913,455.322,53.346,97.528
687.937,455.765,53.486,97.123
687.333,458.293,53.172,97.697
687.129,458.331,53.081,96.906
686.813,459.048,52.812,97.196
685.668,459.635,53.020,98.325
684.463,460.869,53.393,99.133
684.697,461.793,53.796,98.630
684.038,463.505,54.220,98.364
684.364,464.189,53.962,97.118
684.897,466.400,53.295,96.723
685.153,467.543,53.284,95.825
685.339,467.791,53.439,94.869
685.340,468.557,53.213,94.124
684.763,469.969,53.517,93.662
684.507,470.504,53.450,93.583
684.556,471.607,53.312,94.386
683.893,473.056,53.510,94.864
682.906,473.234,54.019,95.492
683.095,473.377,54.365,95.117
683.714,473.216,54.350,95.235
683.633,474.588,54.267,94.831
683.669,476.171,53.821,93.348
683.147,476.390,53.950,94.679
683.920,477.048,53.663,95.117
684.994,476.694,53.670,95.014
685.183,474.523,54.012,94.607
683.750,475.968,54.229,94.633
684.592,475.345,54.045,94.245
682.737,475.327,54.251,94.448
683.928,474.982,54.128,94.695
684.523,474.971,53.866,94.700
684.031,475.198,54.239,95.195
684.654,475.817,54.375,94.377
684.826,476.842,54.456,92.962
684.338,476.277,54.736,92.845
682.657,475.444,56.378,90.754
681.613,474.074,57.103,90.684
682.132,478.739,57.193,88.787
681.757,476.947,56.892,89.054
682.393,479.936,56.563,88.275
680.634,478.955,56.973,87.850
682.755,479.688,56.267,88.653
681.440,478.843,57.347,87.822
680.316,479.859,57.740,87.772
681.025,483.469,56.894,87.928
680.911,478.845,59.244,84.442
684.062,476.077,58.489,87.220
679.646,445.244,54.523,89.428
683.889,414.640,62.112,88.148
667.520,395.581,67.754,80.636
682.427,360.833,68.937,87.261
679.747,378.005,69.310,80.882
677.406,380.015,68.395,77.217
674.352,383.755,69.248,79.179
673.534,404.313,67.046,85.397
683.345,413.319,71.903,86.242
681.610,428.450,81.229,80.418
695.668,395.270,70.631,99.308
719.595,403.206,76.207,99.862
731.748,412.034,93.882,87.751
722.498,389.382,103.018,95.509
752.906,415.937,93.730,93.833
785.509,429.697,103.369,78.865
783.281,409.757,104.028,84.354
771.509,409.622,99.891,88.803
762.610,421.570,111.397,80.787
756.718,423.410,118.034,75.555
747.917,424.539,133.433,72.752
793.918,429.288,135.919,69.546
740.997,431.345,138.965,69.013
727.812,412.310,127.117,81.906
762.059,396.649,119.604,95.110
796.807,399.804,111.446,97.502
791.911,415.513,106.851,91.413
755.291,423.319,127.857,77.864
740.176,416.531,138.651,76.839
763.696,406.205,112.596,92.189
763.527,412.125,101.465,94.531
791.065,413.409,96.845,91.322
798.016,420.414,99.329,83.340
802.244,419.739,92.502,83.472
806.460,419.483,87.551,84.455
808.344,419.769,86.085,83.543
809.435,420.800,89.019,81.730
807.983,420.756,90.629,81.922
809.915,422.453,93.741,81.569
806.785,426.808,104.897,74.473
795.990,429.650,104.967,74.552
778.340,432.699,110.507,71.831
774.397,424.040,101.076,77.793
782.389,419.535,102.194,80.596
782.254,420.154,98.372,82.148
763.414,416.390,82.174,88.187
766.764,416.417,73.632,87.732
768.808,412.794,68.205,88.210
770.073,411.383,65.003,87.697
772.701,410.313,63.150,86.919
775.669,412.432,60.630,87.115
774.648,411.362,60.323,87.226
772.888,411.459,60.165,87.584
773.262,411.886,59.875,86.469
772.550,410.060,59.742,85.337
770.649,410.148,61.236,84.328
768.576,407.958,61.194,82.608
768.448,407.352,59.665,82.811
767.637,406.400,61.202,79.296
770.728,411.683,71.237,72.672
761.088,413.715,75.612,67.954
775.506,405.880,65.560,73.413
778.069,402.052,59.362,76.096
781.174,399.932,56.542,77.210
786.475,402.403,58.337,76.530
784.249,409.957,56.115,72.089
761.762,408.218,69.751,62.714
781.753,401.617,58.139,72.420
784.534,363.120,50.191,94.628
785.718,371.091,51.046,94.175
774.134,336.476,57.795,96.982
775.346,368.105,69.447,90.129
772.347,380.227,64.397,92.541
757.154,375.796,75.706,83.868
781.281,391.982,72.363,81.065
765.604,381.761,72.955,78.845
791.476,385.943,70.159,82.517
782.282,385.121,61.375,89.697
786.574,387.541,56.313,89.830
796.165,383.507,62.599,83.841
788.594,383.428,55.877,86.036
