720.000,343.000,111.000,138.000
720.688,344.329,105.774,138.106
719.956,344.896,106.194,135.496
720.735,344.948,106.054,136.686
721.884,345.536,106.506,137.706
724.186,349.492,107.679,136.895
724.615,349.101,107.038,136.917
726.203,344.711,103.771,137.785
725.131,343.165,103.362,137.525
726.637,343.708,103.916,136.161
729.334,342.800,101.374,136.927
725.043,343.208,104.113,135.829
723.315,340.529,105.281,136.875
723.110,338.663,104.437,137.161
722.170,338.303,103.445,137.612
718.647,339.097,103.848,137.069
718.783,331.719,102.328,139.170
714.947,330.927,102.425,138.381
712.092,329.560,104.202,138.452
711.054,326.240,103.003,138.956
708.099,324.909,104.767,138.510
710.059,323.408,103.329,138.583
707.769,324.761,103.347,137.864
702.248,326.620,106.247,136.922
699.322,330.919,105.661,136.310
697.064,336.679,105.590,136.717
693.101,342.096,105.453,135.865
686.507,347.176,108.310,134.915
684.996,348.392,107.440,135.290
685.131,347.419,106.523,137.040
686.078,349.823,105.858,136.372
685.163,346.687,108.694,136.144
688.277,344.133,110.132,135.931
694.794,344.187,110.540,136.115
701.870,345.178,110.492,136.238
703.582,341.722,113.066,136.127
709.288,342.323,111.198,134.821
712.420,341.925,110.093,135.381
712.743,340.805,110.517,134.956
714.336,339.404,110.160,135.171
713.445,343.301,109.124,134.158
715.886,338.778,108.395,135.399
717.651,336.947,107.810,135.907
716.789,338.690,105.793,136.372
713.326,340.873,107.349,134.693
715.266,340.329,106.911,134.526
713.771,343.137,107.138,133.917
711.742,342.583,108.536,135.170
712.930,340.328,111.950,136.259
715.650,340.154,111.943,134.744
716.118,337.490,108.625,136.591
721.879,337.115,107.489,136.041
719.832,335.663,106.996,136.237
718.198,338.234,110.131,134.970
715.600,338.050,110.853,134.869
717.164,338.852,110.943,133.946
714.516,339.244,111.618,134.140
716.524,339.046,111.661,133.357
713.692,334.821,111.106,134.804
710.283,335.943,112.024,134.435
707.407,334.612,112.380,135.195
705.960,334.212,112.793,135.484
705.810,335.593,114.822,135.342
705.328,336.028,114.232,135.854
705.313,335.959,114.461,136.070
704.726,337.081,113.496,136.525
705.203,337.254,113.470,136.931
706.761,336.697,114.665,136.293
708.419,332.639,114.755,137.271
708.733,333.767,114.011,136.719
711.222,335.524,113.896,136.404
713.543,334.242,112.481,137.166
714.187,336.726,111.107,136.467
713.549,340.171,110.846,135.095
714.219,339.654,109.609,134.902
714.257,341.029,109.209,134.340
716.253,341.194,109.737,134.671
715.048,339.881,110.192,134.874
717.860,339.778,110.656,136.232
715.493,341.891,111.003,135.108
719.445,340.846,111.208,134.805
717.797,340.854,111.165,134.587
717.808,341.829,111.776,132.546
721.732,335.890,108.219,135.634
722.613,334.280,109.879,135.539
720.648,334.543,111.130,134.694
722.372,333.576,111.842,134.082
723.815,331.625,111.265,134.323
721.898,329.821,111.576,134.631
722.408,326.600,111.017,136.563
724.541,323.915,110.883,135.804
725.219,323.983,111.859,134.541
725.471,321.706,111.340,135.853
729.008,321.055,112.828,134.832
727.084,323.675,112.561,134.279
727.001,322.738,112.282,133.984
726.065,321.269,113.584,133.404
733.540,318.768,111.360,136.058
730.813,322.230,112.644,133.957
735.983,319.741,110.954,134.113
734.942,321.229,112.586,134.109
739.199,322.805,111.640,134.297
737.661,324.547,112.648,133.685
738.900,323.257,110.345,135.723
740.402,322.047,109.316,136.700
742.736,324.006,109.424,135.908
744.027,324.844,107.637,137.094
742.669,327.509,109.209,136.270
739.911,329.291,107.903,135.918
739.190,329.082,105.973,137.546
737.310,330.673,104.735,137.688
737.978,329.566,105.233,136.932
740.021,325.775,104.836,138.977
737.213,325.358,106.233,138.292
737.412,324.367,106.474,138.546
736.440,321.375,110.188,138.078
738.963,318.448,110.138,138.120
738.355,321.144,110.575,137.539
737.225,323.853,110.798,138.538
737.409,332.167,113.932,136.577
749.940,336.018,106.978,138.661
748.077,337.542,106.323,138.813
745.135,337.131,108.639,138.868
737.741,338.978,110.693,137.085
739.393,341.187,109.329,137.011
739.431,343.042,109.931,135.552
741.791,343.001,113.093,133.589
743.457,340.946,114.690,132.421
747.132,340.957,113.598,130.335
752.397,335.398,111.669,132.498
751.834,338.611,113.049,133.625
750.882,332.385,109.768,136.047
750.566,326.314,109.448,136.391
748.870,329.754,111.355,131.193
758.943,319.348,105.725,134.797
766.568,308.901,98.861,138.465
764.682,302.675,97.625,139.723
764.811,300.839,98.851,139.208
765.659,302.788,100.782,138.120
765.054,310.300,100.146,136.514
762.253,315.335,98.434,136.399
761.163,320.117,97.997,135.070
759.772,317.671,96.189,136.316
761.066,315.830,95.202,137.111
763.679,317.317,94.123,137.257
770.683,314.013,92.673,138.580
774.836,308.216,89.985,140.214
779.417,304.629,90.206,140.064
783.914,303.824,93.157,139.353
790.429,299.680,93.134,141.183
794.638,296.490,92.626,142.076
797.580,299.135,91.078,141.458
796.998,310.084,90.684,139.531
801.073,317.663,91.932,139.878
797.139,320.781,92.955,139.376
796.558,321.398,91.234,140.024
798.193,324.714,90.430,140.742
799.863,331.031,91.517,140.497
800.858,332.929,90.051,141.299
805.349,334.540,89.267,146.279
805.231,343.602,91.048,146.854
809.173,346.399,91.401,151.055
809.016,351.902,92.369,150.220
809.732,352.067,92.993,150.520
811.636,355.097,93.189,150.229
813.964,358.818,92.183,149.849
813.219,361.464,92.703,148.187
814.017,365.407,91.818,149.331
809.744,370.191,92.658,149.670
805.948,376.077,96.737,147.515
803.732,376.758,96.408,148.615
800.793,380.013,95.361,149.410
800.075,383.172,94.052,150.204
800.667,386.355,95.447,150.195
802.357,385.976,94.611,150.731
802.492,386.639,94.326,150.564
800.423,386.512,96.800,149.486
804.879,382.273,95.402,150.291
805.054,381.998,95.892,150.600
805.800,383.337,97.684,150.408
803.897,382.504,99.771,151.057
803.990,380.189,99.761,151.521
804.611,378.798,99.397,151.984
805.854,377.492,98.064,155.601
805.840,380.236,100.107,154.932
804.942,381.130,101.481,154.099
804.631,382.186,101.723,153.589
804.694,385.740,100.788,153.383
805.888,386.237,99.728,152.299
806.224,385.763,99.237,152.468
807.675,383.003,99.411,151.964
810.656,381.989,98.261,151.574
808.253,384.486,99.786,148.723
809.552,384.650,98.957,147.311
804.190,383.762,100.802,147.069
804.213,386.714,100.576,146.074
804.564,388.152,101.326,145.779
804.677,388.451,102.376,146.383
807.304,386.172,101.604,146.818
808.588,384.809,102.078,146.907
811.660,383.631,98.904,149.300
807.905,386.089,99.477,148.638
806.256,385.876,100.488,149.993
797.430,384.251,104.502,151.854
791.427,380.179,105.997,154.030
784.267,377.963,108.101,154.820
782.643,377.386,106.773,154.218
777.587,379.766,106.124,152.856
778.452,377.371,104.749,152.776
777.612,373.761,103.340,153.107
769.149,370.396,107.080,152.531
766.467,367.257,107.743,151.988
765.217,366.405,108.473,149.958
764.039,363.731,109.748,149.122
763.974,359.185,109.902,148.949
758.609,355.991,110.800,147.382
754.589,350.851,113.450,147.693
753.744,348.831,113.136,147.282
755.366,347.672,111.515,148.199
753.897,350.680,110.420,147.259
752.776,358.955,108.530,142.147
756.921,357.722,104.271,142.557
754.987,358.165,102.521,143.018
751.049,360.641,104.938,140.760
746.581,360.173,105.857,140.441
743.786,359.936,104.404,140.266
742.321,353.560,101.342,143.499
740.900,351.437,99.342,144.701
737.505,350.984,98.061,144.551
734.120,351.366,97.284,144.186
730.913,352.696,96.644,144.184
730.873,354.164,95.699,144.408
728.550,352.038,94.235,146.172
729.087,351.258,96.018,146.147
727.392,351.130,94.846,145.106
728.297,350.807,93.149,143.883
730.670,352.173,94.550,141.286
731.884,351.699,93.951,140.651
733.642,351.838,91.240,140.538
734.717,357.041,92.100,138.349
735.691,358.057,93.025,138.500
734.666,362.562,93.954,139.339
734.147,364.366,94.032,140.537
735.615,361.505,91.639,141.917
736.501,356.018,92.727,143.277
735.762,354.698,93.209,142.552
737.572,353.450,93.482,141.980
739.638,350.307,92.174,143.680
740.700,346.053,92.681,143.953
744.694,341.594,91.543,144.412
747.210,340.300,92.518,143.551
747.102,337.762,93.954,143.775
748.196,333.567,92.885,145.035
746.553,331.220,95.282,144.686
745.295,327.744,96.113,146.078
743.544,328.542,96.377,144.532
742.570,329.786,96.306,143.500
742.248,330.375,96.053,142.311
742.798,331.298,95.555,140.578
742.484,331.778,94.294,139.834
741.115,334.075,94.509,138.879
741.031,333.940,94.331,139.359
741.302,332.393,93.846,140.474
742.398,332.435,93.946,140.285
742.784,328.696,93.170,141.253
741.926,326.369,92.746,142.314
745.384,323.360,92.322,143.592
742.226,321.958,94.439,143.221
742.575,319.285,96.190,144.142
742.854,319.438,95.261,144.298
743.435,320.575,94.677,145.139
740.839,319.942,94.738,145.440
737.200,318.536,97.906,144.809
735.916,315.888,99.314,146.124
732.533,316.635,98.856,146.013
733.624,319.315,97.055,144.474
729.365,321.342,95.587,144.400
728.360,321.808,93.811,144.391
722.846,320.939,94.984,144.444
724.511,319.103,93.429,144.418
720.158,316.776,93.423,143.961
719.362,315.209,92.297,145.943
715.619,318.214,91.353,146.141
710.265,314.474,90.061,146.020
710.602,311.808,89.492,146.130
710.013,309.164,88.968,146.310
706.632,307.952,87.462,146.849
706.623,307.377,88.555,148.792
704.910,309.786,88.386,147.169
704.664,309.963,89.220,148.687
702.762,311.384,90.117,146.334
700.331,311.134,92.011,145.983
701.226,310.645,93.154,145.941
702.061,309.179,94.254,145.385
703.445,308.436,95.736,145.203
707.523,307.339,95.679,144.851
706.158,306.519,93.215,144.330
706.973,308.825,93.860,141.853
710.578,309.569,92.484,140.407
710.800,308.505,90.591,140.802
714.562,307.522,88.447,140.893
714.459,307.870,88.000,139.683
715.160,305.519,90.109,139.723
716.277,306.226,93.167,139.212
716.292,305.182,99.339,139.052
717.148,304.449,101.143,139.216
717.502,306.375,102.734,137.772
717.329,304.150,103.186,138.742
718.540,306.664,99.848,137.103
719.826,304.221,99.679,137.403
721.750,305.824,96.406,137.298
726.716,306.957,94.711,137.121
729.840,308.095,93.355,136.719
733.979,311.424,93.168,135.967
734.635,314.511,92.650,135.084
738.472,314.586,91.435,135.595
740.151,313.862,90.452,136.358
742.818,315.430,90.655,136.434
744.970,314.824,91.065,137.338
747.933,314.080,92.194,137.581
748.374,312.367,94.302,138.666
748.643,312.738,98.017,138.299
750.214,311.719,99.720,137.923
752.722,311.710,101.303,138.317
756.313,312.300,103.272,138.428
759.462,312.304,103.181,139.032
761.108,314.322,102.391,138.866
764.040,315.933,101.688,138.809
766.744,316.770,99.782,139.089
769.991,317.375,98.960,138.785
769.112,320.664,99.084,138.023
770.748,323.261,98.919,136.842
774.109,323.624,98.952,136.869
777.470,324.691,97.452,136.091
777.204,325.572,97.903,136.435
779.230,334.135,97.946,134.996
778.593,339.859,99.543,131.628
778.779,339.515,101.886,129.999
772.911,336.804,105.149,129.532
768.724,336.292,109.272,127.192
764.230,333.641,111.754,128.357
758.165,329.774,113.420,130.087
760.163,324.742,111.312,133.378
753.625,327.412,112.478,131.593
749.172,325.182,115.441,132.221
746.858,320.917,116.236,135.182
742.490,315.795,118.534,136.657
740.232,316.239,118.553,135.587
740.642,316.103,115.909,134.100
739.267,315.509,115.116,132.716
735.806,315.529,115.083,132.544
731.621,314.227,115.488,135.102
728.177,322.221,115.134,133.692
724.395,327.847,115.146,132.963
724.466,326.969,113.507,135.266
724.081,327.133,111.625,136.193
722.709,329.974,110.324,135.225
721.691,328.442,109.687,135.083
719.609,331.325,109.473,132.556
719.189,326.859,107.984,134.256
714.615,329.181,107.852,133.334
713.923,321.400,104.844,136.869
716.420,321.687,102.367,135.948
717.550,319.890,99.451,133.987
716.356,317.092,94.959,136.347
714.450,315.344,92.908,138.116
712.318,315.397,92.544,139.313
708.055,314.648,91.394,142.402
706.290,314.619,92.889,143.274
703.821,311.605,94.298,145.161
700.566,308.426,93.920,147.298
697.818,308.382,95.614,147.561
695.756,308.312,95.983,148.624
693.848,310.974,95.443,148.830
691.455,312.711,94.724,148.458
691.854,314.076,96.684,148.401
690.737,315.527,96.653,148.789
690.654,317.805,96.015,149.012
691.170,318.352,97.200,149.125
690.655,317.111,97.892,149.765
691.220,316.830,97.742,149.935
692.532,318.336,98.639,148.422
692.538,319.073,98.110,147.701
692.305,316.723,99.063,147.453
693.399,317.096,98.692,146.837
699.482,311.656,97.520,147.775
699.538,310.465,100.015,149.071
702.400,309.742,101.747,148.418
706.698,310.851,102.021,147.384
709.936,309.406,105.825,146.872
711.233,310.719,108.867,145.328
714.515,311.336,111.635,143.453
724.198,306.907,109.494,146.085
731.189,307.178,105.527,149.210
733.681,310.891,104.940,148.760
733.549,311.956,104.855,148.439
738.648,311.698,103.348,149.115
742.135,314.139,102.686,148.808
745.803,315.687,101.357,148.410
747.295,318.337,100.375,149.434
747.141,322.997,99.718,150.489
745.956,328.423,99.442,150.677
746.311,334.277,99.578,149.961
744.174,338.411,100.247,150.621
742.702,336.787,102.925,153.334
739.741,335.500,104.904,155.360
742.026,333.958,105.072,158.288
744.506,329.248,105.318,161.455
747.029,325.971,106.671,162.880
746.814,325.178,108.085,164.875
744.635,330.318,108.577,164.098
741.942,331.059,109.992,163.987
739.175,331.287,110.911,164.209
738.065,333.523,112.549,164.133
738.002,331.977,114.244,165.487
739.274,333.178,114.865,164.620
741.597,335.518,113.953,165.143
744.336,336.122,112.500,164.469
746.454,336.987,111.374,163.446
747.860,337.682,111.822,163.455
