736.000,308.000,77.000,29.000
738.060,307.025,77.900,30.240
737.674,306.431,78.637,30.083
740.226,306.858,79.068,30.358
741.770,306.004,79.703,30.407
742.395,306.433,79.882,30.696
745.293,306.744,80.014,30.422
746.139,306.715,80.419,30.626
748.946,305.917,80.854,31.157
750.262,306.172,81.854,31.083
751.455,306.056,82.194,30.958
752.533,305.742,82.627,30.852
755.124,306.176,82.695,30.834
756.398,306.144,82.818,31.024
757.723,306.234,83.493,30.903
759.671,306.854,83.902,30.925
761.283,306.977,84.288,30.444
762.934,307.574,84.430,29.598
764.584,306.993,84.548,29.959
766.493,306.713,84.596,30.227
768.384,307.448,85.101,29.984
770.322,307.118,85.582,29.983
771.436,306.898,86.068,30.248
773.819,306.459,86.343,30.683
776.006,306.515,86.496,30.789
776.911,305.879,87.103,31.022
778.384,305.676,87.319,31.299
780.334,306.733,87.435,30.901
782.294,305.897,87.635,31.149
783.716,306.263,87.903,30.795
785.674,305.898,87.861,30.927
788.247,306.302,87.619,30.737
790.123,305.723,87.831,31.348
790.954,305.824,88.473,30.925
793.823,306.421,88.257,31.630
796.193,305.876,88.530,31.429
797.654,306.482,88.391,31.098
798.923,305.848,88.582,31.268
800.710,306.126,88.683,30.778
802.545,305.626,89.129,30.489
804.208,306.224,89.627,30.017
806.397,306.806,88.975,29.392
808.577,306.720,88.765,29.123
810.423,306.788,88.908,28.983
812.570,307.163,89.103,28.882
814.725,306.394,88.760,29.211
816.692,306.586,89.276,29.386
819.081,305.919,89.210,30.208
820.738,305.449,89.553,30.204
821.489,305.872,89.725,30.045
824.625,306.683,89.833,29.944
825.798,305.544,89.438,30.475
827.827,305.833,89.441,30.347
829.600,306.152,89.646,30.344
831.970,306.640,89.942,30.325
834.316,306.513,89.712,30.629
835.288,305.924,89.458,30.962
837.073,306.066,89.872,30.846
838.225,306.225,90.146,30.897
839.977,305.516,90.054,30.997
841.554,305.026,90.441,31.379
843.403,304.389,90.773,31.941
845.557,305.021,90.572,32.190
847.092,305.182,90.745,31.979
850.488,304.521,90.279,32.204
851.068,304.272,90.453,32.233
854.263,305.426,89.645,32.021
855.086,305.417,90.508,31.930
857.469,305.687,90.394,31.792
859.066,305.322,90.406,32.100
861.387,305.853,89.959,31.882
862.696,304.690,89.853,32.668
863.943,304.518,90.359,32.632
865.806,304.233,89.880,33.214
867.994,303.850,89.333,33.514
869.943,304.122,89.091,33.231
872.433,304.366,89.042,32.830
873.416,305.096,88.521,32.411
875.216,304.863,88.478,32.074
877.119,305.534,88.609,31.627
878.823,306.242,88.368,31.290
880.092,305.650,88.135,31.426
882.419,306.010,87.828,31.349
882.891,306.148,88.492,31.196
884.716,305.627,88.894,31.437
887.002,305.721,88.946,31.814
887.284,304.988,88.885,32.087
889.094,304.855,88.624,32.433
890.822,304.772,87.891,32.271
892.933,304.539,86.995,32.237
895.689,304.449,86.348,32.324
896.799,304.642,86.360,32.475
898.608,305.011,86.277,32.460
899.950,304.529,85.755,32.131
901.831,304.977,85.507,32.125
904.228,304.807,84.506,32.127
905.610,305.162,84.372,32.045
908.275,304.592,84.143,31.919
909.700,304.237,83.751,32.109
909.682,305.643,83.753,31.784
913.270,305.454,82.800,31.837
914.569,304.611,82.511,32.187
915.583,304.353,82.061,32.329
916.852,304.878,82.613,32.450
918.549,305.162,83.097,32.616
920.484,305.261,82.592,32.826
922.133,305.082,82.513,32.949
922.370,305.260,83.093,32.539
923.980,304.995,82.455,32.274
926.139,305.731,82.290,32.023
927.088,306.122,81.610,32.232
929.192,305.952,81.026,31.956
929.004,306.064,81.210,31.971
932.781,305.308,80.155,32.082
932.683,305.957,80.644,32.172
935.276,306.152,79.496,32.369
935.682,305.523,79.117,32.469
938.703,305.334,78.334,32.298
939.333,306.692,78.409,32.045
940.311,305.901,78.463,31.848
942.596,306.791,78.185,31.715
943.846,306.637,77.856,31.745
943.405,305.920,78.725,31.710
945.297,306.187,78.001,31.816
946.473,305.992,77.506,31.503
947.290,306.933,77.248,31.420
948.719,306.095,77.307,31.626
949.973,306.429,77.421,31.740
951.134,306.076,77.739,31.517
951.251,306.943,77.907,31.430
953.186,307.113,78.434,30.774
953.661,307.005,78.103,30.611
954.463,307.277,77.844,30.937
956.554,306.778,77.371,30.894
957.156,307.148,76.559,30.602
958.765,307.397,75.545,30.336
960.343,307.504,74.793,30.488
961.061,308.524,74.938,29.745
961.742,309.168,74.741,29.446
962.986,311.313,75.334,27.590
963.709,312.157,75.314,26.620
965.798,312.624,74.167,26.541
965.352,313.321,74.352,25.817
964.538,313.424,75.579,25.501
968.178,313.464,75.013,25.377
969.981,312.021,71.807,26.269
974.082,312.535,69.752,25.523
974.854,312.976,68.441,24.933
974.616,313.387,68.359,24.785
976.434,314.733,67.436,24.026
977.296,315.560,65.789,23.307
978.196,314.911,64.353,23.238
980.343,316.041,63.548,22.597
980.327,315.746,62.875,22.634
981.692,316.496,62.607,22.376
984.274,315.591,61.385,22.969
984.012,316.228,61.306,22.639
986.217,316.396,61.039,22.389
986.731,315.687,60.077,22.646
989.083,315.375,59.054,22.761
991.327,316.453,58.852,21.744
992.626,316.522,58.179,21.620
994.467,315.403,58.097,21.709
994.622,316.526,58.539,20.915
994.274,316.698,58.655,20.985
995.112,316.744,58.533,21.077
996.533,317.365,58.526,20.665
997.009,317.153,58.442,20.786
997.606,316.350,58.207,20.875
997.676,317.383,58.530,20.188
996.745,318.233,59.193,19.666
997.469,317.680,58.786,19.960
999.201,316.690,57.479,20.447
999.684,317.573,57.047,20.263
999.974,316.882,56.862,20.501
1000.253,317.159,57.135,20.346
1000.425,316.988,56.856,20.537
1000.464,316.936,56.974,20.416
1000.497,317.014,56.975,20.364
1000.602,317.128,56.798,20.462
1002.114,317.183,56.060,20.505
1001.474,316.864,55.938,20.540
1002.362,317.020,55.676,20.480
1002.541,317.289,55.524,20.320
1002.815,317.208,55.305,20.454
1004.373,317.237,54.553,20.593
1005.107,316.953,53.582,20.706
1006.845,317.396,52.267,20.868
1007.673,317.003,52.053,20.861
1006.933,318.731,52.144,20.319
1008.516,318.214,51.214,20.674
1009.258,317.774,50.954,20.707
1010.138,317.649,50.323,20.855
1011.307,317.092,49.880,21.059
1012.261,316.788,49.197,21.479
1012.119,317.083,49.092,21.376
1012.732,317.394,48.777,21.211
1013.924,317.856,47.840,20.806
1014.930,317.164,46.985,21.044
1015.803,317.720,46.228,20.671
1016.530,317.569,45.735,20.240
1017.078,318.500,45.486,19.920
1017.213,319.143,45.276,19.338
1019.125,319.340,44.060,19.455
1020.652,319.449,43.157,19.555
1021.057,320.229,42.762,19.559
1023.090,320.161,42.006,19.768
1022.563,320.128,41.682,19.363
1023.820,320.736,41.173,18.951
1024.510,321.422,40.888,18.595
1024.470,321.263,40.149,18.057
1025.014,322.186,39.679,17.613
1025.876,321.972,39.363,17.217
1026.170,321.900,39.195,16.991
1026.578,322.727,38.954,17.074
1026.868,321.967,38.843,16.782
1028.527,322.938,38.389,16.855
1027.320,323.069,38.487,16.586
1028.973,322.449,37.959,16.516
1028.843,322.554,37.857,16.549
1028.428,322.303,37.982,16.672
1027.334,322.616,38.875,16.342
1028.093,321.805,38.419,16.684
1028.214,321.427,38.576,16.693
1027.397,321.422,38.722,16.885
1027.766,321.309,39.084,16.981
1028.522,321.620,39.509,17.146
1028.395,320.840,39.549,17.322
1027.305,320.841,40.714,17.515
1026.421,319.948,41.407,18.330
1025.508,320.197,42.274,18.922
1024.563,320.188,43.749,19.020
1022.973,320.695,45.842,19.052
1022.885,320.579,47.647,19.534
1021.576,319.968,49.055,19.978
1019.880,320.578,50.496,20.679
1019.240,319.987,51.972,20.711
1019.008,319.977,53.233,20.633
1018.109,319.693,53.813,20.760
1017.429,318.962,54.548,21.278
1017.497,318.704,55.139,21.682
1017.643,318.638,55.758,21.746
1019.482,318.505,54.971,22.012
1020.487,318.013,54.379,22.050
1021.212,317.654,53.425,21.883
1022.210,317.846,52.460,22.141
1022.237,317.156,51.753,22.147
1021.274,318.530,52.103,21.156
1020.930,317.954,52.166,20.886
1021.057,318.524,52.354,20.448
1020.884,317.981,52.436,20.353
1020.192,318.122,52.870,20.212
1019.166,318.672,53.616,19.908
1019.920,319.088,54.045,20.230
1018.574,319.548,54.880,20.113
1017.583,320.006,55.207,19.870
1017.753,319.637,55.702,19.984
1016.999,320.147,56.432,19.831
1016.563,320.178,57.177,19.877
1015.310,319.837,57.637,19.859
1014.481,320.459,58.706,19.546
1014.651,320.391,58.873,19.448
1009.883,321.190,61.341,18.865
1008.748,321.183,61.841,18.967
1007.126,321.534,62.800,18.735
1005.504,320.983,63.159,18.852
1003.554,321.280,64.549,18.851
999.469,320.606,67.092,19.070
997.516,318.821,69.408,20.236
1001.150,319.182,69.719,20.550
998.905,319.827,71.003,20.418
1001.602,317.964,68.989,21.779
1002.198,318.590,67.160,21.958
1002.357,318.213,67.219,22.100
1002.211,319.092,67.142,22.030
1000.525,319.814,67.826,21.730
1000.593,318.773,67.791,22.486
999.581,318.540,68.604,22.621
997.792,317.766,69.412,23.055
997.605,318.497,69.858,22.948
997.678,317.711,69.587,23.370
995.972,317.459,69.245,23.585
994.549,317.566,68.626,23.664
994.451,317.230,68.158,23.440
993.606,317.429,68.322,23.484
992.537,317.298,68.662,23.394
991.626,317.643,69.470,22.995
989.844,318.033,70.278,22.677
989.679,317.876,71.308,22.738
987.468,318.155,72.472,22.615
986.480,318.112,73.411,22.634
984.335,318.471,74.796,22.568
983.318,319.365,76.342,22.254
982.008,319.035,77.911,21.942
980.213,319.221,79.327,21.516
978.402,320.388,80.859,21.319
978.107,319.514,81.694,21.587
976.747,319.726,81.716,21.790
974.738,319.836,81.967,21.616
973.299,319.844,83.198,21.312
969.452,321.296,86.116,20.963
966.226,321.775,87.941,21.090
965.274,321.921,88.899,21.311
962.881,321.434,89.937,21.390
962.087,322.172,89.139,21.524
963.036,321.827,87.512,22.170
961.527,321.395,87.428,22.608
961.359,320.799,87.830,22.860
959.944,319.292,87.701,23.951
958.827,320.029,86.881,24.159
958.534,315.745,85.854,25.873
956.707,316.478,86.486,26.509
955.502,315.345,85.727,27.547
953.621,314.941,85.716,27.850
953.535,314.985,86.192,27.947
952.468,315.243,88.044,27.701
951.320,314.814,90.466,27.633
950.176,314.148,91.448,28.269
949.166,313.579,92.562,28.668
947.860,313.586,94.660,28.394
945.886,312.787,95.460,28.889
943.225,312.892,93.332,28.578
943.643,313.223,93.776,28.240
941.738,313.447,95.485,28.235
939.839,312.109,95.687,29.141
938.948,312.317,96.198,28.978
935.283,311.589,93.821,29.556
936.650,316.179,95.320,26.475
933.862,316.520,96.763,26.368
930.234,315.873,95.376,26.860
930.975,315.631,93.932,27.208
928.502,315.726,93.121,27.244
927.032,314.961,92.040,28.173
926.105,314.335,91.707,28.362
924.564,315.575,92.044,27.426
922.601,316.390,93.066,26.898
920.825,316.494,92.320,26.550
918.932,316.487,91.514,26.363
916.896,317.388,92.554,25.737
916.276,317.107,93.523,26.266
914.204,316.743,93.254,27.036
913.375,316.895,93.418,27.516
911.943,315.536,93.239,28.318
911.329,315.594,95.152,28.351
909.584,312.056,95.526,30.765
907.973,311.319,94.387,31.244
906.445,312.180,94.925,31.983
905.649,311.039,94.707,32.139
904.863,311.745,96.107,31.903
903.283,312.387,97.130,31.220
902.475,311.743,98.340,31.961
901.889,311.560,99.379,31.874
899.132,311.278,99.166,32.623
899.138,312.311,97.707,32.952
898.767,312.516,99.372,32.672
894.363,311.470,97.186,33.029
894.732,310.935,96.133,32.999
892.125,313.499,96.923,32.254
890.295,311.118,96.745,33.055
887.583,311.175,96.634,33.322
884.924,311.198,95.967,32.928
882.868,311.425,95.725,32.868
881.406,311.567,95.551,33.014
879.420,310.934,94.854,32.941
876.906,312.025,94.791,32.939
875.189,311.755,94.595,33.038
871.789,311.127,94.510,33.475
867.274,312.175,94.614,33.674
865.780,311.640,94.008,33.558
862.043,312.544,94.215,33.524
860.358,312.549,94.614,33.647
858.450,311.763,94.636,34.088
855.861,311.714,94.465,33.772
852.854,312.197,94.550,33.623
850.782,311.778,93.923,33.328
848.236,311.960,93.616,33.639
844.564,312.148,93.862,33.492
841.382,312.369,93.443,34.023
837.890,312.618,93.338,34.203
831.673,312.595,94.182,34.352
826.032,313.077,93.705,34.310
821.776,311.497,92.902,35.037
813.307,311.875,93.016,35.473
805.973,312.861,92.430,35.313
800.719,313.101,91.437,35.301
794.954,313.188,91.022,35.230
789.375,313.361,90.868,35.055
784.973,313.763,90.042,35.004
781.010,314.651,90.202,34.700
776.773,314.555,89.979,34.048
772.515,313.803,90.172,34.376
768.902,314.451,89.163,35.215
766.221,313.644,88.729,35.685
764.179,313.484,89.390,35.928
762.229,313.811,89.924,35.471
759.034,314.070,88.952,35.312
757.531,313.655,88.641,35.169
755.950,314.009,88.437,34.770
754.516,314.023,87.973,34.779
752.593,314.187,87.781,34.900
751.752,313.689,87.310,34.666
750.244,313.937,87.640,34.292
748.230,314.000,87.679,34.167
746.506,314.161,87.623,34.125
745.336,313.469,86.646,34.765
743.670,314.044,86.259,34.753
742.162,314.595,85.632,34.365
741.262,313.239,85.004,34.165
739.672,313.871,84.981,34.174
738.567,312.413,83.497,34.382
735.608,311.805,81.617,34.416
734.940,312.209,81.396,34.421
733.639,312.396,79.636,34.172
732.103,312.274,79.246,34.205
731.135,312.556,79.017,34.284
730.708,311.505,79.608,34.407
730.477,311.016,81.228,34.716
727.073,311.978,77.617,35.224
728.674,311.030,78.949,34.820
725.974,311.706,76.843,35.210
727.249,311.433,76.660,35.136
724.787,311.892,75.251,35.279
725.295,313.114,75.088,34.367
724.964,310.923,74.217,35.012
724.791,312.056,75.547,34.263
725.124,312.744,76.836,33.377
724.169,314.068,76.278,32.282
726.227,314.719,76.629,31.151
725.622,313.612,76.043,31.367
727.110,315.283,74.953,31.139
729.995,316.186,75.703,29.116
729.697,318.524,77.922,27.066
731.447,317.106,76.681,27.459
735.466,313.009,74.200,28.888
738.568,314.184,72.395,30.014
742.084,313.976,71.459,29.506
745.229,313.968,70.325,28.715
748.782,313.400,68.719,28.716
752.759,313.376,69.427,27.627
755.605,313.471,69.955,27.425
761.341,313.946,70.556,26.740
767.713,313.459,71.499,26.636
771.145,314.003,70.499,27.020
776.003,309.367,69.731,28.666
774.570,309.636,68.312,29.486
775.688,310.352,68.589,29.593
776.683,311.133,69.517,29.526
777.008,309.991,69.104,30.288
775.269,310.159,69.855,30.494
774.277,309.939,70.770,30.077
773.616,309.614,69.897,30.603
772.511,310.953,71.187,30.076
770.937,310.337,72.358,29.813
770.013,309.926,71.361,30.632
769.020,308.852,70.102,31.517
768.472,308.146,69.577,31.357
768.261,310.340,70.010,30.053
767.813,311.667,70.417,29.007
766.361,312.939,70.709,27.568
764.820,311.811,69.497,27.207
763.474,313.257,67.627,26.837
764.167,311.692,67.083,27.086
762.081,311.843,65.576,27.325
762.438,313.026,66.857,25.843
761.566,315.704,67.981,24.632
760.771,315.018,68.802,24.790
760.033,316.769,69.573,24.104
759.576,317.207,71.098,23.386
756.698,316.969,68.647,23.411
756.913,316.172,67.720,23.136
755.113,315.668,65.427,23.391
753.940,316.811,64.780,23.015
753.379,317.506,62.812,22.860
753.317,317.059,61.652,22.867
753.281,317.758,61.293,22.795
754.518,317.226,62.951,22.622
753.559,316.681,63.800,22.725
751.791,317.716,63.089,22.928
752.304,317.108,63.749,23.164
750.789,317.220,63.777,23.789
750.607,318.241,64.926,23.622
749.520,317.548,63.895,23.921
747.642,317.748,62.531,24.053
748.447,317.820,63.143,23.771
746.688,317.929,63.821,23.675
746.357,317.214,64.423,24.200
745.369,318.508,64.444,23.300
743.254,318.338,62.514,24.177
744.104,317.500,60.754,23.868
743.899,317.601,60.342,23.492
742.289,317.501,57.954,23.755
742.169,317.512,56.895,23.607
743.245,317.362,57.409,23.238
742.373,318.618,57.564,23.188
740.806,317.399,56.251,23.806
742.058,318.329,56.532,23.090
741.478,319.717,56.974,22.829
740.426,319.464,56.617,23.093
739.941,318.304,56.103,23.349
739.484,318.893,54.584,23.372
738.605,318.849,53.746,23.024
740.314,319.722,56.328,22.320
737.557,319.398,55.411,22.155
736.969,319.355,55.389,21.784
736.547,319.520,55.637,21.497
735.859,319.071,53.906,21.374
736.282,319.198,54.637,21.075
735.802,319.569,55.777,20.931
735.157,319.334,56.647,20.813
734.233,319.467,57.151,20.810
732.572,318.894,54.384,21.787
732.271,318.178,51.744,22.162
733.201,317.899,49.122,22.651
733.388,317.751,47.175,22.567
733.695,317.696,44.274,22.823
733.004,318.219,41.469,23.109
734.407,318.405,40.591,22.664
734.492,318.688,39.515,22.256
733.588,318.733,38.934,22.055
733.412,318.184,38.781,22.036
733.324,318.834,38.431,22.092
732.243,319.224,38.590,22.237
731.649,319.312,38.108,22.141
731.733,318.399,38.165,22.106
731.154,319.295,38.450,21.996
729.111,319.656,39.545,21.622
728.607,320.191,39.831,21.687
728.155,319.152,40.086,21.816
727.166,319.842,40.293,21.871
727.242,319.461,40.164,22.012
726.397,319.279,40.686,21.898
725.859,318.867,41.083,22.117
726.367,318.885,41.006,22.327
726.219,318.490,41.773,22.069
726.107,317.990,41.794,22.489
725.505,317.644,41.451,23.071
724.494,318.102,42.521,22.463
725.485,318.528,42.101,22.671
724.652,317.905,42.279,22.555
725.074,318.160,42.253,22.498
725.768,317.436,41.794,22.603
726.777,317.010,41.545,22.895
727.548,315.830,40.760,23.283
727.077,316.431,40.777,23.587
726.557,315.198,41.225,23.428
726.415,315.998,41.577,23.147
726.279,316.328,41.669,22.741
726.816,316.175,41.135,22.910
727.667,315.954,40.876,22.851
726.736,316.761,41.412,22.501
726.732,316.593,42.016,22.149
724.936,317.179,42.907,21.709
727.283,315.665,41.946,21.696
728.061,315.905,41.026,21.747
727.906,316.062,40.795,21.409
728.901,316.782,40.431,21.258
728.226,317.149,40.072,20.990
729.079,317.336,39.728,20.483
729.377,317.010,39.952,20.050
730.071,317.828,39.958,19.256
729.563,318.802,40.409,18.988
728.669,319.319,41.438,18.644
728.792,319.140,42.221,18.384
728.972,319.265,43.114,18.190
728.719,319.258,43.220,18.290
729.554,319.337,43.689,18.234
728.871,318.939,44.554,18.148
728.621,318.867,45.444,18.378
728.926,318.370,46.053,18.912
728.691,318.411,46.597,19.266
728.014,317.594,47.242,19.413
727.637,318.312,47.786,19.662
728.473,317.160,48.320,19.892
728.620,315.931,49.108,20.336
727.792,315.988,49.467,20.901
728.406,316.342,49.799,20.853
729.237,315.991,50.028,20.942
729.000,317.977,50.403,20.551
729.340,317.525,51.115,20.213
729.789,316.679,51.351,20.612
729.518,316.704,51.706,21.262
730.282,315.747,52.185,22.133
729.228,317.303,53.438,21.512
729.287,316.207,54.195,21.801
730.481,316.536,54.917,21.789
730.713,317.375,55.494,21.086
729.654,318.875,56.595,20.377
731.006,316.862,56.972,20.974
730.923,317.379,57.566,21.034
730.986,317.491,58.247,20.850
731.564,317.194,58.219,20.779
732.654,317.624,58.325,20.386
732.676,317.244,58.728,20.526
733.355,316.993,58.608,20.948
733.336,317.368,58.930,21.207
734.807,317.161,59.136,21.505
734.799,316.244,59.817,21.718
734.111,316.184,60.644,22.366
734.255,314.964,61.550,23.021
733.982,315.198,62.820,23.334
734.204,314.910,63.461,23.583
734.143,314.718,64.854,23.862
733.547,313.570,66.168,24.354
733.752,312.896,66.819,24.811
734.579,313.643,67.664,24.792
735.817,312.380,67.946,25.471
734.868,313.078,69.109,25.128
735.785,312.811,69.275,24.994
736.823,311.580,69.255,25.487
738.815,312.066,69.115,25.677
738.634,312.955,70.057,24.940
738.642,313.488,70.358,24.747
739.374,313.569,71.338,24.562
739.651,313.549,71.953,24.486
740.674,313.772,72.030,24.449
741.747,313.771,72.162,24.617
742.123,313.056,73.192,24.778
741.966,313.667,73.794,24.654
742.223,313.526,74.398,24.746
743.565,313.184,75.074,24.996
744.185,312.870,75.858,25.220
743.908,312.906,76.812,25.353
746.274,311.813,76.767,25.933
747.864,312.230,75.973,25.630
749.173,312.112,76.043,25.463
749.265,312.601,76.899,25.269
749.774,312.707,77.586,25.388
750.454,312.760,78.053,25.477
751.105,313.597,78.819,25.303
752.598,313.113,78.630,25.581
753.760,312.387,78.972,26.463
755.416,311.621,79.335,26.926
756.735,312.660,79.330,26.745
757.511,311.398,79.287,27.454
757.395,311.615,80.184,27.288
760.150,311.162,80.002,27.783
759.125,311.216,81.057,27.509
759.990,311.993,81.528,27.069
761.935,311.368,81.656,27.256
763.721,312.781,81.317,26.980
764.832,311.241,81.660,27.572
767.266,311.277,81.459,27.420
767.898,312.411,81.714,27.030
768.005,311.580,82.532,27.346
768.624,311.442,83.816,27.274
770.447,310.968,83.553,27.647
770.661,311.646,84.043,27.438
771.604,311.439,84.581,27.733
774.937,310.833,83.936,27.635
774.169,310.966,84.922,27.477
775.752,311.370,84.854,27.622
777.091,310.926,84.753,27.852
778.449,311.139,84.971,27.532
780.717,311.325,84.573,27.557
780.234,310.985,85.589,27.416
782.399,310.810,85.652,27.487
783.110,310.881,85.606,27.512
785.438,310.806,85.708,27.734
785.442,310.496,86.279,27.923
786.811,310.460,86.784,27.814
786.450,308.861,87.141,29.105
787.991,308.980,87.725,29.336
790.273,309.304,87.344,29.477
790.162,309.250,88.419,29.588
792.463,309.614,88.348,29.331
792.488,309.501,88.478,29.393
794.383,309.509,88.891,29.320
796.367,309.579,89.039,28.965
796.951,310.061,89.275,28.556
797.837,310.348,89.182,28.410
799.033,310.772,89.657,27.925
799.999,310.805,90.389,27.928
801.598,310.698,90.627,27.972
802.892,310.468,90.816,28.419
805.038,309.882,90.360,28.429
805.164,310.164,90.616,28.396
808.955,310.849,89.655,28.686
810.265,310.315,89.644,28.509
811.607,310.007,89.010,28.674
812.117,311.280,89.662,28.040
813.860,310.341,89.834,28.353
815.935,310.214,89.362,28.315
818.153,310.530,88.480,28.261
819.645,310.491,88.182,28.465
820.948,310.461,87.988,28.523
822.601,310.441,87.980,28.454
822.395,310.091,88.818,28.837
823.352,309.838,89.542,28.923
823.530,309.980,90.247,28.770
823.968,309.974,91.673,29.304
825.806,309.148,91.633,29.489
827.938,309.532,91.070,29.484
830.314,309.169,90.904,29.776
830.746,309.002,91.521,29.849
832.542,309.830,90.437,29.753
835.434,308.818,90.047,30.208
835.354,308.597,90.547,30.598
836.893,308.620,90.237,30.705
838.558,308.120,90.617,30.842
840.719,308.098,89.991,31.098
843.602,308.357,88.846,30.815
845.609,308.250,87.862,30.817
847.426,308.098,87.425,31.164
849.734,308.234,87.040,31.112
848.043,309.053,88.478,30.621
851.897,308.114,87.542,31.509
852.422,308.227,87.999,31.650
854.285,308.664,88.304,31.900
857.382,307.950,87.776,32.007
858.426,308.743,87.851,31.830
859.075,308.699,88.073,31.676
860.293,308.774,88.544,31.546
861.698,309.611,88.998,31.185
862.588,308.567,88.990,31.315
864.221,309.000,88.894,31.383
865.798,308.411,88.694,31.746
866.950,308.197,89.213,31.925
867.727,308.247,89.589,31.733
868.781,308.123,88.818,31.645
871.166,308.484,88.048,31.387
871.916,308.681,88.055,31.333
873.298,308.820,86.990,31.264
874.729,309.123,86.722,31.063
875.434,308.764,86.847,31.128
878.341,308.731,86.481,30.818
878.302,309.009,87.234,30.911
879.780,308.717,87.696,31.006
880.810,308.457,87.779,31.547
883.714,308.620,87.002,31.454
885.058,308.811,87.216,31.539
886.564,308.712,87.503,31.445
887.737,308.072,87.657,31.775
889.198,307.398,87.141,32.521
890.590,306.958,86.893,33.280
890.981,306.560,86.846,33.275
892.138,306.941,87.224,33.522
893.958,306.732,86.968,33.806
895.660,306.181,86.764,33.676
896.632,306.128,86.951,33.806
897.548,306.964,87.278,33.479
898.643,307.080,87.251,33.678
900.378,306.900,86.879,33.445
902.407,306.945,86.304,33.550
903.503,306.941,86.212,33.471
905.408,307.209,86.010,33.241
906.449,307.718,85.587,33.295
907.804,308.139,85.460,33.075
908.320,307.598,85.635,33.016
909.085,307.172,85.672,32.899
911.947,308.019,85.031,32.432
912.547,307.606,83.920,32.160
913.746,307.786,83.335,31.797
916.603,308.219,82.346,31.370
916.760,308.262,82.294,31.147
919.216,308.846,81.666,30.894
920.069,308.278,81.663,31.025
921.539,308.772,81.719,31.284
922.604,309.157,82.182,31.440
923.120,308.665,82.431,31.669
925.232,308.138,81.615,32.097
926.140,308.314,81.472,31.989
927.197,307.562,81.354,32.165
927.920,307.216,80.579,32.106
929.794,308.451,80.188,31.788
931.522,307.660,79.443,31.507
933.457,307.201,78.246,32.019
935.053,306.875,77.358,32.155
936.523,307.177,76.665,31.844
937.212,307.733,76.231,32.084
938.250,307.224,76.381,31.950
940.538,307.083,75.277,32.093
940.563,307.744,75.513,31.991
941.637,307.385,75.608,31.912
943.002,308.226,75.441,31.978
942.748,308.558,75.446,31.892
943.978,308.828,75.772,31.403
944.517,309.239,75.759,30.925
945.918,309.864,75.875,30.446
947.935,309.240,74.662,31.023
949.801,308.860,73.437,31.681
950.556,309.027,73.167,31.631
951.401,310.430,73.598,30.701
950.327,311.818,74.847,29.057
950.955,313.584,75.065,27.943
953.406,312.182,73.706,28.038
954.258,313.748,72.875,27.608
956.017,311.631,70.727,28.313
957.549,312.572,69.920,28.409
958.897,312.578,68.809,27.988
960.011,312.114,68.309,28.364
959.529,314.232,68.946,26.740
962.017,312.833,68.082,27.222
963.871,313.908,66.820,26.912
964.759,313.745,66.090,26.472
964.821,315.748,66.764,25.346
964.709,314.895,67.208,25.009
966.203,314.339,67.143,25.119
965.451,315.855,68.313,24.387
966.795,315.375,67.145,24.533
972.187,314.543,64.316,25.346
972.400,315.595,63.613,24.864
975.772,316.555,62.078,24.194
975.190,318.289,62.299,23.501
977.511,316.843,61.378,23.384
978.969,318.697,60.894,22.753
981.528,319.013,60.195,22.617
982.928,318.572,59.584,22.489
984.510,319.501,58.669,22.636
986.677,319.354,57.880,22.703
987.496,319.837,57.337,22.694
987.235,319.585,56.993,22.420
987.537,319.351,56.431,22.251
985.340,319.712,56.453,22.274
984.901,319.866,55.679,22.419
985.224,319.411,55.216,22.593
985.367,319.042,54.567,22.667
985.635,319.607,54.237,22.313
985.697,320.106,54.016,22.144
984.858,319.772,53.811,21.653
983.788,320.303,53.125,21.612
982.674,321.370,52.789,21.490
982.486,320.489,52.113,21.233
979.740,321.918,52.221,20.862
978.264,322.606,51.218,20.948
976.977,322.115,50.977,20.689
970.399,323.453,50.824,20.912
958.042,323.749,51.175,20.585
944.379,324.587,51.817,20.428
933.387,325.602,51.258,20.344
928.732,325.682,50.866,20.684
926.670,325.278,50.767,20.502
922.562,326.532,50.425,20.247
919.387,326.629,50.278,20.101
916.968,327.868,50.164,19.733
914.326,327.096,50.306,19.972
910.870,326.524,50.193,20.131
908.049,328.017,49.893,19.831
905.397,327.627,49.508,20.004
903.598,328.256,49.029,19.994
902.859,328.707,48.105,19.838
901.451,327.987,47.705,19.826
902.140,328.419,47.483,19.671
902.864,327.680,46.991,19.862
903.159,328.165,46.648,19.896
903.527,329.024,46.431,19.877
902.501,328.697,46.559,19.911
903.730,328.353,45.677,19.922
903.266,329.203,45.153,19.950
904.024,328.219,44.545,20.215
903.765,328.488,44.314,20.411
902.889,329.253,43.969,20.556
900.711,328.988,43.527,20.410
901.153,328.713,42.293,20.812
900.395,328.495,41.590,20.899
897.283,330.077,40.957,21.134
895.253,327.816,40.901,21.350
893.829,329.060,40.671,20.915
891.073,329.350,40.450,21.079
887.460,328.913,39.860,21.240
884.225,329.359,39.717,21.008
881.654,330.137,39.439,21.136
879.582,329.824,39.518,21.321
878.441,329.545,39.798,21.604
874.709,329.477,40.344,21.838
871.335,330.248,40.770,22.065
867.240,329.225,40.834,22.405
865.373,329.347,41.393,22.049
863.759,329.793,41.948,22.074
862.623,328.969,42.127,22.022
861.384,329.041,42.622,22.342
861.172,329.122,43.024,21.796
860.872,328.604,43.360,21.595
858.884,329.418,43.943,21.383
858.951,330.051,44.197,21.250
858.005,329.429,44.843,20.832
856.600,328.509,45.511,20.813
856.513,329.161,45.896,20.866
855.752,328.429,46.954,20.649
855.131,328.019,47.337,20.902
854.737,328.104,47.706,21.131
854.282,327.808,48.159,21.028
853.638,327.985,48.769,20.890
853.243,328.269,49.315,20.906
852.905,326.372,49.783,21.230
852.906,325.000,49.617,22.141
851.297,324.949,50.393,21.916
851.587,324.052,51.053,22.177
850.155,324.878,51.650,22.312
849.935,324.100,52.867,22.344
848.664,323.554,53.438,22.633
848.072,326.422,53.931,22.153
847.692,324.619,54.402,23.100
847.525,322.234,54.934,24.135
847.253,324.494,55.363,23.808
846.905,324.551,56.049,23.480
845.949,323.316,56.561,24.064
845.771,325.742,56.331,23.894
845.428,326.194,57.119,23.388
844.168,327.919,58.045,23.008
842.179,327.632,58.841,23.029
841.319,326.564,59.294,23.505
842.128,326.971,59.960,23.300
840.860,324.867,60.215,24.166
841.146,327.172,60.374,23.888
839.973,326.478,61.165,23.635
837.814,327.482,62.552,22.907
837.240,326.273,63.099,23.284
835.547,325.946,64.001,23.653
834.635,327.221,64.804,23.833
834.069,327.000,66.082,23.672
832.677,324.058,66.774,25.291
831.166,325.414,67.522,25.471
830.222,325.119,68.510,25.582
829.901,324.853,68.538,25.433
828.274,326.000,69.121,25.636
826.447,326.820,70.018,24.547
826.698,323.438,70.205,25.298
827.849,323.482,69.974,25.853
825.825,325.278,70.836,25.378
824.938,323.877,70.653,25.469
823.966,323.680,70.079,26.263
822.849,324.881,70.610,26.153
824.698,324.387,70.777,25.931
822.777,325.143,71.236,25.578
821.999,326.498,71.379,25.773
820.161,327.853,72.226,25.160
818.627,327.222,73.065,24.625
815.918,327.381,73.759,24.318
816.683,328.616,74.664,24.506
815.445,328.475,74.970,24.335
814.606,326.513,75.017,24.299
811.836,327.703,75.836,23.742
811.137,327.462,76.904,24.295
809.293,328.366,77.342,24.803
808.320,328.220,78.418,25.210
806.372,326.886,78.843,25.799
805.657,326.774,79.812,25.659
801.102,326.989,80.243,25.530
797.696,327.469,80.178,25.618
796.472,327.316,80.803,25.763
793.347,327.617,81.724,25.693
789.694,327.036,81.850,26.105
788.064,327.893,83.878,25.584
786.389,327.396,83.867,26.410
786.077,325.426,83.696,27.616
784.786,326.194,84.276,27.471
782.631,327.405,85.724,27.145
781.067,327.146,86.866,27.251
779.665,326.841,87.773,27.305
779.377,327.073,88.054,27.667
779.449,326.763,87.554,27.789
778.659,326.140,87.093,27.785
778.495,326.265,87.042,27.678
777.222,325.546,86.657,28.008
776.546,324.841,86.431,28.284
777.343,324.481,87.607,28.500
775.377,325.166,88.138,27.891
775.694,328.464,89.124,25.678
772.496,329.540,88.650,25.052
771.077,328.089,89.156,25.355
770.144,328.326,89.894,25.176
768.907,329.069,89.204,25.401
767.825,329.266,89.686,25.141
766.838,327.634,90.090,25.797
767.883,329.694,90.697,25.167
770.714,331.019,91.781,25.146
770.195,328.899,91.526,25.961
771.511,329.276,91.278,26.848
769.634,330.794,92.902,26.934
769.260,330.535,93.461,27.393
767.333,330.984,94.498,27.348
766.261,330.704,96.045,27.156
765.796,331.751,97.801,26.670
764.326,330.541,100.355,26.487
760.180,330.444,100.190,27.706
760.207,329.166,100.272,29.085
759.227,328.827,102.463,29.086
756.201,329.113,102.070,29.161
754.638,330.166,101.752,28.641
751.363,330.440,99.909,28.840
751.483,330.068,99.501,28.884
749.708,331.031,99.077,28.336
747.157,331.160,98.626,27.764
745.747,331.594,97.565,27.258
744.583,332.158,98.490,26.757
741.551,331.966,98.507,26.182
740.674,331.113,98.204,26.660
738.922,330.994,99.046,27.183
736.885,329.382,98.619,28.480
736.056,327.872,97.934,29.611
734.292,327.104,96.685,30.709
732.158,326.290,96.028,31.776
731.763,325.309,95.924,32.363
730.670,325.130,95.736,32.475
727.046,325.708,95.878,32.276
725.595,325.259,95.759,32.422
724.831,324.818,95.784,32.758
723.231,323.589,96.350,32.880
720.785,323.363,94.509,32.992
719.889,324.478,94.899,32.788
718.456,322.902,95.262,32.590
717.943,323.613,95.033,32.973
715.753,323.345,94.611,32.849
712.860,322.909,94.649,33.017
712.372,322.908,94.664,33.330
711.568,322.812,94.131,33.919
708.575,322.590,93.765,34.099
707.481,323.120,93.803,34.151
706.598,322.127,93.532,33.728
706.938,321.333,93.516,33.536
704.978,320.542,92.591,33.436
702.945,321.257,92.273,33.432
702.609,318.035,92.754,33.989
700.072,317.554,92.009,34.177
697.780,317.073,91.826,33.665
695.718,317.467,91.994,33.762
694.941,317.654,92.077,33.905
693.327,317.809,91.704,34.358
691.699,317.779,91.541,34.442
689.991,317.604,91.830,34.528
688.494,317.340,91.185,34.806
687.516,316.474,91.080,34.572
686.032,317.142,91.461,34.981
684.531,316.440,91.159,35.444
683.159,316.668,91.282,35.325
682.121,317.070,91.221,35.171
680.080,317.473,90.739,34.905
678.656,317.929,90.752,34.885
677.021,317.492,90.602,35.150
675.549,316.802,90.642,35.479
674.667,316.327,91.241,35.407
673.025,315.891,90.277,36.387
671.957,315.682,89.120,36.856
670.881,315.536,88.364,36.889
669.452,316.819,88.657,36.729
668.052,315.937,87.715,35.993
667.172,316.110,86.681,35.886
664.727,316.584,86.562,35.718
663.509,316.099,86.159,35.430
662.913,315.972,86.248,35.269
662.430,316.289,86.091,35.028
661.077,316.472,85.667,35.668
659.714,316.441,85.385,35.782
658.526,316.233,85.374,35.988
657.639,316.507,85.722,35.925
656.412,316.746,85.908,35.976
655.460,316.400,84.520,35.877
654.792,316.484,84.393,35.290
653.736,316.514,83.224,34.839
652.055,316.440,80.510,34.617
651.222,315.509,78.608,34.565
649.189,316.109,77.576,34.124
649.388,315.895,77.332,34.437
647.219,315.794,76.120,34.060
646.139,316.092,75.866,34.302
644.561,316.775,75.718,34.464
643.489,316.646,75.618,34.538
642.446,316.067,75.203,34.822
641.087,316.592,75.186,35.048
640.952,316.093,74.193,35.127
639.092,316.894,74.151,35.008
637.982,316.470,73.726,34.919
637.441,316.358,72.341,34.677
636.903,317.061,72.311,34.495
635.925,316.765,71.705,34.778
634.636,316.278,70.387,35.104
633.818,316.191,69.552,34.737
632.966,316.241,68.596,34.162
632.124,317.073,68.578,33.803
631.437,316.647,67.843,33.622
630.376,316.999,66.944,33.538
628.896,317.284,66.129,32.757
628.659,318.559,66.179,32.254
626.259,318.604,65.567,31.922
626.317,318.783,64.658,31.937
625.405,318.693,63.448,32.101
624.859,319.925,62.570,31.281
624.092,319.938,61.267,31.078
623.689,320.635,60.030,30.286
622.475,320.860,59.534,29.661
622.198,320.100,58.936,29.932
620.981,321.623,58.719,28.657
620.103,321.980,58.191,28.098
619.058,323.613,57.664,27.227
618.727,323.387,56.350,26.471
618.536,325.043,56.542,26.076
616.293,324.334,55.849,26.055
615.590,324.449,54.682,26.179
615.271,324.022,53.691,26.107
613.857,323.796,53.128,25.773
613.765,323.698,52.618,25.873
613.362,325.773,53.534,24.051
611.280,326.015,53.118,23.602
609.966,326.843,52.178,23.209
610.462,327.017,50.617,23.387
609.870,327.589,49.875,23.032
609.540,327.621,49.922,22.378
607.732,327.391,48.289,22.784
607.594,327.859,47.725,22.781
607.191,328.132,46.788,22.765
606.891,327.361,46.242,22.392
605.890,327.441,44.210,22.682
606.372,326.887,43.385,22.499
605.298,327.187,42.331,22.354
604.651,326.641,41.990,22.338
605.059,327.168,41.948,22.335
603.693,326.684,41.962,22.266
602.945,326.398,41.116,22.595
602.803,326.041,40.351,22.846
603.104,326.468,39.463,22.863
