839.000,49.000,154.000,414.000
823.776,55.785,154.906,420.718
815.200,58.350,151.709,421.860
813.540,70.862,154.153,423.551
806.605,80.438,153.719,422.315
806.724,80.750,152.034,421.362
795.988,74.072,160.459,418.489
790.024,67.451,160.136,415.948
779.371,67.365,157.389,413.919
767.857,68.703,154.118,411.370
761.101,74.096,150.878,410.620
753.217,83.873,147.623,407.696
756.651,82.311,145.502,406.118
752.790,84.671,142.510,403.687
740.094,99.711,142.148,402.197
730.129,112.595,142.193,399.741
724.809,121.428,142.120,396.280
730.866,128.838,143.143,395.298
738.887,130.743,142.803,394.320
754.463,127.968,141.321,394.617
771.563,123.429,143.814,392.896
788.373,121.906,145.058,393.995
806.542,120.474,143.632,397.697
824.232,117.778,143.154,401.652
835.431,117.052,146.389,401.481
841.084,114.877,148.325,403.720
847.945,117.520,148.383,404.398
847.059,111.931,151.436,407.723
847.988,114.334,153.681,406.991
850.913,114.023,152.320,408.486
857.419,115.918,151.227,408.561
869.618,126.898,147.222,407.648
867.741,123.681,146.554,409.081
864.384,116.240,146.909,411.274
869.451,114.222,145.480,410.495
866.485,110.896,145.503,413.462
873.048,111.129,145.782,413.367
877.698,103.946,148.581,416.223
884.735,95.288,147.577,416.141
885.931,94.593,148.936,418.765
887.645,95.589,149.060,416.934
885.249,97.675,152.524,416.319
882.962,101.546,158.506,410.230
885.686,101.803,163.854,406.937
901.513,95.585,175.405,409.516
917.944,93.969,187.760,420.824
927.487,85.956,201.207,435.952
931.008,66.058,215.702,457.044
939.042,49.846,230.256,479.915
960.550,30.831,232.465,511.252
983.124,14.219,230.186,546.870
983.508,8.245,237.848,574.467
986.252,7.932,229.164,591.632
985.385,9.088,219.318,598.284
971.881,2.876,220.257,598.804
967.921,4.723,222.829,608.006
976.423,14.116,219.802,613.668
965.750,30.405,223.093,609.371
964.630,35.204,227.634,608.461
953.462,50.564,226.498,608.412
936.005,66.050,234.191,598.210
916.306,80.806,246.332,581.601
899.433,88.416,251.784,574.901
903.431,90.468,252.662,573.905
892.048,89.723,255.588,568.101
878.257,93.085,256.931,557.603
866.434,88.549,257.829,550.418
861.791,84.823,258.774,549.721
852.712,77.193,260.213,549.063
847.548,66.786,261.025,546.950
840.222,57.961,260.488,545.324
843.529,55.365,256.629,544.829
833.535,43.840,255.113,548.878
843.966,43.341,257.364,547.205
829.780,45.110,256.197,549.734
822.190,63.371,264.036,547.135
818.025,87.605,264.151,539.501
793.699,101.838,269.987,533.763
792.624,121.926,260.001,530.019
796.857,134.329,260.802,517.208
790.815,147.357,257.223,511.757
779.681,151.696,257.493,502.197
773.772,147.820,272.474,494.782
769.628,146.653,277.059,486.667
780.251,139.876,269.406,492.297
791.740,130.817,260.624,501.909
821.171,114.378,252.279,516.676
833.838,96.144,254.792,533.804
845.911,77.516,268.734,540.306
855.321,71.572,279.583,547.500
858.825,68.127,290.966,540.137
868.698,70.028,292.829,537.218
873.543,68.843,297.033,538.557
872.008,61.181,291.001,544.536
875.463,48.492,283.939,548.442
880.786,40.587,280.313,562.009
890.825,39.721,280.609,566.611
878.262,42.922,292.438,561.012
874.386,54.912,307.965,544.272
867.228,63.117,326.844,524.869
855.927,71.197,336.520,520.897
845.605,70.661,343.583,513.444
852.423,76.013,346.278,513.000
854.363,75.897,346.901,523.994
871.202,72.629,339.772,530.068
881.506,77.548,336.537,534.346
885.922,85.534,330.640,536.677
890.453,91.226,323.084,545.188
894.457,94.485,312.631,561.574
903.247,86.249,287.868,581.069
917.906,84.967,277.964,590.066
897.028,88.066,282.368,583.726
876.262,101.645,288.600,570.169
859.483,117.240,292.883,550.208
848.079,121.114,310.574,535.726
820.617,137.621,316.457,526.770
792.584,137.512,314.847,513.010
774.078,147.705,332.394,493.804
765.541,157.372,341.702,483.124
749.057,161.803,341.707,478.137
737.929,167.469,336.108,472.778
732.858,163.331,333.794,464.308
728.763,168.340,331.642,462.375
720.688,171.374,327.659,453.012
709.799,176.003,329.258,443.672
704.451,171.373,325.842,443.102
703.616,168.852,324.161,440.219
687.151,163.114,322.850,441.705
695.327,164.204,325.091,441.616
692.193,168.124,322.876,435.863
703.985,168.842,325.290,430.898
692.196,162.797,323.626,428.174
697.790,180.409,326.216,418.031
709.699,187.662,326.633,408.800
713.705,188.866,320.635,403.707
731.339,187.832,328.978,397.464
762.891,198.091,337.019,390.564
776.566,185.599,332.511,389.344
803.553,171.253,332.652,406.197
836.872,147.913,315.016,459.748
869.147,113.292,283.040,508.072
907.140,88.016,266.040,547.431
922.689,73.004,255.681,582.809
934.887,59.105,253.509,605.724
944.882,49.693,253.262,614.996
949.087,53.493,259.525,610.289
958.004,55.778,253.100,619.121
953.309,56.228,244.599,623.903
949.950,64.145,243.376,614.230
946.765,73.816,252.688,604.010
956.639,80.148,253.296,596.784
977.890,75.291,250.314,604.306
997.281,59.146,250.534,616.821
1007.504,48.924,251.697,638.175
1012.404,35.797,246.479,652.911
1026.443,40.152,245.103,657.840
1032.093,45.350,243.699,659.740
1032.524,57.905,234.420,651.709
1026.226,69.806,234.813,639.248
1011.246,87.871,247.318,620.961
995.721,100.258,256.151,599.871
982.261,106.265,253.271,596.724
970.904,109.654,253.869,586.725
964.932,103.728,246.106,581.859
958.370,106.788,247.459,579.051
955.322,106.349,247.358,566.158
942.258,116.558,243.247,565.091
928.127,114.955,237.930,558.767
923.585,105.152,235.367,567.956
905.426,110.418,231.987,571.424
915.514,101.608,217.716,569.320
915.841,83.366,212.195,561.789
921.078,61.882,208.689,563.294
925.412,53.460,204.262,549.529
918.597,69.457,205.384,529.059
903.316,81.231,204.558,507.988
884.382,103.758,204.400,483.070
885.422,117.642,204.542,460.187
893.685,111.746,201.457,448.847
901.059,102.266,195.970,443.177
902.588,107.649,193.330,444.738
913.200,108.782,188.444,443.813
912.198,120.703,190.415,440.076
901.451,140.226,187.955,440.152
898.813,141.841,189.957,437.459
885.141,135.468,191.411,436.357
881.598,132.137,193.658,435.870
875.105,127.090,203.332,432.164
869.110,126.215,204.579,424.064
866.917,126.117,203.983,420.931
865.588,131.711,203.514,418.353
859.783,134.858,205.560,411.130
849.230,139.620,206.509,402.462
843.445,139.979,211.492,392.267
839.707,140.650,209.388,394.033
838.793,136.976,204.897,395.321
834.928,131.758,196.520,396.799
841.033,126.170,194.620,393.462
839.747,119.599,199.728,388.864
845.192,114.451,206.949,381.870
846.535,100.756,210.625,384.235
847.745,74.238,214.894,402.711
827.518,39.835,206.796,430.772
840.675,12.995,204.307,459.118
848.707,15.024,214.818,461.261
864.934,10.407,208.137,482.346
875.117,19.756,204.575,495.600
872.821,47.658,209.626,497.192
885.151,76.932,215.405,501.462
894.993,94.239,214.642,506.201
901.583,101.232,209.552,510.364
894.385,104.434,210.234,511.424
901.309,112.365,212.197,507.812
904.796,125.726,213.110,503.188
897.132,143.519,212.136,499.847
898.443,153.893,209.632,499.379
879.264,162.971,203.827,514.844
860.158,165.482,215.321,501.418
844.043,168.774,220.699,490.057
838.345,171.599,226.833,472.141
843.271,176.598,215.775,474.695
843.909,178.226,216.755,472.074
861.207,177.643,211.479,466.120
866.619,181.894,206.300,474.227
874.231,184.641,201.672,478.596
881.292,184.664,195.695,484.347
868.817,181.775,197.041,479.346
873.151,182.628,192.888,466.316
846.945,193.042,211.514,455.403
870.011,219.513,207.971,482.459
884.306,235.858,198.901,476.614
884.661,224.199,206.064,459.604
880.714,198.960,215.349,446.251
895.638,205.943,214.714,465.567
910.368,198.840,207.448,478.379
901.587,185.900,223.595,464.952
903.836,191.497,228.234,471.844
901.412,195.651,246.490,454.717
896.666,201.994,251.614,450.915
884.636,207.707,231.704,469.504
877.918,194.121,228.879,460.909
871.151,187.525,216.526,481.879
867.433,184.345,214.962,504.690
879.578,186.969,223.394,493.422
877.484,193.629,226.389,491.918
868.651,175.663,229.238,486.911
859.530,189.745,217.118,502.367
853.222,201.588,207.511,504.278
847.125,206.418,201.228,508.111
841.683,203.629,199.334,511.605
835.376,200.061,191.185,503.898
834.432,209.908,184.823,495.318
842.512,212.842,180.446,494.459
855.687,211.119,173.124,492.622
865.795,208.778,173.905,469.961
884.698,218.639,169.274,462.110
898.826,213.047,172.745,446.902
908.209,202.922,178.877,424.699
916.295,189.099,181.281,418.710
927.295,164.218,175.074,424.215
935.030,134.974,171.120,444.120
933.322,107.425,174.187,444.881
930.300,91.043,173.719,444.630
923.262,81.079,174.341,442.325
919.043,74.024,172.834,442.064
916.244,71.422,174.075,450.368
921.587,68.567,172.999,456.124
921.757,64.825,171.875,457.178
928.632,63.218,171.520,459.543
937.457,59.917,168.983,464.165
947.581,54.222,166.983,464.564
952.571,50.463,166.783,470.284
972.066,47.657,167.319,467.332
977.318,47.999,167.466,473.090
985.895,46.069,169.729,479.758
995.642,55.580,167.866,488.740
995.615,64.629,169.407,486.443
1004.456,69.095,170.343,488.912
1007.991,75.731,172.148,493.548
1008.914,88.083,173.520,497.097
1008.890,96.283,176.108,502.165
1004.253,101.232,177.220,504.510
985.799,97.750,180.980,506.332
980.782,99.651,182.492,501.902
977.135,98.450,184.600,509.036
976.795,94.625,190.214,508.388
966.233,82.560,195.761,509.354
961.489,72.203,196.346,512.501
957.742,73.255,199.866,515.204
953.244,75.174,200.108,513.903
940.547,72.644,199.286,508.481
944.288,77.545,194.722,510.689
935.119,79.344,191.611,502.206
929.924,72.982,186.532,501.515
935.130,64.020,180.602,506.341
931.170,45.829,179.820,511.820
923.220,27.041,177.998,514.526
929.859,19.530,174.193,521.706
925.548,11.604,169.209,519.174
917.109,8.786,173.772,514.969
