278.000,124.000,259.000,201.000
277.024,134.995,268.727,192.993
276.073,137.305,271.776,189.424
278.290,135.823,271.733,190.077
275.586,136.811,272.248,189.097
277.665,139.506,270.841,187.211
276.303,136.419,270.216,187.874
278.844,140.683,270.282,185.645
276.080,137.088,270.548,187.600
272.549,140.252,272.124,187.342
273.458,138.649,270.429,186.781
276.493,137.021,269.190,187.529
275.657,137.279,268.343,185.994
275.697,135.838,269.121,186.873
274.069,135.644,270.252,189.918
272.710,134.245,270.601,191.420
271.429,133.911,271.061,192.503
271.484,132.393,272.357,195.055
268.920,132.447,271.335,193.785
264.575,129.095,272.766,197.225
262.550,129.392,275.328,198.217
262.831,127.036,276.840,198.202
261.306,128.127,277.761,197.335
264.250,124.655,275.158,201.478
269.031,123.852,270.373,203.295
265.475,125.816,269.576,201.966
267.508,121.814,266.764,205.157
266.357,120.503,267.080,206.312
266.239,124.899,266.771,203.295
255.642,127.468,272.820,199.366
251.228,128.799,275.484,195.710
246.637,128.553,279.605,194.461
245.573,129.525,281.234,193.156
244.255,131.256,284.324,191.784
243.405,131.767,284.121,189.811
244.234,132.617,284.049,189.787
243.488,133.664,283.667,187.477
242.821,134.595,284.922,184.885
241.508,135.419,285.275,183.634
243.284,135.560,284.221,184.048
246.770,135.106,281.930,184.494
247.059,134.870,279.628,186.578
247.533,135.993,279.030,186.409
248.633,134.426,278.983,188.403
248.211,136.313,276.290,189.006
252.249,135.973,275.361,190.691
251.740,136.690,274.277,189.215
251.788,137.566,274.333,187.796
252.726,136.829,273.211,188.500
251.786,137.663,270.637,188.844
252.419,133.125,270.136,192.937
250.295,133.225,269.307,195.887
249.708,132.813,269.268,195.933
251.577,132.610,266.305,196.926
251.198,130.266,265.199,198.699
252.290,129.234,262.962,201.032
252.175,129.501,261.572,199.997
252.394,129.867,261.470,199.089
252.618,128.273,258.723,198.937
254.087,127.783,258.197,198.945
250.745,125.042,257.572,198.912
250.661,124.141,255.638,200.708
251.795,124.069,254.047,202.696
252.098,120.710,249.924,202.053
252.135,120.036,248.524,200.655
252.830,120.182,246.842,201.028
252.774,120.152,246.393,202.609
252.016,118.872,246.213,201.989
250.348,117.771,244.137,205.849
251.308,118.696,245.971,202.524
249.953,117.080,244.681,202.384
249.088,117.896,241.670,203.276
250.036,116.902,240.686,202.523
249.860,119.083,238.379,200.046
249.433,117.936,237.565,200.473
248.690,117.393,237.592,201.951
248.620,117.630,236.232,202.814
248.155,116.593,235.713,204.019
249.314,120.648,233.655,201.391
251.241,123.901,231.645,202.077
252.180,125.151,231.589,200.346
252.503,124.709,230.432,199.573
252.127,123.817,231.284,199.809
253.611,125.903,228.467,198.055
253.669,124.691,226.651,197.027
254.796,124.859,225.687,194.246
256.290,131.846,223.578,191.449
256.749,130.530,220.500,189.630
257.460,130.666,218.904,189.430
259.038,129.554,216.367,191.514
261.557,129.974,212.870,193.881
264.644,129.831,210.681,195.906
266.095,130.904,208.049,195.527
264.837,127.705,208.076,195.635
263.443,129.437,208.256,195.248
263.646,130.591,207.014,193.736
261.890,130.695,206.573,195.562
264.452,128.863,205.481,195.967
265.219,128.116,203.961,195.452
268.595,128.036,201.022,196.006
271.143,124.866,197.634,198.165
274.515,125.820,194.438,197.570
274.530,125.031,193.319,198.543
279.878,127.839,189.573,198.366
281.345,125.863,188.235,197.673
282.439,125.956,183.837,199.852
283.699,124.479,178.321,202.913
285.960,122.333,177.316,203.739
287.005,121.697,173.469,206.010
292.122,120.376,167.444,206.199
295.051,120.750,163.151,206.933
298.499,120.481,158.073,207.775
297.724,120.841,154.760,207.826
303.042,123.392,150.464,207.213
304.101,124.341,146.839,205.881
303.756,126.396,146.369,203.505
305.291,126.117,146.190,203.319
303.785,127.381,145.231,203.487
305.903,126.984,143.777,205.320
307.824,126.409,140.664,207.646
308.061,129.115,135.174,206.986
310.455,129.654,132.127,204.721
312.437,130.469,130.374,204.451
313.292,129.442,128.088,207.949
312.785,126.734,127.549,211.622
311.675,124.647,127.121,216.569
310.770,122.775,127.028,216.219
312.147,122.872,127.027,215.241
309.207,124.017,127.795,215.629
307.428,122.061,127.100,215.665
305.768,123.590,128.206,215.067
303.340,124.646,129.230,209.848
302.599,125.710,129.733,207.542
300.205,128.826,131.661,206.172
295.455,133.172,133.539,209.668
293.566,129.614,135.422,209.714
291.172,137.897,136.100,208.411
289.339,136.300,138.797,210.768
286.674,141.169,141.515,208.711
280.537,142.150,144.319,209.540
282.883,141.048,144.110,210.791
280.542,140.696,143.949,214.598
281.362,139.639,143.924,216.568
282.147,138.013,142.890,219.825
285.919,130.871,140.023,224.599
286.809,132.198,138.154,225.764
292.594,129.822,134.683,227.188
293.387,131.853,133.432,227.191
291.135,134.375,132.990,223.780
291.036,139.353,131.522,222.166
289.051,143.647,133.571,216.166
284.955,147.843,135.389,210.053
285.570,148.426,136.566,209.189
279.921,151.603,139.830,203.286
279.807,153.162,139.515,203.379
273.942,154.188,140.916,201.446
270.194,154.681,146.904,198.738
269.085,154.060,148.652,198.936
264.459,154.434,152.478,196.418
262.873,154.555,155.583,194.319
260.355,154.621,157.754,197.429
257.554,154.388,159.968,200.689
259.653,152.563,158.680,201.379
256.975,152.919,161.811,200.786
253.181,151.257,164.695,200.920
247.948,150.631,166.555,204.656
245.395,151.319,167.846,206.132
248.322,150.177,166.061,208.155
241.244,150.227,171.702,206.670
238.685,150.372,171.539,207.543
234.186,152.993,174.030,205.519
227.613,154.296,179.060,204.864
224.696,155.475,181.583,204.487
220.544,155.637,186.110,200.986
216.758,155.711,189.125,201.210
212.786,155.757,191.804,201.534
208.076,155.554,194.275,200.991
207.896,155.055,196.420,199.973
200.151,154.222,199.760,200.098
195.933,156.873,205.256,200.621
188.784,154.460,210.684,203.711
184.060,152.486,215.639,204.992
184.327,153.258,215.518,204.329
178.777,154.081,221.870,204.346
173.744,151.123,228.941,205.931
166.750,148.651,236.553,209.060
159.808,145.481,242.561,212.202
159.610,144.489,242.392,213.330
157.048,144.520,245.519,213.225
154.796,143.374,246.621,214.447
148.148,143.612,251.715,213.026
144.148,146.460,257.432,210.740
143.192,146.568,260.279,209.474
132.462,147.151,268.922,207.945
129.584,147.108,273.658,206.390
122.424,146.318,281.959,203.529
114.061,144.549,290.932,203.436
116.988,148.254,292.138,202.812
112.650,143.850,294.453,203.335
113.414,146.285,296.621,201.604
114.228,145.264,295.846,204.618
107.610,144.668,303.171,204.229
104.368,143.533,304.457,206.245
105.203,144.089,304.291,205.332
102.597,144.331,307.433,204.890
104.054,147.506,307.265,201.597
103.647,144.372,307.972,204.559
102.712,146.122,309.029,202.598
103.866,146.251,310.890,202.459
105.767,145.469,308.943,204.398
111.035,143.283,306.179,206.389
109.780,141.563,304.772,210.708
111.660,143.505,303.973,209.436
108.870,140.212,307.520,210.083
112.594,141.819,305.854,212.853
107.395,143.446,311.596,211.964
107.034,144.171,313.675,211.619
109.326,145.625,313.165,210.980
104.318,144.472,315.154,212.432
109.632,144.973,311.140,212.147
107.908,143.616,312.432,212.143
107.520,144.781,313.647,211.965
106.168,143.159,313.770,213.841
108.973,143.671,313.199,212.985
110.774,141.746,311.537,213.983
109.965,140.601,312.166,214.335
113.697,139.914,310.649,214.328
114.266,142.720,310.487,211.677
116.079,141.933,308.172,212.297
118.873,142.976,307.758,210.807
119.216,147.082,307.862,208.468
119.115,145.218,309.140,209.372
118.773,146.132,309.197,207.638
120.995,147.143,309.643,207.522
119.703,149.974,310.194,205.803
120.528,149.834,310.712,204.365
122.647,152.080,309.940,204.250
121.338,151.712,309.522,204.743
123.220,152.305,308.679,204.703
123.500,152.592,309.356,205.142
126.346,151.783,309.495,205.931
128.119,152.649,309.217,204.047
128.327,152.440,307.646,203.788
130.022,151.560,306.761,204.384
133.049,149.507,305.969,205.688
135.534,153.445,304.879,204.253
136.158,149.108,303.795,207.342
134.909,150.197,305.779,207.498
138.705,148.500,303.541,209.059
141.462,145.618,303.572,210.948
143.126,145.437,301.997,211.782
145.150,144.580,300.707,213.239
144.888,144.004,301.971,213.153
147.785,144.307,301.679,213.355
147.749,144.670,300.492,213.047
145.442,140.766,301.246,216.289
146.778,144.504,301.321,214.837
148.787,143.372,300.334,214.134
147.551,141.684,299.564,214.674
146.600,141.333,300.683,216.097
148.432,140.731,299.708,214.879
146.655,142.325,300.475,214.078
148.656,141.476,299.322,214.565
146.595,143.763,301.336,212.162
146.182,143.180,302.183,210.585
145.847,144.378,304.843,210.856
144.971,143.460,302.715,208.053
145.997,147.536,303.516,205.170
144.911,145.389,302.799,204.804
145.838,146.679,304.942,204.538
143.633,144.308,304.492,205.021
143.865,141.373,305.777,210.116
143.859,143.880,303.697,208.688
146.436,140.092,304.440,211.456
142.504,141.611,304.608,212.205
144.499,138.920,303.343,213.970
143.289,137.462,299.863,214.355
143.748,135.256,299.851,217.163
142.001,134.848,298.168,217.843
143.546,132.243,298.419,219.736
140.738,130.385,295.961,219.092
143.923,132.350,294.215,219.828
141.785,131.706,293.830,218.398
143.745,133.400,292.514,219.705
141.438,132.803,292.516,219.175
140.326,133.853,292.006,218.114
140.315,133.385,289.839,218.745
141.250,132.417,291.317,218.750
138.281,131.401,288.468,222.229
139.295,129.982,287.130,221.745
139.415,130.178,287.003,222.793
139.353,129.154,282.435,224.246
138.456,126.945,284.698,227.230
140.025,125.194,282.164,228.575
138.526,123.421,275.721,230.340
139.588,120.203,270.440,233.971
142.449,119.057,267.573,235.217
141.389,116.678,261.904,238.716
142.554,115.741,263.175,239.762
141.399,116.540,259.875,239.504
141.304,110.421,258.068,244.685
143.055,110.592,256.692,246.205
142.976,113.635,255.302,245.696
144.380,112.575,253.155,245.252
145.158,113.843,252.101,246.091
143.008,112.502,253.450,246.584
143.134,116.638,252.172,242.904
143.414,114.011,249.672,244.965
142.419,112.759,251.923,246.885
141.054,111.769,249.890,248.070
143.903,118.287,246.421,241.725
142.081,112.457,242.937,243.904
146.271,115.957,238.845,240.991
145.774,116.041,237.604,242.017
146.483,114.174,233.831,242.057
148.325,115.978,228.181,242.486
149.514,116.180,223.414,241.955
151.964,122.129,219.218,239.268
156.079,126.460,216.670,235.863
154.472,126.946,215.468,233.414
155.254,129.430,211.361,231.706
155.239,128.528,208.854,232.924
157.471,131.522,207.088,230.579
158.578,130.505,206.383,231.580
156.681,132.248,205.933,230.218
155.295,133.687,200.572,229.562
154.281,130.861,195.950,230.905
157.270,133.455,192.353,228.288
154.321,136.413,193.275,225.465
154.843,132.870,190.923,227.146
153.358,135.877,188.269,225.108
150.225,134.608,182.700,225.855
145.630,134.500,174.919,226.065
149.695,134.420,172.851,225.711
145.447,134.219,168.048,226.737
145.778,132.743,162.327,227.642
145.831,131.227,152.711,229.107
145.648,129.368,149.162,230.356
146.618,130.825,146.645,229.414
145.819,130.310,141.854,230.490
145.147,131.018,137.770,229.474
145.868,128.413,135.493,231.992
148.209,127.126,132.803,232.844
148.637,125.825,131.469,233.303
148.361,129.487,132.301,231.039
147.885,128.707,131.229,230.496
149.537,128.943,129.957,231.365
148.742,127.676,130.180,232.201
149.385,128.895,129.570,231.342
148.966,129.273,129.476,230.831
148.914,130.241,128.267,229.509
148.662,129.123,126.488,229.496
149.304,129.966,124.775,229.499
149.565,129.394,122.941,229.975
149.380,127.094,120.872,230.852
151.410,130.223,121.130,230.180
150.073,129.798,119.557,229.895
151.354,130.081,120.205,229.221
150.751,129.095,120.827,229.633
151.365,131.066,121.637,228.613
152.975,131.800,120.657,227.335
152.847,132.151,120.150,226.552
153.503,133.255,119.808,225.315
153.317,134.257,119.290,224.155
154.181,134.841,119.854,223.455
152.525,134.577,121.555,222.628
153.204,135.657,121.648,223.409
153.974,133.476,122.115,225.337
150.709,135.074,123.536,224.053
156.010,134.122,121.560,225.192
154.641,133.626,121.708,225.972
156.235,133.161,120.532,226.188
158.364,130.667,119.900,227.544
157.440,133.280,118.893,225.908
160.224,130.702,117.476,226.378
159.584,130.581,117.619,226.143
160.844,128.787,117.058,226.795
163.173,129.874,115.619,228.197
161.545,127.194,113.688,228.494
163.746,127.813,113.394,228.580
164.155,128.860,113.967,228.111
166.133,127.003,110.286,231.645
166.624,125.156,107.777,233.904
167.447,124.630,107.897,233.906
167.895,122.787,104.995,235.745
165.836,121.746,107.201,236.954
166.107,120.693,106.438,239.118
162.583,121.596,108.090,238.453
163.753,124.817,106.602,236.058
161.769,127.149,108.083,233.017
169.816,121.721,102.469,237.783
170.891,117.386,97.947,241.891
170.202,121.649,97.787,238.478
171.196,122.601,96.411,238.220
174.019,121.211,95.247,239.763
170.005,120.043,96.900,239.592
172.061,125.169,98.208,236.273
168.308,122.500,100.730,236.488
169.936,122.432,99.174,238.089
168.503,123.307,100.058,237.086
169.940,121.817,98.565,238.917
170.133,122.138,99.617,238.509
171.554,120.002,98.828,240.319
169.586,118.267,99.569,240.473
170.670,121.828,99.106,238.119
171.010,121.632,99.277,238.309
169.261,121.706,99.839,237.358
171.520,120.609,99.711,238.823
170.649,120.964,99.819,237.746
170.935,121.556,99.674,237.099
171.353,119.381,99.477,239.274
170.091,119.698,100.095,238.498
172.068,117.740,98.375,241.547
172.005,116.346,98.752,242.036
173.937,115.035,97.685,244.074
173.505,115.696,97.475,243.801
173.001,115.735,97.863,243.137
174.179,115.839,97.426,243.109
174.433,116.392,97.307,242.476
173.253,119.637,97.485,240.629
174.409,123.452,97.064,237.139
175.007,122.495,95.915,237.252
175.922,123.079,96.230,236.536
175.444,125.413,96.284,234.606
175.324,125.449,96.446,234.220
173.803,125.317,97.358,233.695
175.479,123.683,96.909,234.558
176.024,125.805,97.692,232.803
176.182,123.724,97.267,234.680
175.357,124.635,97.692,233.463
176.762,124.655,97.398,233.790
177.491,121.588,97.083,235.699
175.893,121.844,97.195,235.165
177.792,122.903,96.192,235.770
178.381,122.619,96.536,235.889
177.390,122.452,97.128,235.279
177.250,122.814,97.297,234.824
177.753,125.823,97.833,233.182
177.020,125.700,97.684,233.862
178.170,124.386,97.454,234.650
179.546,124.000,98.027,234.858
177.234,125.771,99.536,232.150
178.456,127.429,98.541,232.020
176.973,125.795,99.789,232.750
178.330,127.892,100.153,230.826
177.109,126.208,99.562,232.389
178.537,128.060,98.721,231.734
177.883,126.113,99.100,232.929
178.581,125.872,99.679,232.711
178.140,126.708,100.251,232.342
176.175,123.158,100.197,234.744
178.125,121.260,98.400,237.470
177.130,121.575,98.535,237.632
177.109,118.871,97.620,239.454
178.327,120.815,96.900,238.753
177.248,122.318,97.849,237.235
176.963,120.983,98.084,238.084
177.099,121.382,97.972,238.091
177.216,121.952,97.786,237.975
177.125,121.884,98.452,238.063
177.957,122.672,98.720,237.699
175.800,122.751,99.863,236.620
177.366,121.313,98.708,238.246
177.677,122.659,97.813,237.597
177.692,123.801,98.200,236.581
177.878,123.577,97.517,236.601
177.943,124.257,97.561,235.976
178.381,123.253,96.800,236.474
178.826,124.063,96.434,235.879
178.974,120.219,95.758,238.426
177.425,121.864,96.663,237.960
177.206,120.913,96.836,237.983
178.763,117.913,95.597,240.402
177.322,121.219,96.335,238.696
179.398,118.990,95.373,240.674
177.739,119.787,95.890,240.200
178.965,119.614,95.140,239.825
176.950,119.711,95.432,238.775
179.948,120.162,94.256,239.598
177.438,122.022,95.024,238.306
176.985,123.565,96.289,236.147
177.455,124.569,95.563,235.835
177.965,124.623,95.821,235.557
178.615,124.406,95.814,235.627
175.626,123.392,96.153,235.244
177.436,126.043,97.351,233.878
176.943,127.472,97.896,233.134
175.610,129.736,99.421,231.130
175.043,128.471,100.095,232.573
178.968,126.118,98.925,235.228
178.442,124.096,97.682,237.365
179.853,125.968,99.483,236.143
181.801,127.846,100.912,233.894
181.227,126.596,101.150,234.373
183.092,130.095,103.036,232.670
182.199,129.095,105.374,231.764
182.665,129.989,107.281,230.748
182.982,128.034,109.896,231.280
182.412,126.515,110.724,231.681
183.986,126.270,111.853,231.403
185.371,127.609,113.381,230.135
185.339,129.197,114.766,227.868
184.499,129.725,116.163,228.937
184.075,131.186,118.188,228.147
182.872,131.813,120.856,227.705
180.647,131.222,125.201,220.708
178.442,130.941,128.925,214.547
179.784,137.815,130.318,215.497
180.390,134.191,131.521,217.402
181.059,137.130,133.791,218.329
182.586,139.080,136.540,218.151
182.488,141.827,138.618,215.976
179.405,142.371,143.490,213.880
179.269,141.461,144.593,212.675
180.778,143.366,146.469,210.899
177.883,143.654,151.889,207.145
180.260,145.073,152.154,208.824
181.823,145.122,154.076,207.006
180.811,142.920,154.281,206.329
183.826,148.271,154.355,205.005
181.484,143.934,155.002,205.682
182.018,139.502,158.673,204.660
179.573,136.857,160.318,203.533
178.135,137.234,160.856,206.681
174.813,131.916,164.376,208.624
174.207,129.107,165.621,216.360
174.103,128.565,167.852,215.615
171.974,131.401,171.896,216.692
171.827,126.775,172.262,220.171
172.333,125.378,172.636,218.512
172.415,126.320,171.489,221.838
170.035,125.435,173.078,222.108
171.911,121.934,174.654,220.664
171.234,124.195,175.542,218.349
172.027,124.974,177.328,216.201
170.325,122.827,180.765,217.908
171.238,122.632,181.274,217.868
170.903,120.698,183.268,219.001
167.665,121.923,185.257,215.693
168.359,122.431,184.396,213.807
168.727,120.602,185.099,212.627
168.095,122.907,187.837,213.389
168.986,122.329,190.654,208.970
169.209,123.057,192.178,210.203
169.355,123.420,195.780,208.685
170.556,126.258,199.010,206.488
169.335,129.222,201.599,205.018
169.057,129.984,204.734,200.102
168.288,132.140,205.328,197.989
169.456,131.778,208.069,196.635
168.891,130.300,211.232,195.973
166.717,128.693,213.824,194.465
167.572,130.484,216.127,194.741
166.036,128.795,218.805,196.313
166.248,129.438,219.132,194.141
165.196,129.853,220.647,191.229
167.003,130.587,223.016,191.573
165.574,131.980,227.304,188.880
165.433,133.059,230.165,188.009
163.296,131.783,230.867,189.538
161.735,130.863,234.624,189.471
160.299,130.571,237.035,191.465
159.206,129.637,240.962,190.202
159.007,130.415,241.665,188.667
158.232,132.124,245.911,186.477
156.432,129.819,249.840,186.523
153.874,130.261,255.000,183.384
153.080,133.589,260.590,182.406
151.272,134.352,259.106,182.664
153.490,133.372,261.539,183.445
150.392,132.367,261.761,185.475
151.655,134.423,263.144,185.430
154.100,134.079,260.007,186.392
151.911,134.215,262.436,185.362
153.689,135.672,263.604,184.193
154.916,134.578,262.531,184.257
155.043,135.265,263.167,184.423
156.017,135.564,263.343,185.775
159.861,135.260,260.753,187.475
161.225,135.455,261.246,187.078
159.686,135.001,265.033,186.987
161.772,136.223,266.311,185.827
166.298,138.204,265.439,183.323
164.913,135.913,266.582,183.255
168.452,138.304,264.992,183.236
167.174,141.385,266.753,181.908
167.431,138.691,267.575,185.190
168.413,138.416,267.223,184.774
166.438,137.746,266.637,185.206
167.834,136.949,266.671,187.263
168.812,139.979,268.570,183.517
169.974,138.706,271.916,183.231
168.800,136.433,272.949,185.168
169.103,137.392,273.182,185.618
169.524,136.856,275.841,186.978
171.672,137.212,274.259,186.606
170.353,132.947,273.498,190.469
172.488,135.346,272.750,188.070
173.027,135.129,274.066,188.959
172.234,132.705,275.361,189.632
172.907,132.626,277.520,189.719
175.105,133.896,277.936,188.824
173.152,131.325,280.031,191.829
174.403,134.755,278.696,188.184
173.323,132.930,279.390,191.095
172.906,131.876,277.899,191.549
172.942,131.942,277.706,190.484
177.814,131.553,273.028,191.116
177.666,131.220,272.615,192.412
177.131,131.347,272.932,192.269
177.616,133.528,270.244,192.209
180.658,130.415,265.796,195.135
183.254,131.949,262.779,194.275
182.226,128.887,263.539,195.739
185.417,132.113,259.746,192.242
185.598,134.439,259.164,189.697
185.456,131.790,258.495,192.023
187.564,134.374,256.838,190.494
186.388,131.982,256.198,191.570
188.821,131.946,254.618,191.012
187.236,133.629,250.664,191.010
185.728,133.039,251.059,192.570
185.727,132.231,251.783,193.643
183.802,131.303,253.027,192.457
185.476,133.674,255.099,191.513
179.351,131.688,254.670,192.468
186.300,132.262,250.097,193.572
187.127,129.416,247.204,194.516
183.503,127.609,248.737,195.798
189.982,129.013,247.024,193.498
188.874,125.484,243.550,200.359
195.559,124.931,236.508,201.882
186.477,126.267,240.058,201.084
194.967,124.539,234.395,201.683
194.308,126.713,231.359,199.200
196.660,128.764,232.116,200.137
195.227,124.036,228.539,204.834
187.595,125.949,232.900,205.799
186.249,124.564,236.772,207.467
188.765,123.098,233.683,209.252
188.940,126.596,230.928,207.517
182.729,124.642,233.351,207.322
172.216,126.163,243.640,202.159
177.216,126.176,241.635,202.633
174.713,130.853,246.482,195.749
158.582,129.758,258.459,191.926
158.827,131.564,260.027,190.447
156.576,131.308,264.321,191.120
154.440,131.187,267.508,193.881
155.892,132.269,268.264,195.293
156.635,130.517,265.182,195.267
156.861,130.131,261.046,196.170
157.554,130.389,262.063,196.626
157.658,131.583,260.927,194.909
154.713,132.260,265.507,194.984
155.945,133.791,264.665,193.881
156.375,131.575,263.108,196.043
156.124,130.569,262.622,197.013
159.003,133.943,262.219,193.739
155.334,130.331,262.676,193.947
