520.000,199.000,54.000,132.000
519.383,202.590,57.296,133.651
519.635,204.244,57.888,133.593
521.270,206.716,59.236,132.271
522.367,207.642,60.193,130.683
524.288,208.785,60.314,129.383
524.715,208.973,61.876,129.219
522.883,209.292,64.090,128.914
522.211,211.276,65.591,127.830
519.938,210.590,65.922,128.240
520.852,211.153,63.634,128.840
519.940,210.419,62.072,130.151
521.558,213.064,61.754,128.343
518.813,210.317,60.258,128.719
519.258,209.399,59.047,129.371
517.614,209.334,57.946,129.193
516.579,209.999,57.966,129.070
513.598,208.626,58.571,130.989
512.242,206.431,59.554,133.819
507.233,210.066,63.296,131.685
505.550,203.193,60.818,137.284
503.979,201.142,59.009,140.233
502.997,201.353,58.077,140.517
498.240,204.522,59.003,138.768
497.022,205.062,58.730,138.515
495.575,205.311,58.925,137.663
493.001,213.374,58.546,133.732
490.435,215.271,59.972,132.465
483.781,220.643,61.064,129.417
481.762,222.280,62.011,128.425
477.771,225.545,64.040,126.495
470.279,226.212,63.554,127.705
470.491,226.593,60.348,126.944
471.508,224.973,57.372,127.877
471.319,224.180,54.348,129.741
466.367,219.601,53.347,133.231
468.037,220.980,52.804,133.689
468.134,221.426,53.798,134.848
466.416,221.068,56.354,136.009
468.605,219.630,56.980,136.376
467.048,218.820,60.685,137.746
469.194,218.792,64.560,136.811
470.202,217.977,68.766,137.530
467.045,222.393,76.901,135.124
470.181,223.432,79.865,135.029
461.012,220.861,85.849,138.526
455.879,217.038,88.649,140.159
455.881,212.145,90.094,143.113
457.453,208.777,93.403,145.053
449.355,207.675,91.632,150.800
452.931,202.430,91.016,155.242
450.176,196.121,95.308,154.248
449.660,196.685,95.520,156.786
452.673,196.771,97.214,158.111
450.935,196.487,95.803,163.505
451.891,201.914,90.780,169.037
449.617,202.264,88.926,173.077
450.064,207.256,85.219,175.124
450.808,206.078,85.525,175.751
445.296,203.372,84.707,176.629
443.074,201.209,76.510,179.818
446.296,199.759,72.416,182.537
449.394,195.938,71.090,186.790
447.524,196.099,69.097,190.488
448.201,195.608,70.382,192.758
441.886,195.718,74.313,195.445
438.127,195.524,78.542,198.000
436.353,196.443,83.912,200.262
434.098,197.433,87.514,203.711
436.808,187.883,87.567,214.126
440.791,182.585,85.227,224.179
442.514,179.155,81.144,232.643
448.967,178.835,77.933,238.961
445.868,175.797,71.783,246.097
452.887,172.439,69.708,252.222
456.812,170.774,69.575,256.947
450.169,172.020,74.375,256.741
453.403,170.562,77.074,258.159
448.185,170.810,82.225,265.503
445.656,169.129,87.072,270.892
446.403,168.346,92.677,275.632
438.512,170.662,102.350,278.273
437.289,172.512,110.061,280.423
438.908,173.305,114.535,282.588
437.875,172.484,117.841,286.971
429.049,172.588,118.488,291.294
432.469,171.931,118.123,296.031
427.455,172.152,119.311,298.178
427.653,170.909,120.877,300.895
428.075,171.789,124.320,305.896
424.655,169.845,132.690,307.750
424.211,171.046,137.797,309.785
424.093,174.187,140.656,309.893
421.487,177.943,144.222,307.945
420.021,179.065,147.388,307.049
419.283,179.362,146.542,303.574
415.288,179.697,145.240,300.186
415.097,178.954,143.688,300.481
411.845,178.655,139.794,304.667
410.645,177.804,137.652,306.495
408.413,175.636,134.903,305.953
404.731,169.685,126.682,303.591
406.712,169.941,122.795,303.206
403.433,162.312,114.805,303.323
403.097,159.797,110.339,302.544
402.822,155.396,107.198,303.604
402.211,153.997,104.031,299.789
402.069,153.839,102.478,298.547
402.705,151.390,102.340,298.076
402.557,150.964,102.918,296.738
401.872,151.383,104.267,293.641
402.586,147.391,105.094,293.647
404.367,144.380,107.573,292.377
405.008,140.583,110.300,292.710
404.300,138.273,110.754,293.245
406.276,129.903,110.410,297.111
406.389,127.006,109.544,298.405
406.803,125.335,109.966,300.262
408.054,119.999,108.474,301.880
406.308,117.903,107.600,301.351
406.903,116.731,109.345,300.449
408.610,117.449,111.992,298.499
403.961,116.661,114.312,296.898
408.075,118.022,117.387,296.865
409.210,116.810,119.587,297.429
