310.000,144.000,116.000,311.000
311.294,144.984,118.475,313.858
311.599,146.037,118.448,313.861
315.150,145.715,117.102,314.759
315.988,144.948,115.117,315.429
326.117,144.832,108.617,315.634
330.864,143.437,103.584,317.360
336.074,144.221,99.823,318.356
343.429,144.358,95.529,317.140
346.025,146.307,92.413,317.814
347.650,148.816,90.611,319.147
349.564,150.498,90.144,320.635
349.421,150.277,89.395,322.129
350.343,154.252,88.397,321.616
351.578,156.261,87.504,322.300
351.159,157.449,87.526,324.933
349.839,160.114,87.619,324.646
350.212,161.042,86.846,324.477
346.971,164.215,88.669,322.929
345.117,165.068,90.839,321.405
343.428,166.392,93.416,320.934
335.727,166.809,99.765,322.241
332.085,167.878,103.714,323.251
326.559,169.485,108.816,325.548
320.888,172.789,113.801,325.947
318.807,174.358,118.307,326.022
315.593,177.775,121.200,329.058
314.155,180.036,121.451,330.228
313.882,181.868,122.505,331.025
313.493,181.343,121.601,332.595
314.379,183.761,121.422,331.511
316.581,182.945,119.317,331.586
319.372,183.582,117.274,331.851
327.897,181.540,111.580,332.155
331.172,181.503,107.618,331.019
339.666,181.159,102.133,330.579
342.232,181.404,98.800,330.558
342.951,182.186,97.796,333.024
341.494,185.920,97.491,333.718
340.957,188.310,97.660,333.616
337.024,186.314,100.492,337.799
335.435,193.620,101.248,335.619
334.580,195.572,101.330,335.188
327.562,199.068,104.889,336.644
325.149,203.704,105.323,333.930
325.622,205.571,106.054,332.367
315.009,207.730,105.485,330.332
313.600,206.428,105.493,331.218
307.943,207.180,106.484,333.005
304.044,208.828,105.532,333.764
299.036,211.248,108.811,334.396
285.286,213.502,116.949,340.207
281.352,216.102,122.679,341.109
276.847,216.947,126.733,343.911
277.853,217.579,128.269,343.497
275.056,222.120,130.559,344.574
276.164,224.727,130.270,347.937
278.136,225.954,128.095,348.775
280.575,228.446,125.556,350.832
282.253,229.620,123.937,351.298
293.366,232.501,113.993,351.138
300.099,230.016,106.861,351.933
301.432,231.173,103.926,350.889
298.037,231.020,103.597,350.806
296.601,230.693,103.289,349.957
294.566,231.876,101.714,349.932
293.992,233.211,100.546,349.649
293.225,233.331,100.530,350.692
289.631,235.331,101.070,352.354
288.625,237.017,101.111,353.399
288.617,237.096,101.973,354.614
284.383,240.491,102.628,354.951
283.473,243.397,102.883,354.151
280.238,245.551,105.423,353.857
277.471,247.008,107.451,352.621
273.594,247.332,109.208,351.322
266.614,251.313,112.348,350.998
261.416,251.422,114.599,351.369
258.021,252.348,118.239,351.416
254.731,253.714,122.272,351.825
244.552,255.727,122.768,350.975
239.242,257.977,123.632,352.898
234.742,259.566,125.074,354.839
229.293,265.864,126.108,352.215
223.852,263.154,132.725,349.990
208.337,268.489,147.962,350.394
200.253,273.276,156.085,347.546
172.954,272.368,178.033,342.987
161.622,279.419,188.285,344.281
167.910,282.478,186.580,343.390
157.567,281.270,186.284,346.239
168.219,285.726,176.624,346.425
168.907,284.184,172.052,349.460
164.749,286.182,166.771,349.682
170.567,298.544,160.525,343.896
171.901,308.879,159.016,328.938
168.566,340.435,160.032,309.724
165.584,355.746,161.456,285.727
166.918,367.163,160.190,272.105
166.772,378.289,159.239,260.344
167.397,384.324,159.153,248.925
169.755,390.693,157.081,240.844
167.000,395.705,158.659,232.064
168.573,397.287,159.333,227.593
164.759,399.312,160.009,223.688
168.524,402.938,157.274,221.279
166.553,405.428,157.994,218.174
166.675,406.864,157.784,216.264
165.163,411.529,157.795,213.522
165.944,411.679,156.696,214.054
165.898,416.088,156.380,211.443
164.847,417.234,157.163,210.735
166.785,418.227,156.582,211.117
165.135,420.876,157.069,209.513
166.113,420.976,157.037,210.262
164.413,420.872,158.638,209.662
163.753,421.059,158.211,210.661
162.410,422.878,157.960,210.109
164.409,422.229,157.170,209.529
163.107,423.662,157.483,209.609
162.804,424.520,158.218,209.343
162.667,424.252,158.144,208.822
161.655,424.223,157.636,208.707
163.400,425.591,155.562,209.012
162.486,425.586,155.938,209.527
163.759,425.359,154.636,209.579
163.390,426.434,155.002,210.213
163.031,426.736,154.305,210.325
163.256,427.473,153.587,210.584
164.930,425.917,153.451,211.027
163.891,426.094,154.735,210.941
162.775,426.097,156.234,211.049
163.810,425.675,156.408,211.342
162.926,426.072,157.634,211.126
163.690,425.843,157.837,211.243
162.857,425.208,158.442,212.019
162.299,424.161,159.362,213.008
163.671,423.168,158.400,212.581
162.528,423.162,157.808,212.625
163.488,422.836,156.644,212.121
163.586,422.409,156.494,212.502
162.621,421.460,156.748,212.988
164.108,422.180,155.682,212.931
163.614,420.198,155.331,213.080
164.079,419.514,153.447,213.230
163.837,417.703,152.807,213.221
164.051,415.065,152.519,211.626
164.520,413.880,152.704,211.246
162.600,412.301,153.497,212.831
162.105,408.982,154.038,214.872
161.068,408.410,153.902,217.453
164.877,401.895,149.891,224.101
162.150,397.807,149.928,227.834
161.842,396.263,151.199,232.713
159.618,391.345,152.125,238.008
165.670,382.550,146.650,248.964
163.268,374.049,145.595,258.657
162.627,349.474,144.683,278.543
166.406,340.544,141.914,293.698
166.833,315.793,141.900,315.722
164.930,299.452,141.732,334.361
163.697,298.351,142.923,343.191
164.010,295.150,142.229,345.629
161.379,296.061,141.181,348.255
165.932,296.960,138.783,348.434
164.314,293.107,138.722,349.153
164.834,293.624,138.072,348.798
165.283,293.209,138.502,350.662
166.392,285.717,136.095,357.143
170.031,285.039,132.207,358.940
165.882,282.322,132.674,361.162
173.613,274.046,130.380,365.783
171.860,272.464,130.787,368.994
172.629,270.032,133.076,372.645
174.213,267.912,134.276,375.717
176.131,265.745,134.781,379.966
175.672,263.757,134.840,381.623
176.362,260.329,135.108,384.958
179.771,258.537,133.291,389.565
175.667,256.299,135.769,382.880
180.173,255.928,134.885,386.972
172.751,254.523,140.184,383.979
173.303,253.793,143.294,384.120
166.194,254.288,149.089,384.873
165.549,250.474,152.342,381.795
168.287,250.411,150.454,377.230
165.044,251.220,154.322,375.148
162.614,252.484,156.905,372.254
163.487,252.481,156.321,370.840
165.575,255.719,155.998,368.196
165.398,256.776,156.459,368.715
165.706,258.201,158.181,368.945
167.022,258.360,159.131,369.211
160.031,261.262,163.515,364.643
161.764,262.198,162.498,362.031
159.424,261.503,165.041,360.493
160.788,259.388,165.354,358.892
160.060,259.262,167.284,359.520
160.262,256.498,167.299,355.690
160.008,258.170,166.131,354.412
161.450,257.646,164.404,353.673
161.991,259.321,162.938,354.318
163.456,258.696,161.236,354.096
162.551,259.972,162.603,355.060
165.593,259.975,162.527,353.702
162.795,258.260,166.457,352.332
161.158,259.070,169.103,351.213
159.911,257.149,169.497,349.797
161.689,255.162,167.628,351.004
160.346,255.208,167.573,349.603
164.348,251.493,166.267,348.608
167.510,251.816,164.543,348.074
167.275,253.138,165.870,345.080
175.244,250.913,162.085,341.660
182.190,253.412,158.111,340.564
177.090,254.582,160.146,341.578
176.198,255.624,162.105,341.820
175.192,256.820,162.962,341.683
174.968,257.245,162.598,341.572
179.650,259.378,159.392,341.374
182.716,262.116,158.026,343.730
188.689,263.542,154.880,346.863
188.624,264.122,156.941,348.049
184.152,263.831,163.256,345.095
177.174,264.131,172.249,344.132
171.545,266.580,179.536,342.671
176.503,263.113,180.214,339.076
176.284,263.160,183.581,337.866
182.318,263.300,182.876,338.529
194.732,259.522,176.467,341.834
216.061,257.057,164.091,347.169
222.448,258.862,156.057,347.980
238.059,257.234,145.957,349.375
249.067,257.530,137.168,352.704
258.058,262.143,130.884,351.879
272.210,263.248,119.263,351.089
280.477,266.796,111.421,349.864
281.706,265.972,110.172,350.733
294.012,266.522,105.184,347.272
296.087,263.037,103.552,348.704
301.990,262.629,102.730,346.825
303.697,258.965,103.400,347.223
308.587,260.198,102.413,349.085
308.792,259.540,104.102,352.759
307.926,258.987,104.413,355.702
306.429,257.954,105.617,359.837
307.591,257.663,106.052,364.281
306.399,256.384,106.198,368.277
304.533,255.295,105.890,371.563
302.767,255.263,105.987,374.308
300.233,255.183,106.725,377.955
296.884,254.367,107.979,379.124
292.763,253.023,108.987,378.148
291.179,252.084,109.504,380.310
292.032,253.877,111.156,382.469
288.602,252.647,115.700,385.159
286.630,254.435,120.385,389.330
280.599,255.604,123.088,394.183
275.066,257.531,126.631,399.940
272.660,255.619,125.933,406.312
269.012,255.555,124.254,411.465
269.433,255.855,121.687,416.865
268.637,256.377,120.529,424.224
268.635,255.796,117.545,428.661
268.281,254.675,115.609,434.084
267.203,253.738,116.402,436.440
269.615,252.070,117.011,441.749
268.576,254.184,118.543,442.635
271.563,247.268,118.524,442.796
272.304,244.788,120.822,446.339
272.425,243.752,122.246,450.305
273.320,242.983,123.757,455.258
273.096,245.573,124.853,458.713
275.013,245.021,124.547,461.275
278.190,245.948,124.803,463.674
279.929,246.902,125.172,465.260
282.626,247.033,124.206,465.163
285.189,247.972,124.026,463.899
286.553,247.623,123.262,462.171
289.159,247.373,122.373,458.649
292.717,243.861,120.128,458.450
292.916,240.162,120.793,452.627
294.612,236.452,121.848,448.289
296.706,230.625,122.665,446.623
297.873,231.997,123.667,445.969
297.341,228.794,124.865,447.781
298.279,228.445,124.423,446.827
298.051,230.253,125.128,447.224
298.919,229.400,125.422,445.856
298.502,230.731,125.645,444.118
299.902,228.574,123.620,443.876
302.139,225.304,120.571,442.849
303.067,223.054,119.411,441.840
308.673,214.266,118.406,444.165
309.998,210.220,117.554,442.866
311.497,206.417,116.811,439.448
314.614,199.603,117.911,434.057
314.902,197.168,119.307,434.743
315.917,197.073,119.822,436.603
316.447,197.193,119.793,437.029
318.165,199.461,119.720,436.657
318.710,202.211,120.573,435.878
320.007,202.430,120.020,433.514
319.743,204.166,120.363,432.503
319.281,204.809,120.829,430.987
318.086,204.584,120.417,430.534
318.622,203.461,118.963,430.067
317.322,202.631,119.043,426.437
315.054,198.922,119.772,421.491
314.510,199.783,121.864,417.694
313.491,195.372,121.347,413.534
314.993,196.044,121.369,412.694
314.743,198.970,122.140,411.469
315.087,199.006,122.504,412.391
317.027,199.178,122.143,412.660
318.299,199.725,119.657,413.510
319.464,201.129,117.684,412.180
320.660,201.711,115.861,412.376
323.683,201.528,114.350,411.740
326.432,201.556,113.131,411.479
327.830,201.668,112.636,409.329
330.318,193.412,113.564,406.699
329.143,188.852,113.730,407.036
332.095,185.642,113.582,407.562
332.736,180.525,114.133,407.789
332.280,179.428,113.863,407.387
331.766,175.673,113.360,408.355
332.455,175.103,112.550,408.527
332.380,173.016,111.871,407.388
333.391,171.778,111.411,405.629
334.107,170.062,110.137,403.641
334.078,169.326,108.918,402.458
333.657,166.526,107.858,401.633
331.568,169.128,107.563,395.864
331.747,165.664,107.188,395.912
329.282,164.818,108.170,389.171
328.606,163.066,109.138,389.509
328.798,161.114,109.614,391.365
326.920,163.337,108.926,389.669
328.098,161.839,108.949,391.213
328.478,161.723,108.566,391.221
329.248,159.434,107.695,391.047
328.441,163.221,107.315,389.001
329.971,157.242,106.025,390.022
332.276,156.757,104.295,389.176
332.075,158.002,103.820,387.780
335.084,151.529,103.351,387.022
335.196,157.610,102.559,377.141
335.729,156.242,102.148,375.740
335.510,156.318,102.031,374.450
334.040,155.765,102.383,375.560
332.109,154.794,102.479,377.831
329.818,153.590,102.829,379.520
327.404,154.578,103.133,378.652
326.479,154.136,102.445,377.044
322.907,162.467,101.342,370.267
320.268,165.067,100.136,364.644
318.562,171.104,98.658,357.500
315.537,171.506,100.012,354.365
313.774,174.192,100.960,351.215
311.183,171.715,102.433,347.605
312.410,167.477,102.741,351.337
312.072,168.862,103.144,351.477
311.920,165.358,104.109,353.242
311.717,167.309,104.388,352.657
312.481,165.510,104.451,355.299
313.446,163.312,103.240,356.237
313.216,163.534,103.118,356.666
314.956,158.863,100.051,357.422
316.503,159.272,98.194,357.435
317.776,157.680,96.428,358.451
322.329,158.837,95.774,352.065
321.986,161.230,95.961,346.305
322.268,160.257,97.136,344.712
320.776,156.297,98.119,345.135
