315.000,99.000,47.000,122.000
310.143,103.855,49.711,120.269
292.316,100.138,52.526,119.960
283.735,97.906,57.383,114.863
277.489,102.207,59.130,116.083
270.991,98.278,59.875,117.407
261.614,95.035,59.012,117.715
257.165,95.354,56.234,118.493
256.530,98.835,55.549,117.517
253.459,98.529,53.582,120.753
249.551,98.326,51.075,124.231
243.446,100.414,50.155,124.680
236.829,102.493,49.782,124.139
234.122,104.125,50.093,124.264
231.959,107.915,51.399,125.679
229.841,113.574,54.751,123.379
228.480,119.694,60.049,120.903
221.977,124.837,66.264,117.660
216.697,129.499,71.186,116.853
214.129,129.666,74.032,117.050
212.229,124.362,75.031,123.708
210.848,121.173,75.427,128.028
210.248,116.330,77.688,130.945
206.974,116.664,80.023,130.202
199.904,120.542,83.472,126.678
189.457,108.577,83.098,129.687
176.249,102.585,81.241,131.127
160.327,96.912,74.768,132.664
152.367,93.353,66.486,132.732
155.463,95.845,59.835,130.835
159.541,92.073,54.013,133.975
155.119,94.393,50.825,131.643
157.178,99.518,50.734,129.426
158.104,108.138,51.261,122.166
161.471,112.786,51.141,117.616
164.284,115.207,51.271,114.407
166.578,120.226,52.368,113.009
163.226,118.385,54.389,111.483
161.031,110.700,57.019,107.396
156.865,106.263,59.535,105.662
149.584,102.175,64.360,99.445
143.511,105.800,68.545,94.291
143.475,106.403,70.475,91.635
143.958,104.824,68.929,87.084
144.736,107.462,65.955,84.401
144.669,110.801,62.804,82.381
150.118,110.183,58.791,82.323
151.688,103.390,56.750,82.110
151.360,104.639,55.069,81.917
152.446,106.128,53.227,82.775
157.270,104.499,52.245,83.782
162.303,105.131,52.027,84.295
162.466,106.845,52.188,84.255
166.382,110.181,53.389,84.602
171.961,110.351,52.841,84.532
175.203,112.749,52.430,84.132
177.218,116.761,52.527,83.508
181.920,117.735,52.141,81.734
184.632,120.381,52.338,81.123
187.032,121.941,52.231,79.392
176.653,122.681,52.883,78.986
176.211,123.243,53.582,78.491
176.493,124.510,53.345,77.208
177.260,123.457,53.497,77.046
174.172,121.742,57.015,76.342
166.236,120.509,60.451,76.663
156.883,121.419,62.421,77.094
139.584,128.834,65.748,76.548
130.789,128.110,65.710,78.486
138.343,125.544,66.526,78.004
133.585,121.638,63.999,77.815
128.308,128.585,65.063,76.339
131.799,135.192,67.088,76.098
124.729,136.447,66.613,78.498
116.735,136.027,67.317,78.586
113.582,136.119,68.860,79.734
108.328,138.763,69.974,81.057
105.104,140.107,70.012,82.379
106.816,139.704,69.146,83.850
112.184,136.832,67.219,85.532
113.108,136.377,66.821,85.626
113.928,135.099,66.582,86.057
114.313,134.683,67.736,86.072
112.556,135.760,68.343,86.619
113.735,135.293,71.099,87.582
115.357,131.219,74.185,89.036
116.500,129.271,76.803,89.819
116.061,129.543,78.843,91.192
113.170,127.639,81.053,93.142
109.545,125.333,81.865,94.919
105.313,129.084,83.876,96.218
104.923,128.655,81.417,99.982
116.330,109.247,83.381,102.420
94.329,105.841,85.271,104.795
86.582,94.551,77.912,115.232
101.552,114.954,74.305,116.963
114.209,94.006,63.130,130.011
119.036,78.044,61.234,136.549
110.557,80.371,60.118,131.225
105.855,92.924,56.138,130.594
110.990,93.834,52.264,132.639
111.571,82.512,52.328,133.017
99.239,84.404,55.377,126.472
85.155,90.935,53.229,125.961
87.652,88.721,53.761,126.283
97.439,89.278,51.140,128.236
94.145,92.292,49.281,131.125
94.912,100.396,47.722,132.468
94.028,93.796,46.383,139.804
93.001,77.682,46.300,144.588
100.068,81.064,43.633,144.270
106.897,97.524,42.767,143.604
102.651,102.165,43.713,143.112
102.748,104.599,45.691,144.490
92.263,100.826,51.632,141.290
87.104,99.361,54.221,142.744
97.211,93.101,52.939,147.715
97.963,93.207,54.456,151.842
98.024,100.045,55.423,154.518
96.445,97.905,56.203,158.333
103.226,92.785,55.341,156.872
106.494,91.760,55.368,155.742
105.208,93.736,56.194,153.995
103.328,96.988,56.799,154.460
103.658,102.600,60.014,152.418
108.266,115.021,63.621,152.187
104.779,116.108,68.475,149.955
102.122,124.141,73.008,153.690
100.987,123.226,80.561,148.815
106.164,118.571,82.550,152.255
105.883,122.004,87.231,153.641
106.172,121.573,90.573,153.793
107.615,130.128,93.894,151.521
114.934,129.978,93.331,152.621
121.696,130.804,93.524,150.740
127.383,130.803,93.241,149.756
129.057,133.756,93.201,150.201
133.687,130.772,91.710,152.391
136.886,134.507,89.531,154.483
131.860,139.570,87.886,158.491
131.729,135.636,84.726,164.371
137.188,124.720,80.844,167.270
143.785,119.935,78.835,165.577
142.568,120.307,74.196,165.690
137.296,125.559,72.295,159.713
134.669,124.780,71.664,156.621
140.950,113.259,71.678,160.640
132.676,104.790,73.645,157.139
123.922,106.906,76.022,154.239
122.496,116.033,82.315,150.204
131.223,117.526,84.312,149.367
141.641,105.957,85.919,155.077
151.649,98.381,81.818,161.901
162.773,99.596,76.127,165.928
177.139,96.747,73.082,169.907
182.444,91.461,78.675,168.940
181.965,89.799,82.085,169.113
184.845,99.358,88.820,160.680
187.076,110.949,93.329,155.281
192.546,115.245,94.242,157.884
207.653,123.430,103.742,156.233
230.033,131.125,96.852,159.096
233.991,144.141,96.061,157.598
236.769,152.605,96.854,157.914
243.142,158.880,101.584,155.515
250.752,161.079,99.649,155.948
256.989,166.149,96.988,152.717
267.152,170.859,97.255,149.761
273.168,168.523,99.148,149.846
269.864,166.682,103.508,151.577
257.230,166.257,106.865,151.869
254.703,168.655,116.807,150.258
249.366,169.553,107.031,150.765
253.154,169.190,101.013,150.833
244.756,165.465,93.986,152.582
242.131,166.473,89.761,151.587
245.612,166.953,84.872,151.123
253.951,169.808,83.169,148.891
255.815,169.513,81.500,149.084
255.513,164.601,79.136,151.828
260.423,162.342,76.823,152.148
262.856,163.278,75.687,151.219
262.688,163.025,75.772,150.723
265.876,162.603,75.168,150.858
265.002,161.198,75.236,150.661
265.392,163.603,75.243,150.405
270.643,164.184,76.416,152.101
269.103,156.401,75.508,155.911
268.659,152.537,75.567,156.001
270.381,154.621,79.681,154.969
267.030,149.098,84.027,155.145
261.379,143.592,83.487,153.667
265.078,144.607,81.975,152.687
259.052,140.893,81.789,152.619
253.983,143.217,80.906,150.861
255.360,145.145,79.669,150.073
262.019,146.646,80.266,149.582
258.934,139.565,74.927,152.897
244.810,126.451,73.763,155.115
239.161,121.059,73.791,155.432
245.658,123.309,74.353,151.957
246.895,126.874,72.622,152.644
242.370,124.413,72.377,156.544
232.099,118.410,73.625,155.268
235.068,122.535,75.302,150.138
230.418,122.685,73.533,150.095
223.018,119.169,77.153,146.068
222.325,119.744,77.952,143.303
224.645,125.730,81.389,138.265
219.885,127.979,81.634,135.726
216.710,135.871,83.052,129.666
213.549,125.524,81.290,134.142
208.383,125.163,80.595,136.998
204.112,131.727,80.650,135.644
203.965,140.833,79.883,131.640
205.049,144.035,78.021,129.727
207.506,146.405,74.184,129.901
208.123,146.914,70.769,131.771
205.812,144.175,74.961,131.290
212.047,148.316,71.773,134.854
213.984,147.418,71.321,139.311
209.549,142.357,74.582,143.182
211.388,141.557,74.057,147.254
212.879,134.649,74.366,149.732
219.942,135.121,71.513,151.924
226.877,138.059,71.825,150.752
231.976,138.925,71.926,151.136
228.470,140.845,73.875,152.281
231.148,141.152,76.623,152.102
233.520,142.054,79.249,149.578
238.977,145.417,77.805,149.439
248.730,147.858,75.430,149.272
254.631,149.480,74.241,149.809
253.626,145.079,73.795,153.061
253.063,142.594,75.279,153.838
257.735,142.524,75.509,152.803
264.609,145.680,73.274,154.212
272.295,145.582,71.380,154.664
273.663,143.236,71.273,155.707
277.045,141.984,72.233,155.065
286.216,146.378,75.249,153.934
289.322,149.243,76.308,154.125
281.619,145.500,78.290,152.077
280.191,149.903,82.113,148.749
286.713,155.511,79.167,154.076
291.634,147.850,80.930,156.339
294.245,149.267,80.337,154.390
299.106,149.277,79.130,149.835
302.298,149.429,76.834,150.062
306.604,138.151,83.602,148.245
296.769,132.163,81.786,147.356
293.911,129.429,81.332,144.255
284.158,127.281,76.174,144.077
272.267,125.983,70.705,139.351
264.211,122.281,68.602,137.711
253.389,121.720,69.136,135.841
250.865,126.627,72.984,132.995
244.704,130.268,78.029,131.984
229.668,125.323,80.762,133.431
214.965,123.418,86.707,131.903
210.581,125.153,92.870,129.776
225.273,126.170,85.086,133.098
229.969,127.571,80.205,135.857
218.099,121.811,79.789,134.347
248.460,120.927,99.020,121.055
282.124,129.501,92.713,116.971
301.520,130.195,88.223,112.177
300.150,130.252,86.549,111.501
293.635,130.223,84.741,108.874
289.923,126.444,83.469,109.974
284.747,129.146,88.899,106.313
238.946,91.345,96.684,104.509
166.150,108.515,107.047,111.449
154.601,84.951,94.726,129.322
161.416,93.865,87.696,138.958
173.982,89.934,83.388,145.449
184.734,62.591,79.689,161.959
191.486,59.375,79.630,172.214
198.024,55.690,81.739,178.180
201.250,69.513,78.264,202.233
202.787,68.651,80.192,212.670
203.651,72.550,82.197,216.275
204.965,77.128,89.766,207.682
204.450,82.996,94.824,205.672
214.636,76.174,100.713,200.523
202.106,77.942,97.401,206.937
193.933,73.936,89.968,208.798
194.323,69.205,85.997,200.895
203.568,80.881,86.048,193.035
206.971,79.873,79.539,187.682
209.315,84.026,71.862,185.842
210.062,84.981,67.451,181.660
212.072,91.150,66.418,174.452
219.189,97.655,67.754,167.042
219.979,104.368,69.014,159.645
212.580,103.716,70.184,153.219
214.851,106.441,66.219,150.717
216.274,112.423,61.680,149.673
214.939,119.039,59.961,150.624
208.989,111.837,62.442,152.696
204.582,109.788,63.994,149.536
201.698,117.605,67.544,146.394
184.052,108.048,64.498,147.120
182.206,102.726,61.436,149.240
189.236,105.551,62.390,149.013
184.953,98.729,60.044,153.004
183.849,94.840,59.360,157.929
191.362,106.343,60.062,156.285
197.133,110.636,58.189,163.515
188.808,89.155,59.846,163.175
183.127,89.237,63.614,159.743
186.072,101.934,73.940,151.392
184.096,109.231,75.103,150.278
179.708,109.863,73.860,154.548
171.342,104.585,75.938,152.678
170.816,102.601,78.453,150.224
167.791,104.037,81.264,148.138
165.131,111.502,83.900,145.537
164.530,114.929,82.559,149.532
155.324,106.299,81.345,151.846
150.948,109.012,76.448,150.837
154.725,107.687,69.212,152.666
157.670,99.979,64.085,161.842
147.865,81.443,57.461,167.642
140.994,86.436,60.026,160.121
149.253,87.268,58.619,159.482
163.425,91.459,54.508,160.354
171.213,83.956,52.495,163.508
160.752,75.616,53.614,161.199
169.027,76.650,58.877,156.674
189.782,82.024,62.461,152.819
189.437,94.942,67.192,146.231
182.118,83.625,70.777,145.590
178.598,74.300,68.545,149.018
192.110,77.498,70.673,146.903
203.989,78.184,69.478,148.339
210.052,66.374,69.830,151.990
208.558,64.155,69.426,152.367
209.977,64.720,69.187,155.138
218.387,65.451,69.226,153.906
224.973,62.875,68.749,156.047
226.020,63.536,67.400,153.749
228.144,62.533,64.135,158.239
233.317,66.567,63.353,158.634
243.479,70.147,63.597,158.302
252.421,66.912,65.251,157.975
251.800,67.946,67.075,154.888
256.332,75.314,70.397,152.860
260.015,75.942,70.040,151.884
262.823,74.214,67.758,152.865
261.908,74.147,64.336,149.528
265.145,76.207,62.671,149.150
269.390,75.011,60.818,151.044
278.591,74.433,59.572,151.967
276.718,73.618,58.094,148.914
274.658,73.026,56.111,148.028
286.611,79.254,56.244,146.760
288.440,86.540,56.663,143.753
286.306,89.514,54.821,139.273
293.719,92.820,52.971,137.837
293.001,99.238,48.646,137.343
290.567,98.557,48.790,135.388
289.743,99.873,50.142,132.795
286.665,99.939,54.771,129.960
291.719,98.302,54.211,131.467
297.095,95.085,51.348,133.790
301.938,95.077,50.686,135.518
303.208,94.066,52.625,137.644
296.638,91.870,56.125,141.287
286.166,86.360,61.503,144.173
276.680,79.240,67.500,144.578
274.229,76.580,68.095,147.069
277.597,78.545,67.309,149.529
280.586,76.332,65.462,149.972
276.655,73.683,68.125,147.529
274.377,79.685,69.768,144.026
278.274,81.035,71.613,139.574
282.852,84.040,74.440,136.670
284.382,84.635,74.380,137.272
287.035,84.472,75.242,137.506
290.709,83.073,76.272,139.233
293.316,82.202,77.374,140.721
301.863,83.500,81.386,139.179
309.539,83.620,82.563,136.616
317.713,83.525,82.103,134.890
324.091,83.606,83.233,133.651
324.738,89.034,87.046,131.699
328.583,90.241,86.346,131.366
330.616,93.109,84.694,129.496
332.912,95.645,83.556,127.597
