535.000,348.000,79.000,113.000
535.038,348.851,79.905,115.745
534.577,348.499,80.818,115.443
532.811,349.034,81.758,115.004
529.615,350.784,85.493,114.773
524.859,350.250,89.489,115.484
518.873,349.433,94.603,118.185
513.129,348.289,98.473,120.559
507.373,346.618,102.081,120.855
502.436,346.221,105.030,122.128
496.879,344.746,105.631,119.743
493.489,346.643,104.927,121.086
491.980,349.123,103.042,124.573
493.231,347.940,100.204,125.953
496.435,349.715,96.571,123.833
500.166,352.189,92.918,121.319
505.693,351.821,87.368,119.642
510.978,352.497,82.740,119.740
515.599,351.387,79.003,119.727
519.989,349.324,75.708,123.483
521.964,346.433,74.755,125.691
523.346,347.269,76.427,127.705
522.968,349.968,85.477,125.066
523.021,349.554,94.846,123.870
520.967,345.302,94.758,130.692
523.198,344.215,102.449,128.092
518.069,344.337,93.543,131.258
521.805,350.007,89.391,130.178
523.177,350.606,88.790,128.848
522.442,353.687,88.939,129.697
520.677,353.386,89.063,131.607
518.372,352.703,88.044,132.289
515.283,352.161,86.007,135.766
513.130,347.521,85.093,138.414
512.794,349.013,85.549,141.538
511.177,348.555,86.694,144.436
509.648,347.214,88.669,146.797
508.220,343.543,90.638,147.412
506.727,346.485,91.537,145.876
506.884,347.721,91.978,144.449
505.588,351.030,92.119,143.290
505.667,353.020,90.804,142.748
507.015,354.862,88.727,140.591
511.854,354.751,86.262,140.019
515.613,350.640,84.047,141.775
518.141,349.973,82.938,143.200
519.289,348.293,83.029,145.123
519.955,345.279,82.631,144.884
521.351,342.873,81.731,147.917
521.593,344.052,80.740,151.443
521.897,342.341,80.550,153.279
522.583,343.461,80.330,154.192
523.136,342.095,82.378,152.454
523.679,346.016,85.559,149.575
521.742,350.506,89.786,147.461
518.496,353.305,93.294,142.443
515.592,354.557,93.798,140.362
510.792,351.372,91.915,141.540
507.013,350.379,91.233,140.618
503.694,348.753,92.341,142.067
501.541,346.131,94.491,146.124
499.203,344.564,97.516,147.555
496.966,344.747,99.649,149.288
493.734,346.637,100.860,153.981
491.821,347.048,101.237,157.383
488.900,350.095,101.549,159.889
487.636,350.898,99.868,158.951
489.460,353.207,96.450,158.516
493.308,353.771,92.731,157.475
498.379,354.632,89.657,155.355
501.261,352.573,88.520,150.667
502.797,352.873,88.127,148.589
501.340,351.480,88.880,145.379
503.346,353.468,87.031,149.476
503.996,353.471,85.326,153.239
505.878,352.888,83.558,155.764
507.146,354.237,82.608,156.806
507.540,356.455,84.062,156.307
504.940,358.751,85.427,157.413
503.076,359.215,86.278,160.229
498.667,359.175,87.509,161.624
492.314,355.070,89.920,154.517
486.552,358.003,89.062,156.752
484.161,356.917,88.803,160.611
479.726,353.691,91.242,162.708
477.438,351.223,94.179,162.525
472.628,349.576,97.206,163.302
469.880,349.268,99.761,163.140
466.158,353.419,100.577,167.175
464.741,357.256,100.455,168.652
463.671,358.395,98.974,169.025
464.326,359.220,97.436,168.695
467.001,358.546,96.002,168.480
471.252,357.623,95.421,164.848
474.630,357.679,94.930,161.050
473.520,357.050,96.217,155.833
474.843,357.283,94.502,157.558
475.925,356.472,94.032,159.676
477.349,356.046,93.874,159.033
479.365,360.231,93.840,159.978
482.753,363.928,92.848,162.955
483.793,366.867,93.357,168.319
482.848,368.360,94.342,173.250
480.391,365.624,95.177,175.119
475.156,365.851,94.123,174.955
471.333,364.135,93.155,178.180
467.817,355.679,92.941,166.673
463.847,357.245,95.236,160.310
462.529,359.264,97.648,163.702
460.155,350.955,100.639,166.685
458.521,353.405,103.493,170.878
455.761,353.559,105.222,175.676
452.418,356.255,107.268,180.237
450.321,358.643,107.691,185.160
451.597,359.589,106.923,187.388
453.901,361.649,105.544,192.495
457.011,358.648,104.136,196.412
459.415,357.356,103.021,200.149
460.615,354.393,102.178,201.679
462.253,351.091,99.734,201.263
462.026,349.110,100.239,196.744
461.777,350.354,101.908,195.907
463.879,353.963,103.595,190.272
463.350,358.153,107.693,190.826
459.589,361.507,111.923,190.597
455.070,363.783,115.557,191.357
450.262,365.105,116.576,193.168
445.508,364.657,115.697,196.812
443.912,359.334,113.977,198.947
441.643,359.315,114.379,203.442
441.203,354.995,114.913,204.354
439.352,355.840,114.215,203.431
438.794,352.814,112.352,202.482
437.776,353.726,110.172,200.875
436.678,355.252,107.855,196.213
437.727,359.463,105.143,200.344
441.708,356.942,103.334,200.410
447.056,360.690,101.953,210.078
450.165,352.467,103.971,201.656
453.979,354.229,104.464,203.137
456.509,352.490,104.358,215.607
459.021,343.251,103.767,220.747
462.130,339.602,106.430,222.635
462.392,339.868,109.161,221.590
463.417,341.625,115.049,215.838
462.538,345.574,120.404,212.706
463.004,351.402,126.204,215.324
457.878,354.656,129.706,220.552
452.921,356.782,132.750,222.427
450.254,346.195,134.434,218.540
449.792,345.356,133.528,221.489
446.562,343.921,130.600,227.598
447.670,336.130,123.255,236.926
448.392,329.530,119.639,242.074
