829.000,57.000,92.000,74.000
828.481,62.508,92.199,73.438
828.171,66.476,92.405,73.160
827.700,68.714,92.856,73.332
829.187,69.904,92.291,73.798
831.336,69.109,91.582,73.918
832.349,65.037,91.407,74.180
833.548,61.798,91.339,73.749
835.196,59.287,91.644,73.701
835.500,57.770,91.921,73.979
838.012,56.979,91.619,74.130
838.310,57.139,92.081,74.128
838.772,57.989,92.502,73.938
838.619,58.893,92.643,73.660
838.405,59.010,92.719,73.370
837.461,59.604,92.580,73.277
836.712,60.221,92.502,73.201
835.752,62.139,92.187,73.272
834.512,63.819,91.571,73.582
832.884,65.552,91.298,73.668
830.364,68.273,91.599,73.210
828.566,69.806,91.886,72.961
827.174,69.556,92.065,73.177
825.111,70.401,92.406,73.020
823.290,70.951,92.639,72.849
822.676,68.730,92.565,72.978
821.979,67.066,92.986,73.058
821.146,64.941,93.627,73.107
820.022,64.641,93.563,73.710
818.217,65.201,93.361,73.926
816.915,64.557,93.279,74.150
816.184,62.185,93.007,74.821
814.907,61.331,92.717,75.577
813.362,60.557,92.824,75.935
811.992,59.630,93.040,75.871
810.604,58.370,92.959,75.845
810.267,57.367,92.957,76.217
809.350,56.112,92.994,75.805
808.607,53.407,93.183,75.743
807.293,52.980,92.960,75.531
806.323,52.760,92.763,75.579
805.046,53.147,92.390,75.713
804.014,54.234,92.244,75.952
803.577,55.147,92.074,76.889
800.995,59.904,91.663,78.031
800.376,70.179,91.957,78.274
798.734,77.273,92.005,78.596
796.769,84.395,92.506,78.093
794.572,93.003,92.659,77.149
793.563,100.231,93.177,76.715
792.305,107.372,93.326,75.841
790.000,115.501,93.786,74.552
787.097,119.464,95.071,73.692
785.117,123.627,96.967,72.300
783.658,123.944,98.308,71.243
784.750,122.509,97.640,71.433
785.190,124.130,97.123,71.473
785.640,124.094,97.180,71.118
786.292,120.658,97.578,72.236
786.928,118.561,98.154,71.859
789.181,113.546,97.089,73.400
791.682,110.780,95.537,74.918
794.220,106.852,94.921,75.637
796.030,103.199,94.412,75.961
796.693,98.455,94.066,76.317
796.484,95.521,94.218,75.864
794.427,91.349,94.170,75.440
791.498,84.135,94.053,74.923
786.547,75.439,94.021,75.264
781.736,67.817,94.233,75.283
778.379,60.487,93.585,75.404
774.907,55.529,93.603,75.991
774.032,54.545,92.715,76.525
770.386,52.492,92.543,76.878
765.660,53.032,92.306,76.579
760.683,53.738,91.771,76.612
756.334,53.158,92.247,76.913
753.856,50.881,92.413,77.789
752.007,47.469,92.587,77.933
750.905,44.511,92.795,78.621
750.741,45.778,91.839,79.647
750.271,49.196,91.518,80.098
748.370,56.097,91.216,78.407
746.363,62.206,90.971,76.421
742.354,66.965,90.913,74.765
739.294,70.692,90.766,74.938
737.026,73.902,90.675,75.239
736.097,76.733,91.003,75.179
735.853,78.879,91.098,75.460
737.007,79.739,91.029,75.381
738.468,79.428,90.730,75.063
739.771,78.208,90.557,74.802
740.205,76.182,90.602,74.629
741.120,74.778,90.559,74.511
743.908,73.154,90.901,74.264
746.324,71.329,90.901,73.907
748.141,67.274,91.123,74.056
749.661,63.999,91.314,73.901
752.203,61.026,91.375,74.213
754.468,57.728,91.335,74.473
754.825,55.551,91.351,74.606
755.004,54.149,90.951,75.092
755.054,54.895,91.089,75.048
753.234,56.654,90.977,75.278
751.658,57.294,91.099,75.056
750.291,56.725,91.028,75.121
748.446,57.088,91.232,74.946
747.450,55.950,91.485,75.332
747.437,55.155,91.628,74.921
747.232,53.620,92.028,74.596
747.524,51.567,92.542,74.283
749.272,49.223,92.704,73.941
751.581,45.350,92.473,73.365
754.799,40.909,93.094,72.356
757.380,36.360,94.361,70.868
758.640,32.397,96.291,70.473
761.728,28.904,97.690,70.125
763.402,25.362,98.914,70.983
764.721,22.088,100.768,70.938
763.920,20.321,102.969,71.878
759.736,19.730,106.808,74.017
754.166,19.121,111.769,76.821
751.431,13.671,116.237,82.836
749.417,8.341,120.086,89.882
751.799,5.638,121.354,94.582
755.639,4.945,121.185,97.863
757.803,5.280,121.624,101.394
759.061,8.277,123.088,104.159
762.130,17.878,124.642,105.708
763.641,29.872,126.414,106.037
763.603,38.324,128.256,106.626
761.204,46.310,130.638,105.554
758.549,51.755,132.821,103.634
754.950,53.149,135.603,103.730
750.313,52.633,139.488,102.768
748.816,55.709,141.754,101.490
747.367,58.088,144.500,101.785
746.546,56.003,147.515,102.255
746.987,52.436,152.290,103.636
747.806,47.306,156.039,106.001
751.489,44.120,159.821,109.460
754.190,41.308,162.008,112.026
757.997,35.467,162.905,111.825
759.852,30.831,164.155,109.069
759.464,29.612,164.291,108.301
758.512,28.228,164.303,108.011
755.439,29.164,163.023,106.223
754.585,31.898,164.070,104.170
751.899,34.293,167.032,102.679
750.153,36.843,169.434,99.204
747.524,39.672,171.591,98.692
745.773,41.333,172.987,97.783
741.204,43.344,174.264,99.448
736.415,44.194,177.430,98.487
732.808,47.181,178.099,102.287
733.129,47.590,177.297,107.186
735.529,47.460,173.331,109.461
736.398,48.912,169.857,110.972
737.129,51.327,165.860,111.590
738.957,53.351,168.114,111.084
737.889,57.140,170.470,109.223
736.620,59.754,173.871,107.925
735.605,62.014,175.736,106.662
735.284,65.103,177.014,102.966
733.087,66.666,177.329,99.632
731.812,71.677,177.777,97.434
733.080,74.253,178.129,95.251
733.904,77.561,179.639,93.044
732.554,80.302,181.644,91.997
732.456,82.968,179.779,95.587
733.334,86.338,175.791,103.443
733.930,84.968,173.595,112.009
737.153,84.055,172.644,117.551
739.174,82.140,173.720,120.980
741.385,80.045,174.815,123.143
743.738,79.362,175.786,124.881
745.868,79.896,173.533,125.606
746.381,80.480,170.474,125.591
747.173,82.667,168.690,125.305
747.423,85.357,166.541,124.833
748.236,87.874,163.318,123.779
747.254,89.326,161.328,122.153
746.404,91.845,160.170,119.788
745.180,93.903,159.887,117.719
742.023,97.663,158.634,115.423
740.304,99.952,154.144,113.828
735.559,102.787,145.625,117.258
732.776,106.648,143.993,124.655
727.496,106.978,136.815,133.650
730.138,105.513,131.713,139.316
732.501,103.654,131.416,141.692
732.080,104.500,131.997,141.697
728.923,106.285,127.355,142.039
725.334,106.361,118.026,143.097
724.764,106.852,111.771,143.409
726.397,107.930,113.145,141.043
726.193,109.802,115.689,140.191
721.800,111.262,117.034,139.172
717.294,114.008,115.068,137.079
716.486,115.484,116.182,132.008
711.837,119.097,116.340,129.299
708.011,120.164,116.145,126.389
704.174,121.625,115.114,124.366
700.776,124.418,115.854,130.588
695.696,125.303,112.068,140.680
692.738,123.350,107.856,145.415
689.588,122.220,104.735,148.199
687.946,120.464,101.331,148.235
685.123,120.470,99.078,148.888
682.718,120.958,97.465,148.442
681.339,124.638,95.519,147.447
678.274,124.952,96.265,147.688
676.834,125.487,97.677,147.766
673.594,129.596,98.786,145.711
671.396,134.669,99.293,143.372
669.141,136.044,101.563,141.113
667.751,135.961,103.449,137.340
665.646,137.319,104.579,134.223
664.564,138.660,105.749,131.214
664.351,139.367,106.485,129.582
662.677,137.775,107.395,130.661
660.809,136.929,108.718,131.796
657.376,135.819,110.673,134.938
655.418,137.471,111.962,141.005
656.442,136.532,112.476,145.329
654.524,136.244,112.914,147.007
654.153,134.308,114.077,147.128
652.528,133.160,115.085,146.533
650.680,131.914,115.496,144.677
648.457,131.546,115.368,144.591
645.744,132.150,115.776,144.273
641.949,132.889,119.090,141.723
639.728,135.292,120.823,141.716
636.340,135.987,124.508,141.773
632.687,135.191,127.591,139.511
628.466,137.360,128.473,136.508
626.741,137.095,131.265,134.701
623.846,140.465,135.460,130.206
620.051,142.224,140.048,126.096
616.829,146.104,142.646,128.454
615.874,148.051,146.344,133.471
612.924,149.978,148.931,137.677
612.595,151.853,150.657,142.254
611.130,152.981,152.816,143.619
609.476,152.208,154.526,144.701
607.627,151.054,156.929,144.718
605.272,152.523,158.887,143.656
603.420,153.617,160.527,142.316
604.189,152.838,161.173,140.065
603.494,153.598,162.845,138.003
603.450,154.784,164.208,136.305
602.250,154.788,165.532,134.655
602.024,154.830,166.527,132.112
603.030,155.881,167.229,130.322
603.205,157.043,168.560,127.822
602.322,159.166,172.201,125.618
599.584,161.035,175.757,125.761
598.803,162.327,179.335,128.568
598.723,163.609,183.423,130.587
598.819,164.908,186.712,130.801
599.616,165.383,185.533,130.396
600.224,166.215,184.760,129.116
601.748,166.966,187.286,128.228
600.583,166.983,189.907,128.539
599.506,167.659,193.652,127.035
596.278,169.144,195.796,126.175
593.980,171.760,194.330,124.285
593.869,175.209,196.581,120.454
594.047,178.545,199.328,117.088
591.612,180.330,203.291,115.048
588.741,184.126,207.025,113.596
586.372,187.385,210.087,117.133
581.526,190.737,205.990,124.329
580.604,193.496,201.559,134.145
581.619,191.971,203.323,138.995
581.988,192.001,209.737,139.290
577.582,193.172,209.899,144.160
577.690,192.813,212.270,149.356
578.139,194.896,212.039,153.065
580.632,193.997,211.361,152.939
576.766,196.390,207.860,151.899
577.982,198.633,203.661,150.307
574.056,202.308,198.954,149.960
575.259,207.023,200.064,146.811
575.656,210.647,199.840,144.019
576.707,214.770,197.859,141.250
576.617,221.251,198.390,136.597
574.540,226.934,197.894,137.900
571.904,229.417,194.249,142.860
567.522,232.163,181.986,153.444
565.103,236.574,170.114,167.145
567.083,236.372,160.197,178.060
569.461,237.552,156.011,181.157
570.550,238.266,153.376,182.177
570.221,241.337,154.039,177.008
568.234,244.001,153.749,173.310
566.871,246.087,153.518,169.310
564.999,248.817,150.710,165.649
563.487,248.602,148.055,164.362
565.766,246.753,150.779,163.131
568.185,246.164,156.909,162.042
567.350,244.138,159.334,162.612
567.109,240.197,158.218,166.746
568.273,236.875,156.292,171.251
571.206,233.930,153.634,174.456
572.655,233.057,151.453,175.177
575.096,233.314,148.569,175.605
575.420,232.956,145.798,175.847
576.333,231.631,143.096,176.066
576.886,230.681,141.364,174.982
577.384,230.217,140.132,173.924
577.782,231.829,137.036,172.481
579.202,234.061,134.125,170.496
581.893,236.985,129.928,168.867
583.744,236.975,126.983,168.794
584.845,237.094,124.127,168.065
585.514,238.707,120.319,168.972
587.067,238.845,117.175,169.007
589.008,238.664,112.249,170.501
588.629,239.326,107.942,170.322
589.136,239.197,103.806,171.083
588.985,236.816,98.190,172.339
590.218,237.261,93.277,172.318
591.950,238.462,89.116,172.913
591.621,239.439,83.718,173.432
593.166,240.673,79.473,174.395
592.721,241.180,76.652,174.556
590.728,237.157,74.951,173.007
589.677,232.044,74.762,170.845
588.619,228.066,76.701,168.535
589.524,230.708,77.075,162.362
588.810,231.680,76.951,159.608
587.794,229.850,76.801,158.175
588.215,231.064,76.924,156.364
587.976,229.551,77.332,155.043
586.406,228.259,77.943,153.150
585.516,226.913,78.313,151.625
585.869,225.784,78.458,150.658
585.504,224.020,78.687,150.472
586.745,223.275,79.825,149.327
586.366,224.103,79.564,149.743
587.276,224.798,80.909,146.639
587.485,225.124,81.219,145.039
587.409,226.656,81.973,143.501
588.880,227.110,81.758,142.789
589.202,227.507,82.216,140.557
590.679,226.818,82.800,139.291
590.267,227.156,82.399,139.546
592.397,225.837,82.630,138.950
592.212,225.978,82.731,138.967
593.209,226.216,82.720,137.918
593.221,224.995,82.786,137.762
593.958,225.407,83.217,137.501
594.838,225.661,83.380,136.741
594.815,226.621,83.205,136.350
595.250,226.528,83.139,135.347
595.762,225.896,83.292,135.020
595.788,226.632,83.868,134.575
595.689,223.559,84.218,134.408
595.532,224.021,85.016,134.199
595.387,221.434,86.009,133.328
594.731,222.396,86.582,131.671
594.031,221.792,86.547,130.237
595.210,221.948,86.299,129.305
595.229,221.686,86.235,129.366
593.915,221.330,86.367,127.979
592.255,220.296,86.100,128.853
591.754,220.510,85.933,127.978
590.050,221.072,85.238,128.323
587.826,221.654,85.066,128.122
583.924,221.071,85.126,127.560
579.900,220.755,84.311,129.120
574.477,221.120,84.371,130.697
569.774,221.350,83.729,132.683
566.660,219.756,82.841,135.000
563.274,217.759,82.009,135.226
563.078,216.292,81.750,136.181
562.558,215.965,81.711,136.884
562.081,218.352,81.577,136.109
561.778,218.196,82.201,136.944
561.433,219.010,82.403,137.083
560.840,218.914,83.161,137.578
560.797,220.461,83.426,138.010
560.427,222.182,83.644,136.970
560.605,220.126,84.087,135.993
561.129,222.341,84.095,136.614
561.386,222.348,84.722,136.258
561.927,224.891,84.435,136.338
561.719,224.360,84.311,135.509
562.381,226.173,84.131,136.355
561.510,227.435,84.468,136.577
562.200,229.041,84.723,135.745
562.083,230.859,85.347,135.295
562.431,230.886,85.509,135.854
561.567,232.362,85.332,135.483
562.194,232.552,85.770,135.307
561.125,233.140,85.368,136.352
561.575,231.156,84.681,137.721
561.182,233.163,83.864,137.833
560.831,232.198,83.429,136.716
561.624,232.832,83.188,136.606
562.468,232.745,83.185,135.704
562.910,234.228,83.203,135.905
562.442,234.158,82.822,135.104
563.828,234.466,82.242,134.951
564.337,234.351,82.030,135.069
564.890,235.004,81.445,134.514
564.976,235.138,81.208,134.514
565.788,235.983,81.144,134.420
566.114,235.172,81.147,134.704
567.260,237.243,80.921,135.188
567.834,236.324,80.800,135.263
567.590,237.890,80.677,135.399
569.217,237.990,80.776,135.310
569.075,237.871,80.992,134.589
569.755,238.240,81.159,133.923
570.674,239.556,80.724,134.630
570.893,238.111,81.005,134.296
572.464,240.198,80.486,135.149
572.114,240.358,80.763,135.479
