582.000,274.000,477.000,309.000
586.576,292.908,474.980,296.787
589.256,299.016,472.543,290.328
594.375,297.199,464.482,284.935
597.789,295.882,455.160,286.030
598.327,291.891,454.282,289.668
598.192,285.725,456.902,295.622
585.974,286.327,466.532,297.356
590.015,284.843,470.780,295.041
581.304,290.243,470.520,290.090
585.234,293.278,475.875,282.149
583.758,295.675,487.946,278.719
566.714,289.720,463.953,282.620
577.443,286.489,457.341,284.936
580.275,285.404,450.986,284.455
578.083,283.198,447.887,282.388
573.233,282.829,446.221,282.580
576.308,279.870,442.383,287.540
575.772,276.018,447.085,291.491
578.050,279.767,441.834,288.960
573.290,282.033,448.059,287.017
566.473,290.760,452.901,281.361
558.103,296.426,457.388,278.319
562.115,292.493,456.101,281.233
552.211,300.740,462.654,278.245
545.176,303.513,459.710,268.641
545.439,304.171,458.071,268.706
548.331,300.067,453.544,270.157
550.421,301.734,452.243,274.838
549.403,301.342,444.705,280.771
545.293,302.492,447.351,282.537
544.155,304.508,448.935,281.060
540.168,302.500,455.791,278.463
535.695,304.630,458.348,276.638
539.413,305.776,454.500,272.532
531.321,306.367,443.739,262.550
535.830,313.626,468.160,256.856
530.567,314.680,474.820,254.259
516.637,314.884,468.137,253.122
515.457,307.193,454.391,257.266
520.868,298.215,448.504,262.223
528.765,297.672,438.869,264.515
532.566,293.934,439.236,267.787
532.001,289.549,440.510,268.638
535.984,284.074,443.945,267.811
536.720,281.993,440.662,268.404
542.563,286.693,442.486,265.102
549.278,288.432,450.132,260.662
551.199,289.980,448.393,259.474
553.178,294.568,444.437,255.464
558.722,294.546,443.694,257.016
565.611,299.774,444.110,255.438
570.137,296.732,443.894,257.815
579.243,301.072,443.130,260.552
562.396,297.995,451.536,264.592
573.185,298.333,447.548,266.644
555.629,298.123,454.417,262.220
553.058,294.511,445.918,259.373
551.551,297.567,443.388,257.412
555.884,298.020,429.795,254.186
558.544,297.777,426.406,251.759
560.461,293.351,421.633,250.512
562.021,289.513,414.519,254.393
569.289,286.045,411.266,255.350
570.680,284.669,412.198,259.876
568.546,284.672,422.270,264.124
571.596,282.163,434.810,267.918
573.038,277.795,429.805,270.783
577.982,275.486,427.179,268.833
578.006,272.338,428.450,270.404
584.842,268.794,425.944,272.267
587.992,272.176,425.727,270.432
593.034,276.648,413.941,269.381
593.547,276.230,418.621,267.653
614.146,274.580,418.941,271.719
600.454,269.958,427.061,277.021
605.699,274.669,428.678,274.317
607.552,264.890,425.200,278.826
596.443,259.160,427.827,284.557
604.165,256.969,426.778,283.946
591.968,256.014,433.917,282.060
579.436,267.576,442.993,277.832
582.591,268.415,435.454,277.551
580.413,276.793,442.565,272.357
572.634,276.359,440.297,268.604
576.946,274.632,430.991,269.795
585.900,279.129,419.043,270.977
589.483,284.138,419.137,268.868
592.615,284.760,418.207,270.471
599.149,287.464,424.190,273.633
587.991,284.002,432.038,279.620
579.465,282.405,434.254,280.429
576.613,275.405,433.733,280.241
583.094,272.924,432.793,280.110
573.079,274.552,432.313,276.575
571.666,270.203,439.576,279.069
564.614,265.927,425.177,282.062
561.743,272.587,407.979,281.372
573.410,269.511,415.349,283.279
576.622,263.226,419.302,288.619
574.551,258.797,435.170,288.468
579.775,254.071,452.737,286.331
577.754,255.065,450.695,289.224
572.945,258.711,450.060,293.207
589.723,259.852,430.636,293.946
574.909,269.817,432.384,292.030
574.268,283.178,434.067,282.504
575.758,285.571,433.093,273.797
577.868,282.192,424.581,277.131
585.247,282.289,419.088,276.741
596.021,279.571,416.563,273.792
596.277,272.986,412.669,278.786
593.649,270.690,419.129,281.616
592.940,266.996,416.488,290.700
591.251,259.871,416.020,298.563
593.147,258.724,417.031,303.832
576.263,263.002,420.829,304.798
574.083,270.137,417.980,307.432
561.221,279.670,424.369,307.873
559.179,289.973,422.602,306.377
560.477,297.992,421.684,307.139
562.282,301.346,432.829,311.492
563.072,305.902,435.870,312.539
573.142,311.713,447.091,309.631
564.782,312.758,454.649,312.495
567.532,307.857,456.440,318.992
565.004,310.304,458.006,321.446
570.282,309.072,462.570,325.139
568.053,313.740,458.873,325.945
560.036,320.029,458.505,323.823
560.660,322.671,450.884,322.059
560.685,330.022,460.359,318.014
557.346,332.661,453.898,312.007
561.238,327.996,447.673,315.454
567.288,325.329,442.787,317.295
568.082,319.952,448.968,317.571
571.696,317.373,446.973,322.337
573.437,313.959,451.925,327.664
571.399,311.557,454.957,334.649
563.785,318.257,461.394,336.000
554.756,318.200,470.029,338.955
549.491,319.884,480.630,340.277
547.738,322.796,492.399,342.590
553.374,310.675,495.452,335.187
546.737,310.993,507.566,335.048
541.338,313.531,517.969,340.761
523.659,310.315,528.741,344.632
514.753,319.464,532.010,348.138
512.900,320.668,522.333,351.111
517.565,318.964,517.584,353.998
526.148,320.314,508.193,355.712
529.379,321.437,507.076,354.391
528.132,329.578,513.010,346.572
517.286,328.828,511.971,342.585
523.399,332.960,500.934,346.275
515.760,342.923,510.604,336.921
513.092,348.858,513.060,335.272
512.287,352.299,507.509,328.635
503.947,346.298,500.904,325.742
496.782,343.925,499.623,326.876
490.004,337.862,504.970,332.011
483.566,336.566,510.982,332.470
482.396,325.584,511.259,338.846
482.627,323.601,515.999,339.132
475.874,318.384,526.870,342.469
480.561,327.146,525.916,347.064
474.804,323.318,537.615,348.268
468.543,323.596,541.644,341.929
473.686,317.440,555.294,338.770
474.694,311.719,558.274,344.546
484.089,304.430,554.651,349.141
481.023,300.144,562.853,357.762
475.266,299.266,574.649,356.761
490.990,290.670,571.896,362.119
487.425,298.968,576.628,361.983
491.324,292.579,585.927,361.453
480.308,295.644,591.397,359.325
470.678,298.936,583.814,360.972
469.876,299.856,574.810,362.319
471.874,299.400,573.049,360.171
473.605,302.200,578.612,360.123
470.155,309.150,587.727,354.024
476.197,314.177,591.439,359.898
482.819,312.732,589.857,371.759
482.661,316.518,587.051,381.653
482.746,311.788,583.834,389.175
487.208,295.221,570.859,396.093
492.617,283.371,567.618,408.157
500.477,297.698,553.289,406.999
485.061,304.033,557.125,404.363
486.255,315.652,567.988,398.661
477.591,308.364,578.016,405.878
482.163,305.134,573.073,409.707
477.778,307.855,575.582,411.894
479.555,306.441,563.956,411.887
473.093,309.440,559.101,416.603
484.260,305.605,557.517,415.787
484.221,304.497,557.845,420.533
485.974,293.909,558.104,426.174
486.443,291.087,569.034,429.774
476.703,295.155,571.599,427.766
479.069,286.136,576.933,430.359
489.437,296.613,574.634,425.912
476.165,293.815,577.866,423.996
490.778,298.225,574.031,425.696
496.715,303.428,571.371,418.020
478.160,294.466,585.180,420.580
484.045,283.193,589.354,435.030
458.585,279.544,607.163,439.909
464.387,268.904,593.200,443.304
468.114,269.958,577.128,453.571
465.421,270.531,576.342,452.667
485.345,268.053,560.259,453.294
457.087,265.398,581.537,453.889
456.340,273.650,594.594,447.080
483.860,266.656,585.544,449.722
466.742,259.104,601.885,454.399
458.028,262.638,613.573,453.453
452.212,267.374,619.437,451.056
454.433,261.107,614.122,456.476
439.486,259.425,615.574,458.135
436.186,257.289,616.855,458.220
432.409,259.733,621.076,456.805
433.997,248.808,623.032,465.333
439.091,252.055,627.859,464.332
430.091,248.637,627.216,468.101
433.043,252.477,620.081,461.809
424.701,251.541,617.191,461.004
429.854,256.288,615.783,456.243
427.356,258.211,614.963,457.215
429.877,255.710,608.113,455.511
441.503,257.074,624.615,455.521
431.334,256.495,629.572,454.171
439.073,251.039,619.384,457.671
434.276,254.055,628.182,456.992
432.721,248.615,628.046,461.633
447.148,251.839,626.631,465.610
415.181,265.136,650.478,455.987
398.870,258.020,647.829,458.182
385.366,259.814,656.306,453.778
386.745,270.949,655.634,446.316
369.983,269.152,647.070,451.494
357.109,266.784,633.525,454.119
352.273,257.689,636.789,460.892
366.550,265.942,631.539,458.122
383.638,249.547,634.852,471.839
401.681,263.848,656.391,469.119
374.314,254.095,677.432,472.876
397.258,263.161,689.914,464.855
373.180,279.686,714.204,445.382
335.385,285.743,750.281,440.840
350.302,288.439,740.660,437.728
346.855,268.315,728.865,451.573
357.967,280.236,739.049,444.784
360.317,274.614,722.769,448.019
357.171,291.575,724.008,439.022
375.116,282.105,705.235,441.247
371.712,293.018,714.955,437.995
354.249,299.670,735.542,431.075
341.251,296.186,744.188,423.426
327.115,305.486,748.597,420.688
339.829,294.881,740.059,422.469
329.752,297.472,754.049,422.015
333.251,305.261,739.005,419.678
370.101,304.842,721.961,413.799
372.814,298.364,725.631,419.021
382.116,280.332,715.137,432.855
368.335,261.843,720.288,451.216
374.221,257.761,717.597,463.382
388.320,242.965,721.018,482.312
407.253,237.270,705.445,489.997
381.587,262.440,730.741,469.953
377.952,276.429,741.266,452.693
378.983,273.828,746.132,451.042
390.337,276.597,757.499,445.095
382.841,282.251,763.342,438.690
386.442,294.679,761.157,433.088
406.467,295.044,741.305,426.036
411.469,297.096,734.252,426.406
427.665,296.855,723.021,425.844
437.406,299.338,715.793,423.894
450.502,281.269,704.404,437.047
463.309,286.332,692.061,435.642
467.913,282.831,690.143,439.466
477.413,273.717,687.585,445.924
459.994,277.998,713.120,444.410
485.312,284.538,720.093,441.279
519.580,299.746,725.820,427.972
504.887,289.624,726.083,426.555
543.225,299.121,718.998,427.866
522.782,288.772,730.291,433.373
528.693,283.950,735.676,437.146
537.838,264.267,730.859,450.508
539.885,250.268,726.851,464.487
522.346,265.269,740.291,458.126
538.699,257.008,734.290,464.816
513.642,274.695,746.416,448.581
531.024,292.476,743.949,433.343
501.477,302.243,765.619,423.763
506.167,323.094,765.734,402.190
488.141,328.761,791.119,392.755
491.381,333.278,799.739,389.871
483.100,333.191,802.393,384.311
480.649,344.804,803.724,377.917
472.669,342.107,811.044,378.650
477.272,323.807,801.208,393.873
469.033,312.580,800.872,404.403
470.152,312.453,799.207,402.809
455.893,318.788,785.401,401.500
451.290,323.608,807.840,396.095
440.514,330.081,825.437,391.728
435.745,338.732,822.894,381.720
432.351,342.704,811.670,378.791
419.789,331.794,814.692,385.690
428.579,333.451,811.059,385.220
416.465,332.776,811.742,382.610
408.980,317.393,798.214,397.976
420.482,314.370,779.238,399.343
407.072,321.099,777.018,394.639
400.474,328.369,778.457,391.746
394.178,315.571,776.820,401.033
394.105,322.332,781.103,397.864
395.795,314.586,774.138,398.246
396.410,323.839,778.849,392.601
397.052,325.179,778.250,392.760
402.328,332.560,768.060,386.255
385.694,331.347,780.438,384.776
386.801,316.352,782.052,396.528
388.280,320.285,776.310,396.494
380.484,315.339,778.023,401.570
391.611,311.308,759.477,405.272
389.964,311.241,752.541,403.323
395.595,298.453,748.344,422.427
388.760,303.189,751.302,421.855
375.230,311.957,764.592,408.488
392.959,321.379,755.032,399.621
397.065,323.763,753.756,397.268
396.256,314.645,755.593,403.314
380.425,297.048,769.749,412.565
392.450,296.593,765.448,418.974
399.412,290.619,757.030,429.230
406.422,278.086,751.717,440.345
428.361,272.933,735.883,442.698
432.522,285.675,736.870,436.231
442.033,295.168,730.747,428.743
455.335,284.317,726.040,437.680
477.635,288.113,721.228,431.562
472.734,299.375,720.792,431.458
472.352,296.751,720.632,420.652
460.057,303.329,729.505,417.190
474.047,303.564,716.915,417.820
453.517,306.038,728.337,413.846
442.056,322.327,734.122,403.293
424.165,326.342,740.829,394.596
406.256,333.565,741.586,386.173
401.545,336.185,739.256,383.418
392.809,341.849,745.573,380.195
376.438,340.671,754.731,377.257
362.349,332.790,765.067,380.929
363.128,344.740,767.176,374.226
363.265,342.700,769.750,377.079
356.761,331.733,773.180,386.394
351.251,301.381,778.002,408.283
365.289,301.344,762.912,417.685
358.835,289.267,757.235,421.691
378.486,290.652,735.187,429.654
364.021,301.360,735.730,423.422
374.109,299.334,729.859,415.457
367.097,311.804,742.815,412.488
354.205,298.620,746.561,418.238
363.124,315.007,752.177,411.615
371.309,322.765,757.069,404.507
377.021,313.895,761.738,409.448
371.453,308.359,769.008,413.727
373.070,304.889,767.583,415.461
368.344,298.198,776.394,419.112
360.868,282.460,781.783,429.984
364.651,279.102,767.408,440.755
366.927,277.053,753.757,448.242
365.382,279.134,744.939,449.675
350.295,286.070,747.969,447.236
352.210,282.209,742.234,437.311
351.468,296.426,743.243,426.100
346.122,297.021,741.009,429.905
348.875,283.532,739.274,430.365
343.963,286.318,740.114,440.505
355.446,277.406,729.886,448.240
344.670,271.420,734.733,450.917
342.405,265.802,725.699,461.981
347.388,257.242,712.569,471.288
351.679,250.341,705.324,475.930
355.809,258.027,699.606,472.202
353.696,273.701,702.336,456.382
353.652,269.949,703.559,457.001
366.764,268.617,698.150,456.768
366.670,268.317,699.254,453.274
372.533,266.913,702.159,452.174
370.326,269.300,700.744,450.164
376.935,275.509,695.999,446.609
369.416,275.569,701.082,442.651
357.329,275.127,713.871,444.744
351.276,271.273,711.011,448.408
342.578,265.340,706.112,447.927
345.420,269.361,682.199,443.745
336.913,277.484,666.581,435.149
334.617,280.443,658.508,433.386
333.789,279.038,654.647,433.105
343.236,278.360,645.412,428.597
342.569,285.063,644.514,421.286
343.111,281.395,648.516,426.025
352.830,280.953,641.769,427.031
354.449,275.334,650.077,433.224
369.287,274.144,643.739,436.369
377.342,275.048,640.564,438.353
375.007,275.203,642.489,434.908
377.033,284.774,649.688,425.724
380.843,296.704,654.938,415.799
385.190,299.880,659.708,410.931
398.563,304.346,661.257,410.404
403.715,301.388,658.725,409.772
416.427,299.058,661.823,408.150
426.899,293.701,659.553,417.150
433.141,293.941,664.335,419.475
442.737,293.860,659.455,424.509
436.792,297.143,662.196,423.637
436.677,294.434,652.760,423.784
438.134,297.488,637.801,421.932
447.446,305.695,627.805,412.926
457.401,306.004,626.498,411.574
458.337,308.202,621.242,407.950
456.319,318.823,618.886,397.895
460.520,328.944,616.848,390.752
463.118,325.840,614.315,389.707
467.351,328.373,608.166,388.960
472.219,330.345,599.640,385.007
466.158,326.940,589.825,387.233
472.773,324.649,590.773,388.772
473.481,318.474,582.105,390.945
464.358,324.457,589.530,389.502
467.364,319.151,589.824,384.864
472.726,320.427,588.922,379.432
456.255,312.463,607.927,377.466
460.173,322.065,600.441,366.858
454.542,326.892,599.932,357.348
455.529,322.288,587.998,356.161
467.601,320.493,581.973,359.283
466.310,319.908,573.958,365.340
473.272,306.900,572.838,375.183
465.951,314.351,570.958,372.279
464.179,307.324,563.654,371.061
457.861,310.295,561.554,365.795
452.191,314.830,561.338,361.397
445.779,323.847,555.659,356.160
446.479,329.816,542.032,349.322
435.360,330.639,538.920,346.346
434.835,339.837,529.874,340.629
439.266,337.144,519.953,344.096
449.654,337.572,515.579,341.085
436.733,338.464,522.163,342.764
431.376,344.928,520.460,339.950
426.773,347.202,521.590,342.398
426.764,349.223,524.058,341.641
426.828,346.114,526.133,344.451
420.419,349.027,531.599,339.498
411.971,353.547,540.683,335.474
407.104,358.517,546.222,331.079
396.075,356.526,560.509,323.336
396.076,358.120,557.134,318.213
402.660,351.020,561.004,318.265
405.225,356.283,555.120,316.879
399.991,358.300,555.313,321.294
395.890,353.076,545.147,324.510
395.327,348.380,535.306,328.591
390.250,344.159,533.831,334.447
391.585,331.438,525.993,341.428
388.060,343.941,521.523,332.234
389.295,341.579,518.380,327.232
380.950,340.300,519.833,326.767
374.600,339.789,524.511,324.911
377.839,346.904,523.084,318.080
377.137,353.864,525.459,316.867
371.865,350.193,529.435,320.264
370.387,357.844,522.719,321.644
353.134,359.864,537.512,321.014
365.823,357.756,532.545,323.905
360.259,358.522,533.196,325.290
366.299,356.505,529.244,325.849
375.665,356.417,526.314,324.425
386.568,354.679,532.946,326.312
381.893,353.600,542.103,329.530
376.165,358.444,554.674,323.630
381.655,361.189,556.785,322.880
390.107,369.161,550.785,317.866
387.086,377.066,562.557,310.087
379.021,378.250,557.252,307.717
392.494,375.704,550.894,305.076
397.698,373.992,545.060,309.233
395.096,369.819,553.133,307.990
397.570,368.890,549.601,308.161
402.509,358.060,548.008,313.745
395.895,358.574,549.883,311.408
384.325,357.860,561.939,306.664
386.869,351.546,563.836,307.966
378.523,351.506,570.609,307.295
389.148,353.138,555.310,304.432
387.370,352.901,553.242,301.973
394.163,352.401,541.963,302.755
402.511,350.478,542.801,301.868
402.898,343.979,540.984,306.133
410.265,338.878,528.659,308.744
414.077,337.149,511.491,309.105
419.049,331.900,515.295,315.002
408.229,338.376,527.780,308.367
397.288,339.914,515.338,305.157
403.677,342.583,517.989,307.552
403.420,345.767,507.811,305.299
406.244,342.044,491.739,310.550
405.201,343.499,496.848,306.834
406.623,339.711,509.491,310.709
410.418,344.941,490.279,310.997
401.568,345.443,490.969,313.201
400.487,346.055,493.085,313.157
397.105,347.304,494.695,311.140
393.694,347.658,496.435,310.591
387.027,351.299,495.171,307.854
385.339,355.989,491.092,306.847
386.472,352.656,493.355,308.942
386.505,354.786,495.295,306.065
388.076,357.907,493.102,303.938
389.813,353.437,479.939,301.764
399.534,354.637,482.924,294.475
408.834,341.547,474.286,294.592
414.199,334.660,469.860,299.332
420.216,324.298,468.205,306.452
429.493,320.919,474.100,306.943
426.984,319.944,476.949,307.292
427.424,315.522,474.540,306.582
429.035,316.821,481.749,303.682
432.898,317.398,490.180,295.039
430.024,309.843,487.077,295.395
434.337,307.337,489.721,292.742
443.393,317.563,488.761,283.622
450.650,320.293,478.737,285.403
464.176,326.332,482.597,288.475
473.422,332.178,478.121,292.694
471.837,336.603,479.831,294.347
475.113,342.609,479.615,294.200
482.665,346.275,476.682,294.336
479.645,347.047,476.380,295.015
484.276,353.191,483.999,285.746
491.936,351.101,472.901,280.019
504.457,347.521,476.425,276.204
517.270,339.037,470.180,278.321
529.910,338.305,467.261,277.369
538.058,334.281,454.660,277.564
549.255,337.094,447.171,282.206
552.345,335.634,437.093,290.509
562.362,339.319,430.693,288.744
564.396,339.393,434.116,286.294
564.609,337.634,436.485,283.762
561.885,330.175,443.001,282.033
563.245,333.812,454.067,276.563
572.360,330.353,460.876,274.489
574.742,338.768,447.773,269.515
557.867,343.311,451.326,261.764
566.413,342.863,448.767,260.968
567.698,339.163,457.713,263.789
580.400,338.493,449.329,267.070
574.754,340.379,434.324,272.608
579.193,341.495,431.968,274.405
576.732,342.121,429.834,278.739
565.255,346.392,428.038,276.899
551.723,344.486,440.703,273.545
547.453,346.646,446.636,271.696
535.475,347.602,453.911,265.922
523.030,345.037,455.406,261.739
534.083,341.611,436.842,259.005
527.911,344.251,436.452,254.835
517.649,332.919,421.920,262.778
521.188,333.697,418.193,264.163
500.420,325.884,420.859,269.455
504.018,328.854,427.135,266.449
503.991,327.819,428.661,262.521
490.055,324.051,439.924,260.924
485.401,325.309,436.473,261.035
494.388,331.478,433.392,258.673
499.205,327.999,415.095,262.977
499.377,334.519,397.872,260.284
510.835,333.509,400.433,256.867
512.834,332.372,392.468,257.980
505.898,328.133,392.790,262.420
500.518,329.541,406.237,262.290
492.612,318.996,412.644,266.494
495.120,320.533,429.284,264.807
485.871,321.734,433.305,262.290
485.530,332.114,427.742,255.997
485.232,331.711,428.959,257.018
480.051,338.931,406.481,254.911
492.659,342.963,399.914,252.366
500.647,339.826,402.979,253.177
502.053,335.547,397.829,258.603
507.600,332.053,394.606,260.325
503.892,328.642,403.131,263.345
498.256,327.628,407.402,266.546
487.865,325.928,419.199,267.468
485.641,323.968,415.651,264.935
493.047,320.214,410.503,264.521
490.232,318.088,397.095,266.881
493.787,315.187,390.421,269.736
500.874,322.971,385.205,269.709
507.229,333.464,400.665,264.010
506.149,334.585,405.973,265.415
506.894,339.023,398.374,266.477
504.744,343.677,416.110,269.247
499.831,346.325,419.085,269.717
500.933,356.231,418.338,265.941
506.427,356.542,432.796,261.441
514.694,354.249,446.219,261.041
521.352,353.807,446.807,263.928
524.658,360.286,443.266,266.146
524.896,366.154,420.796,267.985
534.783,363.971,414.896,269.427
541.611,362.296,417.747,273.534
541.336,355.151,423.658,277.070
524.549,355.625,426.676,285.006
526.877,353.131,423.016,289.887
528.928,355.484,429.486,293.211
517.409,356.946,422.262,292.890
507.850,360.516,422.586,290.473
495.725,369.461,431.272,285.925
501.347,368.477,428.097,284.154
487.869,369.481,450.690,277.487
487.072,369.100,460.363,278.886
489.382,371.440,462.372,276.903
500.773,369.476,446.458,276.780
501.917,370.643,437.841,280.892
500.327,372.032,430.408,283.476
486.769,364.692,432.080,289.661
482.633,353.157,442.558,297.489
482.984,351.375,428.290,304.092
481.283,346.382,411.322,310.017
485.942,349.918,415.562,308.788
495.105,354.554,427.656,302.799
493.107,347.354,422.644,307.122
487.435,346.330,422.298,308.218
486.586,357.360,437.908,303.562
483.132,351.165,446.496,309.327
479.921,349.104,442.667,313.834
475.814,356.723,443.684,310.557
471.417,357.139,441.464,310.347
468.550,367.251,442.478,306.305
468.384,375.477,449.334,302.167
469.335,382.676,466.065,292.770
468.813,381.150,464.163,294.466
474.375,389.150,452.913,291.015
476.730,388.805,463.637,291.490
468.599,383.607,456.844,294.408
471.916,383.288,446.561,294.129
476.944,385.030,438.050,294.011
475.635,378.175,415.771,304.816
483.388,374.961,436.369,298.733
495.446,380.370,453.632,296.488
478.569,389.431,457.871,288.556
485.648,385.924,467.943,288.750
497.366,381.434,461.603,290.314
499.699,372.374,462.616,292.197
505.710,363.465,452.527,297.048
510.860,361.294,448.177,297.842
508.574,350.668,451.488,301.841
512.385,344.966,442.091,300.841
506.025,343.535,447.501,302.190
496.668,341.392,451.173,304.003
504.429,338.579,446.546,305.287
498.182,347.352,452.459,299.757
507.742,347.879,446.186,295.652
487.351,350.437,464.543,291.994
484.438,348.549,470.694,295.191
482.347,344.907,470.657,302.953
474.636,341.953,473.183,306.850
464.442,343.468,463.310,312.989
465.101,341.311,459.727,312.886
461.008,344.625,462.137,314.480
458.654,349.523,460.935,305.620
460.658,355.528,458.339,295.122
455.300,347.110,431.695,297.643
466.488,343.241,422.073,300.729
459.706,331.329,417.964,300.298
453.643,325.253,404.200,309.911
462.586,318.953,405.623,309.697
481.140,318.557,418.717,305.673
476.293,317.245,427.517,305.121
475.975,313.447,436.460,302.883
470.817,320.435,443.087,299.400
470.936,324.516,449.976,298.373
469.900,329.235,456.538,295.942
469.791,328.082,459.215,302.374
479.284,322.172,453.160,306.133
475.302,322.118,452.860,315.047
479.153,314.515,450.737,319.803
473.952,318.095,450.137,312.101
468.182,321.047,451.910,308.849
467.301,325.286,447.315,307.486
461.536,326.434,429.064,303.747
466.267,327.648,413.204,297.522
470.273,320.983,399.509,295.809
485.691,322.817,388.910,294.310
495.089,322.220,383.348,294.742
496.992,317.681,379.975,297.692
499.469,321.541,388.112,297.542
498.983,330.091,398.303,295.628
