328.000,129.000,498.000,522.000
327.974,123.199,500.036,521.034
326.133,125.791,487.818,516.893
323.953,126.969,487.664,515.404
329.192,134.258,478.828,500.177
328.390,143.252,476.837,493.439
324.949,136.557,472.581,493.850
325.155,142.707,472.551,490.245
315.106,138.951,467.292,485.630
322.022,143.101,458.783,481.677
307.548,135.082,455.221,476.308
312.557,136.120,446.158,470.528
306.430,127.946,446.004,465.606
310.645,131.310,442.003,465.343
316.546,119.190,437.935,459.942
307.833,125.521,440.623,457.106
305.742,121.026,440.082,449.044
307.725,130.156,435.825,445.538
323.860,128.689,417.298,440.116
323.969,129.600,414.124,435.919
316.975,139.831,418.447,421.442
321.514,136.581,417.817,423.104
330.225,137.986,411.172,415.159
325.101,144.444,415.629,409.546
338.248,150.082,411.431,404.466
337.040,152.175,405.992,400.945
327.396,158.953,405.777,392.017
340.230,158.270,398.608,388.304
324.958,163.376,391.728,384.062
328.512,166.094,388.979,380.995
295.697,150.874,391.564,377.032
301.429,155.282,387.994,371.199
290.773,134.497,377.326,371.487
289.782,138.385,379.376,368.845
280.059,127.150,384.067,364.461
275.444,128.188,389.803,365.539
295.749,116.295,382.921,356.645
288.757,120.072,382.541,353.354
306.514,104.064,383.336,352.334
308.111,106.179,386.447,355.766
313.246,108.515,385.031,353.755
312.825,105.261,383.550,357.406
302.831,108.460,389.149,352.666
306.792,114.478,389.278,347.897
303.875,120.402,382.839,349.716
305.948,117.549,382.822,351.553
303.753,128.809,385.400,350.696
311.566,125.294,381.598,348.658
319.042,128.033,377.005,346.826
317.947,129.367,376.862,343.456
327.665,132.014,374.968,341.092
336.237,129.374,372.529,347.819
342.661,131.556,370.030,347.417
338.002,132.497,373.275,347.237
341.091,131.150,369.519,347.534
342.275,131.407,364.437,346.237
332.283,140.533,361.926,335.430
327.139,136.951,366.624,340.110
322.971,152.269,369.133,334.067
322.027,150.527,371.037,327.740
318.260,160.580,373.171,329.742
319.154,153.872,374.012,324.655
326.527,166.296,373.170,323.133
327.838,169.035,372.596,321.575
336.622,171.993,369.005,327.515
333.116,171.251,371.315,318.377
350.228,176.248,369.583,324.762
342.409,172.185,372.209,320.703
384.810,180.639,347.409,326.797
382.808,173.565,341.812,333.029
378.161,180.955,349.374,322.964
360.309,190.714,367.370,319.966
356.644,195.397,369.102,315.369
359.943,193.682,367.881,314.391
365.042,206.077,364.337,311.626
370.230,198.137,358.640,311.557
368.009,211.496,360.957,316.234
384.996,204.419,347.924,318.239
386.204,222.807,355.175,312.945
380.726,223.006,359.128,306.318
390.450,229.228,363.392,306.897
380.347,222.443,372.352,308.246
419.599,227.360,361.135,310.916
416.561,223.563,360.528,314.215
430.957,227.579,364.434,311.573
458.802,221.435,345.229,314.742
459.319,219.665,343.664,316.206
459.082,221.028,344.407,314.765
497.004,221.048,325.454,318.729
506.986,224.207,311.512,318.633
530.024,225.966,298.408,320.197
527.217,226.007,296.607,317.666
540.394,238.231,294.363,311.695
555.607,233.867,282.735,317.075
549.933,244.360,287.974,311.377
548.530,246.893,291.474,306.669
554.240,245.555,286.816,310.301
554.163,244.787,285.355,307.868
550.585,250.567,283.855,304.761
552.148,252.049,280.652,304.438
540.225,249.135,278.332,306.723
537.860,251.009,279.489,303.940
530.238,248.791,277.401,304.699
535.035,247.938,273.281,302.499
523.255,241.418,270.134,304.021
521.920,243.108,270.571,302.581
508.261,244.503,272.770,304.723
507.843,244.769,271.466,305.196
497.714,248.253,267.942,304.287
492.184,247.881,270.264,305.004
471.166,255.409,267.753,303.809
469.518,256.054,268.727,304.079
450.564,257.615,263.260,299.405
449.991,257.999,263.188,296.137
428.327,259.562,263.063,294.000
431.790,260.321,261.981,292.439
415.963,255.860,259.898,290.290
415.772,255.534,260.950,289.258
406.407,249.119,262.019,286.898
407.321,250.582,260.958,284.021
407.600,247.689,257.312,282.064
406.899,249.202,256.124,282.000
416.993,241.309,252.014,280.121
417.961,244.148,248.930,278.317
429.608,233.577,244.990,281.056
433.656,232.322,240.684,281.795
450.273,228.514,234.407,284.098
444.867,228.598,238.638,281.231
467.234,233.837,231.652,278.699
467.472,230.975,229.588,282.293
492.262,230.931,219.187,281.045
492.990,234.383,217.238,282.512
510.154,227.219,209.333,288.694
509.080,234.240,208.465,300.671
529.453,220.092,201.114,318.310
528.361,220.864,201.237,333.110
543.860,217.829,194.306,359.653
545.747,208.386,191.446,371.168
559.398,214.925,187.344,371.397
562.212,212.418,183.865,376.543
571.657,232.130,180.423,376.613
574.982,228.540,180.316,372.079
584.098,237.884,177.627,363.880
581.769,241.225,180.441,361.909
591.234,244.830,176.808,353.702
595.180,250.055,173.339,351.952
593.360,250.439,174.474,347.678
592.932,251.412,171.754,344.365
581.861,248.727,176.744,326.161
592.421,252.328,173.043,315.120
594.774,266.202,167.348,318.207
598.371,265.666,162.658,319.669
603.004,273.679,156.635,315.909
606.300,274.884,155.709,317.247
615.398,276.971,149.651,318.962
617.002,279.967,148.491,312.654
623.585,272.687,142.038,305.523
623.901,272.920,139.040,301.450
632.034,266.064,136.024,295.935
630.784,266.276,134.454,295.192
641.547,253.274,132.272,289.960
639.765,255.070,132.687,283.789
647.301,250.626,132.721,276.181
647.724,253.538,131.856,268.767
652.122,250.115,134.069,264.638
652.486,251.582,133.342,259.714
658.745,253.251,129.152,257.636
658.912,253.663,127.475,256.248
655.483,249.274,127.380,254.478
655.926,248.367,125.496,254.082
652.494,250.230,126.200,247.167
652.170,248.416,122.460,245.762
655.081,249.780,121.952,241.081
653.727,252.143,121.074,238.046
658.396,248.458,120.063,235.583
661.098,252.217,120.634,233.967
660.215,245.734,122.239,228.171
660.908,247.214,122.634,225.390
665.164,239.429,121.707,222.819
661.441,241.772,123.358,220.180
669.467,234.143,124.954,218.054
665.206,234.325,124.936,215.798
672.917,228.209,124.268,217.425
671.674,229.646,122.917,216.460
681.554,223.429,122.234,215.866
679.736,223.470,121.129,211.901
684.539,218.761,119.996,210.113
685.112,219.192,117.971,207.919
685.702,213.748,116.599,205.837
687.805,213.629,115.248,204.281
689.376,209.666,111.282,207.228
689.732,209.714,109.521,205.444
688.402,211.555,109.623,200.078
691.073,211.875,108.241,200.110
686.311,209.658,110.237,198.701
688.647,208.559,108.984,199.131
695.862,205.713,112.002,197.847
697.515,206.931,111.255,198.090
706.236,203.330,110.627,196.804
705.801,201.694,109.635,194.448
714.495,200.955,108.914,192.782
715.135,200.994,108.532,191.585
719.208,198.536,107.307,188.977
719.339,199.510,106.141,186.829
716.168,199.686,106.730,184.730
716.179,198.616,105.610,183.050
711.237,199.183,104.895,180.074
710.298,200.707,104.511,178.700
708.715,201.929,104.731,175.726
708.586,203.094,104.505,173.322
707.244,204.159,105.222,169.905
706.936,204.754,104.890,168.569
711.993,202.410,105.779,165.222
710.535,203.171,106.419,165.446
718.473,193.054,106.716,161.014
717.514,195.501,106.512,161.611
722.584,187.554,106.490,159.177
721.901,189.107,105.997,158.560
730.406,182.341,106.772,154.046
730.952,183.872,105.301,154.616
738.967,180.439,104.174,152.678
738.737,181.143,102.517,152.219
749.120,175.468,101.933,151.071
749.398,175.674,101.560,151.864
759.695,168.832,101.316,149.113
760.708,171.198,100.743,146.608
768.213,167.320,99.699,149.404
767.360,167.553,99.565,152.512
773.503,168.343,98.692,154.338
772.543,167.232,98.685,153.969
779.361,172.724,99.241,149.662
779.035,176.239,100.386,147.558
782.265,185.025,98.692,147.018
782.403,185.122,98.053,148.247
783.998,193.513,97.990,145.634
784.033,194.813,96.279,148.056
785.467,199.898,94.527,148.183
787.282,200.823,93.744,149.815
789.951,201.955,93.511,147.233
789.713,202.403,93.273,146.536
792.066,197.828,93.687,146.286
792.757,198.916,92.976,145.572
794.912,196.558,93.128,145.660
797.146,197.210,92.593,144.823
799.220,194.159,92.405,145.653
800.643,193.932,91.860,147.592
802.169,192.299,91.952,147.491
801.184,191.432,91.877,148.006
803.957,186.987,91.788,148.013
805.038,188.349,91.764,146.792
808.254,181.567,90.759,148.342
807.033,182.108,90.542,147.540
812.675,180.263,91.000,148.223
812.011,179.416,91.795,146.927
816.949,176.972,91.989,144.165
816.709,176.219,92.405,138.734
816.955,183.490,90.734,141.382
816.458,181.270,91.753,134.217
817.277,188.755,89.963,132.337
818.113,188.424,88.871,129.709
816.228,197.675,87.436,129.928
818.911,198.738,85.871,131.744
814.803,203.294,85.176,131.607
815.794,203.969,84.432,130.526
808.873,208.855,83.977,130.172
806.356,207.603,82.060,127.231
799.937,213.108,82.193,123.095
797.993,214.111,80.783,120.479
792.693,219.706,80.049,118.625
790.762,220.953,78.682,118.707
785.590,227.300,78.887,118.233
783.992,228.117,77.488,118.094
784.862,235.097,78.302,116.193
784.934,236.317,78.694,115.861
785.863,234.470,77.749,116.232
785.713,234.066,77.428,116.693
784.831,231.631,77.196,116.078
784.879,232.236,77.659,116.167
782.908,233.094,78.231,117.525
782.912,231.980,78.492,118.514
778.470,231.855,78.024,119.632
778.859,231.772,77.373,118.318
776.117,233.832,76.745,118.798
776.210,233.235,76.634,117.454
776.532,232.437,75.701,117.816
776.637,231.633,75.192,117.662
779.793,229.606,74.415,117.897
780.767,230.737,78.061,118.981
788.481,226.348,82.176,120.848
787.288,226.600,81.981,124.254
794.614,221.024,82.003,127.113
794.454,219.938,83.193,130.647
799.965,218.931,80.264,136.306
801.893,218.112,81.902,140.106
803.627,215.125,80.907,140.438
802.035,213.346,80.896,139.152
799.562,220.799,80.013,142.998
798.377,219.735,79.643,145.386
794.632,227.792,77.862,151.097
794.263,224.090,77.962,152.144
789.410,226.409,80.710,147.850
790.466,227.877,79.173,147.835
787.409,230.577,80.600,148.326
788.398,229.835,80.431,150.248
782.183,230.915,82.182,146.880
783.352,231.717,80.480,147.986
777.206,231.386,82.064,145.689
778.442,232.294,81.260,148.620
778.521,227.144,81.627,149.573
777.351,226.483,80.762,146.794
778.386,221.978,83.524,143.840
776.924,222.900,84.682,140.952
780.054,221.733,84.677,144.467
780.364,223.350,86.533,151.201
773.269,215.153,89.778,147.335
773.029,218.821,90.163,152.818
765.831,217.683,94.031,153.019
765.232,219.268,96.133,154.361
771.276,224.189,98.517,155.285
769.543,223.858,101.987,152.109
774.966,222.579,99.944,154.589
776.363,222.809,101.896,155.452
774.941,225.820,100.842,160.736
775.436,224.655,102.836,160.871
787.077,222.691,98.953,164.061
789.297,222.973,98.772,166.687
790.392,226.140,97.046,169.855
789.642,226.538,96.362,171.938
792.409,222.977,95.731,170.575
792.728,223.374,96.326,169.626
791.379,225.374,95.706,170.175
793.816,225.804,94.567,169.566
783.022,226.947,97.476,171.863
785.231,227.434,97.030,172.334
777.001,227.761,99.415,172.935
775.833,226.731,99.158,173.239
777.231,223.933,99.788,172.676
776.191,224.610,100.909,173.500
780.411,226.633,98.164,176.953
780.150,227.100,97.928,179.169
781.004,234.654,93.753,186.087
783.725,233.829,94.039,185.940
787.012,244.205,90.609,189.965
786.724,244.809,91.374,190.997
783.635,253.224,89.777,190.572
785.470,253.731,89.399,188.031
780.276,257.563,87.485,190.203
780.619,257.169,86.693,190.902
776.339,260.816,87.317,192.434
776.258,261.449,86.995,193.464
777.911,270.914,86.763,197.354
777.338,271.045,87.259,198.384
780.962,283.741,86.144,202.468
780.011,282.484,88.069,201.194
779.322,285.430,88.809,199.361
779.162,284.903,89.413,198.392
781.979,281.393,89.184,201.022
781.677,280.808,89.334,200.430
779.853,276.114,92.549,202.412
779.501,273.854,93.319,203.992
775.896,269.471,95.441,205.218
773.213,269.654,97.685,205.045
770.601,272.454,98.322,207.457
771.119,271.631,96.913,209.011
773.540,266.904,93.970,211.072
771.954,267.422,93.027,211.255
770.054,260.788,93.270,212.732
770.194,260.069,91.996,213.791
761.914,257.364,92.032,216.806
763.782,256.845,91.894,217.843
752.393,255.127,95.503,219.661
753.724,254.449,95.768,222.351
743.070,251.119,98.873,223.730
743.539,253.418,99.305,224.411
740.904,244.726,101.030,227.580
743.069,243.081,101.045,229.545
748.026,238.020,100.080,231.081
746.887,239.034,100.881,231.637
751.149,233.672,99.791,235.257
749.352,233.545,101.727,236.318
745.358,230.885,101.259,239.865
745.445,229.633,100.736,240.916
732.193,237.591,100.342,242.751
731.970,239.196,101.136,242.238
721.107,236.172,103.470,242.296
723.323,237.987,103.693,242.485
718.886,229.365,105.192,242.367
718.830,229.307,105.046,243.117
716.706,226.790,104.729,246.923
716.153,225.954,104.334,249.230
713.551,229.555,103.913,251.958
712.700,227.829,103.463,253.167
709.456,233.061,104.555,253.129
707.331,232.038,105.610,253.122
704.703,231.716,109.755,252.190
705.054,231.321,110.103,252.495
709.318,228.946,108.224,251.230
706.867,228.624,109.797,251.938
715.149,223.787,107.513,254.242
718.128,222.976,105.143,255.452
729.075,217.814,102.146,257.645
726.118,218.563,105.241,258.370
733.874,217.118,104.056,258.866
730.091,216.827,106.842,260.488
738.938,211.069,106.119,258.970
740.677,211.871,105.232,260.419
738.150,206.059,107.460,258.900
735.760,205.544,107.354,260.566
736.155,200.685,106.171,263.743
734.145,200.000,106.803,265.064
724.562,207.230,109.786,266.417
725.643,206.352,109.010,268.440
722.547,213.156,110.492,268.805
722.717,214.030,110.734,270.584
730.346,217.180,114.628,269.390
731.053,218.920,113.569,269.566
731.652,213.195,114.254,270.014
732.361,213.454,114.125,270.325
736.031,207.316,113.996,272.537
735.419,209.627,113.716,272.878
739.555,203.360,114.559,275.050
738.345,204.743,116.703,276.150
735.571,205.918,117.662,276.372
736.860,206.723,117.927,275.807
734.725,208.367,116.661,277.459
731.858,206.934,118.816,277.996
736.373,204.303,119.434,273.994
727.567,203.942,123.444,274.680
735.916,193.377,120.555,273.861
737.987,196.719,119.942,268.178
731.464,173.327,122.255,273.489
736.380,178.122,119.664,273.480
740.622,168.689,119.438,272.152
737.332,168.247,122.188,272.984
745.225,158.535,117.975,276.420
742.615,158.254,118.793,276.230
752.636,156.717,116.185,274.858
748.876,152.018,116.987,276.206
761.379,154.177,115.494,275.056
762.485,151.766,112.601,276.603
763.757,142.460,111.094,276.493
761.760,143.885,111.770,275.265
769.301,134.674,108.985,272.327
769.778,137.923,106.845,270.985
774.107,128.827,104.590,270.970
772.901,129.449,105.037,269.725
784.338,134.591,106.014,267.904
786.609,126.811,103.756,269.248
795.187,130.548,105.077,267.540
797.337,127.963,103.247,266.516
801.776,125.400,104.993,268.711
802.814,124.622,104.179,268.352
808.099,123.215,104.974,263.148
807.217,120.083,105.421,260.323
