82.000,242.000,654.000,448.000
79.639,237.817,657.471,457.890
86.884,234.465,655.273,463.616
80.270,233.057,662.855,461.536
75.613,244.048,666.212,455.741
80.720,244.746,666.865,456.620
81.357,236.808,666.096,461.569
90.418,229.261,664.140,467.194
98.688,227.383,669.414,464.711
102.929,231.291,675.569,460.220
105.015,234.958,685.010,456.058
103.273,235.558,688.765,452.350
97.438,241.930,691.496,447.094
95.298,252.721,688.851,443.313
94.009,257.699,685.221,437.531
90.832,262.296,681.483,438.623
94.764,261.372,672.873,436.504
95.707,261.328,674.019,436.464
101.856,257.680,671.111,438.288
103.591,257.473,671.753,439.508
110.126,255.354,678.796,437.505
112.872,248.266,687.064,441.071
118.597,240.031,690.449,444.920
129.768,233.178,693.566,452.523
138.060,223.879,703.393,454.414
140.291,220.142,711.187,459.603
147.641,223.821,718.589,465.917
154.889,219.576,714.773,461.506
155.615,224.996,715.639,456.875
150.289,228.782,717.102,454.196
138.692,236.086,721.638,450.084
145.039,238.524,719.307,447.200
134.846,236.744,728.512,447.314
137.581,234.659,726.722,448.096
139.619,237.662,726.592,446.307
148.895,238.953,722.233,445.858
155.415,237.365,720.824,451.125
157.125,236.681,718.991,453.766
160.132,232.540,723.952,451.543
159.246,229.455,731.451,455.210
166.697,226.823,732.960,459.849
163.928,227.052,728.794,457.266
163.469,227.921,734.365,452.616
162.831,228.532,731.005,449.860
159.658,231.176,735.774,451.064
162.090,230.055,743.674,448.757
159.556,231.478,742.990,449.921
164.223,233.375,743.753,448.268
164.206,229.383,743.438,452.356
160.088,229.258,738.907,457.455
157.219,229.402,738.520,460.703
153.371,227.659,737.520,458.308
155.744,228.374,745.109,457.253
164.135,226.065,734.434,458.760
172.911,226.385,722.228,466.724
176.597,223.897,719.974,463.677
169.760,223.934,723.175,459.134
171.965,223.056,726.044,455.797
171.841,226.229,726.523,460.935
172.598,228.439,728.813,459.437
163.154,228.136,734.802,460.122
158.469,221.283,737.241,458.696
177.957,220.072,724.039,462.768
172.408,219.026,724.643,460.873
163.457,221.357,728.749,464.702
179.553,221.027,717.990,467.205
176.814,218.577,719.839,463.008
176.613,214.946,717.121,459.392
180.582,209.606,718.592,455.914
182.834,210.829,713.832,463.945
190.661,198.715,707.433,471.961
190.127,182.050,706.526,492.459
229.226,162.759,669.077,513.414
259.081,155.348,623.957,532.897
260.968,152.229,600.580,538.943
262.426,158.474,585.231,521.515
259.806,180.555,561.166,520.886
253.364,191.274,544.085,520.933
247.580,191.985,534.519,525.236
241.439,183.836,530.792,524.173
236.742,180.567,530.537,529.875
234.855,172.940,530.049,532.379
241.292,176.382,526.978,530.994
243.920,183.400,531.769,523.735
248.340,187.435,533.069,521.654
258.020,187.565,533.412,520.385
266.730,187.783,530.651,520.558
271.436,186.553,527.496,518.709
282.009,185.984,520.905,514.197
288.552,188.365,517.501,513.891
288.335,190.488,518.674,514.691
285.902,189.484,522.097,513.448
281.594,190.622,525.997,511.163
272.385,187.797,535.053,505.770
265.375,186.389,545.419,504.855
263.152,186.685,551.338,503.476
267.694,184.046,549.045,508.177
270.120,179.099,548.550,511.762
273.849,177.975,540.217,515.597
282.737,176.479,533.017,518.838
289.158,177.092,528.369,518.283
291.596,176.409,529.719,517.632
310.028,173.204,527.276,514.391
315.586,174.491,532.711,513.256
329.013,172.140,538.095,518.802
326.626,174.686,552.007,517.329
340.934,177.254,553.757,511.622
369.854,186.785,536.646,511.981
415.755,188.571,499.156,522.807
429.415,187.939,479.138,519.547
428.894,192.929,469.477,513.435
409.945,198.200,479.082,505.201
391.998,200.535,495.226,494.128
409.243,202.796,483.436,492.817
425.261,205.546,473.882,492.799
412.711,209.683,485.416,485.490
410.878,212.139,490.881,480.392
428.525,217.198,487.558,479.174
431.069,215.534,488.793,473.471
433.315,213.750,494.331,458.556
447.326,212.522,488.874,444.887
449.389,207.799,484.728,428.839
446.981,200.353,494.776,405.992
444.896,198.325,492.151,410.405
441.766,183.122,491.682,408.497
443.980,184.158,486.531,437.817
445.759,175.023,485.291,443.125
439.256,172.079,491.598,438.132
432.391,188.599,493.148,460.422
422.552,190.863,495.161,464.745
411.567,201.268,496.717,489.328
400.544,205.553,509.875,498.377
383.163,210.304,524.720,499.126
365.121,213.326,541.744,500.520
350.943,212.520,554.288,499.445
343.156,216.771,558.945,495.929
355.550,221.756,551.535,487.308
353.997,228.525,552.334,484.652
346.951,235.436,554.307,476.888
331.500,241.597,567.521,469.271
310.990,250.269,579.736,458.112
302.796,257.610,583.013,453.860
291.915,260.629,589.714,449.024
275.719,264.651,600.215,445.847
271.063,267.783,604.381,443.537
284.875,267.580,596.019,447.466
282.964,258.642,597.029,450.825
317.456,248.256,574.698,459.646
339.058,224.577,555.889,478.697
383.776,155.006,520.924,531.989
402.412,100.312,493.358,562.304
387.134,41.066,495.887,565.524
381.993,18.385,495.819,557.410
407.930,15.088,488.197,556.835
380.055,21.878,505.318,557.815
452.546,13.661,471.261,574.643
457.687,10.780,465.661,571.259
466.121,28.256,460.157,555.640
404.655,71.631,476.758,515.992
386.958,109.425,476.398,511.884
318.823,125.993,525.429,492.720
245.702,158.818,588.427,462.698
158.961,204.722,657.795,439.613
68.295,256.959,719.636,416.293
18.082,245.323,758.684,416.230
1.135,244.603,780.949,423.038
1.300,229.545,786.348,436.588
1.053,211.881,801.890,444.259
1.593,202.291,805.657,458.111
4.177,204.240,796.486,467.091
1.005,198.750,785.210,475.548
10.113,199.828,785.312,479.503
0.000,208.667,744.663,481.260
0.000,209.870,700.921,477.801
2.181,226.666,691.372,466.278
7.744,257.392,701.564,441.035
4.458,278.347,712.770,421.462
11.729,280.444,718.345,409.447
13.031,285.548,722.990,404.967
15.383,285.699,726.897,405.546
18.830,283.141,727.929,406.666
23.154,275.942,727.456,409.822
55.895,268.463,707.991,414.828
64.197,262.030,704.548,421.007
77.132,257.089,701.846,423.941
86.647,257.207,696.763,427.575
100.322,257.947,690.063,431.002
105.917,256.146,683.048,429.758
112.117,255.381,684.568,430.429
85.626,255.126,704.317,431.659
93.677,254.763,699.760,433.812
109.546,251.809,685.312,439.044
110.459,238.606,685.369,442.597
124.890,239.140,679.071,453.699
171.370,225.669,643.271,462.224
219.180,217.207,599.266,465.812
262.624,217.794,555.222,465.765
242.795,219.458,551.834,465.768
247.399,222.469,540.226,463.578
302.443,225.453,488.670,484.369
316.397,209.133,454.074,502.398
332.585,195.841,420.406,514.114
346.780,191.356,418.187,521.165
369.168,195.882,422.602,520.617
375.016,193.380,423.488,522.766
383.756,189.817,418.372,525.756
394.882,190.888,405.358,529.262
405.678,196.850,389.112,527.083
397.235,202.232,386.491,521.615
384.130,212.130,393.811,513.228
374.580,219.442,398.666,504.921
370.499,223.347,401.380,496.547
365.920,227.919,400.214,495.472
365.206,217.608,396.484,499.556
364.798,205.114,387.468,511.127
368.307,195.816,381.714,519.827
380.803,183.155,381.588,519.305
402.581,187.627,410.310,528.087
403.060,181.090,426.109,534.091
407.412,194.932,447.406,523.602
415.916,211.793,481.572,504.665
422.016,228.476,525.546,490.335
422.265,232.652,559.045,477.638
416.252,232.508,568.944,479.812
405.692,232.230,565.466,485.426
401.754,224.825,529.941,491.874
374.215,210.335,501.964,500.446
388.448,189.668,476.229,515.975
404.502,193.905,451.439,521.270
407.711,208.344,441.489,512.199
404.143,220.067,433.522,504.437
400.379,223.512,425.842,498.014
393.376,224.978,419.715,493.356
387.757,227.231,415.175,490.411
390.695,225.160,415.222,476.373
402.413,227.792,410.530,466.773
393.130,220.503,425.170,466.532
394.154,213.883,441.806,470.018
397.372,219.129,452.919,481.032
398.591,225.909,455.025,485.617
395.304,230.913,458.898,480.383
400.303,236.128,459.367,474.203
397.645,241.909,462.696,470.463
394.211,241.707,472.865,460.955
397.784,245.451,491.437,464.781
393.738,240.986,495.075,465.054
392.293,240.066,507.879,461.020
394.032,242.014,531.270,458.267
392.357,237.893,539.399,467.205
395.387,232.319,536.609,474.956
395.063,227.081,536.737,475.794
394.510,222.106,538.288,473.879
382.647,214.049,542.317,478.245
386.135,199.093,530.474,494.095
379.197,175.460,511.548,502.588
372.776,152.645,499.364,503.609
383.737,145.920,495.644,514.209
391.292,141.494,521.781,509.776
394.675,151.901,557.596,512.982
387.937,162.553,589.055,498.648
388.456,183.876,624.767,481.283
390.618,204.411,647.068,463.599
387.131,225.438,676.772,446.508
387.303,238.333,705.412,434.096
392.224,244.408,727.204,440.011
390.958,240.012,735.170,441.592
376.798,236.535,745.803,447.091
382.872,231.871,739.533,452.479
382.361,230.901,746.642,458.122
368.662,226.599,744.364,465.615
365.100,211.721,752.398,478.446
361.781,204.269,756.056,486.423
364.530,208.119,765.865,492.297
360.390,213.786,784.587,483.795
364.009,226.461,787.336,474.859
339.425,232.997,783.985,459.603
346.958,230.903,784.446,451.728
344.104,229.489,778.939,452.516
341.358,233.448,795.635,460.697
344.161,230.080,814.356,451.581
342.131,234.726,815.863,446.358
340.975,234.459,816.892,452.758
329.696,226.839,806.008,460.826
335.807,219.483,794.236,468.174
337.211,216.643,796.386,467.896
332.625,210.825,791.605,471.378
334.678,202.478,783.800,469.615
335.325,205.264,774.130,478.136
340.775,203.504,761.663,480.973
332.305,202.437,764.501,481.692
330.664,199.432,762.763,473.173
345.788,201.746,759.343,470.721
341.049,200.219,754.985,474.630
349.139,199.907,740.120,480.970
338.449,199.476,743.017,478.399
346.652,203.382,743.730,486.057
333.272,198.931,750.119,483.055
333.080,196.142,745.303,479.588
341.570,195.719,742.826,480.360
331.929,185.307,727.323,491.151
