593.000,198.000,80.000,495.000
583.223,194.443,91.088,497.131
578.182,191.860,99.007,498.377
576.329,191.823,100.354,499.885
577.161,190.578,99.427,501.485
577.260,197.362,101.239,501.349
573.220,191.236,103.070,506.285
575.398,194.267,104.059,505.092
572.278,199.265,106.886,502.947
573.062,203.391,110.129,498.078
566.735,210.078,110.365,494.144
571.147,208.087,107.942,496.369
570.204,217.833,110.081,492.152
568.379,219.634,110.406,491.733
571.266,215.923,108.301,491.625
573.924,208.064,105.623,500.089
573.940,199.867,102.833,507.614
573.082,171.133,100.773,537.485
572.910,150.974,106.430,547.480
571.023,142.688,108.031,561.956
567.788,132.021,110.565,568.926
569.994,124.946,114.486,576.598
567.292,114.366,115.505,585.364
567.723,115.627,118.610,587.459
565.752,112.771,122.282,588.995
562.427,114.967,126.299,586.160
560.507,112.805,127.852,587.216
562.885,115.275,129.967,581.455
561.134,119.174,130.939,582.248
560.545,111.885,131.131,589.933
561.138,114.048,133.129,586.630
560.330,107.772,133.770,588.920
563.297,114.438,132.278,590.535
560.205,107.839,133.873,592.047
562.400,123.490,132.326,581.000
563.019,118.712,130.544,581.978
565.678,125.712,129.363,571.050
565.536,132.646,127.797,566.303
565.997,142.568,126.760,557.983
568.528,140.712,124.728,561.728
568.368,137.437,123.207,562.920
565.873,129.276,124.151,567.702
567.814,143.434,124.081,556.561
563.789,138.034,125.161,563.562
559.995,133.966,128.543,565.639
549.799,158.332,137.191,544.023
550.421,164.482,139.053,538.838
550.220,184.994,138.986,525.118
545.517,214.827,143.120,492.570
545.562,219.303,144.413,482.230
545.087,222.227,144.950,476.611
547.739,225.348,142.280,475.934
548.735,225.124,140.999,476.384
564.573,224.196,127.656,481.407
567.908,219.819,119.509,483.458
570.881,223.224,115.538,484.693
570.152,220.945,114.310,487.006
572.759,218.360,112.360,487.284
573.776,221.256,111.893,481.300
569.531,226.346,111.113,477.050
570.965,227.228,110.362,478.171
568.699,229.468,112.232,473.876
567.360,231.146,113.342,471.793
566.916,232.205,113.533,469.670
567.575,232.049,112.798,469.014
569.056,234.140,112.212,463.764
569.207,236.747,112.158,453.148
570.136,245.089,111.923,444.297
570.810,242.954,109.949,445.107
571.650,241.156,109.293,448.494
571.795,243.686,109.021,448.011
572.052,244.078,107.506,443.072
571.576,248.978,106.800,442.585
571.559,250.402,106.108,440.949
571.208,253.116,105.829,440.597
569.024,251.560,106.410,444.571
568.938,251.365,107.014,440.757
567.933,256.259,107.936,442.972
566.277,252.590,108.153,446.764
566.649,250.203,107.749,448.118
566.650,253.205,108.045,445.030
566.096,251.938,107.968,449.432
566.019,249.526,108.049,452.932
565.107,249.884,107.809,451.656
564.847,246.760,107.871,453.078
565.025,248.902,107.456,448.468
564.546,246.302,108.134,445.737
563.898,254.074,108.432,444.064
562.292,249.212,109.341,447.442
562.271,246.541,110.546,447.113
562.662,248.409,111.802,438.040
563.352,248.884,111.566,436.950
564.120,250.448,111.466,439.128
564.462,246.040,111.178,438.841
564.088,252.762,112.134,440.525
563.553,248.425,112.720,443.672
563.474,249.031,113.122,437.657
563.465,253.013,113.530,437.787
563.189,249.316,113.119,441.689
563.754,246.856,113.177,437.145
563.184,254.193,112.458,441.390
562.414,247.553,112.703,445.975
560.582,247.066,112.568,444.669
561.042,248.186,113.371,441.854
560.697,248.788,112.872,442.207
559.355,248.456,113.652,440.977
559.405,248.964,113.435,440.617
558.719,248.981,113.284,441.746
561.522,244.100,111.964,448.775
560.438,245.170,112.437,443.447
561.594,247.774,112.148,446.785
560.694,246.481,112.248,448.771
560.542,245.917,112.101,447.979
560.336,246.348,111.002,448.961
561.495,244.792,110.631,447.037
561.278,247.684,109.966,446.964
561.623,241.840,109.152,447.771
561.018,246.896,110.723,443.995
559.880,246.503,109.923,448.484
553.796,248.825,109.055,446.336
554.137,241.043,108.390,448.354
548.887,249.943,108.264,454.376
546.100,240.487,109.019,460.804
547.257,235.157,108.583,463.533
542.525,234.470,108.256,464.441
540.797,229.840,107.769,464.457
539.609,233.875,108.304,459.578
539.643,231.345,107.358,461.398
540.231,229.894,106.612,460.763
537.808,238.262,107.739,458.787
538.143,236.051,106.778,457.329
537.441,236.865,105.689,458.727
539.433,233.822,104.390,458.048
538.764,237.588,104.387,457.417
539.802,236.429,103.574,458.212
543.268,234.584,102.450,464.470
542.401,233.569,102.662,465.220
542.391,232.239,104.426,468.349
543.010,229.713,106.609,465.076
543.991,234.679,106.983,458.030
542.808,238.693,107.413,454.694
528.650,234.382,112.767,466.336
526.632,231.745,116.242,469.055
505.532,234.590,123.518,471.677
503.966,237.205,133.235,467.365
500.004,237.136,136.825,466.809
499.488,241.291,143.903,460.309
497.818,243.724,147.500,458.065
495.376,238.431,151.162,454.878
486.157,246.295,164.663,444.197
480.687,246.258,170.674,441.074
471.141,246.946,188.534,436.057
452.163,259.391,223.771,422.190
446.908,259.847,238.923,415.014
414.131,300.894,280.377,383.062
395.438,317.697,304.248,365.740
388.383,311.380,315.583,363.640
374.827,312.420,316.447,365.190
371.663,311.175,316.289,366.940
362.091,302.349,315.696,374.837
355.252,285.201,312.721,358.312
352.040,295.828,295.760,364.993
397.864,281.557,274.171,368.063
400.421,282.071,258.273,371.624
405.440,285.250,249.282,371.133
449.506,259.548,205.107,390.005
463.717,259.236,184.608,395.188
460.012,272.694,195.863,390.508
478.334,280.060,233.474,353.718
461.278,290.972,258.792,330.220
458.312,296.882,271.086,320.815
375.234,277.502,307.640,317.755
352.745,283.823,340.962,324.151
351.454,274.022,291.105,367.785
423.894,266.213,235.699,400.188
457.462,249.044,196.071,422.141
477.737,268.023,203.489,427.105
475.775,272.667,209.943,423.366
477.377,276.495,227.859,423.744
499.746,299.207,285.440,395.637
477.049,299.072,320.327,393.511
480.327,254.330,324.270,426.373
534.715,230.126,273.645,455.365
561.730,217.299,236.499,476.810
606.334,250.303,216.060,463.739
616.121,266.960,207.355,446.289
615.788,276.473,201.381,432.476
601.682,272.626,192.054,429.014
605.916,272.835,189.132,425.762
607.637,272.296,202.387,409.751
633.559,245.764,181.831,434.233
642.873,238.240,173.366,447.263
699.279,271.098,195.259,413.590
705.489,281.565,204.570,401.253
700.810,272.557,209.194,390.843
740.161,295.515,177.577,419.308
746.755,284.011,162.496,433.013
749.242,296.878,153.159,427.185
443.408,335.360,170.803,392.081
433.187,360.870,157.032,366.497
438.478,369.396,146.813,350.929
407.264,406.309,160.411,324.062
406.751,411.685,163.655,312.923
368.745,445.689,171.898,288.098
346.184,468.146,178.426,262.924
343.012,477.124,181.573,248.534
339.809,495.406,184.303,232.780
336.814,500.932,185.191,223.935
329.684,524.051,188.589,204.975
323.444,559.492,201.850,173.397
334.656,568.058,199.237,158.837
274.997,595.813,233.506,135.696
263.806,599.324,244.843,122.342
258.605,604.633,253.452,115.451
321.258,419.232,215.587,159.765
355.368,345.905,174.308,212.618
375.715,303.249,141.677,263.138
363.888,302.172,132.176,298.895
368.795,305.165,123.471,338.308
376.634,286.589,119.744,361.431
341.207,291.962,134.950,359.797
318.011,300.476,150.899,364.789
256.706,298.053,194.730,342.244
218.288,311.861,223.526,322.868
215.120,312.478,241.290,311.422
207.752,313.951,245.355,309.583
204.352,316.976,247.526,317.230
201.064,310.489,245.886,309.954
201.808,320.489,241.035,311.822
200.366,320.455,235.534,312.140
201.762,323.966,230.534,315.382
202.130,328.453,224.095,325.937
203.893,326.877,221.866,321.924
206.674,337.134,218.690,324.350
207.691,335.157,215.297,326.746
208.811,335.285,215.418,324.038
210.015,338.682,210.683,329.454
212.316,333.408,210.536,325.054
206.396,336.448,209.499,320.796
216.569,350.098,202.417,331.827
209.302,343.381,209.792,331.346
204.576,318.815,222.393,316.272
202.408,317.088,224.443,306.164
202.169,316.076,225.397,294.415
203.030,310.529,227.600,283.552
210.605,307.322,243.353,269.025
203.082,309.734,241.389,267.521
234.321,311.412,255.719,266.786
528.121,175.007,241.656,324.861
571.224,187.104,227.939,362.946
510.524,154.488,257.150,351.530
513.565,167.491,267.838,371.436
483.535,220.571,304.010,346.593
438.602,254.409,338.829,306.440
420.672,261.943,360.688,290.430
435.284,304.584,385.258,261.379
400.751,309.499,401.580,247.705
422.521,330.744,387.879,237.871
505.737,344.849,341.721,260.861
496.460,329.465,313.244,262.136
519.797,329.620,292.613,263.402
525.027,328.860,285.851,254.594
527.980,328.316,279.025,242.183
517.185,365.473,281.445,237.992
500.680,357.567,245.262,258.500
513.467,388.222,235.731,242.894
538.360,344.626,194.372,283.401
550.532,333.357,170.484,306.768
576.835,328.399,145.476,327.329
612.242,330.318,140.453,325.526
624.248,370.332,144.188,311.911
621.101,363.418,152.041,307.632
605.308,335.434,171.377,300.018
599.132,340.825,183.339,298.477
630.001,403.793,209.539,292.088
649.504,414.044,223.787,267.571
653.234,427.004,230.530,247.881
655.723,389.165,252.189,221.466
665.352,411.253,267.079,200.776
655.532,418.784,262.125,198.048
657.263,360.069,246.562,189.539
672.845,365.621,231.464,183.886
670.861,348.383,192.448,223.525
655.433,355.382,179.289,238.774
668.017,359.325,166.792,246.854
649.852,353.435,176.775,255.513
632.022,347.249,184.012,251.957
649.788,278.247,172.963,271.437
699.479,205.851,154.235,291.454
702.458,206.657,145.786,300.276
690.458,186.589,156.968,297.330
670.806,186.147,174.860,286.808
669.772,193.651,179.394,292.360
646.149,207.717,190.314,277.901
611.877,216.418,209.922,256.779
610.943,219.624,216.117,248.748
574.662,234.864,230.051,237.574
570.840,239.542,233.917,234.189
555.115,247.397,237.907,227.843
515.996,285.840,249.983,212.561
517.220,280.596,254.290,207.431
479.528,307.514,270.025,198.322
483.285,313.366,275.041,192.014
479.519,315.409,279.029,188.261
478.346,335.102,268.236,192.038
479.270,348.280,260.366,206.794
483.535,335.120,254.886,224.493
462.121,327.622,241.466,255.055
443.912,320.058,225.563,271.487
454.580,315.139,213.878,282.181
454.419,324.488,208.563,300.264
433.083,334.925,192.783,311.409
474.345,328.142,186.957,335.164
467.905,304.874,207.622,327.735
474.345,311.352,221.053,328.943
373.766,320.096,215.623,337.668
370.550,328.052,209.930,339.594
374.075,344.430,207.987,329.705
376.683,309.999,224.044,298.192
394.645,306.077,216.120,291.502
375.748,308.807,231.417,277.792
288.543,310.037,274.533,243.516
276.039,318.480,297.158,227.411
267.523,309.328,315.231,202.988
238.412,314.060,334.395,185.692
220.042,322.045,344.376,174.252
248.588,306.425,342.632,176.742
246.272,313.667,340.759,177.893
143.961,427.140,284.798,221.654
151.008,412.047,222.991,255.813
167.057,410.485,179.465,270.425
182.796,406.373,151.164,278.923
191.597,417.270,134.796,270.989
194.979,423.455,123.120,263.247
197.925,432.573,118.563,252.576
199.279,436.865,113.483,245.880
199.962,444.588,109.971,237.189
200.124,444.669,107.673,233.033
202.250,447.353,106.908,229.640
202.408,446.341,105.705,228.566
202.702,445.997,106.976,227.565
203.131,443.816,106.117,228.675
206.937,440.958,105.289,232.070
209.302,440.312,105.561,233.038
207.357,442.362,107.218,230.510
209.784,437.263,106.149,233.829
209.974,443.840,106.128,229.906
209.460,434.084,106.864,235.337
213.201,432.683,107.358,236.276
212.216,431.667,107.650,237.009
214.094,432.647,107.291,236.379
217.281,431.538,106.746,237.900
215.699,430.500,107.877,238.930
218.705,432.753,107.236,238.533
218.810,433.812,107.768,236.174
218.944,435.028,108.081,235.044
220.548,431.711,107.041,235.333
220.104,433.281,107.346,235.923
219.305,432.771,108.082,235.444
219.660,435.153,107.672,235.547
220.773,436.753,106.143,234.304
220.565,442.188,106.067,232.194
219.056,442.389,105.991,231.394
220.108,440.458,105.247,232.192
218.428,444.398,105.420,231.021
218.096,442.142,104.887,231.468
218.207,443.390,104.233,230.798
216.475,440.842,104.059,232.006
216.595,441.478,103.748,232.031
216.384,440.904,103.262,231.691
213.100,443.246,103.242,229.952
212.611,442.998,103.227,229.847
209.315,447.460,96.432,226.030
208.590,447.422,90.593,225.451
210.119,445.445,87.153,226.223
207.702,446.725,80.900,229.299
209.189,447.325,77.273,229.609
207.019,448.009,72.719,230.206
205.489,446.441,69.758,232.200
206.365,446.058,67.828,232.032
206.408,444.987,66.438,230.542
205.439,447.739,65.258,231.116
205.752,446.584,65.093,232.067
204.506,447.296,65.866,232.526
204.225,446.560,66.996,232.830
203.458,447.340,67.842,232.488
202.046,446.418,68.790,232.374
202.011,446.521,69.382,231.933
199.268,446.314,69.082,232.287
197.046,446.471,69.541,233.150
