486.000,307.000,569.000,193.000
467.214,335.784,566.065,188.363
445.856,353.230,558.454,185.456
425.095,374.389,549.903,181.907
406.843,388.961,542.546,182.805
393.957,406.090,535.699,179.157
380.073,419.643,531.765,177.665
368.666,429.204,520.839,175.661
361.798,434.115,514.800,175.993
354.709,439.955,504.459,175.439
356.663,439.711,488.539,177.064
358.888,439.098,474.435,176.308
364.737,441.471,455.622,175.963
375.718,443.426,440.243,174.473
387.579,442.421,420.249,172.562
404.978,444.819,399.847,170.255
421.645,445.817,377.149,169.412
442.957,444.671,352.046,170.195
463.284,445.210,330.367,172.885
480.963,446.357,303.578,171.221
499.080,448.647,275.594,170.232
520.777,447.010,249.055,169.054
549.177,446.950,233.030,166.668
561.688,449.607,233.988,165.007
567.152,451.787,245.765,162.782
563.609,453.622,268.320,161.852
562.301,456.053,290.528,161.882
557.650,457.604,313.328,162.518
553.701,458.234,336.464,162.546
547.726,459.979,358.070,160.283
545.830,459.929,376.449,159.804
537.447,461.766,395.087,158.469
534.993,461.821,412.058,157.849
531.503,463.435,426.833,156.429
528.814,464.471,437.226,153.888
528.153,462.551,445.377,155.307
530.546,462.378,452.137,155.267
533.524,465.823,454.668,151.540
539.976,464.784,454.476,150.640
544.581,465.280,453.814,149.155
547.623,464.326,455.418,149.730
549.166,465.583,456.654,148.758
552.822,464.666,455.583,150.539
554.562,464.392,454.778,151.041
558.465,464.958,454.644,150.937
560.744,466.496,450.789,150.919
565.660,468.601,444.563,149.790
571.559,468.535,434.758,148.976
579.469,467.490,422.302,149.324
589.692,467.132,407.623,151.161
606.445,468.112,390.834,151.528
619.777,465.079,371.382,154.465
637.484,463.518,350.530,155.596
657.174,462.398,323.850,156.901
675.764,461.611,298.399,159.927
696.577,460.068,271.055,161.932
720.431,458.207,244.026,162.023
743.781,462.301,220.665,160.943
751.938,465.638,220.100,156.467
750.784,466.199,234.937,153.748
749.376,464.828,253.394,152.435
749.377,465.538,271.288,149.577
737.025,465.261,295.132,141.744
727.873,466.357,317.543,140.269
716.633,466.902,339.085,138.801
706.507,468.618,357.119,138.849
699.264,469.095,372.195,138.017
690.736,471.572,384.028,137.786
684.214,470.379,391.973,136.702
675.242,469.255,397.535,135.731
665.574,468.113,402.477,137.162
659.685,466.292,406.102,136.706
653.176,465.819,404.521,135.846
649.818,465.954,401.649,134.845
645.379,466.691,398.644,133.377
641.201,466.756,393.928,132.963
634.183,469.337,392.564,131.192
625.167,470.390,386.026,129.661
618.389,469.537,387.306,129.235
611.354,470.049,377.407,128.171
603.614,468.315,367.798,128.393
596.380,467.136,357.064,128.617
592.949,465.801,345.353,127.622
582.594,462.965,320.285,130.895
581.861,461.776,301.065,131.543
584.807,459.579,287.035,132.930
584.181,461.594,273.090,132.653
582.200,461.271,258.630,134.753
580.835,459.715,239.232,135.515
580.537,458.716,217.596,135.944
583.690,455.177,197.296,136.544
590.424,457.117,187.786,134.993
578.108,458.504,194.448,133.265
577.736,459.540,198.620,132.265
564.981,469.765,209.770,125.145
541.419,466.063,232.266,125.004
499.915,465.020,269.551,125.352
479.376,462.459,298.756,127.767
460.093,462.624,322.438,128.048
444.018,460.161,340.309,129.952
429.904,463.492,353.698,127.336
416.472,462.534,366.440,128.977
407.226,463.112,373.773,127.857
400.709,462.992,381.030,127.828
395.644,463.640,386.138,127.911
392.987,462.077,386.706,127.249
392.728,463.348,390.789,126.473
390.064,464.566,390.102,125.111
391.318,464.931,389.113,124.166
392.036,464.600,391.350,124.300
393.716,464.264,392.114,126.110
397.802,465.932,388.050,124.537
401.623,465.026,381.809,125.420
411.761,460.609,374.159,128.048
422.130,463.332,362.822,128.011
436.178,459.465,347.591,130.364
451.502,456.448,329.704,132.732
469.655,454.818,308.092,134.008
487.970,452.884,280.836,135.839
510.439,450.580,255.756,138.490
535.532,450.382,229.687,139.487
558.096,447.441,203.969,140.804
570.707,447.848,197.623,139.177
573.229,445.806,209.977,136.437
571.244,445.073,229.020,132.663
565.124,448.593,253.627,129.535
556.113,447.468,279.466,127.357
549.851,442.850,301.152,122.624
540.978,441.907,320.629,121.482
533.655,440.717,338.098,121.230
526.914,439.571,353.538,122.438
524.623,436.626,363.259,123.045
521.357,436.820,369.397,120.676
517.989,433.916,372.405,123.038
518.956,433.848,371.221,123.860
519.858,430.586,361.989,123.852
535.047,427.656,347.718,122.244
526.349,426.391,346.733,120.924
527.433,423.829,340.029,120.441
509.636,425.552,341.888,118.387
498.807,422.660,345.087,120.825
490.110,419.525,335.296,123.455
479.943,416.654,316.753,126.699
485.930,411.596,310.362,125.995
482.876,409.831,300.350,125.842
483.257,408.203,290.022,125.512
480.832,405.466,275.311,127.529
480.278,401.840,255.583,130.220
481.504,399.301,236.104,132.044
483.183,396.241,209.902,134.967
491.820,394.994,190.072,135.451
498.148,391.510,181.100,133.314
497.024,391.266,182.743,131.108
484.057,389.251,195.492,131.089
448.037,388.390,226.421,129.024
418.533,388.168,259.441,127.904
398.280,386.574,284.840,126.464
376.265,385.444,309.580,126.502
361.303,384.714,329.473,126.467
346.682,386.362,343.659,124.908
337.077,383.256,354.085,125.413
329.726,379.862,360.355,125.977
324.543,380.523,367.066,124.736
321.436,378.051,368.280,124.813
321.120,377.119,367.951,125.199
322.315,374.990,365.159,125.730
320.248,372.377,368.282,126.279
320.796,370.221,369.091,125.944
324.170,370.363,367.329,126.768
326.435,367.218,362.035,127.400
334.608,364.692,351.702,128.366
343.182,358.480,334.219,132.164
355.354,353.888,316.648,135.024
373.503,348.956,294.316,137.453
389.945,347.025,266.413,138.620
410.730,345.895,239.974,140.678
433.856,342.528,214.172,142.533
456.418,341.972,192.175,142.887
468.723,344.281,187.843,136.689
474.599,341.090,198.505,128.843
473.026,341.861,215.107,122.293
465.580,342.582,238.515,117.042
462.448,340.093,257.425,112.512
468.390,337.217,269.397,111.575
458.496,333.082,285.482,108.190
455.702,333.298,298.166,104.663
446.836,330.278,311.787,98.782
462.905,330.892,307.017,97.368
473.787,328.269,296.010,98.402
456.500,325.361,302.027,97.222
463.547,324.023,301.304,94.886
432.616,324.746,323.593,93.203
411.537,324.984,346.829,94.568
403.291,325.410,355.330,98.285
398.731,323.588,359.954,104.556
398.834,325.135,355.405,113.620
402.180,319.293,348.101,122.627
403.075,314.920,340.092,130.196
407.319,312.593,328.855,135.891
412.374,312.374,309.779,140.819
416.022,308.148,289.981,145.200
421.341,303.915,268.369,148.936
429.681,302.269,244.981,154.660
440.620,296.532,221.125,159.581
458.694,297.758,208.742,159.238
467.398,300.738,209.523,154.515
452.951,297.688,229.340,152.417
442.315,297.523,249.649,151.497
429.751,296.517,272.713,152.884
383.318,295.435,313.742,149.650
344.232,301.512,360.773,149.046
319.621,307.577,402.569,150.229
297.659,306.663,436.422,154.198
288.099,297.228,461.204,163.302
281.322,296.953,477.924,165.522
275.267,294.105,489.864,169.207
270.399,292.459,494.745,171.777
268.764,287.796,500.017,175.673
264.860,290.251,504.955,176.769
257.940,285.466,497.042,179.605
260.625,288.950,502.041,180.269
260.795,283.303,489.024,184.509
277.972,282.787,481.756,185.601
286.819,281.725,467.637,186.403
305.955,277.601,445.200,187.877
327.632,272.158,420.747,191.832
355.622,270.711,390.948,194.187
379.077,273.332,356.541,198.988
414.446,268.184,319.905,205.374
446.940,271.163,288.504,206.261
451.145,272.521,298.696,200.441
444.215,270.487,327.834,193.047
425.584,273.011,370.721,186.453
407.937,263.754,416.808,170.673
392.066,272.380,455.801,167.538
348.784,275.961,509.030,163.676
334.307,277.821,542.549,167.846
304.818,280.382,580.760,174.572
299.854,274.543,603.028,179.398
294.685,273.989,610.836,185.918
291.087,272.086,610.760,186.980
289.328,269.192,604.257,187.912
289.344,270.700,604.914,186.057
277.605,269.303,603.107,190.821
282.816,263.831,590.161,190.853
274.501,264.672,588.138,188.784
264.756,264.722,587.716,192.502
261.922,265.125,576.992,199.239
258.473,260.280,562.425,205.603
266.593,257.894,539.067,212.277
278.317,250.777,504.908,221.694
280.975,246.392,464.646,228.723
300.158,250.142,416.512,231.298
319.733,249.328,364.062,233.387
349.659,244.833,324.936,230.441
378.522,253.117,305.517,219.623
397.757,250.723,303.942,209.349
407.375,254.902,310.442,204.536
409.597,253.617,322.260,198.555
415.685,253.292,330.726,190.024
428.868,260.340,336.087,191.123
432.000,255.042,342.618,185.292
403.636,256.575,372.248,176.843
220.001,268.598,439.991,182.862
179.129,262.633,445.634,195.135
178.737,257.101,453.499,204.297
180.829,254.684,448.542,210.219
195.503,254.183,461.055,211.362
204.619,257.232,480.626,212.191
216.635,260.478,520.616,208.737
232.343,260.525,574.652,205.597
238.233,260.118,609.420,206.115
237.846,258.681,598.792,208.034
269.649,257.061,583.050,203.192
300.454,260.378,562.747,199.433
334.603,263.951,531.480,199.159
370.194,263.362,481.604,210.403
417.657,259.448,435.964,221.725
453.707,256.657,384.325,229.955
505.415,253.179,338.170,232.169
543.222,255.108,323.328,226.991
544.135,253.473,347.758,221.776
545.919,259.536,383.684,212.803
560.089,259.147,413.063,208.030
591.071,258.369,423.988,204.859
608.651,253.966,430.506,203.110
628.084,254.377,431.642,200.277
620.285,252.808,444.819,192.912
651.383,249.843,433.681,194.525
673.943,247.404,420.033,189.965
670.359,253.338,412.453,191.654
689.540,246.506,401.896,188.430
692.579,249.126,393.985,184.303
697.162,244.574,385.996,172.696
685.032,241.517,387.435,154.031
671.494,248.444,383.997,144.344
663.812,239.858,372.501,135.217
655.098,236.339,354.845,126.541
644.203,235.359,355.899,116.349
617.375,241.725,349.591,126.868
502.971,273.387,356.747,159.894
443.445,263.076,352.967,190.755
436.491,255.992,341.336,209.396
432.403,239.869,318.298,223.663
462.863,238.687,301.712,231.458
476.787,237.530,291.828,235.070
480.404,235.486,301.056,232.173
418.022,245.374,332.631,221.595
376.676,237.922,337.315,225.484
338.598,243.349,370.226,218.447
297.331,245.847,407.028,206.774
269.226,249.572,438.064,201.571
243.345,258.287,464.016,200.875
233.730,256.032,482.000,206.646
215.964,252.099,474.192,210.678
203.239,248.707,457.841,214.218
206.616,248.301,432.740,215.519
214.003,247.348,429.010,214.604
207.319,249.807,444.645,215.193
208.218,249.285,461.261,214.337
212.572,251.328,484.406,215.443
221.070,254.155,511.332,216.786
233.347,252.986,526.612,214.824
246.257,253.624,525.340,219.809
268.677,249.295,511.513,225.685
298.079,247.322,486.024,227.337
330.079,249.215,455.896,227.963
365.182,250.009,424.363,229.457
403.705,251.443,384.400,228.046
448.634,252.128,340.876,228.054
485.556,253.729,321.142,223.341
488.537,251.750,339.688,209.809
488.370,255.271,373.817,199.740
506.242,259.505,399.535,202.495
519.087,257.288,422.363,204.656
518.536,256.701,441.896,201.837
523.930,255.497,454.687,200.462
465.602,256.834,504.682,195.965
455.296,257.651,540.116,187.962
441.496,258.532,565.518,183.333
445.279,259.525,571.153,179.705
448.940,259.332,568.987,181.857
463.507,261.219,558.501,183.120
478.097,252.287,543.889,182.721
480.829,250.434,533.954,178.438
434.096,256.131,533.104,175.659
411.351,256.762,518.696,179.914
397.573,255.537,496.748,188.419
398.063,253.171,470.703,192.056
406.507,253.540,459.014,189.818
417.112,253.953,449.045,187.803
419.896,253.494,440.696,185.318
422.988,253.253,437.779,181.461
434.322,252.851,427.917,182.964
449.832,254.866,420.270,185.887
436.638,255.773,434.007,188.217
459.270,251.650,423.308,190.964
427.657,255.304,432.772,196.343
432.583,254.796,438.401,196.297
427.947,252.808,443.694,198.639
412.818,254.960,450.802,200.920
408.699,257.873,460.220,206.523
410.760,255.986,474.575,207.527
408.684,255.786,488.098,207.008
404.325,258.927,487.982,212.036
412.932,257.274,489.509,210.892
418.873,251.845,488.974,210.004
426.208,251.578,484.011,211.331
422.482,251.112,485.744,211.956
425.896,251.377,485.501,212.775
427.116,251.721,480.112,214.999
429.429,253.027,476.098,219.695
429.175,249.745,471.391,220.386
429.792,253.303,469.632,220.308
434.121,252.587,470.873,215.220
439.733,252.937,463.898,212.574
438.209,253.543,464.517,209.669
441.371,254.623,461.260,206.217
441.818,255.818,460.188,203.626
457.858,254.608,465.476,198.054
457.219,259.352,473.448,196.840
453.487,257.011,469.535,199.997
458.534,260.208,471.694,201.209
457.394,262.070,469.365,204.169
453.914,263.577,464.527,204.611
459.285,264.936,463.177,203.782
458.270,265.012,461.756,202.795
464.276,264.268,469.430,201.487
464.444,264.284,463.107,200.252
465.897,266.460,464.489,198.236
467.711,267.054,466.779,197.038
464.465,267.872,462.807,196.284
467.683,267.456,467.465,196.701
468.519,268.589,474.773,195.643
467.971,267.918,471.006,196.656
474.751,267.648,476.228,195.567
474.478,268.191,473.355,196.834
480.648,269.294,479.959,196.052
477.473,269.634,481.696,195.252
487.792,269.096,489.286,196.037
486.637,266.834,498.372,198.111
487.342,267.029,501.484,199.233
486.424,266.459,508.332,200.481
486.822,263.707,515.425,202.313
486.282,265.264,518.330,202.228
486.544,263.858,519.637,203.788
486.076,263.852,519.700,204.323
485.669,265.098,522.162,203.562
487.223,263.908,523.433,204.670
486.681,263.701,525.538,205.543
487.691,264.719,526.450,204.637
487.518,265.121,527.447,204.278
489.554,266.372,527.252,203.454
487.216,266.329,529.821,202.848
488.533,265.962,530.085,203.119
488.221,266.083,531.388,203.134
488.397,265.866,529.620,204.144
488.703,267.435,528.096,203.176
487.840,267.201,527.013,203.412
490.290,269.527,523.654,202.666
487.294,270.546,523.535,202.790
489.727,271.095,520.497,202.685
487.312,274.374,521.388,201.413
487.915,274.397,519.132,201.689
486.689,275.403,518.668,201.057
483.778,277.341,518.553,201.801
486.594,277.582,516.410,201.645
483.768,279.723,516.148,202.659
484.926,279.844,514.548,202.141
482.900,280.847,515.302,203.086
481.932,280.326,513.057,204.237
483.522,279.993,511.318,204.967
476.156,283.318,512.708,203.955
477.616,282.830,512.518,202.939
478.140,283.402,507.137,201.933
482.073,283.575,504.766,200.194
476.390,287.530,504.801,200.120
476.557,287.990,502.951,197.699
473.704,290.155,503.585,195.756
471.358,290.355,502.267,193.904
471.242,293.868,501.371,191.599
473.161,293.050,498.467,192.559
470.384,292.450,499.276,192.806
470.265,292.025,496.814,192.997
464.058,292.982,497.881,192.744
465.271,292.763,498.246,193.381
464.044,293.085,495.637,195.875
457.459,291.879,496.824,193.248
452.762,293.109,497.364,193.303
456.837,293.454,494.580,192.359
449.691,294.663,494.577,192.802
450.755,294.200,489.383,193.052
444.805,294.539,490.959,193.948
448.245,293.323,484.707,193.849
444.073,296.056,484.973,192.172
439.565,293.203,483.664,193.506
438.559,295.169,484.389,193.167
435.364,292.655,482.441,193.691
433.526,293.922,482.955,195.330
431.245,291.382,478.646,195.700
428.659,293.891,477.288,195.696
426.799,292.774,474.218,196.666
423.994,293.163,472.013,199.123
426.413,293.422,466.811,198.149
422.082,293.382,466.619,200.093
418.516,294.014,464.568,199.022
420.581,294.591,459.942,199.257
414.361,293.733,459.939,200.419
411.733,294.118,457.279,200.541
410.363,294.857,454.614,201.137
406.417,293.653,455.135,202.893
403.130,292.015,450.439,204.335
400.433,295.281,449.005,203.192
399.781,295.422,445.562,204.175
396.096,296.306,442.160,205.170
396.006,295.113,438.369,206.861
396.015,293.704,434.544,207.978
393.834,296.283,430.499,208.154
393.892,295.512,426.368,209.663
393.504,296.263,422.646,209.631
394.806,295.598,417.208,209.844
393.054,296.564,412.892,209.413
393.464,297.904,409.464,210.395
392.705,296.476,404.697,211.064
395.256,297.578,400.548,211.824
394.593,295.217,397.491,214.944
398.589,297.281,392.823,215.054
402.798,296.509,387.378,215.873
403.159,295.688,386.100,219.202
404.224,296.674,385.092,220.345
407.222,297.968,383.096,220.623
408.668,298.648,382.453,220.062
414.119,297.175,379.042,221.419
415.404,296.787,378.238,223.628
418.367,297.497,375.965,224.851
423.950,297.140,372.495,225.222
423.880,297.007,369.491,227.227
430.422,297.131,367.630,228.758
434.560,296.104,366.396,230.687
437.543,297.865,362.461,230.390
442.921,297.576,364.968,230.930
446.344,298.746,365.037,231.422
450.591,298.335,368.686,232.867
454.079,299.200,368.581,233.228
458.385,298.347,370.226,233.865
461.797,297.895,372.423,234.371
466.187,296.799,373.659,235.013
468.968,294.577,376.770,236.787
470.598,295.699,371.930,237.118
474.838,294.146,370.259,237.696
482.630,293.143,375.165,237.835
486.275,293.805,374.405,238.565
487.376,294.137,370.504,238.220
485.915,293.108,355.330,239.610
489.467,291.775,347.560,240.605
492.156,290.918,335.049,242.130
501.107,290.345,335.242,239.014
502.991,291.449,336.319,237.601
507.410,291.306,340.515,235.540
508.430,289.737,340.989,236.183
509.902,289.315,340.324,236.306
509.809,288.681,337.068,236.648
511.424,287.818,340.486,235.713
512.415,288.655,339.731,234.370
513.171,288.783,342.985,233.258
512.269,288.425,342.325,232.834
511.081,288.412,341.199,232.958
516.161,288.823,353.005,229.306
512.061,292.636,359.159,226.373
512.641,293.319,365.092,224.093
510.880,294.773,366.986,222.432
510.645,294.759,367.100,221.808
508.617,295.295,364.064,220.929
509.863,296.968,362.677,219.255
509.955,295.400,360.382,219.410
509.761,296.597,358.416,217.878
511.078,295.949,357.399,218.475
511.533,296.548,355.641,217.881
512.496,296.895,354.487,217.262
513.769,297.392,353.421,216.010
514.718,298.994,353.029,213.403
514.935,299.482,354.693,211.589
513.937,300.814,355.459,210.596
514.625,302.003,356.855,209.766
515.079,301.968,358.126,209.766
513.667,303.002,358.840,207.510
513.535,301.412,359.269,207.101
513.211,302.984,358.227,205.270
513.465,301.763,356.047,204.902
511.852,303.518,355.167,203.481
511.679,303.234,353.315,202.433
511.462,304.025,351.054,201.880
511.317,304.981,347.205,202.475
511.801,303.432,344.957,203.659
511.021,303.363,343.017,205.325
510.658,303.472,341.398,204.882
511.727,303.659,339.191,206.461
514.618,302.391,336.381,208.499
514.464,302.240,333.233,210.046
514.097,303.363,332.269,211.594
518.730,303.736,328.444,212.274
520.673,304.935,327.871,213.736
523.762,305.722,327.394,215.242
526.604,306.350,328.688,216.637
529.770,307.326,331.416,217.394
530.491,309.433,336.887,217.805
532.357,310.622,341.654,219.439
534.031,312.671,346.223,219.471
535.800,313.877,350.988,220.124
534.400,312.910,356.079,222.711
536.555,314.513,360.964,223.972
537.621,317.222,365.444,223.224
536.843,315.306,371.265,227.038
536.630,319.285,371.838,229.134
539.704,315.679,381.320,232.978
536.404,319.384,381.950,234.328
538.521,316.962,392.081,236.445
528.274,316.672,390.565,243.892
526.430,317.158,393.424,244.354
526.227,319.466,399.116,246.310
522.019,318.187,409.821,248.421
518.912,322.729,421.619,250.737
511.110,319.065,421.549,255.666
510.255,323.202,427.858,255.904
503.606,319.858,432.608,260.564
493.412,321.691,430.130,260.933
478.622,320.062,412.839,266.454
478.880,317.864,411.675,269.455
470.694,316.441,409.360,272.551
466.713,316.254,406.566,273.850
466.316,317.207,416.385,271.699
451.887,313.432,411.223,275.068
447.123,314.802,406.599,277.690
445.380,313.212,398.402,277.604
438.767,312.006,391.907,277.973
435.856,312.436,388.199,278.124
431.647,311.191,387.554,277.831
428.415,311.828,396.558,276.933
415.396,317.799,389.649,273.681
423.641,317.411,392.153,269.934
418.863,317.617,402.062,269.779
415.150,310.938,425.180,275.158
405.387,311.762,455.869,278.228
398.821,308.950,481.821,281.655
387.452,310.366,502.889,284.434
386.165,306.537,509.733,286.875
380.888,304.536,512.812,288.907
356.456,305.194,526.362,292.239
349.491,307.796,531.377,292.833
345.224,309.372,534.841,292.806
335.815,305.497,534.367,295.382
342.044,302.719,533.660,294.230
335.410,303.568,536.038,292.789
312.236,306.104,543.932,294.210
305.833,304.287,550.553,296.095
294.513,304.181,554.566,297.501
288.518,304.860,558.329,297.922
283.278,303.239,558.836,296.445
278.979,301.443,559.858,297.614
268.740,300.372,562.789,297.659
259.529,299.084,566.116,298.078
250.403,299.593,576.110,296.933
240.946,300.746,579.814,297.517
232.340,300.859,584.144,299.817
227.430,301.912,589.471,301.607
221.307,301.328,594.069,304.790
211.737,300.404,602.103,305.243
200.657,300.143,608.670,306.683
194.307,302.229,614.356,307.029
187.303,295.967,620.697,311.954
180.799,294.626,631.582,315.851
173.863,295.890,646.905,318.057
164.738,292.857,664.087,323.549
157.820,295.953,676.997,325.920
152.788,296.333,690.138,331.551
149.980,299.404,702.418,332.994
144.570,297.236,713.458,335.725
135.871,302.433,735.433,332.760
127.719,307.805,752.719,330.013
