502.000,605.000,185.000,112.000
492.985,605.317,190.071,110.599
484.938,605.033,189.163,110.878
482.140,603.160,185.060,112.003
481.942,603.834,181.726,110.912
480.407,606.255,176.521,110.566
476.436,607.316,173.006,109.819
470.593,608.138,171.884,109.459
463.172,606.448,167.932,110.831
454.597,602.554,162.153,110.888
444.508,604.940,159.067,111.403
430.632,596.829,154.985,116.741
420.897,571.084,145.073,137.014
425.542,540.308,134.501,162.983
430.749,571.265,149.946,149.745
438.881,598.105,174.354,128.711
461.807,544.859,156.530,144.426
454.646,476.406,148.902,142.171
451.587,448.515,141.110,141.212
442.729,448.752,134.540,136.208
435.301,453.689,134.532,130.372
436.333,454.100,133.129,123.108
417.937,460.954,141.598,114.945
406.328,472.718,146.627,104.843
397.926,483.280,154.865,90.902
391.007,478.281,159.839,83.207
388.614,469.660,161.082,85.596
390.113,460.632,159.175,94.332
396.166,439.100,157.905,106.308
396.248,421.806,150.888,115.225
403.009,419.533,145.391,118.866
407.460,427.957,135.139,118.139
403.429,438.138,134.688,109.915
430.953,493.299,145.807,102.902
416.047,507.900,148.674,103.103
401.690,529.494,143.189,109.365
387.511,559.336,130.511,118.679
399.990,571.619,146.756,106.176
404.273,582.660,147.131,110.522
406.341,584.808,152.690,116.034
405.818,585.916,166.310,112.709
415.358,589.508,176.776,112.255
423.954,591.880,183.473,113.580
430.458,593.091,195.303,111.150
430.232,592.040,207.298,109.323
430.413,594.358,219.272,109.821
427.115,600.560,226.182,113.038
430.922,613.166,235.982,106.407
430.369,627.286,245.567,96.836
435.549,635.901,251.910,87.229
437.520,636.250,255.081,83.582
436.789,631.906,249.702,85.909
436.889,628.885,244.762,87.980
437.757,624.474,241.781,91.165
446.231,620.416,249.645,94.228
452.026,618.209,256.460,96.619
451.502,613.534,258.771,99.855
454.132,611.453,260.002,102.738
457.654,607.404,262.994,103.844
459.068,606.845,266.651,105.241
460.865,604.006,270.315,108.010
462.352,605.239,276.802,108.355
464.134,602.334,278.249,108.376
465.084,599.065,282.850,111.816
464.076,597.198,285.977,116.075
471.948,596.557,291.991,117.027
480.252,599.873,295.219,115.859
485.606,601.927,301.192,115.434
488.039,601.315,307.413,115.742
493.864,602.178,313.882,114.373
498.235,603.878,323.983,113.218
500.123,600.014,325.695,114.214
503.303,597.742,327.073,115.439
512.820,596.155,333.290,116.149
523.344,590.262,349.435,117.376
526.673,587.094,362.977,119.455
533.520,587.201,373.671,119.425
539.963,583.429,380.002,125.061
548.713,579.952,396.930,126.610
547.706,572.083,408.772,132.531
548.617,569.407,415.298,134.112
555.766,563.310,420.695,132.827
563.029,554.546,427.750,126.597
565.631,547.025,418.951,127.131
571.807,545.038,401.293,131.630
577.578,541.368,390.604,134.173
586.163,542.519,378.613,133.941
594.004,544.030,368.745,132.466
600.407,541.738,361.428,130.128
604.621,546.256,355.635,128.466
604.244,556.059,351.091,122.833
604.225,560.971,345.772,118.426
605.855,567.611,339.301,113.600
611.288,563.823,327.116,113.376
607.888,564.654,320.267,113.805
605.543,570.006,314.681,113.180
607.289,572.039,310.471,109.005
606.280,576.505,309.950,100.819
598.452,579.563,300.743,96.860
580.631,586.435,297.265,93.352
566.408,595.358,294.766,88.207
558.558,592.936,290.708,91.305
575.002,560.341,282.695,114.969
610.775,522.380,259.366,153.468
600.438,558.529,261.417,142.829
631.715,489.030,234.841,160.398
604.737,492.990,235.209,162.763
609.964,498.877,239.420,141.291
562.590,503.418,254.089,133.415
546.509,510.626,268.502,119.553
575.716,516.469,282.182,105.365
520.799,537.827,274.026,94.514
508.633,550.752,267.156,85.984
609.105,529.324,265.942,81.915
487.747,571.188,262.828,88.513
475.937,576.209,252.243,94.837
473.805,585.538,243.037,95.530
464.248,602.246,238.520,86.896
454.213,602.705,236.861,78.401
448.676,593.357,231.445,76.770
436.317,583.930,229.141,72.031
428.986,583.199,226.458,67.725
425.752,579.316,222.390,67.036
423.898,581.978,216.248,70.419
419.071,578.823,214.734,65.639
416.584,578.389,215.275,61.473
412.319,578.829,220.219,59.203
415.613,577.500,224.536,56.757
423.251,576.546,225.490,57.672
438.376,577.861,223.393,60.093
452.537,581.873,216.971,64.905
460.519,584.796,216.678,66.062
472.713,582.397,215.273,66.922
481.179,582.556,213.490,65.618
484.351,588.236,214.094,64.650
495.179,589.207,214.246,64.075
505.202,595.383,213.278,61.476
499.269,596.261,217.975,57.840
474.895,591.556,229.004,55.061
460.092,583.900,235.685,53.712
468.474,579.011,241.459,53.461
470.664,578.399,240.652,54.494
472.060,583.722,243.506,55.577
482.110,588.390,243.718,56.101
491.072,590.287,238.322,58.349
511.535,595.441,236.062,58.406
516.700,592.346,235.737,57.244
520.932,589.596,240.029,54.851
531.019,589.317,240.556,52.931
539.349,586.236,239.401,52.719
544.175,577.877,238.604,53.980
546.820,575.345,234.766,54.114
559.196,578.629,227.959,56.170
535.547,577.684,224.330,57.050
520.348,583.569,229.414,54.537
537.968,588.246,230.082,53.879
553.453,584.522,222.158,59.728
567.438,585.333,218.575,61.321
574.116,590.029,220.083,63.828
573.183,593.528,227.857,63.342
565.508,591.242,232.013,61.723
564.925,588.204,229.660,60.233
561.141,585.440,228.748,59.609
563.705,584.214,226.596,58.480
564.093,585.025,227.136,57.725
569.148,586.753,229.344,56.040
578.941,589.834,229.521,54.164
585.672,592.403,231.509,51.511
596.793,593.919,232.905,51.487
611.111,591.046,233.069,50.869
618.471,590.754,236.414,50.218
622.926,591.017,238.864,51.077
621.855,591.410,236.248,52.247
627.855,592.862,237.552,53.644
644.044,595.848,233.700,53.569
642.838,596.522,231.997,54.256
647.916,598.646,235.421,51.410
645.768,598.862,235.271,51.710
645.013,599.205,230.078,53.124
645.163,599.386,226.175,54.431
645.641,607.077,221.825,53.130
608.788,602.754,211.162,55.967
607.313,599.186,206.806,57.747
610.076,606.592,220.238,55.035
600.931,611.994,226.520,55.335
587.697,613.514,225.083,57.441
582.301,616.989,227.079,59.148
582.129,622.154,228.498,60.707
581.277,630.568,230.589,61.000
581.599,638.680,235.376,60.287
582.788,643.576,240.615,59.589
582.471,651.028,242.652,60.304
580.677,654.761,248.251,59.969
576.489,657.026,255.673,57.937
574.457,657.311,264.231,56.979
575.476,652.608,265.349,59.724
576.385,652.488,258.571,62.524
574.493,652.430,247.206,64.807
569.595,651.452,240.116,65.583
557.169,648.363,242.990,63.092
546.788,651.119,244.618,63.662
541.069,651.293,244.306,63.457
538.023,653.077,242.519,62.822
534.584,654.310,245.018,60.689
533.857,658.492,249.801,56.905
533.555,663.297,252.067,55.157
534.417,667.921,253.463,53.916
529.530,666.694,247.573,54.349
528.388,666.624,243.041,54.476
524.032,665.159,239.414,54.797
516.318,663.961,230.467,56.079
505.949,663.345,222.559,56.739
482.538,662.528,218.682,56.429
471.550,662.832,215.576,55.869
460.459,662.503,216.488,55.753
462.612,660.183,217.530,57.387
453.500,661.777,218.490,57.556
429.838,656.884,217.440,60.960
439.696,656.869,223.270,61.581
446.704,654.189,222.094,64.208
437.638,649.662,225.775,67.193
452.047,647.743,231.823,68.641
451.976,642.204,228.524,74.345
451.248,638.576,224.298,78.066
450.065,635.167,216.791,81.481
449.959,632.719,210.528,84.536
451.173,631.218,202.597,86.346
451.006,630.014,193.859,87.967
445.904,628.740,185.142,89.784
438.698,626.438,180.040,91.868
428.395,623.901,174.111,93.899
421.759,621.441,170.566,96.486
416.947,597.655,164.678,113.074
419.572,560.705,146.621,142.915
439.075,529.691,128.469,174.261
451.300,491.049,117.387,206.462
473.561,505.284,130.365,202.222
462.597,443.656,137.795,219.493
432.415,412.319,161.402,196.687
416.697,413.925,188.622,168.207
403.480,423.246,211.338,140.381
376.015,438.263,215.241,124.287
380.353,458.696,219.681,114.825
377.898,477.917,228.386,101.156
380.151,485.311,225.159,97.710
363.160,493.211,234.028,86.972
368.396,492.385,233.291,79.972
360.747,494.122,231.869,73.779
361.423,485.005,231.425,76.578
366.066,464.593,217.232,89.338
338.568,442.909,220.482,97.010
352.506,449.530,230.293,96.149
318.312,442.677,229.388,99.397
289.193,449.912,227.139,92.930
283.734,470.762,224.404,93.184
277.326,504.270,213.369,93.034
274.551,538.284,200.054,101.597
260.979,539.679,191.871,105.160
250.113,533.586,182.514,104.478
242.454,524.786,181.351,103.290
226.933,520.636,164.598,110.659
223.613,516.959,157.415,107.540
221.901,515.655,152.720,105.187
227.280,514.973,164.320,97.082
219.254,514.571,168.622,91.251
206.374,515.459,172.488,88.925
193.726,526.025,177.020,83.973
182.922,531.855,185.375,78.828
174.736,528.159,187.282,77.623
175.273,527.249,191.781,75.339
