516.000,224.000,265.000,493.000
508.338,230.284,270.252,488.248
505.826,233.073,272.010,486.472
507.723,234.446,271.700,486.900
507.207,237.981,271.749,486.100
507.598,236.856,270.999,484.202
504.485,242.061,270.125,481.782
503.522,242.516,269.100,480.073
503.687,245.408,267.292,477.280
506.253,245.362,262.538,475.416
505.249,247.342,259.647,474.387
499.232,248.344,260.307,472.989
498.163,246.296,261.283,475.058
494.663,247.924,262.649,472.886
492.580,246.109,263.469,474.314
487.601,245.708,264.171,474.186
487.332,241.141,262.819,476.593
483.859,239.281,262.780,476.146
481.979,236.257,262.844,478.541
479.981,237.807,263.221,478.479
478.256,234.573,263.195,481.766
477.740,230.597,263.295,485.459
475.186,230.755,263.300,484.251
475.782,224.363,262.695,487.680
477.352,221.511,263.007,492.486
473.644,218.226,267.056,495.189
472.544,215.773,268.166,493.651
474.050,212.372,268.051,493.898
472.446,212.314,271.364,493.586
470.006,210.112,269.679,501.345
473.444,203.411,266.051,503.736
473.649,201.652,264.445,505.712
472.376,198.457,264.234,508.252
471.134,196.573,263.008,511.852
471.077,194.683,262.560,516.951
469.929,192.494,262.649,523.326
466.958,191.908,260.836,524.968
463.887,191.327,261.864,525.162
459.585,190.860,263.978,525.248
457.879,191.609,262.887,522.367
453.526,191.168,264.741,522.351
449.509,190.861,265.555,520.857
444.455,189.264,266.231,518.274
442.450,191.182,265.993,518.283
440.967,191.342,265.302,517.298
437.710,195.148,264.431,518.750
433.777,197.720,264.565,519.949
430.729,200.986,264.193,518.754
425.028,204.678,265.078,512.376
422.978,210.732,265.032,505.925
423.798,214.917,263.643,500.812
421.285,222.621,264.589,494.706
415.393,229.091,267.514,489.955
414.220,234.108,267.017,485.822
414.038,239.945,266.647,480.922
411.331,247.158,267.841,475.455
408.923,253.546,266.758,466.441
406.726,260.346,268.009,459.531
406.556,267.152,268.128,453.765
404.814,274.254,267.244,449.252
407.046,279.078,267.428,440.401
406.149,284.885,266.258,437.879
406.457,288.667,269.603,432.118
404.072,293.869,270.197,428.085
406.959,297.879,270.216,417.406
408.125,303.411,268.046,413.507
409.309,309.671,266.450,409.122
411.802,312.521,266.197,405.801
411.944,312.722,265.817,403.063
412.242,314.089,264.867,403.834
412.695,316.861,265.045,402.593
414.182,318.446,265.575,397.250
414.270,320.374,263.073,399.467
412.271,321.000,263.893,394.712
413.612,322.606,264.419,395.911
414.968,321.210,264.876,393.839
415.734,321.955,265.238,396.438
413.198,320.167,266.559,394.733
415.194,319.910,267.474,398.100
418.817,318.033,268.666,397.060
414.035,318.429,266.738,400.013
412.383,315.906,267.558,398.847
415.642,314.645,267.316,402.433
417.414,314.051,267.575,404.145
415.541,309.845,267.996,403.114
413.582,307.511,269.203,406.501
411.308,305.266,271.887,410.011
412.036,303.036,273.597,413.769
415.528,301.285,272.642,417.130
414.032,297.405,272.979,418.496
410.564,289.506,278.315,426.527
415.035,275.552,277.152,440.892
420.449,257.953,271.989,460.968
424.339,263.875,267.876,458.921
424.696,274.757,269.853,450.061
428.503,277.694,270.333,442.795
432.177,278.475,270.828,438.700
435.828,276.164,269.317,443.491
439.762,270.832,269.122,445.228
442.636,269.154,268.321,449.284
443.734,266.306,269.805,453.728
446.914,264.136,270.192,457.375
452.814,260.357,269.533,459.687
455.994,261.506,270.466,458.808
459.309,257.380,271.918,461.128
460.679,250.383,272.387,465.792
464.623,249.268,271.487,469.742
468.335,240.443,270.732,475.534
471.706,236.462,270.072,479.557
475.934,231.296,269.114,484.066
480.749,231.962,268.536,485.763
480.529,216.912,269.332,497.306
484.916,211.050,267.781,504.053
485.829,208.966,267.925,506.934
485.651,214.276,268.201,503.309
486.535,215.051,267.794,503.363
488.048,210.491,268.003,508.263
488.888,211.439,269.421,508.045
487.945,211.571,271.338,507.811
488.663,203.303,273.654,515.872
484.594,194.205,275.126,524.942
486.442,191.799,275.839,527.365
486.507,187.502,273.866,530.747
489.249,197.462,271.504,520.328
496.991,191.686,267.508,522.263
503.393,194.569,262.426,519.422
502.807,195.483,262.185,516.803
507.175,192.128,260.231,522.078
498.051,192.749,266.431,520.487
476.773,191.888,284.229,517.500
469.349,188.980,290.856,522.187
470.732,186.668,291.311,520.695
468.186,187.455,291.314,524.497
468.540,186.116,288.717,525.988
476.552,183.408,283.446,529.385
483.705,183.956,277.347,535.378
486.400,180.367,275.542,534.851
488.645,177.744,270.695,539.820
489.362,174.847,268.935,543.422
488.459,172.280,267.686,546.617
486.154,171.635,267.434,546.347
484.911,169.887,268.552,548.327
483.094,167.969,267.974,549.865
480.292,166.351,268.057,550.742
476.687,163.093,269.981,552.741
474.623,160.771,270.392,554.706
475.522,159.236,270.553,554.064
474.169,159.309,271.963,556.733
472.309,156.627,273.701,557.044
470.984,156.799,271.387,558.197
470.038,157.567,272.503,557.783
470.799,156.727,275.301,558.943
471.944,155.866,281.187,559.047
471.641,156.718,280.972,559.697
473.590,156.236,284.391,556.905
472.422,157.521,279.679,555.859
473.452,162.028,276.007,557.791
477.130,163.047,270.207,560.030
479.854,166.525,266.788,560.420
481.497,167.692,265.850,553.277
485.943,172.267,266.502,549.343
490.442,172.395,267.476,545.682
491.996,174.773,268.468,541.169
497.254,175.315,267.900,538.510
501.077,175.059,268.988,531.863
504.183,179.827,266.694,536.279
506.306,177.624,264.641,535.400
508.174,181.982,264.245,533.670
509.965,182.476,263.122,531.562
512.635,186.796,263.272,531.435
514.362,184.164,264.134,526.479
516.556,187.512,264.836,527.143
519.093,184.739,265.553,523.866
520.914,186.402,266.028,527.130
521.746,187.007,267.002,527.248
524.085,186.304,266.612,526.374
525.280,189.239,267.077,531.423
525.665,186.881,268.581,526.865
527.448,188.148,269.014,528.665
528.326,188.424,270.755,530.062
527.486,188.641,271.590,530.259
531.455,188.080,268.740,525.142
533.405,192.049,268.535,523.792
535.538,194.324,267.926,522.840
536.008,195.378,267.962,519.150
540.368,199.425,267.144,515.396
543.073,201.291,265.402,514.036
545.344,203.366,265.418,514.090
547.860,205.302,263.690,513.299
549.527,207.112,263.545,507.940
551.852,211.807,265.243,507.668
556.258,212.720,263.275,503.323
554.388,216.774,266.313,500.969
555.354,221.229,266.029,497.014
559.036,224.198,265.404,491.930
562.694,226.642,265.842,487.595
565.669,230.466,263.302,481.515
566.858,235.660,260.653,479.267
566.360,238.559,261.747,476.601
565.346,242.680,263.043,474.425
565.572,244.542,262.458,471.707
562.763,247.721,264.471,468.977
562.972,252.489,267.827,465.477
559.858,255.558,270.735,464.472
562.454,256.538,268.854,460.161
549.443,258.577,278.914,460.271
543.761,260.794,283.136,459.152
533.556,262.098,294.059,454.687
540.664,263.650,292.004,453.613
548.916,264.917,285.798,452.355
552.661,268.107,280.519,449.976
552.491,267.483,279.546,449.936
551.647,269.701,278.223,450.817
552.904,269.058,280.306,449.166
552.833,270.207,278.231,448.054
554.428,271.246,277.426,445.489
556.087,272.341,276.315,448.609
558.325,272.506,276.103,446.767
557.268,273.156,274.809,445.602
556.918,274.385,275.144,446.166
557.557,275.079,274.930,445.462
561.664,275.590,273.958,443.887
558.381,277.306,273.794,442.703
561.570,277.613,272.891,441.185
560.594,279.424,272.309,439.914
562.561,280.182,272.607,438.843
563.056,283.017,272.662,436.562
562.076,284.586,273.262,435.544
562.962,287.048,273.586,432.424
564.411,289.083,273.947,430.759
566.287,291.243,272.521,429.599
564.884,291.469,270.943,428.674
565.264,292.448,270.276,426.899
568.700,294.431,271.575,424.823
566.920,297.455,271.538,423.207
563.735,298.207,269.500,420.083
563.564,300.312,268.905,419.598
561.613,302.338,269.101,416.459
560.606,302.471,269.268,415.662
559.914,303.591,270.159,416.909
558.986,302.019,270.803,415.436
557.758,301.749,271.098,417.686
553.378,299.702,267.422,416.797
551.790,300.014,265.685,418.090
549.515,298.937,264.587,419.290
545.737,297.623,265.180,420.642
541.698,295.928,264.174,422.585
538.704,293.268,267.169,423.533
534.597,291.114,266.021,424.685
529.834,291.577,261.428,430.507
525.333,285.836,262.989,433.339
524.431,284.504,265.571,436.420
518.141,283.673,263.730,436.546
513.849,279.873,266.569,440.151
511.980,279.507,267.273,443.291
506.540,274.179,266.933,447.047
504.960,271.090,269.454,448.481
501.113,268.495,266.803,452.695
498.748,265.248,266.012,457.136
494.656,263.038,269.800,459.188
488.941,259.736,270.334,460.195
482.371,257.083,264.725,463.652
484.775,255.004,263.825,463.184
479.863,250.672,263.303,469.622
475.191,248.727,267.166,472.890
461.676,245.891,275.378,472.688
465.366,243.737,279.582,474.208
450.732,242.728,301.875,471.139
420.260,240.902,325.921,478.857
406.494,231.324,374.398,482.433
391.612,220.620,448.249,471.233
354.187,219.134,510.217,466.860
332.408,233.650,559.508,477.319
315.453,234.626,589.047,485.751
317.829,234.287,602.881,491.786
320.088,235.593,592.915,489.967
338.842,237.915,575.957,490.882
349.667,218.926,548.757,503.235
359.058,204.698,532.029,510.872
359.675,202.305,503.483,516.967
369.918,189.702,485.466,527.246
376.226,187.276,482.143,532.161
390.724,186.226,479.503,537.703
399.926,180.528,470.151,543.394
404.812,177.401,459.705,543.073
407.287,171.301,448.575,547.319
407.346,159.836,449.060,559.092
404.077,154.859,450.207,564.437
413.962,160.233,460.939,562.961
417.425,171.632,469.536,552.406
409.038,171.985,475.175,550.108
413.011,171.464,494.520,549.068
395.699,172.819,486.287,549.344
397.277,166.287,464.362,555.915
382.336,156.330,413.546,567.597
393.899,160.600,374.459,569.646
402.827,163.222,349.418,564.802
405.356,164.608,334.921,557.332
413.008,163.504,321.934,557.432
419.630,160.149,306.721,560.960
421.056,162.742,295.508,557.940
421.737,164.117,288.636,555.000
426.244,165.747,285.455,553.120
426.551,169.707,285.716,550.550
418.330,163.281,288.808,552.795
409.600,154.153,296.420,559.228
411.573,141.150,299.624,579.983
397.077,128.458,309.824,588.336
399.769,129.046,309.689,588.273
397.454,135.633,313.043,582.643
392.087,147.328,319.480,575.021
386.101,142.879,323.039,573.719
381.344,128.302,326.913,584.677
377.757,117.543,331.498,593.566
371.924,105.887,331.363,602.529
351.621,108.281,340.176,600.275
355.180,103.453,339.199,602.851
366.240,107.908,330.898,604.148
366.283,121.981,325.697,592.616
366.039,118.794,323.081,590.435
362.183,101.640,326.224,594.959
356.746,97.615,330.222,605.733
363.294,96.451,327.942,608.540
366.153,95.588,323.772,615.350
368.798,106.621,321.598,607.757
369.306,109.870,327.108,595.155
368.668,109.320,331.051,583.042
368.289,97.881,332.334,579.881
373.555,95.576,332.639,578.842
379.939,101.306,326.457,587.527
385.330,90.021,319.805,606.144
391.032,107.784,315.464,608.719
395.140,115.166,316.370,596.075
404.259,103.867,312.881,605.135
413.252,91.330,308.725,614.327
424.620,98.966,301.278,618.820
433.046,91.559,295.255,624.579
436.269,91.905,289.930,629.536
441.240,102.086,292.941,622.269
449.149,102.025,294.370,615.331
452.915,87.402,294.233,625.215
460.517,79.612,296.067,629.626
465.851,86.978,297.056,630.198
469.417,79.741,295.504,630.242
472.072,88.146,297.895,621.394
477.010,105.787,299.552,614.500
481.906,94.242,303.577,606.222
481.787,84.834,298.434,618.241
487.004,78.229,305.720,617.062
492.878,84.996,309.341,618.259
494.206,85.297,303.561,629.718
502.205,85.534,307.217,630.479
503.945,101.798,311.236,609.356
509.437,105.108,313.208,605.129
514.626,99.846,311.105,607.981
519.393,89.306,309.411,618.153
524.961,68.336,311.035,611.721
532.145,69.877,320.335,579.422
534.441,79.833,312.538,596.831
542.076,68.293,308.545,608.511
551.218,65.601,300.777,626.731
553.498,61.983,294.852,627.926
559.460,67.675,288.730,625.206
567.815,81.761,279.366,641.263
574.883,82.078,273.504,621.445
578.037,92.828,268.688,602.198
586.357,109.560,261.297,593.391
589.939,126.819,259.264,563.102
589.920,136.097,256.908,542.350
596.417,143.209,249.040,527.946
599.240,141.921,244.548,534.186
600.529,132.642,241.543,536.827
602.063,118.898,237.912,568.968
605.084,108.824,230.497,601.218
602.620,93.523,230.484,624.613
601.972,76.942,228.838,642.751
600.134,85.642,231.270,644.572
601.180,84.391,231.776,643.520
600.819,88.668,235.851,639.622
596.588,109.235,237.880,628.381
588.189,99.897,234.654,632.680
588.486,100.564,226.480,635.319
587.757,113.363,226.338,625.692
583.960,131.218,229.682,612.772
581.645,147.600,234.694,589.223
575.454,160.606,240.757,570.823
570.089,157.924,245.136,567.747
566.114,164.253,246.777,560.916
562.534,163.182,251.492,562.614
560.277,158.536,257.578,559.982
558.465,174.233,263.749,548.932
555.749,182.829,272.716,542.637
556.738,194.136,282.638,523.137
551.134,209.405,290.342,505.834
549.603,218.515,300.194,489.711
546.382,231.784,308.846,480.092
542.793,237.404,314.928,472.157
542.982,239.634,319.517,463.441
538.393,237.436,331.714,456.575
533.998,238.122,343.436,459.496
527.974,234.875,351.553,464.303
516.373,234.116,345.579,469.995
508.950,234.036,335.452,474.155
496.896,229.923,317.891,479.324
489.554,230.387,310.251,476.619
480.712,229.168,302.562,475.480
471.834,227.772,299.477,478.371
461.909,227.199,293.776,479.655
445.865,223.830,281.897,480.750
437.905,223.648,275.158,481.973
421.736,221.012,258.355,485.553
405.534,217.248,243.320,481.674
382.734,217.884,240.976,482.005
361.621,219.253,242.356,478.984
339.115,219.780,249.326,471.392
320.524,222.383,256.470,465.842
302.898,225.864,266.004,468.348
287.441,226.370,274.600,472.086
273.640,226.875,279.995,465.816
262.096,227.304,286.491,464.325
252.381,226.569,291.732,459.584
249.360,227.410,290.470,459.097
249.520,223.598,287.008,453.464
250.347,228.087,282.572,458.296
250.966,229.256,277.105,463.534
255.289,226.390,273.099,460.768
256.998,227.652,268.707,464.665
246.211,228.800,269.401,462.407
236.845,229.122,269.747,465.865
233.450,222.878,266.574,461.441
230.856,223.455,262.723,461.509
222.608,225.311,259.158,460.937
222.549,225.563,252.025,464.543
215.601,225.680,245.912,466.060
212.947,227.371,239.774,468.496
205.750,227.978,234.462,465.194
202.658,226.355,230.064,465.288
198.415,225.055,227.193,459.754
191.976,228.594,225.447,452.439
184.354,227.511,222.591,448.314
177.299,229.768,222.252,439.346
171.660,234.230,222.216,432.942
165.610,236.715,222.239,432.584
156.105,235.760,222.015,435.579
148.374,232.115,223.887,434.478
139.510,232.481,226.064,436.084
129.885,229.984,229.883,432.486
121.523,228.674,232.537,433.592
113.223,226.125,237.724,430.512
101.205,223.892,243.671,427.313
