127.000,120.000,61.000,149.000
124.848,119.713,66.177,148.388
117.836,121.334,78.092,146.897
119.654,119.468,82.600,148.221
120.650,120.394,75.699,151.088
114.181,120.139,76.002,154.626
115.916,119.838,70.704,160.445
117.236,117.754,73.297,157.331
116.636,119.640,77.089,156.399
119.968,124.031,82.800,157.743
117.298,121.141,89.680,157.362
118.096,119.081,84.966,159.508
110.150,117.738,79.048,161.514
118.138,116.708,65.622,164.486
122.028,116.521,61.565,167.746
133.870,117.016,59.564,167.064
129.914,119.295,65.055,165.305
124.849,121.296,73.615,166.814
117.566,120.849,80.721,165.912
119.636,121.033,80.843,165.993
125.764,116.694,80.047,169.634
127.273,117.819,78.238,167.489
131.886,119.207,75.730,167.800
137.176,117.213,71.166,169.845
139.136,111.744,65.361,178.205
141.730,101.235,65.234,188.738
144.108,97.909,68.548,193.521
142.689,106.572,71.825,189.145
142.476,112.265,76.289,182.712
141.727,111.890,74.710,179.895
142.494,112.681,72.144,179.911
143.811,103.223,66.391,188.599
145.461,112.016,66.278,184.677
144.690,108.000,63.080,188.497
148.095,94.091,62.406,198.165
147.995,118.552,62.101,186.076
146.115,118.441,58.940,181.124
148.484,120.420,66.242,178.220
149.348,121.013,73.141,174.185
145.658,118.508,74.261,173.355
150.287,122.410,74.682,171.083
143.745,122.963,75.766,172.186
138.659,122.153,79.086,170.219
142.535,124.813,74.639,167.630
146.901,127.225,75.317,169.888
148.317,125.970,78.435,168.900
148.967,126.049,86.321,165.780
146.199,128.207,87.765,164.547
147.239,130.638,84.737,164.307
155.981,127.881,73.792,166.856
144.020,121.351,70.534,167.601
148.021,123.068,67.437,168.940
159.135,126.494,61.815,170.780
170.242,125.308,64.108,168.987
153.730,127.499,67.697,166.542
153.468,128.151,74.207,165.795
149.901,129.888,86.816,161.652
153.563,130.396,88.877,164.129
155.590,126.584,83.612,169.031
159.377,124.268,79.485,171.243
165.313,124.060,74.147,169.622
171.020,127.291,73.896,168.686
172.078,116.870,76.120,173.568
170.282,114.967,72.232,179.454
170.139,121.274,75.178,172.325
169.874,126.663,75.318,164.321
167.494,129.315,73.960,156.956
163.543,132.479,64.657,157.514
147.232,125.064,71.106,161.606
148.288,128.451,76.295,161.073
149.619,129.916,78.257,161.048
141.590,133.597,85.874,155.416
140.145,131.547,88.975,156.122
131.926,126.064,90.862,158.129
129.167,122.546,87.712,159.060
138.488,120.668,79.822,160.508
142.603,121.086,75.419,157.245
147.624,124.534,70.234,159.155
149.481,120.787,67.915,164.096
151.251,119.051,65.778,165.110
154.511,116.878,63.791,165.445
150.206,113.812,65.065,164.839
154.711,114.122,61.356,167.679
156.845,117.099,64.559,165.800
148.938,112.613,68.110,167.617
146.549,117.809,69.518,164.694
155.784,119.818,69.059,163.702
155.331,118.870,69.423,164.834
155.171,121.008,70.070,164.520
153.485,120.214,69.894,165.363
154.376,116.693,73.787,165.275
147.448,117.243,73.969,165.595
145.861,114.944,78.860,167.362
139.245,109.595,81.264,171.923
135.037,114.066,81.512,168.379
132.158,112.659,73.715,170.661
134.055,108.357,66.767,175.574
141.638,112.453,72.757,172.522
137.518,118.679,69.835,170.841
134.089,112.817,65.638,173.016
139.213,118.717,66.740,172.098
133.683,107.567,65.245,179.835
127.291,93.492,64.993,193.048
110.808,104.217,74.708,186.545
110.983,101.314,79.257,184.811
118.914,97.306,74.636,186.152
117.572,98.232,74.508,187.190
123.844,97.376,72.174,189.413
128.807,91.050,70.502,191.015
131.811,99.151,74.823,184.960
132.499,95.833,76.851,187.036
139.168,89.647,76.608,193.480
139.635,62.797,72.694,214.049
152.676,79.799,70.731,208.911
155.892,88.677,71.408,200.267
154.317,83.744,71.804,201.374
154.303,89.614,70.931,196.404
155.631,78.398,72.110,204.050
156.408,59.670,70.130,219.993
157.680,59.708,73.696,222.554
154.578,75.634,77.468,212.749
158.961,77.025,82.760,208.706
154.979,64.690,82.456,219.944
158.235,75.584,85.437,209.774
155.851,80.972,84.743,209.400
155.448,85.463,81.559,201.655
161.776,92.218,91.567,192.950
162.683,100.785,96.873,182.918
166.104,106.612,96.853,174.887
167.099,79.034,85.364,194.328
174.818,103.596,89.467,176.486
167.324,108.129,88.193,168.611
174.783,114.294,85.876,170.873
167.529,113.651,95.206,167.969
158.741,111.576,99.332,167.965
169.314,112.507,92.997,174.768
162.154,110.992,86.863,175.303
174.023,108.721,88.498,176.914
176.001,110.381,86.625,182.183
179.790,107.545,92.026,177.966
184.534,107.573,87.845,180.750
176.888,109.269,84.668,180.388
190.644,110.142,72.026,184.937
180.472,103.081,76.051,184.818
202.701,103.846,77.694,183.097
183.409,106.177,92.006,179.392
187.807,104.861,95.890,180.818
183.465,105.715,98.323,180.479
197.691,104.770,97.598,177.817
206.096,94.803,89.131,185.699
214.885,90.646,80.220,191.964
221.339,83.633,74.836,201.268
225.070,72.017,69.873,210.974
223.189,78.981,62.551,211.654
232.779,73.213,61.504,212.827
233.335,62.888,63.527,222.531
233.075,58.610,67.237,226.994
231.427,53.112,66.809,234.662
233.067,50.941,67.921,237.274
233.430,49.264,69.843,239.072
230.393,53.020,71.465,236.599
225.883,46.379,72.687,235.561
226.639,63.608,71.547,225.040
225.592,83.789,79.637,207.420
217.782,91.650,78.712,194.249
214.381,70.024,71.196,211.232
218.983,81.915,74.683,203.225
219.369,92.487,78.769,188.645
209.814,95.619,85.736,179.832
197.480,100.396,95.057,176.994
210.657,99.197,89.626,179.025
209.828,99.095,86.596,176.795
199.155,100.289,86.794,174.691
204.431,96.881,83.303,171.813
205.225,100.788,87.070,170.805
203.266,97.559,89.849,174.032
199.130,97.145,96.246,172.756
190.498,96.486,103.901,170.877
205.989,96.437,98.704,173.880
190.415,97.049,96.853,178.093
205.790,96.579,81.617,184.286
204.958,89.812,75.534,184.621
204.571,92.798,78.943,184.621
192.465,93.589,86.237,180.809
204.125,96.354,85.028,181.211
194.825,96.455,85.018,180.174
199.710,94.966,80.123,181.905
197.325,95.900,77.357,179.705
194.803,97.634,72.772,178.943
195.916,94.604,71.919,181.825
196.286,89.275,68.478,185.992
198.616,77.900,64.699,191.816
199.969,78.240,62.707,192.815
200.480,76.858,62.602,194.808
206.532,92.313,73.226,183.398
202.398,93.866,74.813,180.929
196.388,89.252,66.757,181.329
192.353,88.650,71.654,180.857
173.897,86.492,77.171,181.566
174.035,76.695,76.293,190.720
177.923,91.775,74.760,182.778
184.710,96.056,71.323,176.747
181.172,98.922,71.451,171.135
186.135,93.643,69.661,175.620
178.722,77.520,70.619,187.921
184.191,93.239,70.452,180.757
182.785,93.862,68.366,174.917
195.394,79.517,60.019,188.668
194.150,79.457,57.980,191.414
196.787,81.853,56.985,188.753
197.074,88.055,61.715,182.594
196.382,82.923,67.033,180.238
194.659,86.819,67.466,176.206
193.222,89.810,66.041,170.564
194.138,89.803,65.602,169.948
193.882,82.029,64.757,174.643
194.090,75.211,63.984,181.588
195.038,85.785,64.894,176.009
193.361,85.998,63.902,176.012
193.817,86.147,65.706,175.359
190.920,76.367,64.063,183.977
192.071,67.962,60.695,193.717
186.596,88.828,56.133,181.713
175.793,82.020,60.955,183.585
180.717,82.154,60.335,183.970
181.150,93.286,58.798,175.532
177.947,89.135,62.298,170.878
174.272,97.671,65.640,164.185
168.420,99.218,70.403,160.869
181.268,91.637,65.678,167.932
182.367,101.386,58.435,166.192
174.127,100.770,59.477,163.979
184.795,77.356,53.134,180.954
189.219,84.733,58.409,180.282
183.747,86.813,63.325,178.824
184.926,92.054,60.602,173.972
191.213,99.248,64.590,168.245
192.044,96.308,68.266,167.983
188.893,82.832,62.910,177.244
187.076,61.171,56.807,195.307
189.344,76.275,55.658,193.860
188.180,78.881,52.624,192.961
188.894,83.443,48.977,188.832
188.869,65.194,44.291,200.935
192.226,81.103,46.481,192.607
194.073,90.110,50.881,181.285
188.794,88.330,48.975,178.916
188.881,86.856,51.282,179.538
185.559,88.542,52.979,179.246
190.458,92.415,61.183,177.333
184.780,87.533,58.680,178.619
178.926,101.154,56.891,167.845
184.408,97.060,52.334,169.563
181.980,94.054,51.981,170.355
177.807,92.765,56.655,169.065
175.119,108.455,60.184,158.980
180.604,111.317,57.685,155.471
178.448,110.142,57.094,154.741
177.816,113.011,57.695,153.050
173.479,108.207,58.983,156.534
169.631,107.018,63.070,155.296
178.230,111.072,59.392,157.836
176.731,112.160,58.181,157.601
175.767,112.989,58.288,156.820
167.732,108.070,62.737,159.783
171.359,107.644,61.035,163.836
185.900,111.049,59.396,161.381
173.306,107.361,58.489,162.015
180.407,110.578,55.912,161.741
184.944,109.761,55.750,159.135
183.270,108.279,54.723,160.890
183.036,105.102,57.329,163.601
176.589,109.001,61.033,160.556
173.676,114.099,65.649,156.726
168.372,111.379,68.135,157.811
171.442,109.142,70.245,161.272
171.951,111.270,68.735,160.936
183.065,114.600,77.014,159.377
178.966,112.673,73.978,162.801
178.743,112.192,66.015,164.578
171.298,105.935,70.709,168.480
178.895,97.047,67.130,177.175
172.319,92.195,62.903,182.928
177.452,84.889,56.639,190.786
172.103,101.381,64.750,179.437
174.812,108.090,65.157,174.456
181.767,90.821,57.055,185.167
180.542,91.142,51.163,187.303
186.852,103.110,54.027,178.445
186.159,98.083,54.944,181.467
168.748,106.600,64.019,174.675
182.760,103.126,61.271,176.382
187.961,107.899,60.210,173.559
189.335,99.889,60.654,177.697
191.440,105.709,62.773,175.177
191.921,99.726,64.238,181.480
192.009,97.124,65.784,184.429
191.908,96.710,65.859,186.688
192.383,96.418,65.709,187.999
193.535,94.560,69.420,187.239
192.609,75.604,70.395,204.167
195.264,75.302,69.018,207.360
196.958,79.859,71.443,207.125
195.016,86.164,69.154,201.294
196.158,87.392,70.911,199.490
192.390,81.001,70.163,201.761
193.925,69.719,63.050,214.625
194.848,82.723,62.455,208.054
169.542,79.523,73.425,206.181
176.764,68.078,72.865,213.794
171.015,63.027,79.098,220.653
178.479,77.974,77.402,213.188
171.190,78.436,81.308,208.335
184.361,47.880,75.299,230.380
195.054,49.778,70.415,234.771
200.371,73.365,71.816,220.813
198.695,73.239,70.716,216.125
203.839,68.051,68.234,221.064
203.786,55.159,67.099,230.596
205.541,77.263,69.226,217.836
204.696,81.312,68.940,209.254
205.554,83.371,66.713,205.133
204.689,70.032,62.684,214.544
207.614,75.367,59.731,212.944
184.141,78.123,67.487,207.576
188.926,35.280,66.242,228.673
170.883,52.750,77.119,228.990
180.532,71.555,78.348,219.845
165.386,74.647,89.401,209.306
175.837,52.101,91.289,223.443
193.747,69.340,81.995,223.566
196.320,63.528,73.576,226.114
200.210,61.756,68.493,226.949
204.904,63.016,67.805,225.617
202.141,92.726,70.979,203.547
202.996,98.941,73.148,191.391
199.741,101.272,71.783,183.469
196.476,103.916,68.158,182.256
201.563,96.078,63.663,186.851
205.783,102.771,61.226,183.408
207.989,104.478,59.285,181.329
208.020,105.900,57.840,179.456
209.181,108.297,58.320,176.802
210.741,107.412,60.930,175.605
207.081,103.072,61.362,180.326
205.615,103.590,60.910,181.141
192.042,99.879,68.238,181.285
196.935,94.760,67.608,187.493
200.891,68.367,62.262,208.722
179.503,75.405,72.638,207.925
196.284,78.989,67.741,210.620
191.977,76.796,68.311,212.181
190.577,83.646,70.627,207.749
190.476,66.197,76.708,216.459
205.346,74.249,68.965,216.913
210.055,80.285,67.399,212.205
210.721,78.436,68.497,211.869
209.064,78.548,65.568,212.945
208.554,73.042,66.168,215.474
212.300,85.363,73.336,205.713
