81.000,87.000,240.000,93.000
79.099,83.493,239.332,92.446
80.523,82.150,238.426,92.947
79.265,81.176,239.038,92.543
82.465,80.975,236.968,92.641
82.785,80.841,237.709,92.263
82.689,82.288,237.202,91.794
83.845,81.488,237.190,91.550
85.843,79.650,236.148,92.915
88.186,77.394,235.161,94.623
88.781,74.399,234.083,96.126
91.398,72.393,234.525,97.701
89.845,74.124,234.877,97.119
91.901,70.720,232.850,98.849
97.013,66.594,230.377,99.842
100.751,64.031,227.899,99.597
104.971,62.484,227.643,99.630
107.786,61.796,227.398,101.453
109.155,62.492,228.790,103.052
108.065,62.530,228.179,102.288
108.837,61.835,227.660,101.576
107.573,62.556,227.229,101.762
105.411,62.996,226.545,101.599
103.211,64.445,226.043,100.808
100.330,66.423,224.945,98.952
99.167,67.331,225.539,98.422
97.048,67.957,225.753,97.286
94.497,70.283,227.258,95.425
92.790,70.133,228.103,95.216
91.982,68.562,227.879,96.410
94.092,71.078,226.404,94.670
92.039,71.091,227.097,95.179
90.962,69.811,227.747,95.808
92.800,70.989,227.992,95.418
91.310,71.088,228.589,95.846
92.779,68.774,225.948,96.558
93.353,69.000,226.198,96.240
93.289,68.801,227.003,96.570
94.426,67.887,227.103,96.355
94.715,68.474,226.090,96.109
95.296,70.322,226.318,95.678
95.259,70.780,228.246,95.679
95.649,70.627,229.934,95.934
95.418,70.362,230.976,96.129
96.029,69.924,229.727,96.509
96.381,68.132,230.019,97.105
98.112,67.331,229.365,97.141
97.192,68.672,229.096,97.304
97.589,66.269,229.442,98.606
97.603,67.119,227.875,97.770
96.559,68.982,228.123,96.697
95.120,70.464,228.223,96.024
94.978,71.227,229.244,96.194
92.705,71.870,228.644,96.029
90.671,74.293,229.021,95.543
89.868,71.573,226.918,97.456
88.381,75.128,229.835,96.012
85.365,75.140,229.141,95.900
85.222,78.353,230.687,93.817
82.521,81.575,230.365,91.344
81.633,83.144,231.273,91.080
80.414,83.378,234.019,91.872
81.976,84.128,234.428,91.641
80.271,84.682,235.824,91.308
80.074,84.267,235.256,91.487
79.951,83.683,235.332,91.754
79.746,83.604,235.097,91.806
79.340,84.743,235.865,91.259
78.614,85.469,236.444,90.997
77.644,85.593,236.657,90.872
78.957,87.726,235.179,89.583
77.577,89.044,235.139,88.886
75.332,90.412,236.457,88.050
74.403,91.648,237.952,87.877
74.513,91.815,238.382,88.531
71.967,92.789,240.456,88.715
71.946,93.250,240.664,88.742
70.970,93.673,240.766,88.356
70.801,95.768,242.190,87.868
68.339,96.178,244.899,90.354
65.727,95.548,247.576,93.185
76.959,92.241,238.952,100.215
72.685,89.429,240.104,104.093
68.596,72.719,229.891,115.752
107.769,63.278,200.660,135.945
128.789,62.468,182.626,156.203
135.763,60.678,169.534,175.514
137.792,45.923,158.413,190.340
139.311,35.213,153.336,196.023
143.489,37.686,154.252,197.650
144.955,38.937,151.408,202.552
146.561,40.200,151.169,200.830
144.382,42.595,152.793,190.152
146.351,47.259,154.503,181.813
141.647,35.614,148.504,191.627
143.181,32.432,142.538,199.006
143.278,33.204,137.826,206.200
145.617,35.859,136.884,211.913
144.722,40.381,134.270,217.511
145.204,41.305,135.846,216.307
140.766,39.180,131.013,221.455
140.533,37.908,123.232,223.845
143.256,39.359,119.774,227.090
141.467,43.711,124.032,218.874
138.337,47.643,119.501,220.691
139.530,41.373,121.377,216.917
139.836,40.456,119.248,217.739
141.274,38.385,119.901,217.335
140.447,33.659,121.647,216.430
141.299,29.929,119.662,224.423
140.848,25.856,121.918,229.240
141.244,24.006,125.937,235.011
144.183,30.245,138.900,230.450
141.144,32.544,134.853,238.737
142.892,32.010,133.915,253.049
145.481,23.403,141.402,257.401
139.780,26.554,140.964,271.533
141.737,23.747,147.732,279.685
140.014,21.848,148.773,289.195
140.334,29.654,148.453,311.110
141.487,27.341,155.959,310.558
140.010,22.092,164.395,317.061
140.969,24.836,169.579,326.353
141.296,27.866,173.451,330.605
142.583,34.098,179.292,328.109
140.770,41.009,180.228,323.404
144.143,46.194,180.881,319.119
141.160,37.167,177.797,324.082
144.020,45.945,181.603,317.943
143.320,38.306,181.249,323.545
147.306,39.892,186.450,321.261
139.899,44.893,184.562,318.950
144.491,40.829,184.844,319.976
144.678,41.376,187.791,319.577
146.150,39.125,186.435,322.608
146.634,36.684,185.471,324.220
146.063,40.266,187.174,321.030
147.560,39.152,185.300,322.241
142.450,35.912,183.262,324.372
145.559,36.312,183.965,327.935
146.851,34.250,187.287,329.049
146.897,34.634,189.005,328.013
147.197,35.730,190.434,325.833
140.455,36.323,189.901,327.823
145.274,36.318,187.009,329.009
144.090,35.168,186.109,329.077
146.045,34.887,185.811,330.048
143.755,35.350,185.320,329.267
146.138,34.253,183.761,329.094
142.695,36.235,185.612,328.033
144.710,35.189,189.365,330.935
143.176,30.520,195.171,330.101
139.871,32.982,197.504,330.455
145.051,29.525,199.860,333.451
142.404,31.724,200.823,330.793
135.129,31.880,194.451,330.969
139.027,34.150,197.182,330.079
137.472,30.654,199.465,332.848
137.307,31.776,204.783,332.500
143.052,28.283,215.717,331.793
128.693,40.905,219.738,322.668
138.972,34.699,218.477,328.408
137.882,36.672,227.326,326.574
134.235,41.265,232.267,323.984
135.941,37.914,240.163,326.658
143.130,35.968,259.038,322.893
153.179,42.020,284.039,314.401
142.137,39.898,302.679,310.033
142.389,41.111,317.566,309.134
135.736,46.604,318.992,309.422
137.514,46.488,315.414,311.693
139.609,47.235,316.554,313.824
139.434,49.400,317.212,311.549
141.010,47.247,316.355,313.143
140.290,46.475,316.751,311.233
139.763,47.778,316.946,312.724
140.173,47.781,316.656,311.324
139.721,46.648,315.780,310.370
138.530,47.889,312.795,312.352
136.824,45.725,310.505,311.166
138.832,44.044,307.643,315.420
141.180,45.049,307.733,316.606
138.887,44.092,310.287,313.606
141.480,46.213,310.867,314.455
138.319,42.147,308.132,314.216
143.102,44.369,308.822,313.288
136.918,41.274,306.772,316.745
141.290,43.066,307.538,314.903
136.901,44.282,304.385,314.719
141.409,44.924,303.000,314.914
139.746,47.918,304.644,311.728
139.338,50.402,304.737,310.745
141.295,51.531,305.633,308.433
137.830,52.830,304.977,305.028
141.705,56.171,306.066,302.997
137.440,56.350,300.145,300.577
140.167,59.460,299.925,299.694
138.715,52.525,296.543,303.976
141.564,50.611,293.192,306.866
140.539,47.840,291.712,310.614
141.838,48.472,291.249,310.702
141.747,49.906,290.481,310.062
141.358,44.196,287.090,313.829
144.573,47.317,289.882,310.933
140.178,50.334,292.239,308.353
140.328,42.948,288.778,314.757
144.687,46.449,291.172,310.674
137.121,48.338,289.613,309.852
144.127,40.698,288.928,317.005
140.711,47.935,287.572,310.205
139.869,43.862,285.946,313.869
144.078,36.518,280.949,318.520
143.874,38.951,277.131,315.813
143.142,40.926,274.110,319.151
145.883,33.720,271.191,323.213
147.326,40.499,272.519,320.699
142.677,39.896,270.641,319.050
143.519,33.540,268.833,322.831
144.737,41.282,271.696,319.295
147.636,41.897,274.260,317.232
142.071,47.218,274.015,311.757
145.267,47.766,278.384,310.932
143.222,43.326,279.276,314.116
147.043,39.874,277.238,316.733
147.493,40.924,277.310,314.916
146.692,47.193,281.993,308.314
142.228,54.770,286.409,301.345
144.249,59.082,288.847,297.358
141.698,60.806,293.931,295.246
136.272,52.875,284.983,297.813
141.076,53.624,283.235,296.524
139.814,54.347,279.172,294.112
138.453,51.689,273.694,289.616
135.223,45.637,263.105,289.548
133.383,42.072,254.891,282.001
139.704,44.119,256.767,272.683
135.925,51.658,245.726,268.736
132.260,55.017,236.789,265.057
134.340,53.165,229.294,261.117
135.449,50.009,224.990,247.297
133.498,50.316,218.499,238.951
125.276,46.278,215.954,222.758
113.286,48.020,216.711,202.826
101.767,53.302,218.189,187.590
94.737,55.068,222.985,173.540
87.247,64.338,224.577,170.834
96.755,72.757,216.913,170.553
87.570,72.815,216.012,167.365
88.652,70.457,215.446,167.114
89.664,67.519,217.188,167.539
89.576,67.549,219.960,165.706
83.808,70.297,225.454,159.711
90.961,68.693,225.557,157.734
86.446,67.192,227.308,154.226
88.862,69.338,228.106,147.094
86.502,65.041,227.577,146.101
83.899,69.154,227.373,141.634
87.583,70.086,228.094,139.380
85.825,70.731,228.918,137.281
82.958,75.718,230.868,132.981
93.411,77.281,231.283,130.200
93.271,65.259,225.464,135.042
96.580,65.766,223.737,134.454
95.068,66.956,221.095,133.926
97.757,63.960,218.480,134.713
100.440,66.094,214.340,136.360
104.073,65.119,212.189,136.519
105.366,65.016,207.477,138.687
111.709,60.926,203.854,140.729
117.361,58.791,199.168,141.535
119.419,58.515,197.786,141.561
100.590,74.453,206.031,136.821
99.111,94.028,214.669,129.100
113.395,71.823,210.314,140.805
116.320,83.418,212.625,145.456
118.578,74.386,209.738,149.713
119.372,69.083,208.454,154.215
122.374,63.478,208.532,154.681
124.637,83.124,208.041,147.867
124.428,83.780,211.692,141.427
125.015,78.462,207.628,142.978
125.032,67.406,199.731,148.588
128.742,55.429,196.996,152.321
129.350,55.681,194.906,152.816
134.399,53.947,193.014,153.010
134.547,54.655,195.511,152.908
132.392,54.848,197.308,152.561
134.789,56.023,197.606,155.691
136.378,54.397,199.709,154.188
136.796,54.750,202.610,152.775
134.471,54.310,202.964,152.557
135.992,54.034,207.841,150.223
133.914,53.423,203.178,147.571
132.597,53.831,196.031,148.091
133.821,55.218,192.181,149.178
134.909,54.650,189.847,146.508
132.529,56.524,183.914,147.218
134.561,52.094,181.185,144.935
135.730,55.064,181.832,144.928
134.060,53.317,177.693,142.609
136.559,53.360,175.473,139.721
136.206,54.346,173.965,139.405
134.693,52.376,169.156,136.718
137.068,53.118,168.424,135.747
136.546,53.715,166.701,135.567
137.556,53.101,166.157,134.262
137.395,53.079,166.927,134.021
137.228,52.934,165.737,133.242
136.776,52.333,164.172,130.576
138.599,53.988,164.247,132.532
137.327,53.735,162.332,132.394
138.199,52.934,161.621,131.304
138.611,54.012,161.391,133.498
138.442,52.694,162.089,133.039
138.730,54.020,163.413,134.340
137.554,52.407,163.180,132.345
137.844,53.342,163.836,132.465
136.503,53.194,164.010,130.778
136.201,52.912,163.368,129.769
136.821,53.590,161.912,128.729
135.950,53.103,160.822,127.638
136.279,53.555,159.642,126.585
135.610,53.158,158.892,124.492
136.101,53.035,157.884,123.389
135.789,53.238,157.116,121.332
135.623,52.874,156.186,118.839
136.474,53.376,155.788,118.593
136.836,53.728,155.505,119.449
136.474,53.520,154.853,118.123
136.901,52.514,153.877,116.306
137.224,52.673,151.870,114.044
138.127,52.423,149.092,112.015
137.266,53.167,147.763,110.617
137.867,53.792,147.038,109.079
140.069,54.664,147.111,109.885
137.845,53.442,149.642,109.167
134.699,49.665,154.868,108.383
135.451,52.822,155.035,108.559
131.411,50.435,156.948,106.326
131.667,52.777,155.216,106.413
130.955,51.526,151.826,104.587
131.204,52.262,144.548,102.990
132.730,51.028,138.873,100.978
134.142,53.344,131.571,102.160
135.408,53.632,127.589,102.929
135.342,52.278,124.633,101.765
136.322,52.538,123.672,100.194
136.825,53.051,123.607,99.637
136.561,54.321,124.097,101.079
135.699,53.495,123.224,100.562
136.307,52.570,122.387,99.017
136.613,53.593,122.974,98.934
138.348,54.548,126.968,98.888
138.368,53.806,132.026,98.124
136.909,52.509,132.603,94.723
134.590,50.957,132.157,90.331
132.759,51.873,131.010,85.713
134.856,54.030,133.557,85.332
139.466,57.812,141.067,92.171
140.693,56.929,145.164,97.843
138.245,57.377,148.366,103.020
139.756,59.062,151.721,110.293
140.987,57.310,152.021,121.198
139.500,56.499,152.984,130.264
136.902,55.912,151.523,134.131
139.583,53.732,155.221,134.771
137.792,53.915,153.351,139.705
138.965,56.699,150.872,144.777
138.059,54.565,150.440,148.095
137.220,54.435,148.888,149.587
136.972,54.686,149.232,149.291
138.156,54.343,150.884,146.920
137.278,55.382,150.891,146.574
137.527,55.133,149.322,148.518
138.598,54.821,150.567,148.602
138.989,57.538,148.936,154.670
140.075,55.641,150.250,158.418
138.551,54.196,149.988,158.757
140.699,52.855,151.731,155.502
136.893,51.814,150.097,151.289
138.552,54.270,149.017,148.487
138.474,52.438,147.625,146.330
138.212,54.748,148.119,147.912
138.297,54.214,147.148,148.987
137.730,53.581,146.306,149.518
137.975,53.468,147.104,149.172
137.276,53.881,147.854,147.918
137.412,54.546,147.043,149.085
137.233,54.243,145.926,150.511
136.624,54.411,144.153,151.274
137.017,53.222,143.589,151.678
137.986,51.749,144.842,147.402
138.712,52.839,144.305,144.330
138.259,52.138,143.638,143.256
138.125,54.134,142.612,144.583
138.440,53.894,141.805,144.230
138.204,52.374,142.075,144.359
137.752,51.922,141.476,143.237
137.670,52.722,140.088,142.739
138.729,52.016,141.530,140.737
138.624,54.206,140.419,142.375
139.633,53.379,142.145,141.971
138.385,53.129,143.394,141.710
138.184,53.794,143.175,142.025
138.220,52.689,144.521,140.652
137.879,53.454,143.447,140.844
137.711,52.914,144.286,141.045
138.090,53.762,145.413,141.396
138.141,53.156,147.400,139.968
137.945,54.390,147.707,141.806
137.806,54.958,148.006,142.751
138.718,54.384,148.150,142.889
137.138,55.156,145.693,143.817
137.590,54.093,144.540,143.366
138.324,53.992,143.641,142.300
137.246,53.572,143.167,142.159
137.873,53.381,142.813,141.786
137.506,54.210,141.998,143.063
138.164,53.710,141.497,142.038
137.732,53.419,141.182,142.744
137.754,53.831,140.192,142.598
138.810,54.014,140.531,142.996
138.764,53.563,141.064,143.444
138.545,53.923,141.376,144.029
139.449,53.194,143.228,142.042
138.379,54.066,144.876,142.555
137.989,53.952,146.484,142.348
137.456,53.637,146.551,142.827
137.543,53.493,147.939,141.874
138.000,53.934,148.110,141.234
137.211,53.955,146.870,141.867
137.882,53.738,146.639,140.617
138.336,54.135,145.703,140.596
137.562,54.732,144.362,141.598
137.791,53.963,142.262,141.539
138.317,54.141,140.640,142.260
138.327,53.699,140.651,142.298
138.194,54.016,139.923,142.636
138.147,54.317,139.588,143.541
138.808,53.070,140.317,142.337
138.839,53.211,139.530,142.833
137.831,52.903,140.300,142.860
138.364,53.911,140.219,141.911
138.628,54.283,140.534,142.266
139.494,54.485,140.197,142.703
139.067,53.926,141.441,142.284
139.060,53.582,141.870,143.504
138.459,53.712,141.874,142.376
139.562,53.669,141.390,142.378
137.350,54.638,140.625,142.899
138.557,54.696,141.514,143.282
138.180,53.864,140.679,143.111
139.020,54.765,140.759,143.751
139.309,53.668,140.620,143.742
138.389,52.903,141.599,143.091
138.014,53.474,143.078,142.526
137.758,53.333,144.592,141.694
138.505,54.158,146.010,141.324
137.946,54.191,147.076,142.204
138.132,54.166,147.831,141.244
137.385,54.618,148.399,142.039
137.795,54.238,148.181,143.030
138.501,55.705,147.813,146.962
139.337,56.371,146.328,152.073
138.973,55.859,145.875,156.263
141.608,55.402,146.649,159.221
140.224,55.602,145.042,162.778
139.205,54.846,142.787,162.764
139.857,54.497,142.511,163.372
138.880,54.369,142.016,164.329
138.851,52.843,144.445,163.514
140.540,53.752,146.212,162.255
139.643,53.003,146.021,160.323
140.431,54.732,145.905,161.994
140.436,54.437,148.575,162.206
141.810,53.244,153.710,161.399
141.614,54.692,155.951,165.401
142.896,45.689,162.791,162.808
140.609,47.580,165.433,165.294
139.394,41.558,169.440,160.983
138.107,46.410,168.395,165.323
138.801,45.321,169.935,164.631
138.390,50.190,168.892,167.063
139.510,49.991,167.778,167.531
138.627,50.180,165.640,168.678
139.927,50.307,164.024,175.648
140.739,49.959,166.748,173.616
142.529,44.099,170.866,170.129
139.571,49.800,172.473,167.445
138.569,53.267,169.598,165.539
138.062,58.654,162.666,173.152
138.494,55.123,157.766,182.206
142.291,51.927,159.353,186.669
141.878,52.908,160.641,188.160
140.702,53.405,162.731,187.615
140.116,52.452,162.487,186.929
140.584,53.024,163.543,186.178
139.658,53.612,162.020,185.509
139.100,55.186,160.901,185.582
138.657,54.218,161.551,185.132
139.712,52.955,162.178,184.383
141.832,54.891,165.453,184.385
142.705,53.765,167.918,184.451
139.535,54.023,166.198,185.094
137.816,52.113,165.096,184.578
139.065,54.282,166.424,184.063
140.369,53.282,166.008,183.492
137.325,53.550,160.889,185.437
141.020,49.656,165.170,185.707
137.057,50.265,161.648,189.388
135.858,47.112,157.859,190.544
135.313,49.232,157.454,189.392
136.597,44.747,155.590,191.104
137.559,40.534,157.537,192.219
142.915,36.200,164.223,191.558
139.766,40.681,165.564,195.864
140.212,36.676,169.387,193.728
138.652,42.040,168.693,191.738
140.770,37.143,172.834,188.312
137.882,43.588,171.720,189.018
140.663,36.003,175.052,186.433
137.946,40.875,177.946,188.345
138.478,48.190,177.979,179.384
141.391,48.267,188.266,166.964
130.656,55.337,180.253,166.429
133.805,55.484,171.809,163.793
132.998,54.903,161.333,163.842
134.697,53.353,157.264,161.427
137.282,53.522,157.610,160.038
137.876,53.538,159.445,155.680
137.192,53.937,158.328,157.188
137.323,55.662,159.156,160.995
137.872,55.568,161.073,167.557
138.553,54.177,165.266,172.297
139.912,54.904,171.634,175.433
138.775,54.130,173.029,180.952
137.492,52.349,172.072,182.623
137.371,52.918,172.817,178.854
137.719,53.433,172.115,179.148
138.225,53.366,172.050,178.522
137.845,51.624,175.188,173.524
138.721,53.014,176.334,170.088
138.700,53.325,175.236,171.355
137.506,54.191,174.373,173.794
136.377,55.051,173.042,175.953
137.329,54.503,171.526,178.961
138.016,53.413,170.345,179.830
138.812,53.126,171.688,177.137
137.663,53.219,172.099,176.205
137.564,53.626,171.738,175.589
138.867,54.253,172.423,175.434
137.229,52.949,172.172,174.920
138.633,53.877,173.313,174.266
136.912,51.761,172.797,173.711
137.760,53.408,171.864,172.310
137.398,51.853,171.447,170.849
139.311,53.166,171.961,169.775
137.436,52.222,168.844,169.347
138.995,53.331,169.904,168.387
139.162,52.376,170.048,167.325
139.679,53.472,168.264,167.272
138.858,52.631,165.868,167.249
138.844,54.040,164.685,166.721
138.552,53.724,163.213,166.959
139.672,53.602,163.906,166.322
138.445,53.011,163.687,166.825
138.784,53.463,163.427,166.408
138.804,53.111,162.660,164.887
139.121,53.385,163.001,164.325
138.044,52.730,162.411,164.403
139.228,53.691,162.748,163.664
138.223,52.608,161.886,163.934
139.108,53.414,161.749,163.192
139.728,52.761,162.500,162.935
138.770,53.675,161.664,163.128
139.153,53.357,161.776,163.660
139.760,53.821,161.978,164.653
139.417,52.759,163.202,164.652
138.368,52.654,162.426,164.664
138.613,53.268,162.369,163.477
139.393,52.591,162.913,162.873
139.696,53.669,161.624,163.469
138.664,53.485,161.356,163.067
139.579,53.382,162.236,162.870
138.648,52.757,162.511,162.400
139.862,53.851,164.414,161.772
139.017,52.391,163.969,161.088
138.950,53.009,164.027,160.742
