542.000,527.000,145.000,152.000
522.627,526.620,147.295,147.848
519.017,534.002,150.211,135.167
532.010,539.505,155.510,123.138
554.050,537.797,156.426,115.828
582.294,529.924,155.767,112.100
605.816,520.734,154.548,108.872
626.454,517.043,148.530,109.537
652.270,505.605,144.359,111.430
683.854,491.460,139.907,116.697
712.131,477.388,135.531,117.882
731.107,473.785,133.054,120.280
737.594,465.510,133.316,120.788
736.495,460.445,142.536,112.290
726.740,453.871,148.121,104.497
717.272,454.222,154.893,97.932
704.490,454.836,162.526,91.615
689.284,452.091,169.725,90.688
667.908,462.006,175.182,88.181
648.697,473.553,180.268,87.476
620.578,471.245,187.123,87.143
602.527,482.437,192.830,85.254
584.861,482.416,199.329,83.343
582.309,493.017,201.727,81.914
574.303,499.012,206.509,80.135
566.060,510.856,212.823,76.735
556.891,520.630,218.601,74.044
545.830,524.724,220.602,78.133
531.526,521.090,226.133,83.292
519.079,519.845,226.228,93.760
511.035,519.502,217.807,109.602
512.107,514.028,205.093,126.812
521.381,507.843,193.430,136.447
530.860,501.892,181.791,140.723
536.749,503.177,173.309,140.425
549.354,501.990,166.316,139.728
560.931,510.327,167.266,132.488
569.038,515.627,168.622,126.183
578.612,518.325,167.690,119.965
577.138,527.755,167.440,113.677
573.550,537.600,170.376,106.723
565.563,545.449,176.127,99.148
564.063,544.957,181.124,96.827
564.587,557.174,185.960,95.206
573.282,555.203,187.815,96.734
582.376,566.530,182.052,102.257
591.988,571.593,179.451,111.129
608.620,570.556,170.590,122.430
620.287,571.694,163.766,130.998
631.247,565.319,157.163,136.736
643.007,564.810,154.222,137.296
655.613,554.271,154.764,135.597
664.721,544.316,162.087,129.038
664.348,539.868,164.421,128.693
654.832,534.954,168.010,123.448
649.724,552.567,178.524,112.572
633.972,532.811,178.832,114.437
625.885,527.565,183.576,107.276
617.938,518.379,179.819,105.256
612.410,519.994,176.898,101.521
611.307,515.681,174.776,98.487
610.862,512.609,173.352,96.854
612.307,517.020,173.167,94.928
615.817,521.539,173.260,91.273
619.054,523.204,172.012,89.688
620.345,524.972,170.467,91.592
622.994,523.856,170.689,93.964
624.357,524.676,171.426,91.848
627.411,523.519,170.552,90.491
625.837,524.436,172.441,89.859
623.432,521.506,173.945,90.322
623.371,523.012,174.655,91.407
625.559,525.734,174.388,91.338
625.556,529.778,173.948,92.334
624.055,531.756,176.003,92.654
624.728,527.177,176.300,92.929
624.631,532.498,178.607,91.685
627.469,531.472,179.259,91.851
634.756,532.915,179.852,92.011
640.477,530.568,178.148,93.858
642.211,528.308,177.631,97.071
643.900,519.863,176.778,101.498
646.759,511.444,176.071,106.050
650.121,509.512,175.794,109.736
645.680,513.367,182.250,109.146
647.719,518.339,187.268,108.596
645.014,523.935,194.089,109.526
644.995,521.479,200.104,109.374
645.238,528.352,205.075,112.118
643.887,529.785,211.961,114.299
642.176,518.176,214.669,113.534
642.259,514.183,216.290,112.373
646.094,513.262,216.359,113.184
646.301,519.295,215.680,120.014
643.365,520.122,219.092,114.162
646.722,519.814,218.378,115.306
649.039,522.855,218.908,116.151
653.385,523.882,214.319,119.736
651.914,526.363,211.900,119.615
654.230,528.978,213.471,118.680
653.923,536.321,217.571,113.931
654.960,540.759,221.413,108.978
657.821,540.619,220.874,109.514
657.347,535.424,218.477,110.364
647.652,509.950,228.428,104.420
654.694,472.584,235.404,122.405
605.198,441.016,210.435,157.093
602.069,406.639,203.137,183.718
608.170,364.583,199.066,199.616
619.838,344.982,200.778,204.322
622.263,338.285,209.057,196.118
607.982,357.466,213.994,173.733
639.477,371.585,215.400,156.242
651.728,390.825,193.334,161.037
697.901,442.954,175.438,170.812
710.585,494.602,183.139,147.038
699.027,522.426,194.163,120.579
685.648,520.940,201.911,103.149
681.030,518.833,206.631,92.867
670.878,519.589,208.735,89.467
659.269,526.351,216.008,81.522
642.899,528.707,222.157,75.956
632.170,528.756,225.349,76.178
628.609,529.111,227.054,75.166
624.452,520.853,221.042,76.068
630.486,517.101,209.509,83.517
626.784,518.201,196.772,93.346
616.884,511.599,190.252,95.566
614.025,511.342,189.450,91.850
620.620,507.121,188.030,87.995
617.199,507.816,186.655,85.268
608.756,506.636,185.228,86.267
589.556,505.977,185.794,84.087
573.512,508.635,186.398,84.386
559.617,512.706,179.386,91.847
535.171,513.373,174.126,95.257
510.215,508.558,166.635,98.719
495.345,508.405,154.489,102.926
490.299,523.242,142.159,105.441
480.034,529.173,132.719,105.246
470.646,533.141,126.965,101.984
467.225,535.564,120.971,100.555
456.831,541.680,124.677,94.436
441.968,544.895,128.933,89.502
432.239,546.616,136.896,87.709
428.081,548.656,152.748,85.628
427.143,550.170,165.024,86.347
418.593,551.178,178.695,83.011
416.726,550.581,190.081,80.840
421.207,554.602,197.591,80.372
421.391,560.863,205.260,79.588
427.008,557.473,212.730,78.745
439.375,562.157,220.112,77.764
454.078,569.334,225.186,77.779
463.746,575.404,229.840,77.515
476.726,577.765,237.113,73.750
492.548,581.318,240.596,75.484
509.643,578.952,239.499,77.268
526.325,578.028,233.246,82.657
547.118,577.381,220.929,92.933
543.207,578.850,219.118,98.103
551.207,580.824,213.762,102.367
555.067,581.360,209.258,106.857
548.623,584.667,213.380,105.961
551.347,584.886,214.159,104.655
538.887,595.434,222.381,98.419
544.974,587.871,224.723,94.881
531.436,592.934,234.419,89.950
525.443,595.892,241.247,89.388
517.646,600.923,246.559,93.453
530.965,592.398,236.144,107.989
575.679,544.129,197.188,134.464
612.472,526.842,178.292,151.593
641.414,506.827,197.243,132.595
625.458,397.683,180.784,150.545
629.135,390.051,153.227,162.015
641.542,392.699,130.978,182.437
737.080,471.059,166.329,152.550
720.852,502.469,176.940,130.660
658.218,558.669,196.075,115.297
653.105,556.380,207.837,112.638
651.371,566.978,212.203,116.504
649.716,566.780,216.848,119.512
645.794,565.892,222.481,119.255
653.190,571.132,218.095,127.352
645.697,558.420,221.135,129.637
626.977,567.582,231.529,124.640
602.809,574.707,242.221,123.640
576.390,572.897,255.447,123.182
574.659,569.588,252.924,132.883
555.660,571.419,255.970,134.687
533.780,571.422,261.462,132.450
525.519,577.436,260.714,131.451
500.908,580.668,269.137,128.238
493.652,583.554,272.299,126.031
500.051,574.225,265.304,131.231
489.875,570.547,264.106,133.513
482.937,563.179,267.387,136.405
463.214,576.779,278.039,131.744
451.303,578.202,286.132,129.050
444.940,575.591,292.258,120.076
436.525,584.370,298.425,114.930
431.401,595.348,302.477,114.618
434.875,591.277,298.447,119.253
428.689,588.597,298.787,118.335
411.928,591.041,308.528,111.074
417.246,589.795,305.201,109.351
423.587,586.878,301.040,106.183
432.459,584.582,295.601,100.408
437.873,579.958,291.501,99.726
449.591,584.229,286.966,99.089
445.652,587.058,290.605,94.527
447.626,583.836,291.528,92.253
444.548,583.941,292.560,91.413
440.373,588.109,290.010,90.509
429.675,586.201,291.777,83.927
414.510,588.473,293.450,85.146
402.471,584.705,297.737,85.158
392.700,584.234,298.646,82.433
394.014,573.513,294.324,87.140
389.883,565.890,298.294,85.835
411.366,555.476,287.008,88.067
428.965,543.063,274.163,88.094
432.902,543.377,269.163,81.917
431.030,542.261,269.353,77.985
424.471,539.732,272.845,71.032
426.146,527.659,278.313,64.742
436.397,527.633,278.192,62.411
443.384,528.525,273.927,67.067
452.039,531.531,271.361,67.744
465.591,542.041,265.919,68.877
473.943,553.502,261.078,71.913
483.420,564.222,253.572,74.491
490.815,570.451,246.906,76.895
491.384,579.482,240.374,79.187
490.626,585.315,234.159,80.175
488.205,585.112,231.974,77.810
482.293,589.945,229.841,77.380
480.263,586.297,227.348,75.124
483.563,582.305,225.136,74.899
488.798,577.520,221.706,74.832
490.506,572.849,219.453,73.952
490.806,571.319,217.731,73.973
492.656,568.534,215.595,71.939
496.853,565.895,211.187,72.880
500.626,569.403,211.294,71.568
503.597,571.174,211.745,71.207
510.478,571.763,211.172,72.480
515.658,569.248,212.889,72.306
515.075,571.718,215.920,70.837
506.096,571.425,220.124,68.440
503.240,566.693,222.515,66.702
495.045,570.467,229.355,64.785
494.155,575.418,229.807,64.460
484.694,576.521,232.796,64.913
487.052,577.582,232.986,67.201
482.444,580.146,234.064,67.108
471.810,579.528,238.343,67.471
468.831,584.364,242.658,68.824
465.700,585.830,248.024,70.567
461.439,587.340,255.638,70.860
463.061,587.425,258.739,73.252
463.916,588.979,264.155,75.371
478.002,580.786,264.576,79.925
484.714,575.346,264.410,85.770
491.104,571.454,263.582,88.760
496.565,571.606,264.260,93.440
494.675,576.823,266.653,93.665
492.235,582.205,265.259,93.296
490.704,584.266,260.077,98.434
486.279,592.890,259.274,98.345
479.386,592.720,261.287,98.130
468.148,595.234,262.004,99.936
460.561,594.029,262.131,104.036
453.777,595.048,266.055,103.141
443.009,600.617,275.184,101.049
433.610,600.885,282.433,98.503
427.428,592.954,287.419,98.836
432.025,590.888,285.382,100.281
441.849,590.431,283.348,101.889
446.478,597.002,282.520,104.027
449.969,597.501,281.022,106.905
456.223,605.665,281.754,106.379
461.273,610.629,279.528,102.744
475.499,618.594,279.324,98.654
484.604,612.575,272.113,102.660
499.663,597.699,263.362,110.453
517.425,589.033,253.744,118.863
526.248,586.157,237.411,126.425
540.114,598.097,232.203,119.973
546.323,583.710,219.567,122.221
557.302,586.884,206.425,123.886
565.991,530.832,175.345,162.141
599.463,535.916,166.314,171.557
607.207,501.350,161.562,180.035
633.595,425.636,137.264,214.882
704.244,380.705,148.762,203.184
666.415,383.476,136.620,229.911
683.325,387.330,125.649,225.597
703.234,379.020,118.973,211.699
715.154,361.952,126.704,196.609
696.248,358.649,138.637,180.877
675.216,374.542,142.206,155.628
662.036,405.878,136.664,144.531
669.724,432.715,131.861,140.984
665.832,473.393,135.647,127.918
665.034,492.536,138.707,114.677
668.989,510.202,146.605,100.731
669.337,511.175,147.449,94.385
671.092,513.783,143.867,93.691
675.387,511.340,138.715,93.191
679.663,507.845,134.758,93.787
680.682,501.811,131.354,90.173
685.729,499.725,125.750,86.680
694.308,495.523,117.866,84.526
704.875,492.637,111.491,82.622
712.490,498.992,104.934,81.886
719.672,499.906,100.565,80.039
724.393,497.194,96.291,79.375
727.558,494.993,94.355,77.595
729.822,495.382,95.369,73.509
732.905,494.854,98.208,68.485
736.455,496.086,100.003,65.163
736.461,496.908,103.383,61.610
735.452,496.394,106.161,59.596
734.354,496.556,107.846,56.559
728.295,503.800,107.678,55.880
724.710,500.593,105.530,55.793
720.011,499.179,103.971,55.439
719.220,496.321,102.309,54.364
