57.000,77.000,167.000,62.000
58.599,73.132,160.650,65.866
60.915,71.273,155.618,68.533
61.324,70.168,153.566,69.851
61.873,71.887,153.846,69.738
63.853,71.739,153.757,69.676
64.110,71.095,153.979,69.815
64.862,72.941,154.815,69.209
67.456,74.627,155.528,68.206
68.412,74.722,156.408,67.853
67.118,74.902,155.060,67.942
71.666,77.061,156.842,66.691
70.782,78.236,155.503,65.627
72.007,80.323,155.804,64.142
79.340,80.567,155.415,64.022
78.866,80.150,154.010,64.017
80.226,81.535,152.155,62.989
87.055,81.757,150.753,62.943
86.910,80.826,149.378,63.393
88.640,81.128,148.391,63.158
95.911,80.854,147.659,63.556
95.922,80.586,145.685,63.750
98.482,80.808,144.721,63.370
105.292,81.135,144.739,63.239
104.841,80.966,143.369,63.213
107.243,81.559,142.582,62.506
113.784,82.133,143.166,62.880
113.355,82.465,142.396,62.683
114.753,83.092,142.616,62.084
119.615,82.486,142.843,62.485
118.911,83.386,141.646,62.211
120.506,85.444,141.356,60.872
124.440,85.649,142.993,60.413
123.916,85.691,143.043,60.471
122.684,85.073,142.494,60.889
124.455,85.348,141.373,60.348
123.953,84.983,141.197,60.418
120.825,87.024,141.183,59.202
119.108,87.605,142.086,58.856
118.984,87.224,142.656,58.983
116.069,88.288,142.415,58.422
113.123,89.100,141.187,57.464
113.719,88.940,140.029,57.132
111.882,88.580,139.413,56.909
108.816,89.540,138.880,56.545
109.826,89.489,138.269,56.323
107.318,89.440,138.644,56.441
103.672,90.623,138.871,55.517
104.751,91.244,138.762,55.155
102.427,91.365,137.937,54.911
103.378,90.304,136.638,55.717
103.814,89.497,136.013,56.010
101.492,88.533,136.154,56.193
101.821,88.193,137.327,56.415
101.494,87.948,137.499,56.631
100.641,87.551,137.596,56.904
98.585,85.851,136.841,56.859
97.983,86.454,136.612,56.689
96.915,86.383,136.380,56.582
97.476,85.793,137.212,55.574
96.086,86.742,138.075,55.244
94.526,86.377,138.216,54.983
92.864,85.068,136.869,54.863
93.112,85.498,136.857,54.579
91.326,84.888,137.207,54.834
91.630,85.387,136.612,54.343
92.340,85.286,136.168,54.134
91.155,84.826,136.201,54.813
90.483,84.128,134.647,54.470
90.343,84.782,133.956,54.113
90.278,84.859,134.925,53.818
89.942,84.478,133.654,54.110
90.560,84.265,132.598,54.107
89.630,84.442,131.558,54.324
92.244,84.899,131.483,53.893
93.258,85.414,132.351,53.390
91.803,84.224,131.520,53.828
94.055,83.406,128.052,54.223
93.846,83.936,126.715,54.106
93.981,83.612,124.693,53.829
95.705,81.898,123.001,53.192
95.472,83.215,122.402,53.098
94.390,82.620,122.362,52.565
95.778,84.965,122.632,51.373
94.517,84.576,121.752,50.685
94.572,84.322,121.345,50.024
95.878,82.651,117.873,51.526
96.843,81.937,116.940,52.119
96.123,82.716,116.091,51.804
97.106,82.674,112.688,52.167
98.039,83.113,111.781,53.166
98.579,82.408,111.327,52.980
102.308,82.112,111.738,53.081
102.452,82.533,112.640,55.905
102.529,83.026,115.823,54.373
103.271,83.802,115.490,51.953
102.248,84.720,112.835,52.537
103.285,85.140,112.273,51.634
107.015,85.445,112.408,50.989
106.843,85.844,112.667,49.648
106.660,84.924,110.577,49.197
109.365,83.483,110.306,50.255
109.018,83.424,109.267,50.228
109.551,82.392,107.253,49.970
109.673,81.199,107.133,50.800
110.011,81.544,107.368,51.226
111.383,82.797,105.102,53.986
112.253,80.995,106.008,54.794
112.534,81.486,105.111,56.179
112.591,81.647,103.475,58.462
117.277,82.524,101.127,63.025
116.851,80.785,100.842,65.089
121.631,82.415,96.529,71.172
125.906,79.888,92.780,74.344
127.043,80.133,90.382,75.731
129.641,82.736,87.118,81.341
133.136,83.646,83.643,86.040
135.338,82.268,81.282,91.171
139.636,83.287,78.214,95.977
137.682,84.931,77.410,102.753
141.641,84.513,75.502,110.979
131.973,80.704,80.106,113.927
129.273,79.393,84.393,113.524
127.160,79.138,85.940,112.722
126.352,80.389,84.047,116.163
129.464,78.921,82.546,113.697
131.545,79.563,78.757,114.838
134.481,80.407,75.939,117.288
137.680,78.964,71.447,116.766
138.351,80.002,69.695,116.092
139.654,79.258,66.606,116.825
140.292,80.704,66.456,116.551
139.931,81.565,65.387,117.074
140.998,80.446,64.240,116.959
141.347,80.461,62.960,117.853
141.984,80.469,60.320,119.091
141.950,79.826,60.263,118.785
143.739,82.171,61.199,116.446
144.483,80.523,61.148,116.247
143.744,82.148,63.283,115.227
147.528,80.615,63.022,116.850
146.941,79.581,63.997,117.666
146.874,81.483,64.420,118.050
148.597,79.126,67.443,117.108
145.070,79.678,69.846,117.100
144.618,78.457,74.259,116.065
137.791,77.295,84.628,113.561
129.058,78.445,95.328,108.015
112.383,75.912,107.847,99.450
112.501,83.926,115.379,97.049
107.640,84.354,116.707,98.201
109.268,85.800,121.336,96.802
109.289,82.965,127.940,96.177
109.534,80.121,131.434,98.109
113.786,79.564,131.301,101.659
117.803,79.889,129.850,105.321
99.608,79.734,134.858,103.861
102.661,78.886,138.425,104.779
96.379,80.138,143.123,104.969
94.223,78.957,148.981,103.797
99.104,79.063,153.878,102.478
99.625,82.225,156.094,101.638
100.607,80.855,157.845,103.147
103.807,80.196,159.067,102.581
108.887,81.610,161.165,98.885
107.895,80.168,164.497,96.889
107.002,80.639,166.521,95.156
105.685,83.813,165.413,95.851
107.607,83.362,167.760,94.510
103.490,84.465,166.319,94.088
99.093,85.500,169.374,89.941
97.316,86.794,165.336,91.075
97.706,81.319,169.847,88.721
97.385,80.722,171.265,88.469
98.906,81.748,171.607,88.220
96.253,81.028,171.445,87.722
98.655,84.138,170.289,89.152
93.602,83.107,166.505,89.113
96.269,85.918,166.067,86.873
99.512,82.527,167.747,80.697
96.757,87.952,160.102,84.728
97.596,84.939,157.443,85.685
98.977,84.886,157.264,81.409
95.141,85.963,152.772,79.366
93.837,84.265,146.465,79.791
94.920,89.377,136.283,83.221
93.335,86.290,126.240,87.837
97.643,84.439,124.749,82.940
100.308,84.431,123.816,80.557
100.891,84.482,123.122,78.271
102.138,85.561,126.665,70.582
100.690,81.829,129.550,61.587
100.510,82.525,133.481,51.656
98.509,83.161,131.461,45.648
96.831,83.480,125.065,43.210
