387.000,203.000,141.000,211.000
401.356,203.885,134.999,213.576
401.011,202.759,135.511,213.766
401.705,202.587,135.475,213.206
402.556,202.603,135.984,212.794
402.726,204.285,135.885,212.747
401.091,204.593,138.146,211.874
401.286,204.108,138.914,211.402
401.614,205.687,139.353,209.245
400.766,205.683,139.531,207.366
400.316,206.619,139.075,206.990
399.984,205.869,139.392,205.330
399.592,206.300,138.841,204.559
399.648,207.017,138.304,203.908
398.533,207.890,137.763,203.332
398.241,207.816,137.972,202.804
394.818,208.117,138.540,202.565
394.369,207.610,138.888,202.735
392.995,208.238,139.107,201.883
392.964,207.222,139.718,202.355
391.170,208.149,140.265,201.509
392.256,208.450,138.774,200.796
391.618,208.729,138.533,200.739
391.034,208.758,138.650,199.688
389.928,208.874,139.037,198.495
388.862,210.101,140.085,197.879
388.047,210.315,140.969,196.976
385.584,211.602,142.410,195.728
383.199,212.585,142.940,194.274
382.251,213.213,143.639,192.421
381.039,214.440,144.641,191.313
380.378,214.915,145.354,190.361
378.116,216.030,145.909,190.199
378.043,216.047,146.696,189.857
376.211,217.700,147.606,188.513
374.680,218.113,148.105,188.083
373.980,218.572,149.542,186.965
374.088,218.788,149.128,185.579
372.267,219.432,149.164,184.618
372.020,220.827,149.700,184.008
371.230,220.583,149.735,184.219
369.269,221.438,150.601,184.208
367.220,220.329,151.497,184.091
366.043,221.388,153.275,183.513
365.691,220.535,154.302,183.151
365.042,220.703,153.329,182.826
363.997,219.567,155.095,183.768
363.568,220.007,155.006,183.523
362.590,218.796,155.086,183.675
360.160,219.405,156.541,183.322
359.176,219.037,156.573,183.519
358.814,219.458,156.739,184.625
357.122,217.952,156.788,185.296
356.266,217.583,156.967,185.535
355.263,217.384,157.042,185.976
354.449,216.205,156.468,187.114
353.731,215.104,155.411,187.837
353.072,214.630,155.701,187.859
352.210,213.857,155.286,188.159
351.749,213.655,154.785,188.708
351.172,211.956,154.427,189.332
350.624,210.774,154.001,190.337
349.829,210.723,152.552,190.695
348.443,209.027,151.894,191.135
347.598,209.106,150.957,189.713
346.944,208.503,149.883,190.386
346.786,208.953,149.233,189.614
346.198,208.667,147.941,191.002
345.262,209.139,146.793,192.274
343.772,209.651,145.421,194.554
343.770,209.686,144.505,196.865
342.492,209.680,143.094,199.544
340.650,209.175,142.154,201.137
339.126,208.866,140.674,202.413
338.514,207.592,138.685,202.795
337.438,208.588,137.456,204.450
336.733,208.858,136.620,205.898
334.886,209.055,136.212,206.321
335.102,209.007,134.969,207.836
333.120,210.423,135.065,209.920
332.093,209.572,135.099,210.778
332.508,210.186,135.392,209.148
329.837,210.122,135.284,206.840
329.802,210.553,136.169,204.198
327.432,212.538,137.598,206.878
326.637,213.499,138.120,206.079
325.270,214.738,138.125,205.607
323.737,214.093,138.666,203.532
322.474,218.170,138.428,205.685
320.686,218.271,136.937,205.052
320.366,221.571,137.086,206.409
321.329,224.346,139.501,210.586
319.706,222.370,139.088,211.886
321.301,225.751,140.276,216.526
318.829,221.994,139.120,213.569
320.365,225.355,140.517,214.430
317.031,221.830,138.580,211.417
319.942,226.605,139.982,214.423
318.296,221.651,140.694,207.680
317.806,226.139,139.346,210.364
319.268,226.956,140.001,214.846
318.231,224.295,139.010,212.209
318.282,227.722,137.261,217.179
319.877,221.807,138.461,211.701
318.339,225.305,138.429,212.767
318.644,227.040,135.749,218.482
320.124,222.006,137.852,213.125
318.361,226.254,139.046,216.130
317.300,224.044,137.636,216.030
316.537,226.107,136.955,221.005
316.006,224.054,137.567,219.932
314.882,226.505,134.673,226.299
315.359,224.860,132.184,230.837
315.784,225.344,130.392,235.619
316.349,223.321,130.224,236.539
318.944,224.308,130.929,236.310
319.980,225.844,132.061,234.467
319.417,227.995,129.606,235.905
320.272,228.785,130.444,237.264
321.027,230.006,132.763,237.640
320.632,231.912,132.628,237.861
323.874,232.643,131.178,235.677
325.360,234.462,129.966,233.529
325.722,236.539,129.177,232.507
327.830,237.928,128.185,230.096
329.281,240.223,129.173,228.056
331.280,239.526,129.194,225.350
331.626,240.652,129.263,220.998
334.045,242.044,129.669,217.391
332.906,241.836,130.293,216.747
333.777,242.626,130.676,216.604
332.671,242.503,131.283,217.700
334.515,240.837,131.274,217.874
334.101,240.923,131.255,218.298
335.193,238.080,131.292,217.344
335.303,239.329,130.938,218.359
336.831,237.208,130.139,214.043
335.796,239.730,130.959,213.551
335.376,238.906,131.163,213.028
334.337,239.907,131.947,213.140
333.102,240.501,133.161,214.419
331.483,241.175,134.711,217.173
333.385,240.299,134.206,218.509
332.649,241.089,134.772,218.337
332.648,241.962,134.521,217.748
331.111,243.042,135.677,217.181
331.022,243.549,135.819,217.610
329.681,244.728,137.070,218.922
329.963,244.212,136.683,220.113
329.512,244.728,136.641,219.958
329.683,244.908,136.053,220.930
328.702,245.918,136.798,220.766
328.248,246.479,136.799,220.489
324.994,247.991,137.621,222.500
324.179,248.680,136.929,224.161
323.976,249.839,136.126,226.633
322.000,250.430,135.865,225.397
322.734,251.029,135.137,224.185
317.441,253.669,135.720,225.109
318.036,254.481,134.725,226.167
315.164,255.319,135.417,228.696
312.866,254.399,136.357,231.190
312.379,255.624,135.191,231.971
311.024,254.866,135.111,233.376
311.946,254.610,132.948,234.058
312.472,255.036,130.475,234.068
312.847,255.020,129.871,233.585
312.822,254.268,129.785,233.088
312.761,254.612,127.601,233.557
311.567,253.712,128.059,233.122
311.719,253.993,128.538,230.575
311.212,254.877,128.088,230.869
310.566,255.390,127.918,230.283
310.003,255.468,127.796,229.596
310.793,255.523,128.201,229.615
308.795,257.076,128.554,228.315
309.679,256.359,129.847,229.591
308.681,258.045,129.416,229.192
310.277,257.738,129.391,230.374
309.000,257.266,132.451,230.634
306.635,258.881,133.380,230.208
308.729,259.156,133.598,229.320
308.262,259.123,134.721,227.926
308.429,258.433,135.340,227.298
307.944,259.369,135.159,229.172
308.316,259.374,135.687,229.098
308.272,260.766,136.584,228.301
307.857,260.107,136.062,227.551
307.821,261.523,135.855,225.780
308.094,262.198,135.238,224.977
308.200,263.205,135.541,224.223
307.801,265.695,135.250,223.772
307.401,264.317,136.019,225.262
307.373,266.524,136.052,225.540
307.663,265.351,136.620,225.350
306.935,266.682,137.624,225.747
308.670,267.305,137.091,224.789
308.802,268.806,136.185,221.934
309.156,271.376,135.456,220.531
309.772,272.175,136.026,219.626
308.612,272.411,135.596,218.567
308.213,275.095,135.927,216.190
308.174,276.795,135.545,213.495
309.466,280.247,135.935,210.663
306.823,283.118,136.183,209.707
304.648,285.803,138.620,207.235
303.635,288.326,140.897,201.261
300.412,294.534,142.925,197.979
299.631,297.168,143.513,191.530
301.505,301.900,142.957,186.604
299.514,305.256,143.903,180.939
302.188,308.443,144.241,175.074
299.997,311.992,145.461,172.531
301.971,314.004,144.866,168.515
299.592,317.546,147.209,164.523
295.899,321.010,148.899,161.856
294.525,323.951,149.421,159.030
294.516,325.371,150.064,156.069
299.278,327.778,146.311,154.827
298.629,327.389,144.191,154.044
296.929,328.377,144.535,152.320
295.796,330.543,145.664,150.363
296.434,331.586,145.029,150.236
294.345,331.778,145.850,147.251
290.849,333.185,146.644,144.232
291.018,335.687,144.421,144.869
287.995,335.013,147.174,143.765
284.237,339.952,146.917,145.808
286.585,339.784,145.876,146.618
284.586,338.966,146.193,148.930
283.615,338.070,147.386,147.713
281.618,337.310,150.116,147.849
280.883,337.269,151.053,147.025
280.941,337.052,150.610,147.315
281.099,336.760,150.114,146.800
282.182,335.117,148.915,146.096
282.383,335.521,146.653,147.045
282.539,335.025,145.989,146.075
282.295,335.696,145.591,145.017
281.444,334.861,145.997,143.203
281.577,334.627,146.793,139.985
281.136,334.627,147.072,137.663
282.035,335.209,146.431,137.468
281.512,336.975,146.148,137.582
282.146,337.360,145.171,140.013
281.763,337.524,144.447,141.660
282.913,335.923,144.690,141.912
282.007,334.572,144.881,140.740
282.086,334.062,145.310,139.039
281.244,333.718,145.918,135.938
281.182,335.232,145.128,134.678
281.606,335.283,144.328,134.767
281.148,336.456,143.805,136.615
281.169,335.816,143.503,140.925
279.937,335.392,143.532,144.232
279.347,334.918,143.272,146.366
278.505,335.493,142.715,150.325
277.422,335.641,142.105,153.335
276.290,336.861,142.023,156.142
275.434,336.123,140.661,155.943
274.566,335.416,139.344,155.754
273.949,336.397,138.977,155.175
273.525,337.536,138.161,155.444
272.446,337.556,137.183,156.126
272.348,336.277,136.759,156.791
271.691,336.367,135.981,158.017
272.068,337.206,134.973,158.349
270.649,337.117,135.145,160.205
269.934,337.568,134.445,162.815
269.659,335.794,133.031,164.397
269.781,334.553,131.725,163.048
270.194,334.003,130.063,161.712
270.867,333.321,128.618,161.257
271.422,332.903,127.497,160.849
271.545,332.635,125.636,161.220
273.415,332.984,123.458,159.388
274.560,331.372,120.736,159.986
275.709,330.159,118.489,160.282
277.169,329.249,116.190,160.285
277.861,330.791,113.198,160.101
281.535,330.159,109.020,167.491
283.128,329.452,105.807,171.672
285.033,329.738,103.577,177.053
286.917,324.872,102.293,178.956
289.270,325.621,100.043,179.965
290.375,322.582,98.692,178.274
294.045,322.013,95.727,179.081
295.259,320.751,94.626,175.451
296.651,319.964,92.692,172.180
299.373,319.508,90.112,171.227
301.015,319.302,88.620,169.641
303.000,318.904,86.665,166.928
304.781,319.021,84.727,164.100
306.704,318.032,83.493,160.452
308.766,318.384,81.526,157.686
310.897,317.383,80.098,154.060
313.341,318.469,78.378,150.989
314.635,318.071,76.826,147.974
316.406,317.059,75.087,144.377
318.440,318.833,72.631,142.328
320.527,318.401,71.188,139.370
322.743,317.823,70.011,137.328
324.367,318.607,69.122,134.274
326.266,317.790,68.085,131.701
328.085,318.190,66.389,129.074
330.322,317.221,65.170,126.343
332.865,317.606,63.794,124.238
334.476,317.249,62.295,122.892
336.286,316.907,60.817,122.148
339.058,317.617,60.552,120.858
340.538,316.863,60.416,118.970
342.899,317.632,60.718,118.744
345.288,316.834,61.869,116.529
346.094,317.730,63.182,114.831
348.044,318.530,63.688,114.255
351.892,319.059,68.418,112.234
348.796,318.156,64.389,112.714
353.822,317.953,66.718,110.377
353.517,319.010,65.025,108.948
357.348,320.237,68.119,107.567
357.857,319.806,66.904,106.932
359.437,319.694,66.918,106.030
360.412,319.512,65.466,105.461
361.756,319.585,64.964,104.424
363.461,319.372,64.914,102.564
365.794,319.253,65.390,100.874
367.446,319.127,68.589,98.111
365.255,319.475,71.204,97.444
368.192,319.161,71.409,96.775
366.792,318.271,70.509,95.844
