297.000,289.000,304.000,77.000
313.415,291.589,306.244,75.612
326.775,292.638,302.365,76.354
340.461,292.256,299.164,77.740
351.846,293.511,298.412,77.101
363.657,294.393,294.348,76.898
373.419,293.797,294.729,77.478
381.597,294.845,295.405,76.680
387.266,296.452,295.207,74.888
391.573,297.801,294.399,73.651
394.676,297.381,292.285,73.287
398.812,298.866,288.223,74.416
404.916,299.645,284.524,72.839
408.592,300.929,279.151,73.582
414.985,301.552,270.021,71.285
419.570,300.566,259.660,72.019
423.427,302.011,252.823,71.459
427.846,302.121,245.960,72.420
434.345,304.877,242.719,72.474
437.658,303.887,235.723,73.084
441.567,303.499,233.266,70.796
440.065,303.844,233.570,69.654
450.927,302.252,250.772,64.869
456.439,301.682,265.374,64.814
451.020,302.932,270.958,66.894
449.024,303.783,273.248,67.017
448.259,303.834,276.043,66.670
453.204,303.686,274.704,67.137
454.988,302.515,273.255,68.142
449.477,302.235,271.952,67.590
448.537,304.132,266.613,72.239
446.464,304.159,268.529,73.496
450.317,305.659,268.665,74.691
445.875,306.603,269.341,74.642
445.507,307.045,267.988,74.151
444.239,307.769,266.904,73.973
443.239,308.268,267.679,74.234
442.388,307.474,264.189,75.008
441.550,308.426,266.432,74.706
439.481,306.176,264.958,73.260
441.547,304.031,262.559,72.667
443.570,303.247,265.040,74.295
441.917,303.325,260.705,75.369
445.579,303.204,257.268,74.999
444.018,303.895,260.822,75.345
448.464,302.244,262.406,73.279
447.376,303.256,265.405,75.053
446.025,300.592,265.875,73.334
445.286,300.104,265.393,74.631
448.902,298.782,264.155,73.147
454.871,299.003,264.572,75.197
454.319,299.307,263.066,75.979
464.885,299.729,263.096,77.201
469.389,302.333,267.627,76.174
470.761,303.830,265.634,77.177
476.759,303.140,266.607,75.581
482.042,305.075,270.058,77.955
487.430,306.090,268.722,76.081
494.727,307.030,268.325,76.012
500.378,306.075,268.391,75.041
503.003,307.559,266.523,75.299
503.157,307.625,266.542,75.167
507.823,306.920,265.937,73.827
507.972,308.027,266.445,75.002
510.898,306.935,266.057,73.211
513.463,306.691,265.816,75.096
516.384,307.000,264.759,75.420
519.410,307.008,265.761,75.413
522.175,306.972,265.987,75.351
525.418,306.467,265.912,75.522
528.744,306.254,266.173,74.606
529.875,306.037,266.146,74.502
534.771,306.024,263.537,76.141
539.778,305.558,262.517,74.004
541.577,306.286,258.660,75.407
547.584,305.473,260.624,74.247
550.247,305.798,261.081,74.690
553.440,305.069,256.188,73.032
557.973,303.091,258.324,73.756
559.855,302.698,257.603,74.482
562.370,299.634,257.361,72.625
564.006,299.297,259.888,74.626
567.801,296.493,260.682,72.454
568.147,296.393,261.624,75.141
573.309,294.817,259.615,72.841
573.445,294.978,259.514,74.825
575.956,293.430,260.961,73.113
575.278,294.753,261.875,73.992
577.902,292.303,264.748,70.817
580.128,290.915,266.400,71.401
580.890,287.912,266.498,70.303
582.119,287.259,266.938,71.845
584.321,283.268,265.952,71.333
585.313,283.854,263.899,72.455
583.358,280.891,264.674,72.413
577.438,280.893,266.989,75.741
574.181,276.493,268.871,75.651
569.211,277.200,271.548,76.817
565.303,277.293,271.205,78.322
558.134,277.088,273.973,78.688
553.329,276.476,275.652,79.290
549.796,277.361,277.138,78.777
543.905,277.058,275.935,76.877
540.019,277.159,273.471,77.666
535.551,276.983,270.765,75.188
532.357,277.893,268.827,74.907
530.166,277.045,266.882,73.392
527.240,275.998,261.700,72.875
524.019,276.166,261.820,75.089
525.886,274.636,260.717,76.268
524.849,272.715,262.124,77.166
521.160,273.384,261.949,76.322
522.832,271.482,262.354,76.146
521.577,270.255,258.906,77.680
523.085,269.881,258.867,78.460
522.109,270.060,257.175,79.180
525.535,266.800,262.335,79.888
521.000,267.672,261.289,78.951
520.991,265.889,258.877,79.569
520.694,265.208,260.095,79.049
521.733,264.393,263.514,78.365
524.504,262.762,263.259,77.729
524.481,263.502,265.806,76.887
525.579,264.154,264.106,75.469
527.807,263.601,268.080,73.542
532.012,263.284,266.413,75.024
534.888,263.395,266.585,72.582
540.201,261.771,267.273,71.602
545.180,261.906,268.572,72.101
550.359,261.345,268.537,70.415
550.241,260.186,270.618,71.592
552.616,260.203,271.341,72.028
553.392,257.387,271.433,72.730
556.253,258.768,274.237,72.236
557.065,256.624,271.330,72.583
558.337,256.049,273.307,72.214
559.068,254.333,270.176,72.957
559.856,252.907,270.160,72.838
559.234,251.878,270.246,72.674
555.969,255.074,269.176,74.356
553.406,258.606,269.841,75.068
550.942,261.051,271.684,73.959
550.578,263.615,270.189,74.390
551.434,265.848,271.631,76.041
552.773,272.567,274.037,77.018
551.981,274.398,273.900,75.468
551.618,276.133,271.653,73.978
553.944,276.635,268.197,72.566
553.062,274.990,267.989,70.948
550.436,267.049,265.964,72.535
549.477,258.351,269.666,74.193
544.913,250.070,271.331,75.033
539.459,247.615,269.094,73.157
536.803,248.683,268.452,72.987
538.536,248.197,271.906,72.280
532.511,254.252,271.877,74.854
528.983,258.229,271.502,74.812
529.116,258.752,271.869,73.607
525.962,258.809,269.511,72.311
525.254,258.755,267.841,71.680
520.508,252.640,268.812,74.417
519.640,244.776,274.484,76.858
520.025,242.929,269.862,75.496
521.283,241.960,268.949,73.171
520.230,244.217,267.875,74.524
525.697,245.074,269.253,74.116
530.555,247.277,269.864,74.872
534.876,246.271,269.406,73.783
539.678,244.644,268.891,73.082
543.357,245.097,269.856,74.500
549.953,239.650,269.817,75.751
554.799,232.758,271.874,77.355
558.105,227.635,272.520,77.283
559.289,223.470,272.299,76.918
563.113,222.632,274.517,76.825
565.536,221.717,275.980,75.522
567.196,222.590,277.371,76.000
570.337,221.565,278.599,77.487
572.460,222.919,276.626,77.232
575.464,222.486,277.048,77.629
572.393,224.979,278.937,76.071
570.608,226.821,280.145,75.049
567.443,233.175,276.473,75.950
564.729,238.451,274.918,77.475
558.552,246.837,276.946,77.946
546.615,252.695,278.742,80.172
537.480,262.239,276.789,80.948
527.278,273.501,276.100,82.106
519.835,285.506,277.334,83.244
513.202,290.789,279.688,83.919
501.829,294.421,283.482,81.989
485.942,300.124,283.071,82.236
478.381,305.802,282.849,81.298
474.739,309.220,277.610,78.184
473.323,310.821,275.820,78.104
470.002,312.267,276.348,77.756
467.024,309.022,276.517,76.841
461.121,302.765,276.032,78.312
453.991,298.067,274.698,77.688
449.200,294.329,273.469,76.820
445.298,290.840,270.985,76.234
441.160,291.554,274.046,77.262
439.040,294.418,279.094,78.180
432.969,297.487,278.891,78.687
429.536,301.376,281.777,78.691
424.774,309.581,282.505,79.097
425.897,316.451,282.666,79.575
421.134,323.457,281.956,80.225
423.143,321.288,279.767,78.062
426.021,314.083,278.678,80.084
430.698,305.842,279.881,81.248
437.379,301.271,276.657,80.599
442.532,296.889,276.428,79.721
444.276,295.632,278.835,78.022
446.524,295.803,277.093,76.636
453.251,293.106,275.741,76.375
458.326,292.508,275.224,75.688
464.954,290.789,275.501,75.075
468.137,287.492,275.906,74.205
473.586,282.222,274.685,75.640
480.777,277.516,277.384,76.332
488.510,272.819,280.158,75.691
497.216,268.631,280.576,74.633
508.533,263.849,280.016,73.742
515.530,256.473,279.808,75.513
522.722,249.449,280.121,78.007
528.573,242.794,280.100,79.170
535.802,239.286,280.371,77.826
545.395,236.548,283.562,77.283
553.949,237.347,283.362,77.277
560.665,239.064,283.669,78.021
568.227,239.792,283.764,79.313
574.514,243.433,283.752,80.241
581.179,245.070,284.549,80.654
588.597,249.564,285.599,79.977
592.648,259.144,284.656,79.954
601.154,266.054,286.440,80.488
611.416,270.113,287.541,79.002
616.426,267.627,287.879,79.913
624.559,267.619,286.303,80.220
630.605,266.609,285.668,80.474
636.054,256.166,280.723,81.176
639.154,243.952,278.416,81.869
640.112,234.212,278.401,81.189
642.809,223.830,277.934,81.134
647.934,216.933,279.686,81.364
651.052,215.997,279.658,79.317
654.591,219.458,281.975,79.852
653.638,226.361,284.664,80.886
648.136,235.511,284.587,80.603
641.085,241.330,282.107,81.368
637.703,246.108,283.808,81.560
631.543,254.590,285.856,81.629
633.370,250.473,283.670,80.009
631.241,241.322,283.990,80.443
628.184,231.021,280.777,82.058
621.097,223.578,277.002,81.810
617.131,214.313,277.071,82.669
611.387,200.727,276.598,82.592
602.729,190.460,280.322,82.683
592.091,182.592,279.080,82.843
585.055,176.500,278.833,82.023
578.000,170.927,281.344,80.871
564.285,175.335,286.440,84.271
555.866,179.633,286.848,86.520
546.644,191.514,285.147,86.676
549.584,203.936,283.631,87.118
546.713,218.635,281.003,85.143
545.755,231.834,282.678,85.629
550.194,239.093,285.749,82.992
556.839,228.818,285.504,81.838
563.612,213.673,282.270,81.598
572.241,202.342,287.986,81.681
579.348,199.279,290.404,83.103
586.878,195.029,293.729,84.672
590.122,192.474,292.491,84.353
593.988,183.603,290.036,83.933
596.629,180.005,289.564,84.440
602.291,172.276,286.961,82.751
600.811,167.317,285.803,82.227
605.123,166.116,287.656,83.028
604.742,170.775,289.315,84.327
606.956,179.670,288.965,85.468
606.670,192.639,286.475,84.184
604.241,213.151,282.609,85.552
596.301,232.608,280.512,84.815
592.552,229.625,281.609,82.385
591.811,226.887,284.270,80.607
595.076,232.787,285.181,82.060
594.847,232.981,286.431,81.373
592.992,231.833,285.390,82.004
593.972,237.628,286.569,83.749
592.588,236.774,289.335,82.858
592.592,234.406,289.624,82.436
592.061,229.865,288.540,82.884
590.747,225.561,284.855,82.209
593.000,221.028,283.834,83.211
599.564,223.824,286.659,84.799
599.188,227.636,288.810,85.306
604.300,231.452,288.606,86.416
612.258,233.059,289.384,83.486
621.534,237.044,289.545,84.551
631.126,232.807,292.696,82.820
641.572,228.494,294.767,83.461
652.738,224.867,296.912,82.292
664.000,220.007,295.444,82.830
674.285,219.667,294.504,85.126
678.716,214.044,294.203,83.768
681.153,205.650,293.441,82.151
684.627,196.710,290.668,81.295
685.541,188.017,290.062,81.734
688.569,184.944,289.883,83.628
691.742,180.135,290.779,81.037
692.472,182.755,292.134,84.060
688.406,186.016,294.801,85.548
685.182,191.636,293.956,87.237
681.689,200.008,293.962,87.777
680.831,206.734,294.033,88.684
674.353,216.297,292.917,86.433
668.801,216.411,289.564,82.855
663.088,216.381,292.145,81.916
657.304,212.669,287.147,79.579
655.051,209.129,290.303,79.001
652.244,203.878,286.103,78.814
650.384,199.980,287.038,79.197
645.010,192.431,285.608,78.689
642.816,185.552,284.813,78.245
638.963,182.353,286.140,79.207
