313.000,481.000,32.000,105.000
316.689,480.719,35.276,105.807
316.087,481.557,39.073,105.300
317.584,480.239,41.459,105.613
318.497,480.869,44.292,105.109
320.370,482.677,46.083,104.358
320.740,481.419,48.490,104.954
321.973,480.354,49.382,105.566
322.703,478.824,50.127,106.351
324.017,478.067,48.474,106.944
327.115,478.440,44.991,106.638
330.020,474.960,42.148,108.180
332.628,473.196,40.556,108.311
335.888,473.121,39.424,109.435
338.279,475.122,39.441,106.573
341.547,474.323,38.891,107.303
344.307,476.135,40.936,105.465
347.695,477.443,44.755,104.641
351.228,479.439,55.083,100.142
345.077,477.174,55.565,102.112
346.764,480.353,58.391,102.657
345.713,477.694,67.208,95.792
345.778,478.836,79.233,89.709
320.328,477.728,75.330,97.121
339.640,476.937,85.034,92.716
333.302,477.083,92.501,88.938
334.857,478.189,101.798,80.745
342.084,478.308,104.320,76.867
348.747,476.882,109.079,73.353
353.252,475.955,113.897,70.683
378.067,477.596,117.093,74.018
330.514,467.005,114.518,75.870
336.560,466.567,97.135,85.447
324.999,460.333,99.985,79.473
349.278,470.002,88.138,86.678
366.430,469.166,71.891,104.635
370.325,464.909,63.611,113.355
372.253,462.563,58.555,118.514
380.443,457.916,50.770,124.090
384.676,452.537,45.160,127.048
387.694,449.838,41.299,128.212
391.391,447.644,39.240,128.587
393.452,449.160,38.521,124.250
394.706,448.894,38.471,124.140
394.613,448.697,39.751,122.412
396.255,449.735,40.649,121.562
396.936,448.654,42.127,121.580
399.097,448.798,43.595,122.522
400.073,447.776,43.818,123.110
399.656,447.312,44.436,123.717
401.068,445.869,44.544,125.005
399.104,446.596,46.112,125.395
403.528,444.870,45.108,126.787
405.331,444.016,44.231,127.095
407.805,442.498,42.957,127.713
409.703,442.697,42.443,128.114
410.800,442.122,44.495,128.058
409.517,442.246,45.086,128.911
411.639,441.456,49.570,129.247
406.522,440.879,57.431,128.693
409.513,439.663,61.329,128.931
412.341,440.591,61.573,130.801
415.294,441.900,60.721,130.533
415.916,439.285,60.554,133.382
416.114,442.842,59.718,132.588
416.974,439.870,57.889,135.276
419.846,437.901,56.779,138.045
421.816,437.979,52.036,138.422
425.396,436.016,49.144,139.671
429.346,437.656,49.969,139.455
425.296,436.030,50.006,140.002
427.211,434.204,51.181,142.238
429.641,433.616,50.634,143.862
432.724,432.073,49.370,145.256
437.654,432.208,48.597,145.203
439.403,433.000,48.974,143.972
440.098,434.613,49.300,142.996
441.848,435.358,49.901,142.495
443.110,434.577,50.966,143.094
445.468,433.988,52.499,143.552
448.724,433.151,52.118,144.264
452.631,433.423,51.037,145.307
456.468,434.000,50.037,146.877
453.352,433.589,53.670,147.284
455.379,433.993,55.202,148.792
461.546,433.411,54.679,150.048
464.158,432.121,56.462,150.950
464.482,432.910,57.303,149.864
466.378,433.800,59.963,149.879
466.518,436.840,62.280,148.434
468.089,435.584,61.010,149.514
471.634,432.697,60.315,152.581
474.290,432.141,60.676,154.785
478.401,429.261,57.841,156.597
479.234,427.002,58.068,159.292
480.788,426.527,59.208,161.099
490.517,426.012,55.674,161.771
496.457,426.550,53.768,161.305
498.991,424.521,53.293,162.884
504.077,426.328,54.103,163.466
507.066,427.288,55.328,162.987
508.491,427.201,56.264,163.518
510.516,428.802,60.570,163.955
510.473,429.169,65.334,163.597
512.745,427.889,72.172,165.179
513.249,428.640,74.159,165.264
518.309,426.104,74.710,166.341
525.122,425.428,70.756,166.485
533.355,425.352,66.222,166.336
536.057,425.399,61.343,168.121
541.434,424.576,57.969,168.665
540.795,425.021,57.452,167.061
544.356,423.344,59.344,158.510
553.092,427.172,58.078,167.966
554.499,427.902,61.274,171.173
557.795,429.253,68.069,174.078
559.443,428.594,72.836,176.111
561.830,426.222,73.895,178.879
567.083,426.668,73.203,180.811
570.952,426.311,70.102,182.956
572.849,425.351,67.464,184.211
582.300,424.998,62.198,185.561
590.108,424.031,57.309,186.433
597.310,423.625,55.436,185.749
603.142,420.849,55.402,185.968
610.355,420.235,56.673,188.226
612.181,422.507,60.324,187.299
616.854,426.568,64.144,185.400
618.639,429.877,70.305,184.140
621.451,426.141,77.277,187.587
624.746,423.375,80.635,191.527
623.757,420.266,83.402,195.908
629.770,417.358,84.057,199.933
635.589,414.288,81.271,201.518
639.778,418.074,77.061,202.814
650.650,421.676,73.388,200.955
659.751,427.081,69.041,197.091
667.370,427.428,65.756,193.714
676.229,424.292,64.154,195.964
682.195,426.514,64.917,196.136
686.386,433.430,67.685,193.326
688.667,429.690,70.126,197.168
691.215,437.028,78.403,192.894
695.982,417.622,87.273,190.589
695.912,429.535,90.505,198.665
699.440,434.768,89.631,198.136
707.237,431.034,87.076,201.608
717.762,425.554,79.142,207.084
728.660,421.911,71.636,211.621
740.686,421.436,66.597,212.938
749.582,428.712,64.139,207.541
758.866,429.740,66.939,205.066
766.771,429.559,73.746,204.516
768.217,429.396,80.356,202.645
771.213,431.199,86.106,203.522
774.165,436.390,91.897,203.577
776.182,438.520,96.531,203.343
779.283,437.809,102.088,206.063
783.656,434.222,105.206,210.236
792.198,429.161,104.884,215.791
803.489,425.036,98.965,220.162
814.235,420.228,92.375,225.525
825.062,425.950,86.447,228.835
