784.000,386.000,75.000,192.000
783.905,389.056,75.159,192.912
784.361,387.169,75.667,192.095
783.617,389.717,76.618,189.278
782.845,388.215,77.437,189.922
781.658,390.185,78.428,189.010
780.282,388.998,80.474,189.069
779.822,389.466,81.308,188.998
779.509,390.978,81.776,189.130
779.426,389.440,82.539,188.637
778.755,391.557,82.779,188.033
778.280,387.990,82.556,188.920
778.402,387.981,80.525,190.256
778.972,390.734,79.378,187.381
777.448,392.485,79.256,186.473
777.024,390.238,78.376,187.754
776.030,392.101,77.765,186.012
775.039,389.281,78.503,186.701
773.604,389.445,78.250,187.057
771.724,390.475,78.926,187.307
771.335,391.622,79.753,186.526
770.937,391.748,79.767,186.314
771.320,392.581,79.248,185.776
771.715,391.696,78.438,187.050
772.780,392.294,78.021,186.491
774.165,392.892,76.683,186.017
775.146,392.147,75.152,186.378
775.934,392.490,73.808,186.544
776.945,392.228,73.211,186.664
776.259,393.857,73.075,185.509
776.661,391.309,73.262,184.985
774.990,391.891,74.523,182.047
773.708,393.628,76.561,179.913
774.344,390.833,77.081,182.614
773.212,392.543,78.237,182.136
772.414,394.443,79.023,180.868
773.125,391.066,78.116,184.220
771.962,394.429,78.601,182.767
771.884,392.537,77.964,183.743
769.835,391.326,78.775,186.176
770.961,390.511,78.083,186.631
769.993,393.873,76.842,184.368
770.845,394.677,76.490,182.510
769.915,396.414,76.185,180.834
768.514,394.814,76.145,181.288
766.204,393.259,76.697,180.293
763.200,392.865,77.552,180.357
763.038,390.227,78.017,181.961
762.654,389.735,78.503,183.078
761.287,389.305,78.232,182.944
761.171,390.588,77.352,183.526
759.921,390.535,76.425,185.398
759.918,393.470,75.224,183.742
760.541,394.961,72.085,183.080
761.784,395.094,69.718,182.576
762.195,395.239,67.796,182.712
762.166,394.918,66.209,182.720
761.553,395.295,66.369,182.163
760.461,396.759,66.686,181.778
759.342,395.004,67.195,182.549
758.698,393.219,68.751,181.334
756.896,392.475,70.658,182.264
755.729,392.391,72.154,181.747
754.826,390.776,72.839,182.928
753.314,392.283,73.441,183.088
753.051,391.921,74.131,183.644
752.077,395.017,73.902,182.743
751.396,394.408,74.187,182.001
750.472,397.320,74.131,181.000
749.941,396.637,73.958,180.688
750.946,399.352,74.358,180.058
749.542,398.394,73.181,180.697
748.115,399.575,73.130,181.163
747.230,399.095,73.062,180.259
746.297,393.875,72.766,182.067
744.757,394.112,74.220,182.358
743.622,392.878,74.746,181.926
743.460,391.670,76.050,183.106
743.000,391.864,75.766,182.479
742.038,390.001,75.540,184.139
743.247,390.270,75.367,184.157
744.102,389.096,73.769,185.916
745.284,391.849,72.773,185.014
745.706,391.165,71.633,186.203
746.528,391.679,71.057,186.431
746.090,392.683,71.124,185.635
746.111,392.876,70.033,185.985
746.668,394.367,69.613,185.463
746.227,393.111,70.075,184.568
745.125,392.917,71.130,182.252
744.647,392.289,72.089,182.422
742.915,389.985,73.863,183.446
742.342,390.426,75.030,182.680
741.446,392.423,75.023,181.834
741.128,391.654,76.244,181.322
739.892,393.718,76.789,178.900
740.522,391.085,77.248,179.855
739.246,390.673,76.711,179.769
739.665,391.154,76.224,180.249
740.630,391.494,75.000,180.045
740.429,392.789,73.868,179.784
740.207,390.918,73.401,181.742
739.591,391.866,73.395,179.839
739.470,391.001,73.997,179.558
738.764,391.385,73.633,179.373
737.786,390.788,74.280,179.584
738.503,392.328,73.733,177.668
738.708,392.536,73.080,177.223
739.313,392.032,71.590,178.370
740.314,391.981,70.104,179.323
742.727,390.750,68.628,179.843
743.356,391.854,67.168,180.286
745.163,390.500,66.076,181.197
745.404,390.447,65.189,181.647
745.415,388.268,65.418,182.858
744.779,391.788,65.388,182.753
744.116,389.365,65.488,182.243
742.403,391.060,66.848,181.352
740.872,390.348,68.548,181.047
739.766,391.587,69.674,180.665
739.443,394.699,70.443,177.875
739.173,393.101,70.198,177.831
738.263,392.690,70.960,178.065
737.673,394.953,72.136,176.598
737.296,392.136,71.937,178.149
737.348,393.901,71.872,177.188
737.846,394.243,71.412,175.777
738.381,392.963,71.325,175.645
738.865,394.131,71.450,175.460
737.786,396.364,72.515,172.582
737.488,395.545,71.761,171.967
737.572,396.501,71.379,170.214
737.409,394.959,71.035,171.139
736.321,395.334,72.429,171.833
736.599,394.656,72.485,172.432
736.325,394.714,72.413,173.493
737.051,393.776,71.164,175.208
738.487,394.377,70.175,175.136
740.584,394.555,68.670,175.336
743.092,393.164,67.304,176.408
743.186,393.750,66.420,176.418
744.226,392.445,66.144,176.387
743.661,391.773,66.585,177.273
744.415,390.999,65.910,177.799
744.115,389.896,65.721,177.408
743.844,386.806,65.321,176.268
743.168,389.362,65.942,175.753
742.189,388.892,66.833,175.417
740.778,390.674,68.067,174.274
738.976,392.252,69.404,173.666
737.410,393.877,70.890,173.264
735.917,394.685,72.160,172.653
735.600,395.265,72.962,172.512
735.566,395.880,72.675,171.446
735.348,398.361,72.773,170.502
735.113,397.979,71.156,169.745
734.733,397.651,70.887,170.120
734.152,397.607,69.829,170.781
732.800,397.396,69.733,169.722
732.407,396.636,70.403,167.755
732.152,396.983,70.837,167.549
731.009,396.348,70.710,168.017
731.244,396.904,70.983,168.041
731.955,397.070,70.086,167.652
732.837,396.653,68.708,168.176
733.732,396.913,67.709,168.809
734.809,397.908,67.582,169.124
735.561,397.605,67.742,169.552
736.048,399.200,67.104,168.783
735.476,399.071,66.972,168.077
735.642,399.950,66.571,168.449
735.395,399.832,66.359,168.793
734.181,399.500,66.664,167.518
732.898,399.782,67.044,166.488
732.212,397.783,68.030,166.618
730.922,397.571,68.188,167.443
729.597,397.153,69.096,167.904
728.214,397.181,70.455,167.801
726.890,395.024,71.099,169.382
726.141,394.075,71.082,170.104
725.415,391.901,71.001,171.511
723.885,395.068,70.722,170.723
723.796,397.420,69.931,169.074
723.277,397.501,69.226,168.767
723.356,397.781,67.792,169.595
722.649,398.416,67.725,169.878
721.781,396.307,67.827,170.255
719.941,396.316,68.225,169.962
719.118,396.956,68.429,168.576
717.970,395.790,69.952,168.908
716.425,395.092,71.361,169.016
716.906,396.748,70.796,167.201
716.862,395.457,70.774,167.463
718.863,396.085,68.798,167.224
720.860,398.060,67.277,165.959
721.736,397.060,65.826,165.979
723.036,398.738,64.923,166.304
723.903,398.808,64.365,167.006
723.834,396.455,64.035,169.546
723.530,396.546,63.990,170.254
723.700,397.682,63.715,167.925
722.795,394.040,64.731,169.370
722.349,397.507,65.187,167.908
721.522,398.567,65.738,165.671
720.873,397.288,66.854,166.314
720.772,396.642,66.980,168.292
720.135,395.096,68.019,168.367
719.758,397.906,68.318,166.049
719.590,400.279,69.636,164.253
718.698,400.350,70.343,162.260
719.049,402.923,69.868,160.517
718.996,403.918,69.074,158.676
719.152,405.299,67.660,157.853
718.974,405.031,67.593,158.140
717.861,406.272,67.323,156.204
717.285,406.109,66.804,155.492
716.025,405.711,67.536,156.584
715.038,404.453,67.970,158.110
715.251,403.991,69.127,158.097
715.988,404.211,67.949,158.648
717.694,405.928,67.575,157.933
718.952,404.138,65.858,159.665
719.925,403.423,64.817,160.433
721.615,405.096,63.470,159.517
722.945,404.268,62.090,159.558
724.199,403.652,61.550,159.462
724.953,404.143,60.553,159.467
725.106,403.855,60.435,160.012
726.670,402.700,60.390,157.898
726.873,400.924,61.053,157.090
727.271,401.726,62.005,158.198
726.866,401.116,63.504,158.868
726.825,401.340,64.181,159.135
726.261,401.656,64.810,159.639
726.012,402.455,65.218,159.306
724.116,403.982,66.169,157.979
722.761,404.143,66.770,157.435
721.263,405.994,67.221,155.769
719.866,406.842,67.888,154.112
719.465,406.992,67.835,153.353
719.082,407.482,68.112,153.215
719.691,406.659,68.021,153.544
719.159,406.407,68.530,152.948
718.960,404.911,68.452,152.938
717.741,403.263,67.779,153.582
717.048,403.349,68.325,152.859
716.838,403.410,67.910,153.232
718.365,401.354,66.139,154.629
719.178,402.883,65.957,155.979
719.957,402.147,64.969,157.440
721.622,403.818,64.208,156.436
722.503,404.620,63.271,156.558
723.751,405.471,61.243,156.073
724.283,405.225,60.306,156.203
724.335,404.426,59.460,157.435
724.725,403.692,59.353,157.325
725.382,403.523,59.194,156.028
725.242,401.952,60.414,155.539
725.548,404.151,63.322,153.768
724.063,403.117,64.272,153.313
723.126,404.357,65.805,153.070
722.004,403.089,66.412,153.549
721.177,402.770,67.293,154.192
720.189,402.533,67.775,154.446
718.404,403.320,69.223,153.976
718.563,405.283,70.096,152.101
718.574,406.321,70.558,151.406
718.322,407.145,70.598,150.517
718.292,409.482,69.350,150.206
717.906,410.809,67.407,148.992
