180.000,54.000,163.000,200.000
183.665,57.737,166.027,196.395
182.553,59.416,168.782,193.619
182.513,60.405,170.246,192.369
183.064,60.631,171.486,191.795
181.147,60.611,172.352,190.903
183.733,61.344,172.756,190.944
182.350,62.305,175.024,190.991
181.443,59.248,175.312,192.170
181.523,60.107,176.709,191.637
180.191,60.976,179.307,191.463
182.313,61.453,178.963,190.767
181.692,60.471,179.147,191.670
180.530,60.819,181.271,191.737
179.641,60.578,182.351,191.471
180.541,62.460,182.787,190.342
179.452,60.021,181.064,191.997
181.434,61.679,182.474,190.232
180.642,61.715,182.254,190.475
179.669,60.537,184.231,191.806
180.018,61.880,182.495,190.531
180.073,60.928,185.064,190.295
178.474,59.199,185.718,192.087
181.880,60.988,183.581,192.076
180.556,59.041,182.997,192.317
180.016,58.502,182.759,191.654
182.006,59.195,182.789,192.634
182.749,57.096,183.546,194.254
182.442,58.697,182.965,193.162
182.600,58.501,183.213,193.316
180.745,57.881,185.315,193.172
181.881,61.415,185.775,190.199
176.536,59.283,180.244,191.794
182.133,59.684,182.136,192.048
179.095,58.370,182.350,191.453
179.703,57.691,181.985,192.317
181.049,61.891,186.393,189.249
179.745,61.548,190.786,188.569
178.241,60.384,188.249,189.735
178.427,60.924,183.254,189.482
181.781,60.913,188.702,189.041
178.895,59.759,192.059,189.111
175.822,61.310,192.342,187.961
180.090,62.137,194.100,188.317
178.828,61.158,195.026,188.735
177.598,60.346,195.851,188.629
175.903,63.471,192.884,188.031
179.432,65.374,193.014,187.894
174.903,63.238,189.522,189.433
178.037,65.277,193.049,188.173
175.223,65.386,196.575,189.723
173.901,66.590,198.724,189.543
172.546,66.670,198.755,190.212
172.140,69.489,199.164,190.772
170.883,73.889,200.134,190.335
172.461,78.304,200.451,189.735
171.283,81.454,200.497,188.765
172.632,80.802,199.326,189.798
173.724,83.471,198.813,189.969
173.741,86.314,198.875,189.742
172.033,84.164,197.162,192.068
174.941,85.646,194.804,191.217
175.067,86.353,189.748,191.646
178.929,88.402,196.444,190.733
177.143,87.878,197.900,191.109
176.373,90.761,200.222,190.621
177.461,89.798,199.334,192.211
175.490,92.535,200.552,192.118
175.864,92.087,200.345,192.484
175.617,93.783,200.202,191.833
175.507,94.508,199.905,192.022
176.433,95.499,201.010,192.361
176.792,96.160,201.247,192.042
176.668,95.860,202.664,193.347
176.517,99.010,204.629,192.478
177.227,104.983,206.976,190.618
177.709,102.996,208.868,192.691
177.519,107.124,209.501,191.195
177.659,110.658,210.928,189.914
177.902,112.333,211.133,188.931
178.611,112.461,214.027,188.758
177.349,114.520,214.859,186.543
177.671,113.118,214.088,185.987
172.730,114.685,204.690,186.108
174.584,115.465,207.009,185.851
176.738,118.207,210.346,182.918
170.731,118.748,199.231,183.328
173.321,119.827,196.932,182.922
170.714,119.672,195.218,183.261
167.791,118.068,186.507,184.621
167.042,118.567,174.370,184.875
168.231,117.437,166.791,185.166
170.371,118.167,164.974,185.307
168.600,123.943,162.647,185.041
167.031,127.695,162.397,185.858
168.006,132.877,166.853,185.679
168.147,139.495,172.922,184.282
165.822,144.886,176.468,183.376
165.778,152.126,180.193,183.285
167.876,153.124,181.201,185.134
161.433,151.492,175.934,186.916
163.342,145.031,177.291,188.811
157.925,139.813,169.908,191.511
160.437,135.229,165.593,191.581
158.292,130.900,160.561,192.648
157.963,124.026,158.127,193.894
160.415,119.775,156.377,193.500
160.668,115.422,155.368,194.182
158.805,114.119,154.986,193.229
160.512,111.595,152.702,194.115
160.816,107.979,148.860,194.023
162.159,105.604,150.621,194.989
163.577,106.286,153.789,195.634
163.202,107.762,164.623,191.917
165.888,106.113,178.530,189.767
165.775,106.544,193.545,189.341
164.314,110.986,215.517,183.168
156.643,113.533,223.316,182.929
153.592,112.905,226.695,181.448
149.351,112.428,225.333,181.681
149.201,111.867,230.591,180.592
150.543,112.461,235.896,180.891
142.765,112.354,225.857,185.437
144.247,111.612,220.749,188.683
139.620,110.032,210.071,190.493
138.986,102.738,195.197,195.872
144.845,105.423,193.297,193.549
144.547,107.946,188.932,191.122
145.192,104.767,183.232,191.903
145.928,106.493,179.804,190.362
147.046,105.571,182.277,190.393
150.886,107.574,188.879,191.148
157.065,106.506,203.235,188.619
153.702,106.750,214.202,186.332
153.079,111.446,224.099,183.298
152.248,110.733,227.956,181.790
152.018,109.081,230.646,181.831
150.348,110.321,233.265,181.427
150.477,111.243,234.141,181.765
152.418,108.157,233.218,182.270
153.031,108.977,234.790,182.853
154.505,110.015,235.069,183.601
154.694,109.522,235.630,183.594
156.254,106.811,236.466,184.146
158.181,108.500,236.369,183.133
161.395,109.888,234.491,182.883
161.495,109.413,234.690,183.101
161.712,109.477,236.101,182.582
162.275,108.475,238.188,181.825
164.296,110.517,239.971,180.754
164.668,110.677,244.358,179.403
166.321,107.886,246.358,180.856
163.515,107.720,249.921,181.689
164.008,108.546,249.782,181.979
162.511,109.423,250.510,180.532
160.071,109.942,252.724,180.248
159.995,109.562,254.352,180.814
159.529,109.550,254.912,180.965
156.832,109.837,254.049,182.804
158.705,108.321,251.210,185.561
159.226,107.084,250.298,187.307
158.546,106.715,248.567,187.689
159.136,106.323,246.973,186.794
157.276,105.434,246.546,184.067
156.056,105.990,247.018,182.463
155.837,107.235,245.998,181.276
154.250,106.034,247.289,180.447
154.520,106.260,247.678,180.162
155.421,108.034,247.098,179.694
154.492,109.009,246.322,181.288
152.760,108.963,246.673,179.771
150.585,108.912,248.017,180.275
150.307,109.010,247.306,181.780
148.869,108.213,247.724,181.421
146.040,108.793,248.106,181.229
145.529,109.775,248.798,181.178
145.761,110.040,248.467,180.100
142.007,110.256,250.676,179.104
140.670,110.721,251.172,178.835
139.544,111.819,252.187,177.932
140.336,112.775,252.492,177.816
138.881,111.315,251.729,178.663
138.413,112.014,253.092,179.417
139.299,112.325,253.355,179.196
142.328,113.184,252.935,179.552
145.584,114.073,250.982,180.483
144.873,113.977,252.489,180.417
145.533,110.814,253.348,180.081
151.888,112.710,253.050,177.875
152.578,114.281,253.784,178.272
154.671,115.420,255.343,177.805
155.851,114.897,257.552,176.444
156.099,115.591,259.905,176.334
157.525,115.737,260.892,175.960
156.102,114.901,264.651,176.758
156.201,114.075,267.723,176.862
155.318,113.955,270.045,177.333
155.549,112.484,272.697,177.105
157.215,113.874,274.744,177.351
160.106,114.356,275.077,178.958
155.655,114.163,279.925,179.190
157.716,113.359,282.159,179.057
160.028,114.647,283.765,178.733
157.913,113.344,287.984,180.800
155.402,112.614,292.913,181.032
151.845,113.875,297.372,182.293
145.976,112.691,303.294,182.413
144.683,116.374,303.155,181.459
140.958,110.810,303.064,183.710
138.119,114.169,298.451,182.944
134.623,111.520,293.433,185.028
133.876,109.233,287.191,184.900
135.226,113.061,276.874,185.068
130.693,110.036,272.023,184.903
128.239,113.959,268.474,185.598
124.139,114.567,269.013,182.746
119.969,114.860,270.864,183.152
118.127,116.229,273.387,182.022
111.324,116.134,275.740,180.569
101.627,115.212,283.033,179.621
95.749,115.627,287.182,180.021
89.516,113.590,292.093,180.073
88.274,116.787,293.127,180.600
82.635,115.054,297.130,180.671
83.448,115.151,298.042,179.379
82.732,115.074,299.412,179.558
80.386,118.864,301.840,179.076
80.613,117.297,303.767,179.808
83.719,117.579,303.733,180.119
85.010,119.951,303.834,179.082
90.931,117.969,302.368,180.151
99.034,117.818,295.555,180.373
107.233,116.388,288.029,181.055
115.882,117.318,281.039,182.643
124.559,116.939,273.808,182.333
130.403,115.691,270.216,182.982
134.413,113.841,267.662,184.107
140.031,114.138,266.063,185.109
141.837,114.640,265.322,186.506
140.829,113.814,268.425,186.551
139.532,112.374,271.458,186.134
142.541,115.224,272.363,185.931
145.045,111.860,274.103,187.115
143.549,114.722,275.474,186.143
137.727,112.934,272.081,186.942
137.879,114.663,275.342,185.711
137.126,114.929,283.856,185.212
132.692,116.010,293.366,183.931
129.339,117.222,303.188,185.706
122.470,117.827,313.777,185.709
115.744,116.616,326.270,186.288
109.921,116.033,331.527,188.413
106.366,116.869,335.680,188.868
103.985,116.649,326.082,190.878
108.605,116.333,310.828,191.413
124.886,114.379,300.554,191.076
138.614,112.932,288.504,191.319
154.745,114.856,283.192,190.434
161.450,115.902,280.924,189.564
158.596,118.280,283.168,188.236
158.049,117.467,283.478,185.942
161.252,120.744,284.239,181.801
156.521,120.783,282.357,180.898
147.180,120.150,284.904,181.200
135.867,118.904,287.123,183.294
126.987,116.325,290.246,184.829
112.445,118.730,287.601,185.092
101.753,115.815,291.914,187.275
92.674,113.288,295.552,190.700
85.139,113.246,288.934,192.973
86.586,114.479,290.648,191.407
87.591,116.985,295.375,190.052
88.270,117.628,288.140,190.037
103.092,115.813,288.830,189.823
112.817,116.037,286.781,189.519
120.537,118.770,281.392,189.110
123.991,119.398,273.727,188.951
126.238,122.069,266.647,188.201
120.907,123.007,269.348,185.888
113.680,122.280,272.893,185.898
109.448,123.201,278.994,184.605
105.099,121.354,284.727,185.000
104.219,119.319,286.285,188.612
102.288,117.057,290.381,189.773
103.103,118.857,296.036,188.382
98.179,118.896,298.270,188.283
97.251,116.908,302.591,189.428
89.469,115.653,305.110,191.664
86.231,115.545,306.882,192.386
84.944,118.441,310.049,191.483
82.771,117.611,311.742,191.949
81.266,116.814,311.737,192.730
81.150,117.593,312.036,192.840
86.677,113.617,308.768,194.881
92.526,114.953,302.191,194.779
100.758,113.485,295.639,195.504
111.148,114.402,284.615,194.557
121.580,115.519,273.889,195.435
127.618,116.009,265.792,194.305
129.591,114.786,262.390,193.217
132.538,115.075,259.381,190.233
131.933,113.915,258.492,187.969
132.272,117.333,257.145,186.480
128.543,118.208,257.739,183.030
121.714,118.606,259.068,180.151
113.874,122.409,261.554,177.976
109.473,120.209,261.031,178.452
106.826,123.488,258.821,176.636
102.733,129.381,259.582,171.969
95.777,130.134,259.889,168.781
91.084,134.982,261.427,164.275
88.085,135.752,265.098,161.401
86.471,134.487,264.574,161.509
87.043,134.476,261.308,161.745
91.514,136.258,256.829,159.111
101.497,134.292,245.021,159.704
106.432,133.661,236.081,160.985
109.439,134.646,228.572,160.097
111.912,134.930,220.687,158.195
112.218,136.563,217.107,157.035
112.042,137.513,212.698,155.496
112.230,138.021,210.518,154.091
110.348,137.378,211.914,152.365
108.658,138.105,214.103,150.683
104.921,138.916,215.867,150.529
103.396,140.702,218.758,148.480
100.626,142.447,219.682,147.721
96.102,142.212,223.026,146.199
92.115,142.765,224.283,146.490
91.041,141.802,224.299,144.983
90.512,143.820,225.526,144.284
86.473,142.823,228.814,143.944
84.090,143.695,230.819,143.908
81.510,143.215,232.760,143.428
80.916,144.508,231.181,142.800
80.568,143.933,229.282,142.627
82.031,144.255,225.303,141.259
84.851,144.522,220.934,140.168
90.374,143.196,212.872,140.319
95.485,144.560,204.973,139.678
100.127,142.203,197.567,140.922
101.514,142.153,192.010,140.992
98.822,142.435,190.943,138.524
97.071,142.025,190.031,137.150
92.588,141.393,191.656,136.500
90.226,142.153,193.405,136.580
84.995,142.800,196.137,134.399
79.624,144.348,198.175,132.927
77.744,145.687,199.687,131.385
71.987,145.355,202.556,131.240
70.739,147.517,204.722,129.547
68.087,148.028,207.024,128.741
67.215,148.928,206.724,128.004
60.514,149.600,209.768,127.377
60.767,149.760,210.538,126.184
63.425,151.018,206.155,124.630
65.803,150.388,201.136,123.898
70.745,152.392,196.734,121.662
75.786,152.185,190.698,121.677
82.129,153.130,182.734,120.983
86.272,152.644,176.896,120.208
88.304,153.455,173.082,119.879
88.385,153.474,171.805,118.468
88.117,154.591,169.748,117.629
88.606,154.760,168.817,116.914
88.441,154.712,168.589,116.426
87.189,155.573,169.350,114.922
85.883,154.825,169.770,113.677
83.331,156.196,171.360,112.874
80.068,156.138,173.963,111.914
79.049,156.638,174.881,111.237
76.989,157.456,176.071,110.349
76.244,156.669,175.893,109.381
75.022,158.118,177.482,108.675
73.787,158.436,178.962,107.699
73.832,159.169,179.300,106.979
72.593,159.546,180.153,106.656
72.663,159.023,180.855,106.549
73.238,159.683,181.328,106.307
74.767,159.688,180.966,106.306
78.839,160.462,177.198,105.690
83.640,159.483,173.825,105.151
89.201,159.238,168.639,104.323
94.818,159.575,162.231,103.727
100.035,160.347,156.789,104.342
101.868,159.906,154.336,104.337
103.851,159.395,153.138,102.830
103.629,159.502,153.594,101.897
102.617,159.759,154.305,101.580
101.798,159.197,154.577,100.936
