266.000,142.000,201.000,142.000
271.648,147.900,202.964,143.731
270.443,152.622,205.012,142.921
268.579,152.692,206.694,142.876
276.283,160.893,204.117,140.727
282.285,167.053,202.080,136.513
283.084,171.518,204.516,130.554
294.035,175.596,199.670,125.853
302.820,179.203,194.818,121.619
304.389,179.537,192.707,121.337
314.231,179.916,187.504,123.010
321.683,179.335,183.569,129.354
324.815,178.444,174.812,128.462
330.100,180.863,168.781,127.622
333.543,188.229,161.921,125.795
333.878,190.232,158.274,125.613
335.883,193.807,158.185,122.778
336.974,199.372,156.622,119.364
336.245,208.915,156.561,121.094
336.195,216.905,158.078,116.064
335.367,226.245,158.428,113.732
334.593,226.274,157.961,112.048
334.580,234.411,159.954,109.969
330.332,241.368,162.403,111.103
325.193,248.001,168.786,105.473
310.867,252.600,175.259,104.330
308.595,255.633,178.318,103.570
306.998,257.427,180.186,103.934
297.734,257.146,185.767,101.125
302.766,259.812,180.257,100.809
295.934,262.642,182.193,99.406
293.967,266.070,182.876,99.464
292.500,267.779,185.023,103.733
292.895,268.194,184.998,105.331
300.662,268.892,179.243,108.763
301.212,273.102,176.923,109.825
302.143,276.801,177.034,112.330
308.615,278.145,173.139,111.041
306.145,283.073,173.668,108.683
306.545,283.457,173.061,107.460
316.033,286.733,165.923,108.138
315.543,286.675,163.285,107.125
309.587,284.134,166.966,105.404
312.916,283.974,165.787,107.561
317.708,279.732,159.675,110.346
319.347,279.736,155.692,110.400
323.783,273.796,151.116,110.362
331.898,271.713,144.388,108.990
334.935,269.068,142.557,112.001
339.865,268.476,140.076,112.062
343.861,269.078,138.921,114.984
344.560,268.064,138.068,117.309
348.731,267.246,134.572,119.223
351.652,268.461,132.980,121.492
354.241,269.010,133.513,119.917
357.258,271.784,133.750,118.895
358.999,273.142,135.258,112.918
359.301,273.089,135.092,111.729
359.390,271.401,136.058,115.672
360.076,267.226,138.339,114.358
359.389,261.806,139.477,111.086
356.549,256.367,140.168,111.078
355.190,251.972,140.467,107.708
355.106,251.071,140.559,107.265
353.563,246.111,140.834,106.165
353.113,241.007,138.344,109.874
354.594,238.971,138.786,109.954
353.997,238.073,138.600,113.980
353.546,235.691,137.997,114.394
352.298,238.137,136.645,112.227
352.737,237.421,135.625,112.590
349.407,236.755,134.129,113.624
350.205,233.134,136.344,106.169
355.820,235.075,132.390,101.715
357.597,233.641,128.704,98.871
361.562,229.406,125.010,95.159
362.900,231.301,122.181,92.691
370.732,226.525,115.748,93.776
370.419,223.724,113.224,97.775
371.643,216.555,108.103,99.318
372.889,210.836,104.533,100.337
372.219,206.720,101.569,100.805
372.392,206.835,100.010,100.348
369.606,203.084,98.497,100.317
367.745,201.617,98.045,100.348
366.715,197.216,96.066,101.649
364.269,193.308,95.664,101.299
361.172,191.088,96.143,101.943
359.993,190.904,96.482,103.205
356.407,184.111,97.189,104.983
349.395,183.056,98.883,101.845
343.356,180.877,102.160,96.643
335.775,180.190,107.314,93.864
326.409,176.855,112.753,91.028
324.244,178.414,115.433,90.528
319.701,173.910,116.384,89.872
313.207,168.255,119.139,88.202
307.392,164.034,120.651,85.127
307.208,158.577,119.302,82.716
304.814,153.846,119.956,80.175
303.423,154.148,121.810,78.651
305.097,152.288,119.316,77.136
304.112,150.058,118.277,77.173
301.482,147.624,119.411,77.729
298.646,147.075,120.669,77.985
299.826,148.174,119.535,77.227
300.144,148.369,118.843,76.342
302.370,149.012,118.087,75.383
305.879,149.756,116.946,73.940
308.865,150.277,115.951,74.579
309.948,150.962,116.065,72.965
313.803,148.771,113.852,73.090
313.649,148.042,112.719,71.701
319.240,145.068,109.105,70.744
320.790,144.657,105.433,69.070
323.294,144.551,103.397,67.730
326.264,146.213,100.100,67.392
326.814,145.818,97.210,68.407
327.002,146.139,96.251,68.450
326.098,146.483,93.708,70.017
323.612,145.642,92.848,70.921
320.009,147.628,94.931,68.095
320.712,151.119,94.120,68.050
318.456,150.971,95.515,69.460
317.792,150.522,95.843,69.883
315.890,151.102,96.658,68.767
310.254,153.684,97.165,68.116
299.911,154.318,102.044,67.029
297.526,155.381,103.716,65.514
294.553,157.593,102.900,64.575
293.967,156.828,102.867,65.063
295.119,157.324,99.249,66.703
288.794,156.505,99.282,66.359
284.326,159.699,99.638,65.881
284.983,159.540,96.677,67.399
289.130,159.091,89.101,71.374
293.159,158.216,84.128,73.458
282.842,162.179,89.071,72.808
276.644,163.795,91.572,72.887
272.547,168.035,92.960,72.840
266.552,171.715,96.010,71.259
256.057,175.231,101.270,69.007
255.259,173.898,104.861,68.383
260.454,173.832,98.835,70.628
259.925,175.257,95.430,70.489
258.828,174.986,93.914,68.655
260.927,173.760,89.814,70.939
265.302,166.474,84.768,71.724
265.783,167.549,82.816,70.433
266.984,162.278,80.163,71.882
269.084,157.919,77.482,70.842
272.723,154.935,74.846,71.619
272.947,151.762,74.743,72.221
278.580,148.914,73.178,75.784
278.646,147.642,72.568,77.460
279.665,144.695,73.125,76.092
283.103,138.542,73.893,73.430
288.097,132.913,75.560,69.197
289.895,129.960,77.189,68.251
289.033,134.207,80.186,65.880
287.940,133.662,82.093,65.617
288.903,137.633,85.045,62.949
290.940,135.959,85.970,61.431
290.313,134.451,88.803,61.484
289.597,136.837,91.174,62.035
293.594,134.540,90.660,62.512
292.074,134.873,92.477,62.291
295.023,134.724,91.887,63.630
295.608,140.176,90.795,67.285
297.491,134.490,89.688,72.477
299.243,139.896,89.573,73.824
297.841,149.218,90.655,70.034
297.161,147.389,90.511,69.568
299.394,148.527,89.956,68.608
301.293,151.844,90.340,65.407
304.232,153.450,89.861,66.128
306.033,156.773,86.127,66.772
308.954,154.935,82.176,69.797
310.420,156.631,80.464,69.900
309.178,159.205,79.244,69.946
310.257,163.592,77.171,70.068
311.676,164.382,77.373,67.848
317.826,157.848,77.767,69.448
317.566,156.093,80.423,69.047
317.933,157.056,79.916,69.146
317.317,156.829,76.890,68.675
316.650,160.801,73.699,66.671
320.183,163.679,70.313,68.339
321.565,165.832,67.957,70.054
323.237,168.560,66.831,69.947
323.589,169.557,66.241,69.253
326.355,171.734,67.123,68.927
325.297,175.297,70.744,68.112
326.256,177.711,72.700,69.067
332.115,178.655,71.441,70.449
334.023,177.924,72.596,70.044
333.801,179.138,71.888,71.455
340.046,180.419,71.092,72.240
339.646,177.033,73.862,68.057
340.885,178.992,74.355,64.052
345.744,181.179,73.524,61.778
348.591,184.885,72.634,61.279
350.124,184.989,70.980,61.410
353.676,187.095,71.487,61.113
354.530,189.534,72.685,60.258
357.708,190.512,71.646,60.741
361.830,192.421,70.429,61.070
367.641,194.761,69.169,62.664
369.104,193.304,68.788,63.457
374.298,191.617,68.904,61.447
378.907,190.774,70.113,59.892
379.956,188.837,70.517,60.956
384.757,187.537,68.820,61.114
386.852,188.269,67.623,61.825
386.333,188.440,66.897,60.951
391.932,187.260,63.800,59.921
394.987,188.584,61.594,60.607
394.801,190.449,62.999,57.314
395.705,190.902,64.246,56.826
397.714,190.055,64.207,54.888
397.137,190.886,64.291,54.533
401.525,189.192,63.767,52.503
402.776,189.063,62.930,51.281
404.620,187.631,64.534,51.661
400.315,187.740,68.547,52.412
400.186,185.821,71.414,51.738
398.988,184.285,74.532,50.342
397.506,184.317,75.132,50.506
400.430,184.164,75.515,51.392
397.949,184.025,75.615,52.052
396.563,182.835,77.463,50.404
399.364,182.809,77.411,50.480
396.426,182.823,77.960,50.371
396.928,182.183,77.257,50.693
394.771,180.783,77.274,52.598
396.679,179.319,74.390,54.331
397.782,179.002,73.146,54.536
397.556,179.825,72.265,56.053
398.430,179.370,70.599,58.016
399.543,178.718,69.856,58.961
397.284,180.456,70.453,58.680
395.896,182.655,70.005,58.105
394.435,182.516,70.771,57.331
394.842,183.766,70.457,57.168
395.372,187.758,69.972,56.011
396.759,186.117,68.491,57.189
396.997,187.196,67.300,58.961
400.626,185.724,66.207,56.764
401.880,187.187,63.626,59.158
402.789,190.738,63.131,59.963
409.272,186.383,63.561,57.205
408.379,187.950,64.701,55.487
407.795,188.900,64.914,55.610
406.665,188.470,66.004,57.240
406.686,185.387,68.058,57.784
406.157,186.706,69.030,57.495
405.313,184.981,69.132,57.922
403.465,187.328,68.620,58.159
411.812,188.845,67.554,54.245
410.357,190.472,66.382,51.971
413.897,190.471,64.134,50.275
412.921,187.723,63.235,50.543
406.390,189.009,66.185,51.028
406.512,186.924,67.336,52.380
403.582,185.886,68.368,52.430
405.045,186.512,66.928,53.555
404.135,186.832,68.360,54.774
402.420,187.375,69.887,55.503
402.755,187.575,72.697,57.195
401.381,187.085,73.236,57.919
402.598,187.866,72.631,57.723
404.715,188.889,69.592,57.452
403.055,191.643,67.729,55.536
401.894,193.672,66.385,54.994
402.089,194.238,65.565,53.906
403.106,193.855,64.159,53.450
405.277,198.265,60.561,54.491
406.416,196.642,55.909,59.445
406.156,196.152,54.916,61.488
405.708,199.090,54.268,61.872
403.713,199.407,54.777,61.348
404.998,198.986,54.416,61.439
402.755,201.272,55.981,60.220
399.882,207.028,57.250,60.408
396.507,209.853,61.566,61.431
396.868,210.950,65.027,62.422
392.630,212.659,68.670,67.058
392.278,210.001,71.875,70.905
389.883,205.980,72.104,71.540
386.057,207.270,71.650,69.376
378.845,207.683,71.283,67.194
370.618,210.854,74.340,64.949
367.268,211.609,75.896,63.056
368.386,211.048,77.016,63.238
364.034,210.488,76.741,63.172
363.321,208.219,73.710,64.499
370.097,207.098,64.518,71.090
365.561,206.989,62.847,74.563
361.854,204.127,63.253,74.957
362.801,203.987,62.956,75.913
355.669,201.217,66.228,77.395
348.651,206.675,69.755,71.077
343.487,207.311,71.064,65.456
341.916,204.073,69.894,64.297
341.072,204.195,68.688,63.166
340.849,204.038,67.301,62.268
343.355,195.938,64.737,66.095
341.329,198.421,62.080,67.700
341.202,192.194,59.803,69.546
339.040,191.162,59.521,70.574
338.228,185.988,58.298,71.755
339.464,184.450,57.385,72.059
337.177,180.007,56.786,71.849
335.750,178.386,56.024,73.664
333.007,174.761,58.263,69.259
328.056,175.637,59.471,66.506
323.454,175.973,62.329,65.118
322.786,175.275,62.734,65.245
317.948,174.574,64.636,67.299
313.127,174.528,67.485,65.424
303.592,172.610,69.061,63.215
299.600,170.553,68.025,63.436
294.587,167.392,65.295,64.852
295.598,166.739,64.388,65.117
290.326,163.888,62.783,66.125
286.346,163.900,64.551,65.097
281.217,163.281,70.134,61.702
280.391,163.437,70.698,60.022
276.384,167.033,72.159,60.094
273.214,164.860,74.629,60.466
270.230,167.238,73.202,62.667
262.999,170.056,75.775,62.581
256.888,173.154,77.023,63.440
254.244,175.095,77.881,64.494
247.620,174.462,79.989,62.483
249.732,176.172,78.658,62.838
243.226,172.782,80.558,59.799
241.438,171.232,78.545,59.075
243.062,172.029,75.766,58.614
243.728,171.900,71.803,60.753
243.126,170.386,68.181,63.528
243.882,170.011,65.881,63.624
244.425,169.398,64.167,65.159
241.803,169.161,63.748,66.978
240.619,169.194,64.119,68.169
238.645,170.755,64.379,68.793
236.384,172.767,64.390,68.759
236.327,172.960,64.470,68.395
233.890,175.427,64.454,70.149
232.534,176.061,65.115,69.293
232.240,175.392,65.964,67.895
230.699,176.208,66.759,66.862
226.032,179.371,67.940,68.157
224.561,179.609,69.593,68.535
224.284,179.047,70.548,68.066
219.644,179.312,72.862,68.729
216.392,182.955,73.395,70.430
215.609,184.629,75.493,71.987
215.212,185.022,78.825,72.749
214.400,184.810,80.412,72.787
