559.000,126.000,302.000,429.000
562.387,126.163,302.990,432.510
560.234,120.978,304.120,439.205
553.666,116.379,312.391,445.518
540.426,114.494,328.295,446.216
517.697,119.415,347.979,442.432
499.862,128.886,369.968,432.109
481.964,128.696,391.384,432.378
475.702,154.133,409.951,419.028
466.646,181.190,422.813,392.612
466.215,210.939,432.657,367.056
464.534,225.827,435.453,348.109
468.297,235.211,435.044,333.262
461.991,242.409,435.886,324.027
468.185,244.486,430.941,319.318
466.579,247.450,428.366,315.952
486.869,246.039,414.640,316.783
486.318,247.997,408.142,313.366
483.549,251.335,408.129,310.589
493.479,250.789,395.482,311.055
497.581,250.549,390.170,309.572
493.014,251.285,389.977,309.412
494.073,252.641,386.247,309.398
494.759,251.250,386.173,308.798
505.023,249.516,377.395,312.115
520.621,246.875,365.277,316.238
511.901,247.018,367.165,317.279
533.570,240.662,353.607,322.193
532.039,233.528,346.430,328.698
540.958,224.247,339.744,337.967
545.293,212.600,334.763,349.737
554.856,200.189,325.056,360.600
553.198,189.606,322.701,372.492
543.765,178.380,328.437,383.911
539.299,173.903,333.376,389.589
534.470,165.842,337.975,397.715
536.810,160.741,336.956,403.058
534.773,152.742,336.944,409.878
533.170,145.867,333.561,417.374
529.778,138.585,340.640,424.875
520.650,132.278,349.194,432.148
507.715,124.414,365.177,441.035
500.202,115.141,376.629,449.262
498.952,107.635,384.579,459.739
505.872,102.771,385.318,466.785
505.697,96.704,389.441,474.136
506.823,89.921,391.949,483.802
509.119,83.476,392.379,491.165
513.170,78.977,393.117,494.694
511.750,84.858,391.377,488.137
511.821,100.413,394.284,474.390
498.850,110.981,402.578,462.847
487.095,121.011,410.075,452.806
481.309,141.663,417.666,436.653
482.279,154.544,417.611,422.959
469.637,171.496,425.789,406.806
479.396,200.891,425.691,383.331
458.639,217.278,441.719,361.760
469.100,219.536,437.444,352.518
474.405,214.767,430.760,348.052
483.047,208.378,422.321,352.767
491.075,199.241,414.348,359.582
492.600,191.107,414.131,369.841
514.424,179.739,403.953,383.749
505.851,158.880,405.343,398.616
511.993,146.294,400.211,411.340
509.961,133.698,398.706,423.754
517.740,122.046,395.814,435.976
503.318,105.931,384.037,447.717
510.171,95.006,389.429,462.549
533.359,86.986,387.721,471.647
544.386,77.976,372.174,482.401
559.247,69.056,364.443,490.412
566.563,68.329,363.218,493.579
569.639,62.224,356.472,500.231
577.090,65.048,360.545,501.524
577.093,94.947,361.729,484.404
575.539,116.320,373.850,459.748
571.524,144.335,392.319,430.257
575.903,184.535,412.305,396.028
567.781,221.092,434.868,358.949
550.658,238.288,459.421,332.775
549.551,248.680,470.098,314.733
561.196,254.935,473.445,307.745
575.895,257.851,472.951,304.981
596.072,259.208,466.032,300.569
611.400,259.414,450.718,303.837
627.120,261.664,443.332,303.059
636.556,266.021,440.087,302.732
641.316,269.375,434.346,305.013
643.733,267.969,425.873,308.156
647.443,267.803,422.001,309.128
650.581,266.112,417.468,310.237
651.930,265.668,418.743,309.542
650.053,263.252,418.048,312.338
646.554,262.354,422.075,313.753
640.386,260.935,424.960,312.427
631.765,262.600,427.021,310.449
623.395,267.085,430.227,307.117
612.728,267.395,436.361,304.724
602.608,271.247,441.243,301.014
589.877,273.134,440.191,298.074
580.853,273.449,436.962,294.976
572.941,274.944,434.639,291.053
560.749,277.027,428.352,288.228
555.439,277.415,430.167,283.568
544.477,279.533,426.709,280.819
539.190,280.682,427.374,277.127
535.170,283.212,437.161,274.965
530.848,283.879,455.578,271.951
516.613,283.228,458.822,270.427
510.641,282.936,459.134,270.554
505.336,282.612,455.891,270.373
499.077,282.479,451.017,269.262
493.890,281.032,438.327,269.725
491.467,280.284,425.498,270.084
485.443,277.401,406.805,270.476
486.356,276.082,392.434,268.525
488.321,277.928,382.336,266.770
490.277,275.846,375.457,266.251
492.522,278.382,370.381,265.027
493.884,277.933,368.070,266.131
494.322,282.754,369.019,266.550
492.156,286.802,375.076,265.009
490.256,295.847,384.676,259.604
486.630,300.340,385.296,255.608
486.896,300.400,385.645,254.741
486.362,298.835,379.553,256.390
487.804,295.510,375.834,257.511
490.482,293.955,372.517,258.902
489.867,291.509,371.519,261.049
491.890,287.780,376.954,263.229
490.869,283.491,377.719,268.597
492.496,279.204,380.949,273.130
495.460,275.236,384.958,277.468
497.735,271.098,389.774,281.886
501.089,266.610,401.031,283.687
500.813,265.127,413.836,285.266
504.893,264.698,434.329,285.758
501.971,263.204,455.773,288.512
499.756,264.107,467.604,290.424
496.846,264.535,472.374,292.400
497.083,265.588,476.353,292.324
497.153,268.137,479.864,291.972
499.889,268.126,482.024,292.136
502.692,269.305,482.752,291.230
505.763,270.921,483.435,291.314
510.260,270.454,484.348,291.847
512.606,270.993,483.089,291.989
514.887,270.972,479.812,293.495
517.880,270.454,478.425,295.067
520.797,271.928,476.308,295.590
522.935,272.077,470.764,295.999
526.108,272.095,466.078,295.847
527.593,273.821,462.478,295.023
532.107,275.405,460.150,293.678
533.594,275.698,457.635,291.694
532.234,275.924,447.140,290.914
538.136,278.904,452.226,287.995
531.679,280.155,435.588,287.609
534.307,282.040,432.755,286.435
533.296,282.283,427.915,285.922
537.269,281.958,432.703,282.866
531.933,283.947,420.731,282.109
534.425,284.160,424.133,282.392
536.125,285.993,430.073,280.453
536.058,287.310,433.798,277.725
535.886,287.451,438.164,275.982
529.822,286.738,429.113,276.124
530.955,286.551,433.393,275.538
523.460,282.983,420.441,277.673
524.167,281.891,421.558,278.004
520.927,281.336,419.453,278.606
519.024,281.410,419.284,277.631
518.852,280.926,423.975,276.355
517.807,280.657,426.384,276.530
514.248,281.897,425.334,275.799
514.513,283.002,429.404,275.470
514.735,282.689,434.167,275.571
509.680,283.842,427.130,276.204
507.586,284.276,421.222,276.725
510.859,281.505,424.718,277.237
506.405,281.860,417.553,278.522
508.020,280.779,421.813,276.776
507.948,281.433,423.800,276.262
509.502,279.474,430.896,275.228
506.852,280.696,434.594,274.575
503.995,278.408,438.201,275.604
505.272,277.574,444.470,275.399
505.507,277.111,448.199,277.575
506.890,277.365,451.479,278.197
507.358,278.389,452.899,278.608
506.996,277.575,452.841,280.189
509.721,278.932,453.286,281.221
511.385,281.181,452.051,282.499
514.050,282.801,446.934,283.357
518.900,285.079,444.629,281.151
522.897,286.796,443.370,277.036
529.956,289.440,441.319,274.690
534.108,290.688,434.711,273.332
536.841,291.824,428.284,271.974
539.944,295.369,421.591,269.144
543.934,299.282,417.379,264.248
547.227,301.868,413.908,260.598
548.869,304.082,411.331,258.808
550.744,307.214,410.067,256.291
550.950,305.314,408.634,257.813
549.632,297.942,406.178,261.901
543.697,293.715,401.883,265.078
542.534,301.431,401.579,260.794
540.907,308.670,402.064,252.892
539.571,306.009,403.205,251.399
538.873,305.655,401.318,253.417
537.212,307.348,397.979,258.377
535.959,308.453,397.767,259.617
528.548,306.640,400.179,265.045
516.933,303.868,414.395,262.451
493.782,304.580,429.179,261.494
472.344,302.385,451.681,263.405
446.261,298.776,475.806,264.146
417.492,290.561,501.895,265.008
397.071,278.705,529.637,271.440
389.745,268.234,548.451,276.142
387.143,261.133,557.519,277.709
387.536,248.253,559.793,282.907
386.814,235.860,560.305,291.719
399.266,222.939,553.603,303.179
413.652,206.641,554.706,313.869
421.733,194.285,548.442,325.657
429.523,182.027,535.199,337.747
434.412,172.358,515.799,347.785
447.923,164.357,495.854,356.280
467.156,161.818,478.428,360.194
486.940,163.323,453.691,360.849
510.620,164.144,430.835,360.891
530.093,172.875,426.924,354.408
539.001,177.861,421.585,352.055
544.882,181.476,415.115,350.786
546.822,184.317,410.686,348.162
547.137,187.985,407.746,344.460
549.062,192.742,406.450,340.522
549.526,194.194,403.511,336.839
551.607,196.972,398.188,337.368
551.947,196.133,394.404,338.945
551.525,192.127,389.216,341.077
553.810,191.884,387.304,342.568
553.905,189.676,386.180,345.563
552.962,185.998,385.752,348.885
551.171,182.135,384.455,352.125
553.704,177.532,382.581,354.239
552.003,172.657,383.245,359.431
553.722,169.691,382.390,363.126
554.767,163.469,380.815,367.978
552.782,158.023,375.950,373.677
553.677,150.081,374.415,380.629
557.688,146.223,376.523,385.992
555.880,142.143,375.194,390.656
556.185,137.700,373.199,394.011
559.643,133.996,369.318,398.552
561.777,130.887,367.787,402.267
563.104,133.967,368.596,400.700
563.923,142.553,370.569,394.973
560.929,152.152,368.942,387.118
562.531,162.255,372.125,378.076
562.244,172.509,374.775,368.871
562.604,180.601,376.874,361.355
561.008,185.448,380.571,354.735
559.572,189.479,381.757,351.949
560.871,191.086,380.608,350.781
560.471,192.409,381.450,350.478
560.086,193.325,381.678,350.678
559.328,194.586,381.884,349.965
557.886,199.058,383.530,346.446
554.146,204.440,386.045,341.076
554.171,209.073,386.710,336.955
554.928,213.494,384.806,333.946
555.753,216.532,384.816,331.395
556.438,219.430,384.582,328.828
554.193,224.933,386.938,322.545
552.454,234.537,386.565,314.390
548.847,252.768,391.070,297.483
544.944,275.275,397.752,277.562
543.623,293.788,398.490,259.596
542.939,299.102,399.719,252.864
541.318,301.623,399.861,251.712
536.909,302.011,401.107,253.176
531.978,305.986,407.377,260.917
513.972,303.704,427.989,248.827
480.357,311.429,452.221,238.182
472.802,302.770,470.661,239.856
412.766,294.240,497.459,245.993
430.241,271.609,507.193,260.507
438.319,251.135,504.523,284.004
444.190,221.090,491.372,310.483
501.783,192.069,451.403,337.244
531.651,164.018,412.953,366.671
545.056,157.581,381.249,382.005
551.621,162.671,360.043,382.599
548.232,177.350,340.045,372.994
565.674,204.097,345.136,350.665
563.401,228.474,364.541,326.602
547.812,242.758,355.367,313.144
549.334,249.597,347.919,303.939
547.886,250.879,336.755,302.432
545.658,244.523,325.981,306.507
552.288,240.056,336.473,308.133
546.431,236.546,345.281,312.139
541.843,228.100,349.233,320.773
540.116,215.231,353.692,333.197
542.172,208.073,368.770,338.580
531.132,197.771,372.266,346.790
528.841,189.631,358.391,357.620
532.445,181.156,355.009,366.677
529.977,173.752,343.614,373.063
529.707,165.307,334.469,381.436
531.891,158.554,330.234,389.597
532.177,153.943,329.630,396.069
530.981,151.560,327.778,401.806
528.776,150.407,325.910,403.182
526.658,154.410,321.956,400.699
527.584,159.688,320.858,395.698
529.289,164.152,316.964,392.201
533.450,170.042,323.986,385.897
534.439,177.246,330.648,379.095
526.796,183.612,322.245,372.106
528.054,183.721,318.385,371.515
528.827,188.401,320.488,368.487
532.332,189.686,329.127,366.404
535.607,192.965,349.092,360.312
517.864,193.087,343.582,360.988
526.700,195.527,348.966,360.084
523.127,196.547,348.845,357.940
521.887,198.879,347.953,355.267
527.787,201.982,357.171,352.668
519.484,202.210,352.157,352.928
525.851,197.033,359.645,356.094
524.391,191.193,367.649,359.815
519.901,183.899,369.545,366.629
524.162,186.086,374.932,366.693
522.978,193.571,381.180,363.524
523.357,197.691,389.682,364.411
518.613,207.560,397.320,370.801
512.944,219.199,392.615,388.548
516.624,224.685,391.116,403.400
518.423,232.093,393.339,412.308
519.012,240.360,394.054,414.089
517.397,255.955,391.818,410.263
516.674,270.224,387.155,403.426
514.621,285.686,380.626,390.260
511.940,301.112,373.227,375.248
507.422,312.621,367.999,360.003
506.080,310.803,363.358,357.808
507.029,303.650,354.333,365.207
509.362,296.954,345.196,375.217
510.338,285.396,338.892,385.824
515.991,270.205,333.282,395.389
518.748,255.699,329.871,406.079
523.013,242.963,326.868,423.362
534.768,231.072,318.225,451.897
546.939,216.468,307.734,483.965
557.220,201.555,299.044,505.465
569.018,184.585,288.343,523.495
581.584,173.526,275.760,536.730
593.285,165.908,265.149,546.932
601.925,156.703,258.373,553.821
609.525,149.018,254.321,559.173
617.062,146.357,250.223,563.605
622.619,152.707,246.439,560.285
627.790,148.158,242.818,563.092
634.737,142.383,234.777,565.641
642.062,146.647,227.172,565.990
650.829,149.633,221.420,563.100
655.442,156.731,215.688,559.768
658.842,164.010,209.876,551.692
664.458,174.632,206.216,548.048
665.978,179.270,204.373,537.150
670.615,174.585,202.868,539.477
671.741,179.386,202.325,536.992
675.684,180.627,201.137,540.593
675.935,178.073,200.344,539.466
676.602,179.166,202.207,534.941
678.704,176.211,201.142,532.158
680.715,169.841,201.085,532.366
682.648,166.074,201.327,529.661
683.084,161.789,199.942,525.131
685.828,159.734,200.500,522.313
685.537,158.237,200.603,513.777
686.335,156.785,199.781,510.253
686.660,153.787,199.783,507.187
687.430,149.024,199.679,501.846
686.318,148.903,200.295,500.894
687.336,148.065,199.420,495.794
687.066,149.804,199.069,495.993
687.769,150.968,200.948,488.863
688.317,166.790,200.764,475.095
687.219,179.040,200.264,458.334
685.252,189.263,196.544,443.727
685.680,199.203,189.052,433.654
687.087,206.570,185.282,423.106
688.855,206.574,183.047,420.956
695.303,203.162,188.541,422.833
698.141,195.071,202.083,428.638
702.814,189.913,216.571,430.738
702.852,187.428,227.477,433.802
701.857,184.078,232.732,434.935
702.932,181.151,235.515,438.232
702.076,181.837,233.165,441.058
705.480,177.434,235.430,442.737
705.590,179.393,234.704,443.391
707.466,175.456,235.639,445.326
708.960,174.372,237.443,446.085
709.823,172.167,238.572,446.694
709.427,172.773,235.174,448.667
709.929,168.248,236.157,450.747
713.182,165.659,235.414,452.851
713.643,162.154,231.869,456.272
713.865,157.461,228.178,459.479
712.531,154.382,219.587,464.073
711.521,154.806,207.227,466.531
710.046,150.887,198.417,469.418
711.000,151.517,190.365,468.383
710.800,149.726,183.297,470.343
710.347,151.546,178.811,472.772
710.225,148.001,176.355,479.959
709.364,145.519,176.083,486.044
707.843,145.465,175.725,489.327
704.161,146.352,175.893,490.930
697.598,148.090,179.975,491.099
695.535,152.645,183.008,484.218
690.735,156.250,186.082,475.496
686.513,159.646,187.255,472.738
683.140,160.645,189.095,467.473
681.459,164.660,188.431,463.271
680.263,167.664,185.464,458.755
683.296,167.712,183.108,458.758
683.130,167.605,178.841,453.291
685.531,172.027,174.969,452.605
688.046,172.219,170.974,447.543
687.871,172.971,167.302,448.340
687.913,174.556,164.541,452.444
687.381,174.607,162.284,454.687
686.238,175.700,159.844,459.678
685.108,175.328,158.161,459.278
682.663,177.150,157.218,459.779
681.280,177.736,157.203,458.626
679.378,181.948,156.532,455.068
680.244,187.084,158.524,446.114
677.975,193.168,158.368,440.240
678.801,196.882,157.745,433.134
680.334,196.813,158.604,429.592
678.941,197.175,161.400,428.394
680.396,198.209,166.386,428.562
679.165,200.748,171.027,428.170
680.320,200.518,176.489,428.978
682.418,199.258,182.984,429.203
685.849,203.407,191.679,423.172
682.977,214.876,202.100,415.056
685.914,229.725,214.595,398.810
685.658,240.697,222.150,385.977
687.762,248.212,231.229,377.025
685.127,257.020,239.282,370.056
682.448,262.072,242.187,366.684
682.775,260.399,241.520,364.776
680.550,258.656,236.513,367.838
679.432,254.132,231.148,371.018
677.410,251.372,226.921,372.145
675.960,248.357,221.652,373.311
674.555,248.838,212.233,373.744
673.556,246.495,205.117,374.016
670.915,247.088,197.296,373.618
668.198,246.210,187.863,374.723
666.176,244.602,179.128,376.032
665.131,241.960,171.973,377.799
665.115,242.483,166.825,377.957
666.358,241.981,161.873,378.369
665.369,238.663,158.798,381.037
662.975,235.477,157.698,383.411
659.007,231.803,159.877,385.929
653.449,226.853,164.717,390.793
643.075,223.862,174.524,392.841
631.042,222.935,184.169,393.649
615.964,225.161,198.560,391.063
596.302,231.017,216.477,384.229
575.025,248.021,236.231,368.752
558.140,289.428,257.553,339.208
543.503,308.564,275.491,312.615
533.914,315.157,287.148,300.551
546.898,307.006,279.169,302.843
569.471,296.415,261.170,309.489
593.333,287.533,238.341,320.109
620.965,274.569,212.218,331.834
646.284,255.743,187.231,350.746
652.585,237.863,176.793,363.619
656.274,232.109,175.036,373.683
661.233,237.949,186.315,372.487
655.020,305.664,184.631,324.756
653.565,330.422,180.154,289.590
652.683,341.830,173.207,271.295
655.754,346.432,168.839,262.354
655.567,342.778,167.098,260.637
656.819,333.264,167.395,266.442
658.622,324.983,172.536,275.716
658.250,315.198,175.382,285.659
656.775,305.065,179.965,295.273
656.213,294.836,182.362,305.935
655.307,284.329,187.701,317.102
654.698,269.964,190.226,330.166
651.021,254.339,186.251,344.733
649.604,240.759,181.074,359.478
646.928,227.705,177.072,373.324
