246.000,220.000,62.000,32.000
257.137,221.863,63.297,32.509
267.992,220.630,64.105,32.582
278.259,221.035,64.489,32.259
289.464,219.855,64.187,32.414
299.888,219.770,64.034,32.262
310.205,219.157,64.289,32.321
321.025,219.099,64.404,32.090
330.858,218.431,64.331,32.148
340.411,217.134,64.674,32.255
349.640,216.708,65.046,32.474
358.762,216.433,65.209,32.626
366.848,216.258,66.116,32.987
375.462,215.534,66.601,33.363
384.382,214.687,66.628,33.539
393.422,214.228,66.146,33.427
402.685,213.587,65.463,32.947
411.010,212.871,64.731,32.654
419.294,212.695,63.632,32.693
426.811,211.712,63.154,32.683
433.735,210.517,63.327,32.631
440.891,210.779,63.156,32.332
447.889,209.861,63.517,32.278
454.069,208.637,63.507,32.480
460.300,209.291,63.724,32.168
465.610,208.080,63.913,32.204
471.217,207.037,64.411,32.482
476.295,206.772,64.972,32.405
481.046,206.229,65.630,32.695
485.994,205.254,66.201,32.170
490.753,205.627,66.719,32.610
494.375,204.857,67.309,32.875
498.257,203.485,68.066,32.977
502.355,203.724,68.229,32.713
505.944,202.243,68.772,32.602
509.395,201.944,69.041,32.802
513.795,201.541,68.395,32.891
518.311,200.988,67.971,33.122
521.118,199.771,67.521,33.380
524.610,199.226,67.215,33.440
527.429,198.580,67.019,33.333
529.493,198.363,66.599,33.109
531.145,197.444,66.772,32.956
532.413,196.974,66.779,32.979
533.854,197.015,66.775,33.051
535.450,196.304,66.625,33.190
538.052,196.145,65.995,33.274
539.796,195.289,65.188,33.263
542.282,194.799,64.730,33.524
543.016,194.200,64.513,33.685
544.847,194.286,64.468,33.162
545.343,193.743,65.179,33.365
546.096,194.351,65.574,32.959
546.843,193.701,66.009,33.300
547.724,193.966,66.109,33.434
548.443,193.285,66.419,33.507
549.133,193.212,66.975,33.507
548.933,193.706,66.864,33.407
550.040,194.098,67.101,33.333
550.568,193.365,66.906,33.226
552.404,193.819,65.826,33.155
554.727,193.182,64.636,33.119
555.235,193.328,63.962,33.087
555.547,193.588,63.918,33.238
555.343,193.429,63.999,33.269
556.630,193.230,63.686,33.030
555.464,193.446,63.743,33.090
554.710,193.845,63.386,32.902
554.436,193.341,63.428,32.563
552.927,193.235,62.835,32.550
552.222,192.153,62.948,32.685
549.825,192.601,62.604,32.341
547.167,192.168,62.687,32.429
544.705,192.099,62.429,32.166
542.404,191.298,62.581,32.302
539.841,190.394,62.320,32.337
536.167,190.198,61.807,32.125
532.631,189.194,61.631,32.194
529.398,188.459,61.641,32.012
525.381,188.045,61.176,31.684
521.645,187.809,60.865,31.763
516.697,186.656,60.494,31.795
512.931,185.173,59.950,31.395
508.811,184.382,58.880,31.327
504.489,183.289,58.133,31.453
499.240,181.620,57.282,31.124
494.094,180.660,56.647,30.718
488.075,179.800,56.540,30.226
481.354,179.104,56.174,29.802
475.913,177.492,55.385,29.636
470.068,178.038,54.762,29.217
465.058,176.535,54.306,29.060
458.563,176.642,53.924,28.344
451.587,176.203,53.442,27.976
446.032,176.876,52.526,27.927
438.745,177.105,51.837,27.454
431.891,176.910,51.381,26.902
425.096,178.144,50.512,26.583
418.578,179.210,49.768,25.981
411.263,179.601,49.258,25.750
404.076,181.375,48.738,25.488
397.533,182.369,48.364,25.376
390.497,182.383,47.972,25.162
383.898,183.623,47.481,24.794
375.762,184.537,46.234,24.285
369.847,185.301,45.510,23.726
362.322,185.569,44.374,23.260
355.898,185.460,43.576,22.970
349.063,186.195,42.494,22.529
341.713,186.111,41.569,21.906
333.471,185.227,40.517,21.555
325.813,185.612,39.695,20.904
319.128,184.856,38.794,20.511
312.331,184.940,37.642,20.100
305.833,185.071,36.671,19.526
299.241,185.330,35.870,18.702
293.001,184.917,35.027,18.028
286.407,184.288,34.344,17.588
280.314,184.222,33.745,17.210
275.296,183.615,32.786,17.233
269.219,183.546,32.174,17.209
263.809,182.466,31.656,16.977
258.110,182.152,31.014,16.499
253.114,181.365,30.857,16.029
247.067,181.388,30.760,15.502
241.745,179.836,30.222,15.333
237.603,179.354,29.465,15.092
231.858,179.014,28.842,14.558
227.236,177.441,28.137,14.272
222.322,176.945,27.800,13.811
217.418,176.456,27.401,13.805
212.968,175.272,27.307,13.475
209.103,174.991,27.172,13.143
206.882,174.351,26.400,13.080
203.493,174.251,25.469,13.019
201.053,173.782,24.757,12.986
199.293,173.622,24.175,12.683
196.526,173.127,23.481,12.530
194.159,173.679,23.353,12.177
192.552,173.513,22.979,12.099
190.097,173.256,22.446,12.183
189.402,173.785,22.080,12.076
187.632,173.991,22.213,11.788
186.191,173.969,22.211,11.599
185.545,174.941,21.883,11.420
184.098,175.926,21.863,11.417
182.643,176.683,21.854,11.374
182.343,177.245,21.457,11.437
181.291,178.459,21.128,11.321
180.941,179.267,20.991,11.186
179.812,180.960,20.581,11.579
178.760,181.994,20.724,11.751
178.978,182.852,20.913,11.856
178.613,183.918,21.091,12.027
177.200,185.884,21.460,11.887
176.926,186.655,21.695,11.863
175.321,187.035,21.901,11.811
175.032,188.271,21.696,11.938
174.037,189.408,21.819,11.797
173.380,190.159,21.926,11.685
172.681,190.660,21.528,11.817
171.015,191.270,21.237,11.978
170.270,191.782,21.373,11.647
169.019,192.928,21.127,11.813
166.869,193.108,21.241,11.779
165.441,194.156,21.420,11.608
163.358,194.767,21.383,11.434
161.726,194.990,21.597,11.425
159.871,194.966,21.578,11.330
157.310,194.272,21.741,11.350
155.430,195.037,21.848,11.255
153.626,194.682,22.192,11.335
151.875,194.502,22.656,11.295
149.970,194.567,22.713,11.372
148.130,194.651,22.822,11.251
145.767,194.585,22.617,11.174
144.451,194.500,22.479,11.089
142.837,193.944,22.239,10.944
141.279,194.234,22.135,10.804
139.429,193.945,22.286,10.676
136.798,194.248,22.073,10.758
135.236,193.745,22.097,10.524
133.138,193.320,22.226,10.791
131.953,193.620,22.113,10.850
130.249,193.847,22.080,10.796
128.601,193.820,22.062,10.851
125.758,193.787,22.695,10.661
123.747,193.081,22.910,10.661
121.663,193.231,23.206,10.700
120.072,192.650,23.657,10.552
118.393,192.698,23.409,10.580
116.483,192.831,23.463,10.506
114.644,192.949,23.466,10.521
112.512,192.828,23.841,10.601
110.216,192.062,24.055,10.768
108.815,192.883,23.885,10.862
106.576,192.846,23.844,10.909
105.510,192.583,23.727,10.890
102.758,191.589,23.940,10.845
100.876,191.886,24.062,10.704
99.079,192.049,24.173,10.719
97.675,192.042,24.242,10.756
95.720,191.952,24.340,10.581
94.197,191.483,24.170,10.725
92.979,191.067,23.932,10.757
91.559,190.981,23.879,10.919
90.347,191.367,23.549,10.835
88.038,191.016,23.286,11.012
86.771,190.606,23.171,11.202
84.954,190.267,23.224,11.175
83.559,190.795,23.866,11.035
82.040,190.819,24.030,10.935
80.147,190.623,24.269,11.135
78.135,189.831,24.192,11.387
76.337,190.150,24.411,11.334
74.642,189.780,24.241,11.368
73.779,190.026,24.278,11.248
72.500,189.922,24.427,11.514
70.258,189.439,24.427,11.655
69.533,189.890,24.486,11.527
67.282,189.386,24.540,11.478
65.611,189.680,24.653,11.501
64.658,189.995,24.964,11.372
62.815,189.921,25.041,11.304
61.760,189.562,24.949,11.420
60.325,189.053,25.120,11.552
59.550,189.302,25.417,11.653
57.570,188.688,25.812,11.843
56.008,188.374,26.118,11.997
54.600,188.721,26.470,12.006
53.342,188.231,26.792,12.030
51.382,188.274,27.126,11.995
50.317,188.301,27.290,11.995
49.194,188.025,27.490,12.082
48.818,187.424,27.261,12.264
47.687,187.813,26.820,12.533
47.013,187.567,26.231,12.669
45.974,187.410,26.448,12.796
43.710,187.652,27.018,13.095
43.240,187.487,27.368,13.232
42.776,186.891,27.423,12.935
41.565,187.451,27.388,12.673
41.114,187.449,27.311,12.500
40.372,187.488,26.819,12.450
40.328,188.204,26.430,12.160
39.775,187.843,25.874,11.926
38.970,187.944,25.399,11.863
38.636,188.364,25.339,12.054
37.871,187.774,25.141,12.028
37.671,187.753,25.257,11.853
37.404,187.632,25.087,11.759
36.458,187.513,24.911,11.658
36.009,187.923,24.925,11.556
34.787,188.300,24.951,11.523
34.015,187.603,24.780,11.324
34.325,188.247,24.677,11.301
32.730,188.194,24.365,11.634
32.436,188.228,24.062,11.649
32.547,188.138,23.952,11.604
31.261,188.369,24.349,11.675
31.112,188.222,24.270,11.819
30.152,188.303,24.321,11.956
29.165,187.980,24.317,11.999
28.753,188.527,24.452,11.920
28.623,188.112,24.790,11.982
27.804,188.252,24.597,11.912
26.717,187.972,25.015,11.692
25.970,188.562,25.519,11.525
25.499,188.818,25.765,11.410
25.536,188.119,25.931,11.296
23.564,188.163,26.239,11.885
23.376,188.242,26.290,12.205
23.199,187.972,26.445,12.412
23.180,188.308,26.371,12.427
22.876,187.720,26.426,12.555
22.282,188.140,26.357,12.525
22.563,188.525,26.222,12.548
21.796,188.094,25.952,12.681
22.166,188.154,25.762,12.594
21.539,188.201,25.322,12.596
22.016,188.841,25.204,12.454
21.175,188.408,25.185,12.557
21.136,188.041,25.207,12.535
21.012,188.689,25.393,12.427
20.912,188.389,25.238,12.331
21.134,188.402,25.269,12.273
21.142,188.476,25.452,12.189
21.097,188.541,25.626,12.019
20.836,188.751,25.742,11.775
20.769,188.957,25.738,11.800
20.214,189.346,25.925,11.702
19.606,188.800,25.866,12.000
19.667,188.993,25.710,11.950
19.830,189.543,25.754,12.151
19.386,188.766,25.663,12.152
19.830,189.171,25.793,11.954
19.424,189.705,25.787,11.666
19.436,189.738,25.483,11.637
19.933,189.369,25.502,11.558
19.251,189.874,25.660,11.453
