585.000,351.000,143.000,227.000
585.472,357.010,146.890,222.676
584.851,357.285,148.660,222.003
583.332,357.809,150.330,222.993
584.224,359.119,151.223,223.433
584.146,360.976,151.920,224.426
583.095,361.217,152.655,223.751
583.372,361.446,152.904,224.519
584.384,361.672,153.247,227.691
582.203,360.495,154.635,229.241
582.077,360.451,155.068,230.377
582.812,359.277,155.183,229.604
582.550,360.199,154.892,229.986
582.649,357.174,154.698,229.850
582.931,350.200,156.073,229.694
583.028,344.260,155.874,230.245
586.153,331.501,157.931,233.982
589.518,331.639,158.011,236.498
591.009,330.528,158.293,238.017
588.427,332.007,162.569,240.089
587.440,329.631,168.166,243.132
590.199,331.099,169.923,242.350
589.965,327.667,172.602,230.351
585.599,334.905,175.759,226.589
584.398,333.500,177.583,225.609
582.789,336.867,179.163,218.926
579.624,333.382,178.866,217.989
578.553,333.190,181.966,219.007
575.335,335.750,177.811,220.261
575.426,334.274,176.918,220.926
576.084,333.525,177.571,219.707
575.335,330.826,177.300,221.503
580.486,324.034,183.952,220.757
577.278,315.412,186.565,223.901
575.832,307.176,188.183,229.202
577.753,298.374,186.774,230.136
574.829,300.169,186.889,230.534
581.273,296.554,184.801,229.619
582.633,310.782,186.404,230.216
581.399,331.601,189.656,232.470
583.419,339.038,190.196,228.405
586.321,333.235,189.141,229.213
587.106,333.153,189.525,230.621
591.444,324.284,188.384,229.928
591.411,317.598,189.193,231.148
589.427,323.114,189.777,229.722
592.512,331.570,187.344,231.371
594.954,329.218,184.453,233.515
597.031,330.433,182.380,236.004
601.938,321.458,178.405,230.800
602.842,319.758,176.544,235.027
604.198,313.592,176.524,241.279
608.370,313.699,177.922,244.635
609.075,309.638,180.089,243.465
607.173,309.486,183.333,244.619
610.273,310.674,183.177,245.370
615.572,314.867,179.569,241.412
618.354,313.088,176.324,237.343
624.914,310.359,172.311,230.658
626.386,311.688,170.844,227.989
625.380,311.640,170.927,226.357
631.156,315.161,166.719,226.465
635.753,316.609,162.170,224.413
639.774,317.055,157.639,225.326
645.608,317.429,153.745,226.655
646.796,317.052,154.334,227.611
645.768,316.438,154.672,227.556
649.580,311.901,153.575,233.409
651.422,306.637,152.807,234.616
654.439,304.855,150.904,235.016
655.095,304.491,150.401,236.976
654.330,303.474,151.524,238.351
653.233,303.705,151.886,238.805
653.758,305.426,151.383,242.930
653.125,304.924,151.597,244.707
654.910,302.475,150.057,249.591
655.289,297.642,149.498,240.740
655.200,296.116,149.222,233.322
656.470,297.337,147.307,230.217
654.185,295.188,148.284,228.997
655.134,294.278,148.595,228.364
651.546,293.990,150.733,229.730
651.856,291.502,153.059,232.376
650.718,286.241,156.206,233.241
648.431,285.629,158.060,236.660
653.510,280.412,158.256,236.524
651.943,276.813,158.070,239.683
658.324,275.764,155.338,242.999
659.910,275.894,153.298,241.822
662.434,276.923,153.062,244.051
663.820,278.053,151.557,244.600
664.354,277.867,149.531,243.554
665.758,277.376,148.217,243.652
668.950,276.836,149.015,240.248
666.797,274.129,148.597,239.692
664.046,270.224,148.109,239.332
664.655,270.415,147.129,239.585
661.757,266.107,147.325,238.664
658.271,261.949,146.857,237.614
653.675,255.578,145.657,237.146
650.168,247.239,147.419,236.492
649.377,242.072,146.312,234.812
649.680,241.824,145.118,235.269
645.952,240.039,145.169,233.606
644.643,242.102,144.808,232.363
644.454,251.856,144.787,231.118
645.679,256.837,143.794,226.755
643.451,257.614,143.457,224.451
643.526,258.035,144.014,221.715
642.083,257.755,142.976,219.924
641.372,254.001,142.961,218.000
639.987,252.283,141.817,217.494
642.795,251.272,137.743,216.029
646.024,253.703,134.065,215.057
644.688,255.086,133.762,213.250
649.455,259.362,132.291,208.698
650.682,263.352,131.802,204.409
651.419,263.769,132.716,198.493
649.813,264.652,134.821,194.663
647.318,265.788,137.688,191.888
646.097,265.433,138.914,191.186
644.082,264.320,141.296,190.051
642.943,268.540,144.202,185.843
641.321,269.374,151.249,185.008
638.958,270.869,158.863,184.571
636.677,268.660,164.260,186.320
634.174,269.165,167.067,186.158
634.079,270.531,168.684,183.292
637.851,269.013,167.643,181.874
638.830,269.002,167.991,179.850
640.138,269.396,167.369,179.397
646.173,270.861,163.406,179.906
645.621,270.772,161.952,180.836
654.753,268.069,156.413,184.699
661.588,266.669,151.545,187.324
670.910,266.048,143.505,192.369
676.388,264.867,137.619,198.822
682.372,265.597,131.868,203.918
684.246,266.202,128.348,206.160
686.549,267.875,126.470,207.191
685.587,269.523,126.468,208.945
685.999,269.216,126.668,209.195
688.152,268.156,125.599,208.088
689.048,267.989,124.908,206.864
689.254,268.218,123.872,206.353
690.309,267.612,123.889,204.885
692.376,268.414,123.282,204.901
692.027,269.721,124.453,205.866
694.484,269.941,124.265,207.874
694.524,270.029,125.520,210.111
694.953,269.761,125.254,210.043
694.915,269.552,125.117,209.479
694.925,268.461,124.222,209.149
694.262,268.977,123.949,209.489
694.507,270.394,124.222,209.497
693.410,270.354,124.058,208.425
693.588,270.950,124.504,207.832
692.143,272.471,125.354,205.199
689.270,273.692,125.857,196.791
689.526,274.338,125.361,187.082
687.993,275.632,125.271,180.170
686.836,277.897,125.369,174.320
687.306,278.568,124.853,171.546
686.092,279.996,124.904,169.989
683.659,280.728,125.760,169.382
682.632,281.134,125.044,167.954
681.615,281.489,125.131,167.681
680.513,280.121,124.411,168.059
680.992,280.189,123.972,167.733
682.505,277.302,123.219,169.582
682.439,275.972,122.333,169.831
682.905,274.651,121.096,169.339
683.326,272.107,119.363,167.125
685.191,269.112,117.460,163.328
685.626,269.475,115.971,164.963
687.042,267.409,116.865,163.790
686.544,264.099,122.023,164.235
682.847,260.558,130.507,165.490
679.130,255.320,138.349,167.818
678.816,250.238,138.544,172.027
672.945,249.780,145.263,172.231
674.354,246.031,145.365,175.047
673.415,241.924,144.288,177.457
668.525,238.281,142.646,178.500
666.896,233.898,137.128,179.144
663.797,232.437,134.034,178.469
667.697,231.773,129.596,179.188
675.205,230.157,121.090,179.709
682.597,230.088,113.387,180.342
683.844,232.485,111.126,178.291
687.132,232.660,108.827,176.549
688.140,234.593,107.662,173.206
690.293,234.428,105.936,172.412
689.778,233.333,106.305,167.910
693.504,234.890,104.171,163.961
691.525,234.346,106.100,157.272
694.058,235.549,107.110,150.237
695.815,234.481,107.056,147.031
697.375,235.314,106.560,145.727
700.420,235.507,108.816,147.603
701.643,235.939,112.818,149.978
698.570,238.237,115.433,151.781
696.284,240.398,118.871,153.614
696.216,241.886,121.220,155.140
697.377,241.237,121.749,155.957
696.152,244.652,123.318,154.707
696.258,245.922,122.945,154.898
696.285,246.791,121.864,154.745
696.696,246.973,121.667,152.898
697.524,247.905,121.297,151.623
696.278,247.512,122.434,151.398
696.670,247.680,121.738,150.681
694.572,247.167,121.556,150.354
693.540,247.420,122.330,149.662
692.217,246.631,123.227,149.727
691.137,245.307,125.733,150.157
690.026,244.370,127.074,150.734
689.289,243.463,129.181,150.222
687.279,241.792,133.206,149.852
686.125,242.284,137.815,149.234
684.882,240.651,141.130,150.293
687.717,239.443,143.713,150.358
687.361,241.626,144.674,148.694
692.913,239.869,145.010,147.829
695.599,240.460,147.824,145.000
701.624,240.661,147.655,140.350
710.035,239.856,142.535,136.622
717.362,238.045,134.308,133.632
716.989,238.791,131.613,131.706
725.663,236.454,122.699,130.065
729.606,238.071,115.239,128.747
728.980,237.414,110.638,127.559
728.286,237.163,107.588,126.696
727.539,239.816,106.367,124.283
727.606,239.955,105.650,123.283
726.631,241.740,104.961,120.932
724.586,245.757,104.590,117.278
722.692,248.296,103.885,114.568
721.047,249.154,102.749,113.113
720.496,249.025,101.495,111.733
719.033,250.481,101.673,110.466
719.720,249.958,100.787,110.341
719.506,249.022,98.085,110.794
718.140,248.140,96.879,111.952
717.627,246.282,95.793,112.112
719.026,244.773,94.233,111.917
719.611,245.165,93.327,111.739
720.535,243.522,93.445,111.661
722.608,242.372,92.487,111.210
724.540,241.028,91.621,112.013
725.346,241.398,93.024,112.634
728.189,241.113,94.554,114.288
728.379,242.095,94.510,114.048
732.234,239.872,95.129,115.433
734.402,242.110,95.417,114.532
739.004,243.355,94.746,113.967
744.607,245.616,91.999,112.936
746.450,247.626,88.831,112.746
747.928,247.097,87.662,113.541
749.895,247.810,85.999,113.903
754.113,246.068,82.312,114.599
754.215,244.609,78.867,115.459
755.829,244.065,74.336,116.497
756.026,243.544,70.873,116.707
757.033,243.093,68.880,116.827
756.369,243.088,66.999,116.338
754.872,244.269,65.984,115.152
753.295,245.127,65.666,113.643
750.718,245.869,65.758,112.196
749.365,246.912,65.752,110.827
749.118,246.766,65.919,109.940
746.558,247.205,66.271,109.520
745.429,249.072,66.340,107.908
743.054,250.396,65.620,106.410
742.591,252.363,64.224,103.271
742.973,255.135,62.615,99.485
743.740,255.042,61.425,98.040
742.610,255.541,60.697,95.951
742.420,255.038,60.684,93.842
741.366,255.943,61.832,91.983
738.604,253.883,64.276,91.299
736.077,251.584,66.903,91.613
734.919,252.305,68.329,91.863
734.068,252.450,69.169,91.584
734.738,253.815,69.099,91.818
733.820,257.733,69.046,92.525
733.134,259.248,69.313,92.189
732.024,259.037,70.434,92.440
731.836,258.593,70.788,92.528
732.453,257.121,70.751,93.173
731.123,256.558,72.091,93.923
730.204,255.677,72.550,94.086
729.638,256.780,73.309,94.197
729.116,255.364,73.846,94.969
729.407,255.280,73.900,95.194
730.055,254.064,75.046,95.422
728.905,254.027,76.245,95.234
728.013,253.237,77.925,95.237
727.246,252.594,78.489,95.103
725.325,251.879,79.088,95.206
726.041,252.492,79.034,94.722
724.524,251.667,79.316,94.688
723.862,251.836,79.579,94.276
722.966,251.481,79.582,93.762
726.535,250.062,77.160,93.256
728.511,249.918,74.525,92.223
729.670,249.431,73.347,91.658
733.606,249.319,70.513,91.524
739.278,247.282,66.137,92.273
744.894,246.863,61.353,93.789
746.472,246.325,57.920,94.171
748.053,246.303,56.794,93.822
746.702,245.867,56.954,93.853
748.127,245.683,57.016,93.632
747.574,246.280,58.065,93.514
747.747,246.396,58.645,92.769
747.262,248.392,58.726,91.550
747.278,248.464,58.909,90.722
747.335,248.853,58.557,90.064
747.687,249.931,58.225,89.020
748.086,250.428,57.952,87.922
748.431,251.037,57.536,86.852
748.521,249.349,57.943,84.206
748.798,249.931,57.800,82.020
749.552,250.782,57.018,81.513
750.081,249.747,56.721,80.425
751.034,250.289,55.868,81.286
752.801,251.123,55.472,81.191
753.554,250.655,55.817,80.943
756.115,252.657,57.286,80.025
754.153,252.581,57.806,79.798
754.560,255.153,60.541,78.838
754.218,256.413,61.926,76.957
754.430,259.513,61.761,75.540
755.009,262.484,60.826,75.046
754.732,264.148,58.957,75.242
755.765,264.481,58.173,74.760
755.696,266.770,57.449,75.355
755.629,267.479,55.982,75.382
755.107,268.950,54.427,75.575
754.634,270.209,52.647,75.474
753.472,272.402,51.246,75.155
752.949,271.986,50.601,74.497
752.490,272.029,49.524,74.836
751.875,273.227,49.266,75.230
750.962,273.955,49.412,75.065
751.237,274.802,49.209,75.133
751.546,273.711,49.263,75.148
750.720,273.671,49.256,75.477
751.727,273.792,48.914,75.197
751.744,272.565,48.375,74.608
753.005,272.779,47.527,74.196
752.953,271.853,47.096,72.788
753.416,271.769,46.941,70.448
754.097,272.020,46.767,69.217
753.818,271.398,46.716,68.334
754.134,270.690,46.100,68.269
755.315,269.677,45.037,68.587
755.299,269.661,44.562,68.972
755.780,268.558,44.129,69.682
755.442,268.939,44.482,69.744
756.425,267.546,44.322,70.413
755.518,265.995,44.557,70.958
757.101,265.901,44.640,71.242
756.593,264.840,44.942,71.370
755.966,264.905,45.009,72.051
757.076,264.668,45.024,72.229
756.698,264.944,45.040,72.245
756.191,263.900,45.095,72.165
757.394,264.829,45.235,72.319
756.663,264.908,45.481,72.853
757.926,264.436,45.572,72.329
757.259,264.087,46.074,72.728
758.599,265.319,45.662,72.398
757.641,264.732,46.003,72.293
758.579,265.333,45.490,72.508
758.783,265.252,45.714,72.202
757.701,266.538,45.938,72.247
758.532,266.330,45.653,71.846
758.377,266.049,45.519,71.490
759.590,266.156,44.999,70.746
759.093,265.673,45.177,69.470
758.695,265.961,45.241,67.386
759.615,265.461,45.357,65.442
758.579,266.046,45.566,64.247
759.385,266.448,45.626,63.689
759.847,267.370,46.011,63.819
760.196,266.673,47.090,63.363
760.153,267.685,48.658,63.608
761.156,267.405,50.234,63.522
759.572,266.724,50.791,63.731
760.450,266.549,51.145,64.305
760.550,266.292,51.338,65.319
760.236,266.363,51.178,66.257
760.676,266.074,51.415,66.902
761.663,264.545,52.141,67.293
760.532,265.207,52.531,67.973
761.316,264.830,53.035,68.336
760.833,264.662,54.416,68.716
762.002,264.315,55.874,68.569
761.939,264.251,56.601,68.469
761.690,264.684,57.181,68.843
761.718,264.465,57.721,68.860
760.878,264.784,58.690,69.006
759.991,264.013,59.062,69.039
759.028,263.614,58.692,69.109
759.540,263.321,57.552,68.749
760.326,262.895,56.466,69.264
759.935,263.155,55.925,69.628
760.070,262.271,55.034,70.128
759.694,262.031,54.190,70.704
760.934,260.422,53.330,70.888
760.735,259.528,53.180,71.493
761.812,258.063,52.784,71.990
761.844,258.078,52.532,72.447
762.013,256.984,53.065,72.419
762.448,256.324,53.262,72.936
763.094,255.128,52.766,72.890
763.598,254.317,52.619,73.428
763.896,253.223,53.082,73.629
763.322,253.505,53.239,73.645
764.214,253.035,53.025,73.457
763.227,252.018,53.036,73.204
763.276,251.734,52.237,73.272
764.383,251.325,51.591,73.590
764.449,249.099,52.259,73.964
764.459,249.992,52.244,74.003
764.728,249.648,53.198,73.877
766.392,248.143,55.897,74.233
766.804,248.271,58.538,73.657
766.646,247.813,60.968,72.707
766.368,246.467,62.310,72.584
766.133,246.242,63.123,72.847
766.777,245.496,62.931,72.994
768.660,244.719,61.592,74.252
769.424,243.928,60.353,75.101
769.091,242.544,59.366,75.827
769.638,240.757,59.110,76.679
769.422,239.601,58.700,77.030
770.414,237.274,57.969,77.949
771.418,233.483,56.644,78.872
773.423,228.402,54.041,79.585
778.513,220.837,52.937,79.057
780.899,215.266,50.838,78.786
780.824,214.482,49.595,78.454
782.495,209.239,49.069,76.985
784.420,204.295,48.781,76.159
786.100,199.538,48.854,76.006
788.091,193.192,48.274,77.657
791.289,188.735,47.025,79.896
