1.000,131.000,515.000,586.000
10.395,142.415,513.899,577.019
5.823,145.110,517.300,572.942
9.615,150.973,508.119,568.604
5.051,152.627,508.524,565.570
9.246,156.615,500.898,562.670
7.922,158.209,499.325,560.067
12.490,158.525,498.237,558.098
9.134,161.000,502.299,557.209
8.762,158.699,512.330,556.301
8.956,158.370,514.893,556.703
12.909,155.943,527.637,560.437
8.469,157.345,535.344,562.530
12.761,153.201,538.916,565.896
8.704,153.568,543.026,565.621
6.902,154.300,551.333,566.823
4.638,154.641,553.283,570.329
10.181,152.803,551.452,567.769
8.104,153.924,552.428,570.781
7.404,155.911,556.335,565.153
7.523,156.596,557.161,562.329
6.435,154.818,556.670,568.797
6.797,152.346,556.015,567.004
10.269,151.237,557.671,571.374
11.168,149.991,558.144,568.806
10.258,150.790,559.717,573.121
9.399,148.267,560.224,571.053
7.871,146.729,562.216,576.552
6.578,143.598,563.254,574.720
6.457,144.248,566.710,577.867
5.354,141.883,567.082,575.536
10.851,141.880,567.046,580.185
9.688,137.847,569.077,578.761
13.327,137.222,568.255,583.104
13.689,136.524,568.257,587.577
16.834,128.969,572.013,587.816
14.389,131.890,573.221,588.413
18.375,121.317,571.614,599.247
18.722,118.118,572.635,603.147
16.717,96.914,574.162,619.905
15.715,89.723,576.827,628.304
16.790,55.657,579.049,655.698
13.704,51.678,577.687,660.893
12.907,36.122,575.195,673.073
15.037,31.531,572.700,684.163
14.051,19.347,576.433,697.766
12.097,16.518,579.500,703.701
14.193,5.995,572.826,705.040
17.900,9.888,570.085,710.114
15.099,1.084,578.830,715.798
18.321,2.561,579.923,715.043
16.948,4.803,584.368,716.274
15.924,4.406,589.689,715.748
15.461,0.871,593.282,710.289
18.899,9.100,595.519,706.965
22.689,2.236,599.104,703.510
18.932,8.771,604.823,700.196
20.589,15.293,610.789,702.173
16.577,6.518,609.387,707.151
23.289,9.802,611.655,700.197
24.325,11.358,612.603,695.873
21.734,15.923,619.117,700.718
22.658,5.099,616.282,707.801
25.229,10.218,617.666,700.016
19.523,13.111,625.041,695.968
25.640,13.975,626.643,695.324
22.768,15.245,628.853,694.760
18.980,16.181,628.150,696.583
23.245,15.320,623.932,698.581
20.109,15.008,625.590,700.319
23.282,16.317,622.993,700.721
18.409,10.070,626.361,701.534
22.919,14.346,625.571,699.217
19.784,19.217,627.766,697.753
24.429,10.999,623.329,701.078
21.107,18.395,628.963,696.113
18.787,15.216,629.109,696.987
24.244,19.040,627.638,696.772
20.877,13.063,628.148,699.663
22.337,17.969,628.549,697.646
19.401,14.308,627.031,699.113
25.357,19.006,625.265,697.086
22.955,16.374,626.013,696.291
22.291,20.712,627.770,695.673
20.844,16.845,627.419,696.944
24.266,22.384,625.196,696.898
24.482,21.729,625.422,695.289
26.434,30.841,622.904,687.369
28.054,28.354,619.078,688.639
27.315,44.008,620.572,676.535
23.977,47.312,620.292,676.541
21.152,53.308,620.889,668.788
19.864,53.613,621.295,665.937
19.505,71.300,621.924,651.997
19.192,71.367,622.720,652.154
22.378,91.233,624.498,638.476
21.190,96.997,626.354,628.884
25.061,110.078,626.180,616.839
24.308,117.383,626.858,602.314
26.840,132.860,623.034,593.916
24.057,135.173,622.374,586.886
26.598,140.997,619.320,579.918
29.229,143.736,617.166,576.036
31.572,149.369,614.763,570.622
27.821,150.723,617.164,567.785
32.501,158.939,615.399,561.717
30.141,161.059,616.032,559.053
30.159,167.342,614.297,555.371
30.829,169.629,613.711,551.672
29.120,177.731,609.219,549.626
29.730,176.805,608.108,548.302
16.740,179.861,603.893,544.562
17.694,181.858,602.098,541.049
22.069,176.778,596.726,542.579
23.783,178.032,594.000,542.530
35.427,165.298,590.546,552.704
38.695,162.663,589.731,553.189
39.178,156.068,592.351,562.906
40.442,153.551,592.643,568.613
54.853,155.533,587.353,563.939
55.447,158.253,585.765,565.086
50.125,156.457,587.947,562.501
48.924,158.233,590.181,563.840
35.007,156.615,588.772,561.780
36.596,157.231,588.455,563.799
20.411,160.875,586.085,562.975
22.155,161.455,585.135,558.203
8.616,159.371,562.264,562.814
7.675,157.463,558.336,562.940
0.794,159.486,535.260,556.366
2.749,159.126,529.022,556.588
5.993,150.968,529.313,569.039
6.203,149.896,529.617,572.991
5.139,138.752,530.827,576.689
6.610,138.689,531.539,579.503
4.503,128.200,533.254,589.146
11.039,126.336,529.464,591.152
3.569,117.509,523.122,598.453
7.721,114.051,521.480,604.591
4.918,108.000,512.363,611.891
4.748,106.233,510.568,611.732
4.990,100.248,511.658,613.962
5.433,103.739,511.234,617.917
1.085,96.271,493.171,619.530
0.946,93.922,485.723,621.537
0.000,92.562,446.216,620.334
3.140,92.791,429.560,616.763
0.000,87.760,395.713,603.179
5.686,98.239,379.704,594.859
3.854,87.589,378.837,598.158
1.643,80.599,381.028,604.994
6.313,84.739,375.184,602.869
2.294,73.152,377.252,608.905
4.854,78.193,376.800,606.443
1.313,73.930,379.966,608.164
6.318,59.674,381.299,626.641
7.806,55.312,382.264,636.553
10.732,37.985,390.561,651.290
3.858,31.521,397.265,658.460
12.502,23.278,420.790,658.886
8.574,18.652,430.111,662.971
36.355,40.636,502.281,665.056
18.398,38.316,537.430,666.925
25.190,49.597,571.575,659.702
18.006,56.962,588.174,655.338
77.641,65.367,599.910,650.884
80.896,61.477,601.849,652.018
108.998,70.362,592.363,644.906
105.660,72.209,588.179,642.627
107.048,61.628,582.145,649.152
115.628,56.966,578.978,652.128
110.602,61.023,578.344,648.593
113.585,56.294,574.990,651.437
116.339,55.840,571.767,658.692
114.527,51.498,572.919,658.102
118.857,52.537,568.785,662.259
114.989,47.037,571.073,661.714
118.157,47.736,567.357,666.605
118.015,47.260,565.832,662.153
105.528,66.624,568.906,650.476
95.216,60.355,575.894,653.346
95.422,51.208,575.538,657.337
96.895,58.470,574.953,658.670
87.113,53.423,580.151,660.535
87.798,48.247,580.770,661.076
78.527,49.852,587.722,663.095
77.779,49.940,587.566,662.053
77.302,53.820,589.587,658.484
76.519,48.961,590.566,661.984
70.126,51.156,594.567,660.463
72.602,52.206,593.862,659.666
74.659,57.217,591.334,656.641
67.101,56.136,592.722,657.514
67.829,55.003,595.284,657.658
64.746,50.456,597.845,661.482
71.349,56.759,592.927,657.698
70.445,55.533,589.729,658.150
64.950,52.027,594.708,659.459
64.082,46.195,597.926,662.997
64.143,57.467,597.239,655.004
57.975,51.880,601.413,660.219
56.145,60.265,602.483,655.508
49.759,54.427,609.835,656.970
54.262,58.475,609.412,652.644
51.194,54.164,611.689,655.384
47.817,57.994,616.241,653.518
46.260,53.888,616.027,657.345
48.479,58.847,615.746,653.725
41.964,57.462,618.221,655.796
47.169,58.406,618.074,657.119
40.171,57.723,620.744,659.293
41.114,53.355,621.704,664.007
40.163,53.345,622.468,665.936
44.888,60.392,622.976,654.536
44.507,62.108,621.492,656.742
37.156,57.250,622.474,654.461
43.594,57.067,621.091,657.778
39.922,59.755,621.977,658.840
37.838,50.268,623.878,659.156
43.623,55.361,621.422,656.454
43.341,60.834,618.195,655.355
44.476,52.375,618.575,664.046
44.808,49.727,616.004,667.118
46.064,50.510,616.773,665.800
47.295,48.124,614.799,667.556
56.527,50.945,609.604,663.953
53.606,49.110,610.129,664.981
58.631,54.893,606.221,659.997
64.033,51.740,601.562,661.502
55.515,39.654,611.393,673.325
60.162,37.450,610.083,677.646
47.937,31.518,619.507,679.819
49.039,31.418,622.065,682.941
73.605,41.282,603.492,672.729
60.025,46.266,607.380,668.950
93.787,39.668,588.548,670.504
97.706,50.095,585.268,660.683
95.605,44.170,586.010,664.015
97.356,55.354,581.660,659.167
94.180,46.359,582.016,664.452
101.456,43.079,578.110,663.320
92.236,37.245,583.594,672.413
95.663,51.945,579.959,665.048
82.808,42.455,587.192,669.602
82.007,44.953,591.429,664.474
93.309,55.674,585.232,654.521
91.164,61.563,586.549,649.927
100.619,64.720,579.023,647.491
96.346,57.077,579.216,652.417
98.990,60.274,581.043,648.310
98.776,53.204,579.711,654.210
98.378,58.839,578.061,654.694
96.468,53.852,579.987,656.224
105.094,54.445,577.261,653.807
102.139,52.908,576.109,660.864
100.067,52.357,577.432,658.710
99.179,56.602,578.685,653.211
90.511,50.796,583.347,657.108
93.676,53.693,584.163,653.771
86.579,48.720,586.457,657.636
83.104,52.899,589.739,656.834
82.006,55.486,588.637,655.149
77.207,63.929,590.908,649.236
68.723,58.009,593.852,651.209
71.625,63.608,593.571,647.812
55.677,51.031,600.987,658.553
63.319,53.143,598.335,657.727
40.463,31.154,600.840,676.765
39.850,30.366,602.148,674.931
31.185,27.190,602.451,686.145
30.456,24.361,600.412,684.709
28.808,12.686,598.726,691.149
31.188,14.895,598.905,693.491
31.592,17.199,594.410,702.411
30.414,13.936,595.636,703.548
28.718,15.735,594.256,700.938
23.977,17.215,582.981,698.460
27.042,17.382,582.208,704.161
37.866,15.840,579.333,702.366
39.358,16.660,580.186,707.932
58.653,22.348,570.472,700.765
53.315,19.737,571.781,698.102
50.819,37.835,565.921,688.830
53.816,44.144,564.563,681.482
23.894,78.019,553.388,649.362
19.658,83.584,553.478,637.390
12.960,86.673,549.830,629.483
15.270,92.387,547.081,624.190
10.009,84.923,547.065,633.223
13.630,84.601,545.223,634.952
21.407,88.848,542.855,632.084
22.441,93.955,543.810,629.508
34.122,100.310,541.945,620.564
35.669,100.955,540.185,618.410
42.420,105.166,539.687,617.455
42.177,104.955,539.545,614.986
50.993,104.513,541.708,612.040
54.376,105.700,540.892,616.570
57.187,105.285,537.999,615.465
57.737,104.933,537.719,613.334
57.041,110.189,538.102,613.519
57.446,109.084,537.603,613.182
71.019,114.088,533.825,605.954
67.148,115.935,535.619,604.273
33.300,119.261,544.288,598.931
33.772,121.085,542.785,596.332
15.004,124.434,534.908,594.474
13.423,125.299,534.490,590.684
13.222,124.679,533.995,587.332
14.143,125.925,533.724,587.006
13.145,120.055,530.443,593.389
10.989,119.297,530.511,593.507
9.541,118.001,532.833,596.587
12.234,118.470,533.337,597.817
9.368,109.930,534.248,608.328
15.859,110.675,530.294,611.147
7.884,107.996,529.082,610.277
11.770,108.863,524.862,610.803
14.737,113.006,522.776,605.376
9.223,114.713,526.435,603.582
14.131,116.574,524.878,601.469
9.947,116.289,528.557,600.780
16.488,115.750,526.337,601.606
13.821,115.092,527.429,602.335
18.006,115.214,529.648,602.874
19.332,113.996,528.023,603.971
25.053,113.663,527.019,604.465
25.150,114.824,528.556,603.522
29.997,113.056,526.941,605.128
32.622,113.543,527.567,603.854
34.173,113.511,525.419,603.330
34.668,112.985,524.614,602.482
38.244,113.773,523.927,599.586
38.741,113.688,522.600,598.147
39.927,112.090,523.613,597.781
39.873,114.028,522.637,602.832
41.004,104.500,526.553,607.518
39.293,106.368,528.506,605.747
49.174,112.968,524.722,601.077
55.032,116.368,521.199,597.700
73.341,121.969,511.785,592.359
72.189,122.478,512.833,590.835
75.323,123.634,509.432,589.283
77.412,125.058,507.268,590.534
73.290,126.066,509.265,587.239
74.083,126.529,511.332,585.097
71.157,127.806,514.532,583.774
69.262,129.520,515.944,582.708
69.304,135.676,516.241,578.228
69.538,136.276,516.897,579.021
76.453,142.212,513.760,575.882
74.923,143.031,514.612,572.023
73.495,143.336,516.017,574.705
71.836,142.328,516.471,573.227
80.053,149.453,512.474,568.433
82.162,152.015,512.068,564.608
77.658,156.281,513.669,560.246
76.764,156.039,512.821,560.104
72.436,161.446,514.108,555.007
70.995,163.684,514.288,553.280
69.965,164.583,516.605,552.173
68.983,165.123,517.804,552.201
66.145,167.297,516.549,550.098
66.829,167.222,516.232,548.822
62.188,165.181,516.316,551.908
59.572,164.135,517.401,553.546
62.503,158.440,515.568,558.809
61.446,157.063,517.018,559.004
70.691,149.121,514.845,567.492
67.797,145.948,515.101,569.441
75.417,144.675,513.464,569.570
74.244,144.754,515.168,572.236
75.617,146.693,515.055,569.752
76.004,145.466,514.713,569.886
73.821,150.806,517.098,568.003
72.833,152.584,517.879,565.695
71.107,156.384,517.754,562.167
71.844,154.494,517.295,563.730
70.737,152.986,517.054,564.877
70.785,152.995,516.864,564.522
62.727,146.360,517.573,572.347
64.189,143.600,516.699,576.096
59.671,137.764,520.600,582.093
58.154,137.798,522.876,582.826
47.349,131.466,530.018,589.850
48.879,131.428,529.627,591.930
43.475,129.809,532.987,595.387
43.479,126.705,536.711,591.222
41.827,128.686,535.725,593.015
40.104,125.973,538.118,597.407
34.471,126.420,540.441,599.295
35.968,124.247,539.456,596.042
42.677,132.351,538.117,590.841
45.672,133.089,539.412,586.967
48.784,133.937,533.604,589.010
50.053,134.745,530.947,589.622
43.639,127.044,537.055,589.432
43.241,130.299,536.833,589.380
40.019,120.202,537.590,598.266
39.112,120.168,538.817,599.908
36.837,110.472,541.844,606.958
37.636,109.095,542.456,607.673
35.324,107.547,543.729,609.134
35.973,105.969,542.761,608.725
27.498,90.963,542.139,614.277
28.598,91.764,542.177,615.915
27.974,91.665,544.927,617.464
27.007,90.646,546.564,618.973
24.559,90.062,548.686,618.580
23.675,93.177,549.464,617.592
21.450,95.765,549.140,615.931
21.077,97.828,549.764,613.462
20.286,109.742,551.009,604.398
20.803,111.340,551.774,600.787
19.684,121.137,554.667,594.227
16.282,125.024,557.878,589.138
12.838,133.640,561.187,579.838
11.173,132.632,562.230,577.297
7.115,137.466,563.591,574.012
6.032,139.818,565.081,572.197
4.162,140.620,566.661,569.119
4.800,141.798,565.282,569.082
4.572,145.882,567.402,566.723
3.931,147.246,567.769,565.529
4.920,148.500,567.344,563.720
5.789,148.211,566.212,563.633
7.851,152.499,566.071,559.982
9.205,152.151,564.713,560.263
11.020,155.693,562.661,556.323
6.808,153.483,567.422,556.544
13.138,160.858,566.324,552.148
12.967,163.342,567.509,550.594
15.571,164.397,567.416,547.059
14.665,166.335,569.306,546.537
16.149,165.706,569.999,546.224
17.209,165.215,569.389,546.808
19.588,167.453,566.749,546.091
20.708,168.640,566.458,543.865
21.706,171.627,565.325,540.705
22.607,171.988,565.489,539.094
22.448,177.791,566.108,536.773
22.659,177.414,566.489,535.264
21.382,183.480,568.656,531.135
21.020,182.961,568.916,531.222
21.051,186.331,569.833,529.193
20.502,188.249,570.189,528.292
18.735,187.880,570.722,527.799
19.228,188.193,572.696,526.811
19.003,189.093,571.606,525.951
19.761,189.929,572.115,526.018
19.200,184.058,572.081,527.638
18.694,185.034,573.367,527.034
24.380,174.525,571.695,529.292
26.019,177.126,570.153,529.430
29.673,167.481,569.825,534.393
26.467,167.030,571.416,534.549
28.109,154.618,570.269,537.914
29.796,156.080,573.821,537.672
28.702,131.842,576.803,545.764
29.289,137.984,576.603,544.286
26.530,113.762,578.093,548.637
24.726,119.637,580.477,545.331
21.752,89.832,585.510,551.599
19.261,92.420,589.400,552.474
21.239,74.888,585.651,556.150
23.309,77.401,585.320,557.828
16.350,58.101,590.759,565.672
19.360,58.009,594.008,569.763
21.246,47.862,599.220,573.138
21.208,45.547,599.128,577.493
25.077,39.055,603.222,583.352
26.286,38.996,603.267,586.008
28.944,31.650,608.833,587.261
24.337,32.129,611.810,590.609
31.101,23.035,612.473,592.253
29.700,24.411,610.696,592.595
32.603,18.010,613.565,594.337
33.672,14.798,611.836,596.852
30.347,14.124,614.717,597.539
30.201,13.471,617.133,598.503
