693.000,220.000,46.000,51.000
693.848,217.536,46.005,53.083
693.573,217.984,46.094,53.542
693.194,217.751,46.984,54.318
692.444,217.034,47.512,54.844
692.353,217.370,47.982,55.466
691.952,216.055,48.261,56.127
691.537,216.611,48.812,56.195
690.850,215.698,49.549,56.554
690.088,216.003,50.131,56.992
690.070,216.194,50.753,57.476
689.794,215.159,51.506,58.051
688.751,214.602,51.964,58.777
688.654,215.039,52.296,59.201
688.086,214.318,52.708,59.810
687.388,213.562,53.233,60.550
686.158,213.731,53.901,61.123
686.083,213.496,54.391,61.532
685.495,212.944,55.059,62.091
684.556,212.367,55.770,62.713
684.284,212.158,55.855,63.458
683.586,211.445,56.600,64.152
683.013,211.238,57.227,64.789
681.510,210.680,57.529,65.484
681.827,211.115,58.005,66.127
680.709,210.085,58.743,67.196
680.404,209.556,59.091,67.735
679.384,209.763,59.802,68.642
678.389,208.942,60.537,69.330
677.662,208.960,60.743,69.880
676.338,209.211,61.936,70.962
676.147,208.440,62.578,72.039
675.065,208.442,63.502,72.798
674.350,208.889,64.161,73.230
673.149,208.179,64.745,74.174
671.497,208.342,65.867,75.138
671.115,208.036,67.082,75.966
669.186,208.013,68.397,76.818
668.495,208.180,69.308,77.890
666.911,208.189,70.115,78.939
665.390,207.483,71.035,79.890
664.120,208.466,72.158,80.667
662.903,207.535,72.984,81.809
661.709,208.304,73.881,82.577
659.826,207.744,75.271,83.975
658.375,208.135,76.096,84.683
657.862,208.235,76.521,86.091
655.590,207.803,77.401,87.624
654.483,207.831,78.295,88.949
652.972,208.471,79.014,90.229
651.534,208.862,79.682,91.508
649.753,209.407,80.884,92.780
648.094,209.856,82.192,94.142
646.465,210.292,82.983,95.387
645.415,211.183,83.777,96.482
643.713,210.807,84.240,98.067
643.084,211.718,84.821,99.056
641.857,212.717,85.299,99.198
640.072,212.838,86.191,99.539
639.127,212.784,86.879,100.121
637.371,212.885,87.710,101.477
636.325,213.605,88.869,102.369
635.799,214.097,90.116,103.677
634.441,213.748,90.977,105.347
634.222,213.683,92.358,107.029
633.305,213.704,93.129,108.693
632.235,214.136,94.188,109.845
632.016,214.008,95.314,111.742
630.434,213.569,96.704,113.920
629.355,212.681,98.501,116.070
628.498,212.737,100.843,118.292
627.830,213.115,102.855,120.123
626.496,213.345,105.156,121.987
625.220,212.516,106.831,124.319
626.146,213.829,107.414,125.839
625.280,213.535,109.699,128.288
624.558,213.090,112.563,130.012
623.241,213.688,115.805,132.023
622.451,213.552,119.666,134.104
622.633,213.910,122.682,135.662
620.924,213.957,126.660,137.659
619.000,213.993,130.428,140.075
617.711,213.913,134.038,142.586
614.680,214.039,137.844,145.200
610.585,213.987,142.565,147.875
606.087,214.415,147.737,148.970
601.267,214.970,153.748,151.446
595.699,213.151,158.699,154.942
589.130,212.483,163.797,158.461
582.659,211.643,171.484,161.070
575.941,212.950,178.862,162.922
567.822,213.705,185.398,164.799
559.367,214.076,190.951,167.402
554.004,213.429,194.542,169.919
544.898,213.688,202.410,172.307
535.978,212.677,208.815,175.146
524.235,211.350,217.965,178.054
510.838,211.270,229.164,180.930
502.766,211.461,237.327,184.066
490.250,209.982,246.074,188.406
473.086,211.045,260.639,190.359
469.103,212.631,270.608,192.838
457.988,210.060,280.285,196.820
440.698,209.798,296.874,200.792
440.763,208.875,305.453,204.739
423.903,207.512,320.108,209.971
407.180,206.516,337.734,213.736
388.077,203.771,356.623,219.306
378.908,202.651,368.896,224.722
375.351,200.262,379.401,231.482
362.313,204.195,398.744,233.061
359.670,205.914,410.982,234.221
353.529,209.642,425.469,235.387
399.760,201.468,400.309,244.898
418.707,198.509,385.238,252.569
414.660,205.446,390.342,253.575
431.862,200.534,388.371,259.591
459.060,205.108,378.811,264.947
470.939,188.884,378.778,276.539
476.780,211.807,384.295,269.268
490.991,210.047,391.815,268.899
506.694,209.658,399.323,270.116
515.088,216.476,408.105,266.677
526.055,218.325,408.828,265.396
564.316,213.544,399.624,268.341
589.340,214.127,391.510,269.559
633.173,185.381,374.878,288.402
631.530,165.668,392.935,298.472
669.461,174.061,391.285,305.441
682.142,170.471,410.476,304.348
710.384,172.233,425.102,305.835
736.734,195.899,439.243,288.519
768.135,180.479,439.080,294.474
822.800,193.711,434.797,284.852
845.501,198.904,433.345,279.134
878.209,201.549,414.357,275.524
917.211,194.968,379.736,276.413
952.639,185.915,340.885,279.283
982.418,198.560,311.215,274.359
1007.262,187.706,282.286,281.093
1032.070,192.837,258.501,275.688
1044.977,211.550,243.807,259.873
1046.688,227.919,237.949,244.955
1053.020,237.040,231.837,231.255
1064.765,232.252,219.607,230.443
1075.292,240.447,208.866,224.321
1089.521,235.208,197.212,221.252
1103.620,228.854,182.412,222.168
1105.709,240.682,176.917,212.538
1110.887,250.690,175.455,201.374
1111.853,242.963,172.012,201.724
1098.528,253.061,175.664,193.411
1075.633,263.951,182.055,184.357
1049.782,264.012,184.870,182.573
1023.304,274.195,188.271,175.062
1002.937,266.811,175.438,182.562
923.412,151.997,181.281,190.389
883.885,148.798,201.249,177.415
863.503,157.541,212.988,176.586
846.060,165.837,219.429,188.821
829.394,172.514,223.257,210.490
797.144,174.676,233.940,228.382
774.179,175.475,239.359,235.247
762.181,175.269,240.736,234.486
758.469,177.459,235.724,233.072
752.246,182.032,233.076,231.438
746.646,184.413,227.960,228.458
741.643,187.540,224.992,224.272
730.657,189.842,222.162,221.224
719.554,191.182,222.935,218.755
709.894,194.068,218.745,214.426
699.945,197.462,216.572,208.667
689.638,198.919,211.636,205.314
681.873,199.504,211.236,201.694
676.065,201.149,210.706,198.998
668.802,203.819,209.388,195.072
664.015,206.265,209.458,192.339
658.920,210.596,206.947,188.421
655.843,211.536,204.942,186.011
656.047,212.852,202.130,182.616
653.873,218.265,201.227,178.039
656.470,219.324,197.824,174.826
657.485,218.401,193.305,174.498
660.567,220.595,189.280,171.490
662.906,221.667,186.633,168.999
666.024,223.737,183.031,166.610
668.793,224.574,178.570,163.928
670.428,227.023,174.496,162.229
672.945,227.885,170.878,159.220
676.237,228.352,164.830,158.283
676.732,229.516,159.720,156.743
679.515,230.399,153.921,154.449
681.557,229.400,149.062,152.314
681.925,230.309,145.467,151.180
682.625,232.010,141.148,149.239
682.539,232.111,137.336,148.547
681.567,233.026,134.359,146.971
681.354,233.663,131.405,145.043
681.876,234.282,128.329,140.609
679.618,235.266,127.004,137.623
680.180,234.353,124.839,136.412
679.693,234.875,122.954,134.519
679.513,235.263,120.956,133.379
679.367,235.227,118.742,132.123
679.365,237.642,117.940,129.290
678.952,239.185,116.200,127.213
679.565,240.435,114.714,124.438
679.993,241.585,113.722,123.362
679.952,242.615,112.624,121.508
680.522,242.587,110.996,119.695
681.437,243.789,109.612,118.967
681.647,243.138,108.126,118.794
682.354,243.162,106.604,117.701
683.205,243.212,105.264,116.664
683.446,244.467,104.129,114.512
683.109,245.475,103.391,112.943
685.013,246.498,102.144,111.263
684.284,246.351,100.846,109.824
684.681,247.482,99.652,108.331
685.198,248.654,98.976,106.405
685.586,250.311,98.114,104.853
684.715,249.754,97.045,104.082
685.224,250.895,96.326,103.133
685.250,250.644,95.498,102.785
685.890,250.951,94.439,101.697
684.825,252.578,93.637,100.313
685.084,252.736,92.450,99.437
685.580,254.224,91.493,98.095
685.180,255.003,91.243,96.987
684.927,256.099,90.580,95.486
683.639,256.665,89.731,94.757
683.961,256.379,88.704,93.600
683.753,257.115,87.847,92.420
684.030,258.479,87.162,90.917
683.981,260.180,86.451,89.288
683.873,260.018,85.235,88.357
684.266,260.909,84.591,87.329
684.069,260.553,83.216,87.038
684.137,261.747,81.952,85.606
683.945,262.357,80.342,84.837
684.290,262.441,79.363,84.520
684.411,262.231,78.671,83.987
684.135,262.778,78.017,82.770
684.162,263.416,77.440,81.748
684.243,263.510,76.850,81.082
683.988,264.444,75.771,80.327
683.856,264.526,75.750,80.004
683.868,264.893,74.724,79.393
684.344,265.669,74.144,78.829
684.700,267.511,73.316,77.358
685.125,267.705,72.128,76.894
685.189,268.732,71.052,75.790
685.181,269.444,70.317,74.584
685.998,269.996,69.786,73.715
685.917,271.116,69.095,73.361
685.316,271.438,68.485,73.171
685.444,271.284,67.796,72.314
684.974,273.031,68.326,71.523
685.651,273.466,67.315,70.667
685.941,274.180,66.398,70.015
684.443,274.720,66.189,69.227
684.421,275.997,65.685,68.105
683.567,277.615,65.100,66.854
681.918,277.423,64.961,66.737
680.713,277.492,64.246,66.007
679.216,277.394,63.867,65.462
676.845,277.369,63.760,64.483
675.256,276.919,63.311,63.899
674.499,276.299,62.608,64.060
673.574,275.914,62.342,63.456
671.644,275.900,62.414,61.775
671.574,275.084,61.668,61.751
671.011,275.169,61.597,61.303
669.875,274.700,61.709,61.051
670.550,274.181,61.131,60.836
669.169,274.278,61.559,59.548
669.466,274.068,60.765,59.055
668.911,272.491,60.572,58.869
668.999,273.047,60.577,57.987
668.782,271.016,60.348,58.288
670.035,270.015,60.430,58.135
669.471,269.353,61.221,57.567
669.559,269.511,61.617,56.273
670.512,268.638,61.914,55.569
671.542,267.738,62.068,55.198
669.832,267.313,63.015,54.681
669.248,264.953,62.463,55.719
669.137,263.182,62.395,55.628
667.759,262.055,63.182,55.375
665.933,260.973,63.539,55.322
665.171,258.631,63.583,55.660
664.683,257.765,64.281,55.812
664.559,255.309,63.864,56.967
664.493,253.546,64.345,57.355
664.074,252.134,64.774,57.715
663.589,251.835,65.554,57.288
663.654,250.950,66.813,56.488
663.774,249.086,67.020,56.314
663.256,248.624,68.115,56.015
664.271,247.216,68.169,55.531
665.022,246.108,67.413,56.277
665.814,245.626,68.118,55.568
665.848,245.100,69.373,54.985
665.766,243.949,69.853,54.744
666.598,243.158,71.272,54.171
668.755,242.850,70.535,54.051
669.960,242.573,70.383,53.670
672.052,241.853,71.010,53.150
672.822,241.070,71.943,53.080
674.539,240.612,74.154,53.196
676.631,240.560,74.681,53.297
679.465,240.479,76.032,53.046
680.957,240.098,77.511,53.053
683.906,239.830,77.503,53.877
686.339,240.408,78.985,53.662
690.046,241.955,79.745,53.182
694.727,242.442,80.086,53.274
697.979,241.962,80.802,53.941
702.962,243.974,81.511,53.369
706.095,245.106,81.676,53.372
710.248,247.602,82.833,52.640
713.854,248.408,82.370,53.390
717.048,249.641,82.886,53.267
719.193,250.176,84.790,52.480
721.733,251.491,85.668,51.946
723.909,252.677,86.207,51.584
725.115,253.468,86.520,51.305
726.815,254.321,87.209,50.816
728.951,255.149,87.227,50.643
730.162,255.875,86.791,50.774
731.028,256.033,86.535,50.745
731.620,257.261,86.849,50.848
730.957,256.031,86.251,51.472
730.659,255.923,86.154,51.913
730.557,255.268,85.783,52.432
730.341,255.725,85.179,52.501
729.346,256.397,84.628,52.550
728.376,255.995,83.878,52.933
726.584,256.128,83.700,53.103
725.297,255.665,83.737,53.192
722.490,256.132,83.601,53.057
722.091,256.263,82.517,52.971
720.610,257.352,81.792,52.918
719.303,257.524,81.630,52.282
718.840,257.733,81.048,51.789
718.670,257.580,80.279,51.894
718.323,258.938,79.372,51.191
718.101,258.267,79.223,51.155
717.979,259.655,78.875,50.697
718.376,259.278,77.956,50.971
718.223,259.391,77.949,50.759
718.912,259.526,76.875,50.975
719.349,260.237,76.320,50.730
719.664,260.491,76.276,50.292
719.592,260.699,75.853,49.854
719.601,261.011,75.707,49.486
720.133,260.865,75.552,49.793
720.777,260.802,75.194,50.107
720.798,261.359,74.673,50.044
721.240,261.708,74.157,49.935
721.580,263.118,73.168,49.006
721.987,263.759,72.280,48.642
722.913,262.177,70.831,49.516
723.500,262.454,70.667,49.309
723.888,262.329,70.458,49.207
723.757,262.418,70.463,49.116
723.918,261.580,70.060,49.813
724.511,262.208,69.190,49.740
724.051,262.891,68.574,49.045
724.109,265.445,69.667,47.386
724.931,265.697,68.813,46.818
725.408,265.766,68.020,46.922
724.952,266.368,68.130,46.207
725.385,266.529,67.339,46.391
725.703,265.692,67.195,46.486
726.126,265.344,66.399,46.895
726.132,266.025,66.517,46.131
726.192,267.537,66.815,45.098
726.030,268.807,67.189,43.705
725.775,268.797,67.105,43.420
726.539,269.065,66.372,43.312
726.669,269.497,65.989,43.079
727.821,269.603,65.142,42.876
727.621,269.980,65.568,42.207
728.156,270.666,65.148,42.087
728.593,271.440,64.689,41.721
728.934,270.685,64.292,41.981
729.207,272.467,63.765,41.420
729.481,272.098,63.504,41.052
730.606,272.364,62.675,40.890
731.842,272.512,60.629,41.859
733.199,273.020,59.426,42.172
733.018,273.499,59.719,41.286
734.224,272.876,59.049,41.197
734.092,273.293,59.377,40.901
734.711,273.890,59.442,40.724
734.403,273.999,59.724,40.199
735.004,273.891,59.012,40.124
736.069,274.878,58.300,40.121
736.859,274.916,57.870,39.583
736.763,274.581,57.524,39.752
737.302,275.619,57.005,39.378
737.879,275.544,56.751,39.120
738.512,274.664,56.380,39.437
739.684,275.280,55.928,39.457
739.662,274.713,55.226,39.885
740.365,274.910,54.865,39.997
741.453,275.062,54.040,40.306
742.013,274.844,53.829,40.310
741.833,274.811,53.957,40.189
742.250,274.692,53.377,40.227
742.779,274.645,53.138,40.065
743.998,274.364,52.223,40.373
743.851,274.649,51.688,40.357
744.360,275.132,52.050,40.216
744.822,275.352,51.489,40.171
745.574,275.225,50.357,40.182
746.510,274.985,49.574,40.256
746.341,274.428,49.097,40.642
747.542,275.683,48.888,40.214
747.336,274.572,48.041,40.390
748.399,274.626,47.939,40.451
748.445,274.706,47.448,40.297
748.205,275.921,47.395,39.883
748.446,275.524,47.581,39.238
748.549,274.928,47.197,39.312
748.583,275.924,47.043,39.167
749.230,275.216,47.374,38.627
749.825,275.783,47.712,38.417
749.154,275.907,47.522,38.281
750.038,275.505,47.234,37.974
749.692,277.141,46.951,37.383
749.853,277.304,47.593,36.391
750.337,276.885,47.068,36.694
750.824,276.604,47.042,36.884
750.840,276.805,46.660,36.746
751.924,277.190,46.060,37.079
751.830,276.432,46.188,37.140
752.105,276.305,46.133,37.348
753.080,276.032,45.893,37.565
753.239,275.860,45.773,37.578
753.707,275.516,46.020,37.564
754.340,275.274,45.834,37.846
754.572,274.786,45.945,38.142
754.939,275.886,46.560,37.566
755.638,276.087,47.570,36.879
756.641,275.982,48.376,37.064
756.972,275.408,48.426,37.699
758.328,276.108,48.976,37.703
759.419,275.768,49.852,38.281
