449.000,345.000,24.000,85.000
448.966,343.741,25.294,88.984
449.447,344.353,25.856,90.521
448.550,347.120,26.496,92.062
447.657,350.776,26.806,93.532
449.504,352.232,26.910,95.515
451.692,356.718,27.313,95.413
453.544,359.632,27.650,95.870
453.471,362.820,28.090,95.859
454.287,362.931,28.038,97.485
453.562,362.127,27.984,97.943
452.243,357.312,28.353,98.181
452.709,349.669,28.990,99.414
453.571,347.148,29.781,98.518
454.936,343.641,29.768,98.017
454.901,341.316,29.574,97.267
456.803,343.820,29.747,95.838
459.024,345.430,29.376,95.568
460.237,346.058,29.706,94.819
462.264,345.938,29.641,94.535
464.642,341.459,29.416,95.429
461.742,342.047,29.827,92.851
453.599,339.334,29.053,93.284
449.292,338.975,29.243,93.539
445.821,340.542,29.689,92.973
438.482,342.064,29.683,93.354
431.426,347.607,29.688,92.944
425.821,354.182,29.455,91.528
423.402,358.468,28.712,91.872
421.145,362.164,29.198,92.323
416.098,368.620,29.484,91.395
410.225,371.780,29.554,91.543
404.672,373.529,30.610,90.811
400.247,377.366,29.819,91.334
392.281,379.911,30.147,91.881
384.217,382.773,31.626,90.669
376.325,384.660,32.413,91.245
370.773,386.114,32.943,92.247
366.784,388.740,35.126,92.432
363.789,392.632,35.038,92.308
362.756,394.714,36.534,93.001
362.016,397.274,37.400,93.622
365.564,399.013,36.777,94.945
369.112,400.617,36.288,95.535
369.888,403.695,37.382,95.052
374.288,404.729,36.569,96.480
378.157,407.277,36.345,97.030
383.282,408.314,36.572,97.132
385.497,410.885,37.377,96.310
387.851,411.766,37.884,96.123
392.582,412.882,38.482,95.282
399.764,412.734,38.921,95.718
403.106,412.676,39.516,95.523
405.629,415.187,38.629,95.087
411.065,414.393,38.054,94.329
416.093,414.013,37.890,94.184
422.944,412.106,36.501,95.121
427.164,413.765,35.749,95.471
433.439,410.137,34.651,98.397
440.906,408.663,33.574,101.091
446.941,408.578,34.541,100.456
448.099,409.013,35.151,99.971
448.733,406.924,35.631,101.090
453.013,404.865,35.188,101.094
456.128,403.080,35.355,99.700
456.331,399.738,35.725,100.165
456.981,397.579,36.305,99.252
457.431,395.603,36.410,98.605
456.674,395.540,36.095,98.653
452.880,394.204,35.427,98.670
452.872,391.702,35.580,99.692
451.581,391.146,36.193,100.153
452.494,388.862,35.706,101.528
451.721,388.370,35.976,101.230
450.870,388.371,35.302,102.508
449.611,389.562,34.426,104.347
448.293,390.388,33.812,105.398
445.092,391.536,33.912,106.328
442.503,392.137,33.355,108.410
440.430,393.760,33.894,108.859
438.916,397.153,34.999,107.416
437.908,398.406,35.341,107.437
433.998,402.833,37.085,106.502
434.643,402.117,35.927,107.489
434.901,405.815,35.862,107.275
434.195,406.803,35.173,107.887
434.055,410.007,34.820,108.679
434.149,413.681,34.576,107.864
435.279,415.239,34.181,109.089
434.355,416.630,34.345,109.119
433.910,417.198,35.142,110.353
434.109,420.238,35.607,110.730
434.732,424.384,36.751,109.862
436.675,426.073,37.128,110.701
439.204,427.499,36.887,111.535
439.824,428.337,37.444,111.659
441.041,428.162,37.540,113.638
443.146,429.900,37.195,114.994
445.120,431.145,36.926,114.943
447.112,431.216,36.831,115.302
449.595,432.742,36.639,115.456
451.509,436.588,36.616,114.533
453.960,437.917,36.504,113.939
455.330,438.966,36.253,115.228
458.188,439.053,36.004,117.164
460.999,438.115,35.453,118.326
463.018,440.322,35.824,118.720
465.766,442.464,36.372,119.166
468.445,444.572,36.721,121.457
471.920,444.076,36.978,123.857
476.093,445.053,36.643,125.539
478.621,444.798,36.458,126.317
480.481,448.017,36.445,126.163
482.339,445.613,36.664,127.207
485.023,448.539,36.504,125.940
489.075,450.853,35.786,124.359
495.425,455.013,35.446,120.506
501.224,460.772,34.238,118.106
503.964,465.131,34.170,115.432
507.772,464.277,33.395,114.238
510.189,469.675,33.271,114.418
512.743,470.621,33.499,115.614
514.711,472.932,34.198,116.349
516.841,473.864,34.656,118.478
517.418,474.255,35.687,118.623
517.805,471.412,35.247,120.907
519.756,473.514,35.240,119.019
520.035,468.556,34.942,121.332
518.607,466.066,34.361,123.422
520.604,464.363,34.384,123.363
521.365,465.213,34.571,122.193
522.985,465.903,34.664,121.432
523.785,465.388,34.925,120.495
522.233,467.640,35.619,118.683
522.187,468.751,36.380,118.344
523.541,469.532,36.124,117.355
524.060,467.544,36.594,119.172
523.278,465.875,38.335,118.589
525.604,465.900,38.714,119.830
526.699,463.326,39.230,122.971
527.593,459.877,38.965,125.401
528.429,461.218,38.488,125.134
531.016,459.540,38.014,126.322
529.370,458.086,38.122,127.562
530.815,457.875,37.893,127.191
530.591,458.300,38.779,126.001
532.810,460.914,38.401,124.460
534.141,461.566,38.044,125.310
532.899,462.272,36.950,125.547
532.777,464.269,37.697,124.620
530.238,463.924,38.379,123.423
532.677,464.081,38.377,122.957
532.268,465.831,38.453,124.546
532.946,467.238,38.021,125.312
534.762,467.255,38.082,127.218
535.960,467.415,37.520,128.411
537.554,467.102,37.284,129.402
535.883,466.048,36.712,131.261
535.239,464.096,36.805,133.144
534.848,464.318,37.628,133.090
535.081,464.005,38.193,133.651
535.812,464.025,38.579,134.489
535.191,465.866,38.736,133.128
535.715,467.725,38.943,130.893
534.011,468.494,39.469,129.635
535.219,469.003,40.342,129.018
535.105,469.786,40.349,130.241
535.010,468.398,40.702,130.754
535.043,467.483,40.936,133.228
534.915,466.527,41.006,135.249
536.153,465.446,40.498,136.572
536.680,464.150,39.536,138.484
536.951,462.874,39.481,139.742
537.898,460.705,39.254,141.065
538.857,461.157,39.321,140.810
538.429,462.657,40.117,138.841
538.928,465.288,39.921,136.774
538.714,464.480,39.320,136.761
538.597,467.316,39.449,135.486
537.917,466.982,39.480,134.821
537.532,469.668,38.987,133.744
538.183,467.990,39.438,134.065
539.071,467.913,39.885,135.694
537.639,464.631,40.439,138.895
538.226,462.191,40.463,141.770
538.419,462.648,40.124,143.329
540.710,463.847,40.401,142.989
540.017,462.811,40.304,143.444
539.070,463.899,40.599,142.688
539.284,461.202,40.766,144.670
538.747,461.085,40.980,145.019
540.070,460.021,41.549,146.355
539.323,460.933,41.815,145.232
540.359,462.023,41.745,144.504
540.543,463.365,42.835,143.729
539.604,464.178,42.675,142.619
540.200,466.099,42.209,140.942
538.411,466.354,43.061,140.921
540.856,466.099,42.552,141.974
541.838,464.232,42.019,144.560
542.273,465.728,42.278,145.659
540.989,466.393,43.867,145.336
540.350,466.037,44.166,146.057
539.970,464.985,44.703,147.646
540.310,464.040,43.737,149.112
541.138,463.729,43.176,150.079
540.361,460.218,42.976,152.212
539.960,461.746,43.061,150.947
539.827,461.320,43.145,150.104
542.665,466.133,43.035,147.285
538.941,466.224,43.347,146.472
538.807,467.320,44.349,145.856
539.549,466.088,44.292,146.924
539.192,466.025,44.274,146.436
539.268,466.183,44.090,146.362
539.303,464.573,43.538,148.804
539.023,463.703,43.074,152.702
537.654,464.195,42.998,154.871
539.741,463.141,43.732,156.318
537.113,462.439,44.457,157.291
539.684,461.154,44.660,159.030
540.629,461.394,44.948,158.572
542.009,461.719,45.311,158.986
540.361,461.662,45.884,159.351
538.578,461.434,47.087,159.594
540.743,462.907,47.967,159.548
539.863,463.991,48.556,157.718
538.876,466.952,48.595,156.147
539.417,467.862,49.098,155.757
538.008,469.758,48.478,155.164
540.380,470.887,48.708,156.163
541.652,471.818,48.288,156.744
542.500,470.463,47.393,157.922
543.742,471.362,47.293,160.589
543.525,470.434,47.161,162.368
543.677,468.712,46.949,164.015
543.985,468.938,46.700,164.234
544.871,467.333,46.459,165.563
543.521,467.731,46.021,165.266
543.694,467.410,46.029,165.499
545.334,465.748,45.843,166.519
545.134,466.377,45.625,166.588
546.344,467.618,45.984,165.511
545.724,470.682,46.384,162.702
546.174,470.777,45.751,162.466
545.839,471.654,45.426,162.407
545.759,471.157,46.494,163.337
543.041,470.432,47.116,164.307
542.940,470.377,47.286,166.949
540.401,470.885,48.297,170.301
540.953,470.794,49.308,172.464
540.171,471.869,50.037,173.394
542.354,469.494,49.462,176.726
538.557,470.549,48.552,177.195
541.647,466.598,48.549,180.453
537.043,467.879,49.071,180.034
536.624,466.612,49.942,180.187
536.877,467.124,50.983,180.036
537.269,468.326,51.719,177.790
536.499,467.175,52.374,177.009
533.711,469.019,52.046,175.574
533.952,468.907,51.403,176.131
533.340,467.047,50.199,178.266
530.318,468.114,49.600,178.214
525.317,468.789,50.372,179.732
520.670,467.312,50.507,181.532
515.497,466.969,50.617,183.830
510.408,468.201,51.825,182.473
508.612,467.911,51.826,182.786
505.570,464.975,52.848,184.173
502.456,460.946,51.369,187.261
503.695,455.679,50.632,190.232
503.456,455.317,50.170,190.484
503.344,454.804,50.694,190.572
504.299,456.474,51.687,187.777
505.827,457.024,51.891,187.015
506.235,459.435,50.827,184.996
507.360,460.199,50.566,185.379
508.947,460.472,51.130,186.582
507.478,460.432,51.788,188.273
507.015,459.902,52.453,190.683
510.272,461.094,54.359,191.166
510.805,459.494,54.949,196.631
508.039,459.333,54.040,199.134
505.180,458.731,52.997,201.088
499.905,460.441,52.921,201.344
495.541,459.757,52.349,203.561
486.764,460.584,53.347,202.984
484.793,457.411,52.758,204.834
481.494,455.938,53.436,206.610
476.338,455.129,53.716,206.394
473.333,452.844,55.592,207.016
470.015,453.412,57.591,204.759
466.964,454.104,59.750,202.775
464.796,454.188,61.509,201.838
465.071,453.505,61.566,201.025
464.192,452.334,60.242,202.377
460.939,450.374,58.156,204.475
460.353,449.667,56.692,207.756
459.954,444.841,55.516,213.167
457.003,442.356,56.649,216.585
455.080,442.149,56.269,219.381
454.730,441.668,57.080,221.969
453.985,441.811,57.745,222.509
455.075,442.026,58.098,221.364
456.732,440.362,56.982,222.188
454.679,440.410,56.580,223.301
454.839,443.574,57.861,221.177
454.712,441.784,58.457,220.969
453.687,443.901,56.800,220.067
453.593,445.533,58.759,217.507
453.475,446.574,59.217,217.317
450.974,448.262,59.588,219.985
449.953,450.099,60.728,221.238
448.197,449.347,62.021,226.543
449.325,450.352,64.661,228.051
448.062,452.920,64.618,226.966
449.685,451.450,64.714,228.821
449.594,450.253,63.656,231.190
450.544,451.778,63.376,230.639
449.748,449.650,62.659,232.129
450.719,451.134,65.737,232.171
451.370,451.289,65.147,233.745
451.686,448.183,65.281,235.185
452.850,451.283,66.088,234.371
452.925,453.861,66.727,233.429
453.315,449.159,68.723,236.956
453.197,452.912,69.394,237.286
457.450,454.258,70.142,239.467
457.769,452.474,70.518,244.903
457.865,450.186,70.040,249.515
457.599,450.537,70.575,251.175
458.864,452.151,70.207,253.130
456.108,451.230,70.642,255.768
457.545,452.485,71.680,255.706
457.509,456.779,72.958,254.255
453.619,456.634,74.085,253.730
454.427,452.759,72.488,257.124
454.870,450.973,74.433,258.586
455.696,451.883,75.280,257.695
454.971,452.796,74.556,256.241
453.441,457.001,74.708,253.777
450.889,459.545,75.922,252.490
448.581,460.405,77.116,252.406
445.338,460.442,78.151,253.023
444.247,459.853,78.848,254.912
445.312,458.971,77.431,258.036
447.870,457.539,76.130,260.702
450.513,458.819,75.535,260.809
450.962,458.092,75.867,260.165
459.753,456.096,74.147,262.301
454.641,459.617,75.864,260.279
460.621,461.665,76.466,259.796
462.367,460.566,77.267,259.655
464.654,461.284,75.452,260.520
468.692,455.485,76.730,262.735
469.103,454.651,78.564,265.433
470.975,455.072,80.359,267.056
470.623,456.974,83.382,265.153
474.436,455.959,85.694,264.675
474.270,452.531,87.885,266.735
477.685,452.426,89.096,266.827
473.083,451.246,92.130,266.214
473.854,452.036,93.823,267.127
473.371,453.652,96.567,266.771
476.072,452.771,96.882,269.116
476.778,456.337,98.656,266.029
478.404,456.128,98.340,265.738
476.945,459.779,96.632,263.911
484.084,454.759,93.629,265.389
481.164,454.126,90.527,266.654
479.961,457.320,88.893,265.495
481.224,456.937,87.905,265.283
483.054,461.598,87.829,260.812
486.911,465.311,91.202,256.202
479.741,470.610,93.593,251.871
472.990,474.283,95.748,248.443
470.602,476.292,93.537,246.953
479.262,479.772,89.773,243.884
487.176,482.526,89.963,239.279
498.383,480.397,86.769,238.640
503.800,488.263,85.571,233.793
502.239,493.261,85.183,229.326
500.881,495.304,87.859,225.256
512.357,501.863,88.615,219.508
523.202,509.361,87.648,212.921
526.292,508.854,87.118,212.883
527.464,512.252,91.760,207.617
522.698,500.817,97.959,213.087
541.439,477.601,94.256,230.302
542.876,463.631,93.167,243.606
535.338,467.371,99.015,245.294
541.411,451.443,100.606,257.226
540.010,453.567,106.739,258.656
531.130,455.132,112.006,261.262
528.673,462.153,119.132,258.014
534.064,460.863,118.352,259.891
533.125,474.312,123.427,249.944
536.711,474.128,126.054,244.618
521.998,489.418,133.194,234.229
510.480,491.684,141.160,227.354
506.131,496.536,146.750,223.723
513.585,499.589,145.937,219.846
519.192,493.990,139.491,222.658
521.770,491.687,136.017,223.646
521.421,491.796,135.198,223.821
505.079,494.526,145.425,223.299
493.656,493.138,154.717,225.242
489.210,494.553,162.008,224.164
497.808,491.941,162.455,225.788
515.863,475.285,146.536,239.116
528.888,471.417,131.161,246.541
530.816,468.882,125.464,249.455
526.460,471.173,122.827,250.255
535.117,470.550,115.041,248.694
538.137,459.665,110.022,256.432
536.943,439.174,113.988,266.729
534.560,436.524,111.694,273.307
531.215,442.742,118.404,270.925
439.163,454.842,136.514,266.651
512.042,458.857,139.330,259.292
510.906,461.709,142.425,256.580
514.386,451.982,143.774,262.951
518.556,444.542,144.195,271.596
514.278,447.633,147.630,272.487
515.100,439.615,146.964,277.011
509.721,441.004,151.820,277.120
511.876,438.219,160.044,276.452
508.789,431.007,158.405,281.929
500.570,435.418,162.440,281.567
521.051,415.600,157.330,295.387
523.452,409.560,159.317,300.176
519.217,412.410,160.996,303.481
521.510,414.458,164.633,303.085
515.500,414.648,167.386,301.623
507.697,424.599,165.161,295.372
510.272,421.283,166.361,297.348
508.465,421.321,161.227,296.948
507.217,416.176,162.083,301.489
505.923,409.551,158.882,306.770
510.354,408.805,161.787,309.184
514.373,401.511,161.409,311.731
518.354,396.280,161.411,318.997
517.101,392.333,150.622,329.243
525.536,372.995,140.834,344.129
526.239,368.715,135.045,352.502
521.504,373.977,133.101,350.683
519.907,368.435,130.676,352.723
519.780,364.885,129.428,347.992
530.636,328.616,134.945,346.591
