527.000,86.000,212.000,488.000
529.671,98.624,210.319,505.073
553.520,111.777,199.667,504.446
569.056,124.086,184.857,498.316
590.161,135.902,170.981,492.702
587.239,146.999,159.173,486.404
590.849,145.779,149.955,479.166
589.211,153.756,143.888,473.805
585.763,150.449,143.156,470.959
580.374,158.774,148.633,465.621
565.428,161.427,156.745,455.478
539.738,160.699,179.368,433.699
525.137,165.364,196.311,402.155
504.979,176.773,210.510,383.656
484.879,175.923,229.187,367.253
467.425,173.330,246.335,331.932
453.692,193.064,253.362,332.711
444.040,174.412,270.246,298.195
439.926,196.676,279.282,297.866
505.872,196.133,243.971,313.116
535.768,189.675,210.958,326.525
549.901,185.596,192.194,331.137
547.463,182.034,189.630,328.781
545.579,179.621,198.610,330.350
513.316,176.247,217.050,326.380
475.015,166.037,242.830,300.504
458.767,159.661,250.841,279.502
467.222,170.495,244.224,281.141
475.574,176.468,243.494,298.485
487.724,182.083,239.597,334.439
493.719,169.508,232.889,361.723
500.735,156.234,230.060,378.386
488.187,158.647,247.277,389.858
508.606,160.117,237.778,413.402
519.068,152.459,229.314,432.294
538.463,153.807,215.401,454.167
551.538,143.645,209.801,463.161
562.477,139.696,195.828,471.084
574.070,135.287,181.387,481.525
585.496,133.827,167.140,484.869
591.123,142.198,158.532,474.445
593.388,148.806,157.450,474.800
591.149,143.798,161.531,470.085
586.919,136.366,171.209,432.519
589.755,139.560,167.373,398.599
593.054,143.436,161.295,378.403
599.177,98.225,169.268,337.806
574.438,126.897,186.744,297.161
558.962,143.936,190.091,274.827
567.143,168.893,174.847,278.712
585.476,173.530,153.375,313.996
601.195,182.795,136.413,361.987
588.571,188.690,136.434,416.537
582.087,176.771,150.406,449.389
566.841,161.439,174.494,463.581
562.301,167.770,180.174,466.357
578.046,180.273,180.075,462.551
585.036,184.189,172.519,456.701
599.149,188.632,157.736,451.188
607.926,202.403,148.992,442.686
611.133,205.911,148.125,432.593
608.035,207.165,143.759,431.303
609.408,214.130,157.569,425.369
602.663,212.960,180.713,418.530
566.248,212.726,184.688,421.869
551.014,210.138,200.824,411.929
540.137,204.495,216.453,387.271
522.546,203.439,233.079,367.767
514.065,190.352,243.374,331.749
516.214,187.237,252.283,320.372
497.245,181.066,260.523,301.047
502.264,180.848,258.719,305.107
504.864,169.614,259.768,303.058
502.814,155.733,255.006,291.448
516.819,138.375,249.545,278.775
520.891,123.883,236.722,267.980
525.527,108.186,217.913,260.527
531.484,108.801,202.359,253.398
539.621,110.498,182.801,255.918
557.181,104.113,184.123,242.003
566.117,108.760,174.437,233.900
585.992,104.411,183.597,220.850
595.190,97.716,190.015,205.945
604.863,91.463,190.569,203.008
609.503,95.895,188.958,211.534
611.262,91.680,182.479,217.430
588.764,93.863,166.605,231.730
583.869,100.203,155.948,255.105
583.664,154.539,151.380,289.457
576.607,126.791,159.325,322.045
585.679,97.442,161.467,354.013
586.982,89.941,175.960,368.990
587.224,91.568,188.096,389.687
593.188,93.312,187.547,416.930
600.556,86.345,174.665,441.906
588.854,88.574,171.597,451.080
596.541,98.405,164.251,471.672
598.278,106.289,162.774,463.953
590.962,119.185,167.208,421.170
575.978,94.209,175.517,404.117
559.116,76.207,184.743,362.603
574.953,77.273,174.526,332.836
581.503,90.823,162.216,317.922
574.411,97.517,157.586,295.916
554.306,134.837,173.515,278.841
525.719,158.288,192.741,286.815
499.838,163.690,220.672,309.986
480.168,159.338,245.216,335.816
453.674,133.498,278.353,314.888
449.008,132.268,288.384,285.474
473.820,150.261,275.362,272.627
487.232,149.492,265.695,245.515
495.318,167.119,261.175,221.661
489.344,137.409,234.819,236.572
477.241,109.382,207.616,259.055
472.825,108.800,184.728,272.274
464.656,155.652,188.133,245.477
433.859,148.253,218.632,208.546
428.413,143.425,235.361,194.311
457.053,137.493,212.994,215.702
481.448,125.864,190.467,228.174
478.008,123.422,176.013,228.668
479.191,101.318,186.912,205.741
476.193,98.792,206.402,176.227
487.689,91.854,223.629,159.699
481.110,91.978,200.875,163.841
500.795,91.950,181.092,173.515
510.979,88.081,165.872,175.114
516.728,84.220,164.612,166.764
489.838,78.637,192.798,145.944
486.812,82.136,208.548,134.646
507.210,96.731,194.097,154.938
534.438,99.417,164.275,182.579
545.309,87.327,152.795,182.606
555.604,72.422,170.697,156.900
544.913,74.569,200.618,132.988
533.986,81.294,221.535,119.984
521.908,92.429,199.099,128.874
536.916,89.367,184.150,132.262
553.162,89.780,166.668,137.900
557.214,87.908,165.311,142.117
521.665,84.149,193.298,132.028
511.472,85.447,220.452,126.597
586.531,88.762,200.862,137.776
585.950,96.776,192.838,149.093
594.032,91.002,199.800,144.173
583.606,81.211,219.802,134.092
601.492,85.969,224.856,122.083
641.221,121.251,211.383,144.368
581.346,147.340,233.487,136.133
594.639,216.906,212.723,171.733
591.354,234.809,211.728,197.445
583.692,259.449,219.966,196.446
608.915,266.489,205.598,194.017
630.660,261.256,181.104,197.053
638.510,254.204,163.830,201.264
644.785,247.787,151.561,209.910
658.337,257.249,150.375,213.746
646.875,266.189,157.757,208.525
635.598,281.382,167.471,203.781
635.017,293.240,170.200,205.223
642.138,290.414,178.880,214.581
633.728,272.660,195.046,240.743
613.403,269.625,194.871,278.096
623.524,241.330,209.042,313.966
616.730,210.055,210.242,358.788
581.490,210.934,226.847,380.366
581.311,182.890,227.807,417.459
574.060,154.991,225.791,451.213
573.134,148.187,228.458,474.187
564.008,138.642,230.392,482.480
565.116,137.535,228.245,486.455
564.291,139.419,221.886,476.035
563.471,144.915,214.394,445.209
569.642,159.899,209.352,422.234
556.166,192.926,232.175,395.304
537.375,220.829,264.925,364.578
558.825,239.639,283.446,347.772
554.477,265.159,297.058,329.851
541.938,322.472,316.367,294.150
546.941,335.317,314.916,271.907
546.144,340.245,316.107,236.286
552.131,353.153,319.952,217.216
535.078,362.168,292.045,216.965
547.065,366.992,293.105,217.431
545.552,372.683,268.319,232.540
556.477,364.708,259.355,231.830
564.047,370.994,248.129,240.881
564.189,377.015,248.500,247.672
569.967,379.913,245.691,249.612
578.284,387.043,235.846,248.296
581.437,389.329,232.776,246.508
585.201,395.662,230.216,242.206
586.608,397.861,223.255,239.393
607.267,395.407,205.828,240.788
610.729,383.257,202.292,243.619
622.396,358.617,189.896,252.930
628.004,349.769,191.359,243.888
629.534,380.531,206.591,221.822
618.331,397.875,219.471,202.865
605.918,399.642,209.352,199.715
603.498,395.221,202.194,197.299
613.456,383.331,194.101,200.124
608.809,405.275,189.057,206.836
611.960,408.384,186.180,213.183
614.287,402.320,181.958,219.240
612.921,401.103,185.663,222.628
611.189,396.392,190.021,229.918
594.019,390.171,172.440,240.740
596.685,385.284,163.943,247.467
599.908,380.869,166.346,250.214
585.868,377.274,161.497,255.202
587.143,375.039,163.027,256.571
580.254,373.205,168.978,257.895
568.987,370.551,182.054,259.532
556.528,368.901,187.509,260.992
549.116,366.739,183.077,262.439
566.235,370.988,192.858,258.325
515.229,378.524,204.861,254.056
504.594,382.480,192.310,254.642
513.766,386.472,196.900,250.218
495.057,390.753,187.705,248.904
497.864,391.485,181.602,246.719
500.203,395.225,177.200,243.291
507.730,393.797,169.797,241.744
508.333,394.711,167.437,240.281
511.431,396.006,165.747,239.383
511.382,397.919,166.600,237.461
513.439,399.065,170.378,236.506
517.149,400.205,172.658,234.538
520.100,402.675,175.608,233.093
525.652,404.681,176.905,233.034
530.623,404.761,177.667,233.285
537.020,403.488,177.554,233.488
540.180,402.347,179.022,233.642
542.810,400.370,181.204,234.571
534.326,396.990,191.163,234.958
529.402,393.350,201.353,236.872
518.313,390.300,216.186,238.374
521.954,385.314,224.295,245.256
