249.000,305.000,670.000,412.000
251.818,319.155,682.603,400.525
244.057,335.412,697.149,385.773
226.433,327.008,714.351,385.781
208.629,321.029,735.655,395.196
190.914,336.956,762.463,380.224
170.831,339.102,790.121,377.651
144.905,369.608,826.046,358.491
134.958,377.666,849.281,342.326
134.679,376.212,859.676,339.146
138.733,369.917,864.586,346.365
134.127,362.215,864.093,355.992
112.333,353.584,871.272,361.197
89.135,326.754,879.797,378.727
75.363,315.050,879.185,392.742
56.990,322.999,885.371,392.730
37.715,328.643,886.715,388.069
35.639,334.895,879.819,385.090
15.710,335.232,881.431,381.339
19.068,307.617,866.680,401.131
21.172,303.964,856.077,412.132
27.433,304.331,848.881,416.450
24.559,330.735,849.326,399.623
14.538,345.797,858.051,378.254
18.537,343.647,855.153,373.565
29.018,335.775,839.900,383.660
51.966,329.190,820.852,391.769
85.535,309.611,790.668,405.746
111.193,281.055,756.883,430.289
134.746,270.624,729.764,446.133
155.009,265.969,706.275,448.807
166.665,264.657,683.720,450.664
175.570,259.586,664.450,454.177
196.198,257.292,652.841,453.907
209.940,261.968,633.083,456.841
241.267,257.577,611.680,457.153
242.567,260.225,598.914,455.663
259.528,267.690,591.368,454.400
273.467,266.183,578.377,451.994
287.811,262.376,560.458,451.631
316.881,257.251,537.890,457.697
355.385,231.005,515.394,471.508
380.351,211.821,492.721,467.896
409.144,210.345,462.829,465.556
429.032,220.367,440.336,468.679
442.155,242.546,425.419,467.786
451.229,241.565,414.342,465.880
460.333,235.254,404.018,472.883
472.311,240.827,396.915,468.727
472.755,233.099,394.572,463.574
478.015,226.864,394.875,446.002
488.398,230.860,393.666,413.998
494.467,239.565,389.560,392.793
513.351,232.985,377.091,381.237
539.337,227.968,359.976,380.193
556.087,230.875,344.058,380.580
565.615,233.123,337.865,386.137
586.625,266.099,330.358,389.348
578.460,279.081,332.878,384.532
579.674,287.839,342.388,385.919
586.399,260.499,346.238,395.139
594.931,238.957,338.843,399.662
593.605,230.511,338.530,405.637
630.543,214.368,314.956,406.125
649.123,210.255,302.732,385.675
662.619,206.558,294.946,368.137
673.368,222.296,289.786,347.692
691.578,238.206,277.992,331.917
713.408,240.794,250.743,334.252
733.609,236.030,228.094,333.429
747.644,242.661,210.400,333.368
760.901,240.368,195.161,336.050
779.616,237.191,185.481,333.824
785.177,242.269,177.291,340.059
795.060,247.449,176.837,334.075
805.388,239.932,178.788,332.280
811.115,240.024,177.558,337.837
819.836,239.461,173.261,339.760
823.859,241.478,170.808,340.432
827.815,246.668,168.717,342.884
836.230,228.924,164.967,349.979
848.169,235.606,154.299,358.294
860.069,232.720,142.992,366.976
863.974,188.113,136.003,372.437
868.838,206.360,132.487,365.619
870.772,204.597,131.325,353.496
870.051,201.569,130.069,342.946
873.211,196.684,127.504,330.793
876.385,196.359,124.944,319.578
881.271,202.412,122.751,313.895
884.811,206.759,122.932,307.597
888.148,207.719,123.989,295.787
894.057,217.598,123.669,285.566
896.221,227.697,122.430,278.393
899.058,231.063,119.542,273.765
896.416,238.724,119.916,263.055
894.044,238.963,119.431,262.401
891.428,232.551,121.123,258.421
885.734,240.709,125.451,250.204
876.803,219.300,128.085,260.003
872.733,210.212,130.415,268.762
867.709,207.028,131.756,270.612
865.147,207.896,133.221,270.833
861.710,215.735,135.524,267.013
860.957,220.798,141.140,261.965
860.290,228.696,147.889,257.440
856.816,232.626,153.536,251.655
856.861,244.516,162.404,242.707
848.998,250.844,176.722,232.026
841.080,262.613,188.789,220.473
832.905,260.953,190.238,210.594
826.641,267.628,188.189,207.879
822.726,264.820,185.789,203.985
819.757,258.636,178.390,204.496
818.034,256.103,170.099,207.971
814.842,245.527,163.992,205.914
811.409,244.889,159.925,205.344
