332.000,185.000,15.000,41.000
333.864,186.737,16.000,40.987
333.436,185.995,16.566,40.977
332.517,186.141,16.743,41.436
333.241,186.205,16.651,41.630
332.646,186.015,16.913,40.863
332.245,187.170,17.360,40.662
332.248,186.879,17.277,41.038
331.089,187.672,17.464,42.325
330.468,187.135,17.150,43.535
330.237,187.232,16.776,45.021
329.341,187.422,16.627,46.011
329.541,187.746,16.355,46.479
329.245,188.591,16.356,46.264
328.537,188.329,16.606,46.378
327.961,187.845,16.812,46.374
328.062,188.331,17.197,46.473
327.531,188.010,17.260,46.604
327.434,188.462,17.112,46.418
327.592,188.492,17.041,46.248
326.490,188.309,16.993,45.871
326.953,189.046,16.765,45.366
327.179,188.283,16.705,45.591
326.921,188.256,16.596,45.309
327.242,188.650,16.656,45.295
326.643,188.922,16.704,45.347
326.948,188.143,16.930,45.704
327.041,188.957,17.181,45.951
326.891,188.410,17.283,46.040
327.430,188.804,17.442,45.800
327.346,188.957,17.627,45.701
327.504,189.357,17.811,45.480
328.101,188.483,17.584,45.601
328.723,188.935,17.528,45.350
329.196,188.643,17.402,45.436
329.247,189.188,17.160,45.492
329.440,188.536,17.085,45.593
330.063,189.316,16.865,45.453
330.260,188.228,17.038,45.468
330.976,189.574,17.055,45.115
330.760,188.641,17.385,44.754
330.785,189.032,17.637,44.228
330.617,189.914,17.937,44.097
331.623,190.050,18.208,43.841
331.771,189.918,18.562,43.658
331.324,190.084,18.817,43.265
332.414,189.610,19.091,43.465
332.312,189.975,19.150,43.241
332.720,188.965,19.157,43.390
333.526,189.285,19.052,42.956
333.145,190.042,18.888,42.438
333.965,189.783,18.790,42.448
335.365,189.571,18.712,42.464
336.203,189.763,18.245,42.641
336.174,188.712,17.947,42.836
337.605,189.148,17.458,43.041
338.729,188.658,16.991,43.604
338.929,189.540,16.760,43.316
338.957,188.121,16.606,44.178
339.827,188.522,16.402,44.221
339.109,187.519,16.492,44.900
339.988,188.886,16.266,43.932
339.843,188.201,16.407,44.199
339.770,187.587,16.801,44.491
340.333,187.766,16.891,44.689
341.049,186.735,17.176,44.888
340.591,187.102,17.445,44.937
341.214,186.265,17.436,45.066
342.641,185.709,17.296,45.276
342.826,184.197,17.137,45.457
343.863,184.141,16.765,45.484
344.672,183.511,16.293,45.210
346.281,182.720,15.756,44.839
346.291,182.202,15.596,44.378
347.543,182.976,14.980,44.217
347.826,182.402,15.080,44.430
348.112,182.182,14.961,44.488
348.722,181.562,15.011,44.281
349.229,181.253,15.343,44.080
349.872,181.161,15.473,43.907
349.955,180.836,15.689,43.859
350.757,181.579,15.806,43.915
350.543,181.005,16.072,43.832
350.959,181.318,16.277,44.016
351.439,181.069,16.378,44.160
352.173,180.581,16.719,44.210
351.773,180.603,17.041,43.788
352.873,180.736,17.462,44.134
352.781,179.717,17.700,43.774
353.458,178.702,17.833,43.214
354.486,178.825,17.975,42.573
356.271,178.965,17.529,42.312
356.258,177.923,17.133,42.298
357.607,178.234,16.527,42.344
358.710,177.972,16.076,42.761
358.941,177.344,16.055,42.851
360.064,176.368,15.591,43.202
360.260,176.645,15.597,43.365
360.793,176.837,15.483,43.640
360.291,175.412,15.722,44.133
361.466,176.206,15.473,44.370
361.612,175.534,15.536,44.647
361.858,174.548,15.582,45.144
361.762,173.850,15.590,45.207
362.050,173.563,15.642,45.206
362.089,173.294,15.605,44.819
362.741,172.562,15.543,44.699
362.356,171.783,15.531,44.543
362.832,171.687,15.743,44.209
362.772,171.175,16.077,43.914
362.738,171.412,16.375,43.034
363.383,171.568,16.671,42.423
363.444,171.026,16.671,42.369
363.752,170.415,16.618,42.108
363.929,171.258,16.489,41.882
364.005,170.070,16.377,42.390
364.698,170.181,15.818,43.288
364.588,169.407,15.802,43.837
365.576,169.381,15.665,43.964
365.949,169.110,15.835,43.779
366.858,169.822,15.804,43.592
366.902,169.329,16.010,43.448
367.337,168.257,16.154,43.024
367.202,168.424,16.117,42.671
368.133,167.470,16.016,42.314
367.948,167.637,16.072,42.023
369.207,167.252,16.222,41.507
369.394,166.678,16.290,41.392
368.853,166.799,16.278,41.467
370.289,165.577,15.739,41.308
370.212,165.473,15.623,40.984
371.453,165.144,15.277,41.321
371.919,164.682,15.124,41.397
372.139,164.638,15.173,41.714
372.279,165.446,15.146,41.867
372.393,165.517,15.329,41.840
372.006,166.084,15.586,41.414
372.325,166.684,16.313,40.706
372.676,167.120,17.322,39.508
372.425,168.667,17.800,37.870
372.205,168.800,18.068,36.719
371.345,168.809,18.517,35.748
370.352,169.594,19.538,34.982
368.116,169.612,21.146,34.265
366.707,169.600,22.982,34.110
363.919,169.333,24.804,34.071
361.937,168.438,26.118,34.269
359.198,167.982,27.309,34.280
355.000,169.381,28.381,33.831
350.269,168.760,28.102,33.728
346.043,168.592,27.679,33.308
344.133,167.481,28.458,33.666
343.275,167.737,28.462,33.834
339.400,166.209,29.115,33.866
337.791,165.363,27.893,34.112
335.322,165.302,25.064,35.427
332.657,165.090,21.978,36.376
330.962,165.938,21.309,35.099
328.286,166.287,21.790,33.840
324.032,165.843,23.422,33.586
318.570,165.566,25.093,33.451
313.849,164.761,23.358,35.647
311.741,163.700,21.484,36.772
308.231,162.679,19.617,36.972
302.055,162.347,19.010,37.460
298.875,161.428,19.405,37.326
294.481,160.803,21.395,36.841
289.168,160.994,23.699,35.920
283.791,161.408,25.367,35.393
279.738,160.692,23.862,36.567
276.446,160.459,21.110,37.559
273.045,162.116,18.205,36.558
269.864,160.729,17.494,35.986
265.875,159.731,19.105,36.180
259.299,159.597,22.245,36.061
253.231,158.012,23.978,36.704
248.828,157.972,25.189,37.244
246.560,156.944,24.394,37.717
244.255,157.282,22.141,38.152
240.269,156.053,19.614,38.746
238.096,154.646,17.697,39.574
235.449,154.572,16.689,39.464
232.428,152.455,16.944,39.585
228.396,152.799,18.184,38.339
224.186,152.947,19.044,36.877
220.467,153.442,18.745,36.226
219.090,152.782,17.077,35.819
217.555,152.770,15.683,35.465
216.034,152.159,15.050,35.608
212.428,152.532,15.838,35.705
208.279,151.518,17.854,34.737
205.206,151.892,19.325,34.250
202.045,151.292,21.086,33.438
197.630,151.869,22.857,32.671
194.639,152.362,24.363,32.280
192.321,151.677,24.687,31.990
190.741,152.032,25.546,32.107
188.314,151.189,27.034,32.230
185.622,153.681,29.055,30.912
183.718,152.705,30.402,30.609
183.020,149.511,30.120,33.215
182.183,149.961,28.781,33.780
181.184,150.439,27.455,33.853
179.551,150.381,25.764,33.718
179.251,149.108,23.956,33.939
178.499,147.467,22.598,34.478
179.692,147.230,21.304,35.039
179.018,146.570,21.506,35.608
179.125,145.038,22.314,36.056
177.251,144.377,23.160,36.067
175.951,145.002,24.999,35.913
172.974,146.004,25.321,36.414
170.991,146.084,24.402,37.123
171.646,146.455,23.466,37.013
171.796,147.466,22.264,37.128
172.266,147.957,21.209,37.145
172.868,148.387,20.300,37.234
172.178,147.315,19.851,37.675
172.765,147.999,20.288,37.253
173.208,147.829,20.564,37.181
175.184,147.735,20.348,37.729
177.499,146.679,19.823,38.194
181.104,145.870,18.040,39.206
182.320,146.185,17.693,39.230
182.991,145.124,18.063,39.690
185.845,143.985,18.748,39.069
189.543,142.190,18.847,37.489
192.669,143.096,18.501,36.754
193.702,142.725,19.136,36.912
196.904,142.246,19.793,36.912
198.287,141.570,22.736,36.390
199.396,141.826,23.648,36.358
199.685,141.260,23.405,36.051
202.274,141.402,22.071,35.803
204.356,141.125,20.303,35.648
206.197,141.273,18.375,35.874
208.716,140.197,16.837,37.015
209.443,138.916,15.632,38.081
211.086,137.711,14.516,38.979
211.235,136.857,14.034,39.468
210.990,135.604,13.714,40.354
211.729,134.499,13.137,40.856
212.566,133.460,12.839,40.435
212.919,132.499,12.470,40.410
212.962,131.624,12.444,39.895
213.710,129.999,12.284,39.833
213.759,129.307,12.236,39.627
214.457,128.138,12.183,39.731
213.738,128.517,12.784,38.971
214.619,128.277,12.881,38.191
214.857,128.407,13.377,37.958
215.234,127.881,13.776,37.122
216.409,128.526,13.753,36.320
217.386,127.955,13.497,35.910
219.055,126.986,13.023,35.915
220.103,126.727,12.752,36.023
221.512,125.229,12.766,36.742
222.002,125.091,13.052,37.330
222.337,124.761,13.492,37.456
222.850,124.948,14.136,37.590
223.499,124.542,14.532,37.046
224.007,125.084,14.809,35.904
225.320,124.792,14.434,35.331
226.677,124.619,13.564,34.945
228.425,124.032,12.885,34.292
229.715,123.670,11.992,33.775
230.499,123.155,11.360,33.621
231.321,124.358,11.583,33.108
232.232,123.595,12.185,32.750
232.667,125.029,12.745,32.266
233.089,124.626,12.842,31.998
235.011,125.625,12.322,32.070
236.708,125.187,11.772,31.793
237.222,125.424,11.504,32.506
239.057,125.255,11.207,32.550
238.971,124.493,11.072,32.968
240.367,125.729,11.456,33.197
240.891,125.994,12.214,33.793
242.279,126.954,11.990,34.369
242.499,126.601,11.902,34.760
243.287,127.163,12.441,34.494
243.574,127.359,12.686,34.289
243.542,127.879,13.379,34.179
243.966,128.060,13.485,34.141
243.440,127.706,13.726,33.666
244.325,128.311,13.803,34.737
244.427,128.588,13.679,35.779
245.062,129.532,13.540,36.378
245.474,129.822,13.776,36.408
245.502,129.707,14.041,35.956
245.999,130.338,14.316,35.396
245.925,130.428,14.223,35.076
246.767,130.654,14.478,35.081
246.998,131.435,14.269,34.745
247.066,131.754,14.238,35.034
248.344,132.825,14.098,35.761
248.961,134.120,14.076,36.462
249.333,134.635,14.087,37.411
249.896,135.018,14.048,38.208
250.117,134.442,13.876,38.361
250.118,135.398,13.590,38.568
251.331,135.500,13.370,38.274
251.362,135.692,13.087,37.992
251.516,135.783,13.026,38.406
251.218,136.608,13.111,38.337
251.710,136.966,13.372,38.307
251.346,137.263,13.777,38.311
250.038,137.702,14.148,38.022
250.034,138.610,14.373,37.937
249.698,139.323,14.890,38.333
249.793,139.853,14.980,38.982
249.993,140.062,15.056,39.543
249.613,140.616,15.306,39.782
250.205,141.464,15.141,39.798
249.970,141.917,15.116,39.908
250.689,142.077,15.092,39.703
250.719,142.151,15.223,39.282
250.909,142.108,15.195,39.093
250.595,142.768,15.015,39.171
250.016,142.563,15.211,38.654
249.965,144.569,15.608,37.638
249.351,145.007,15.599,36.988
249.810,144.932,15.636,37.525
249.641,146.279,15.631,37.531
249.309,146.153,15.523,37.970
249.390,147.306,15.573,38.017
249.478,148.171,15.462,39.318
249.154,148.228,15.594,39.959
248.917,148.594,15.632,40.064
248.496,147.617,15.579,40.137
249.191,148.065,15.279,39.971
249.074,148.140,15.190,39.555
248.499,149.124,15.166,39.120
248.290,150.117,15.155,38.433
248.308,150.535,15.279,38.142
248.129,149.801,15.331,38.430
248.052,151.308,15.305,39.479
247.727,151.745,15.403,39.990
248.058,152.484,15.351,40.861
248.072,153.328,15.612,40.684
248.035,153.623,15.967,40.790
247.718,153.884,16.028,41.268
247.637,154.040,16.398,41.278
247.294,153.914,16.268,41.049
247.337,154.850,16.281,40.766
247.406,155.205,16.290,40.028
246.601,155.397,16.366,39.892
247.439,155.258,16.020,39.902
247.616,155.508,15.734,39.449
247.721,155.804,15.476,39.404
