236.000,222.000,27.000,28.000
236.023,223.577,27.378,29.222
239.078,223.800,27.144,29.382
243.169,225.030,27.467,29.461
249.902,223.934,27.992,29.631
255.446,220.605,27.970,30.336
256.459,216.117,28.105,30.514
257.236,210.756,28.522,30.221
257.971,206.108,28.169,31.060
259.875,202.835,28.207,31.785
269.959,198.160,28.617,31.474
276.997,199.445,29.126,31.017
287.245,207.882,28.687,31.130
292.620,217.749,28.119,31.924
296.463,218.568,28.181,31.828
295.273,216.003,28.158,32.329
288.851,211.801,28.050,32.052
290.075,204.256,28.747,32.086
279.055,200.629,28.917,32.104
280.033,201.540,30.575,32.048
282.987,205.327,31.359,32.070
286.988,201.968,31.041,32.506
287.531,197.640,31.318,32.380
284.650,189.299,31.421,32.366
284.358,183.192,31.792,32.846
285.913,177.190,32.671,32.548
284.905,174.262,32.379,32.889
281.188,171.472,31.550,33.804
275.579,173.979,31.554,33.957
271.852,178.996,31.474,34.082
267.090,178.746,31.578,34.051
265.916,183.564,32.253,34.376
264.707,189.066,32.068,34.913
262.721,197.279,32.835,35.077
263.079,201.039,32.971,35.501
262.071,205.002,32.981,36.382
262.155,209.089,32.740,37.023
259.842,214.610,33.073,36.899
256.537,219.761,33.246,37.242
254.426,223.733,33.989,37.638
254.464,226.533,33.975,37.740
254.830,229.258,35.699,37.042
256.538,230.911,35.861,36.893
261.149,229.944,35.148,37.868
260.519,228.232,34.815,38.002
261.656,225.250,35.491,37.638
256.315,225.004,35.621,38.280
253.853,226.680,35.812,38.565
252.126,229.220,36.563,38.733
253.153,227.078,36.755,39.205
248.898,224.857,37.252,39.508
247.778,220.669,37.784,39.459
244.466,218.143,38.411,39.481
250.030,219.068,38.736,39.470
251.992,224.552,39.855,39.731
256.938,230.111,39.976,39.943
264.217,232.329,39.538,39.964
269.303,230.838,39.025,40.148
271.933,226.806,38.987,40.925
273.602,224.512,39.824,40.907
277.127,223.892,39.407,41.812
278.036,226.789,39.941,41.851
281.049,227.538,40.103,42.204
281.368,223.272,39.651,42.977
281.748,219.800,39.611,43.655
275.927,215.449,39.898,44.259
274.124,213.693,40.777,44.749
273.996,213.659,41.490,44.490
275.415,216.261,42.573,44.368
282.869,218.054,42.129,44.990
279.231,220.805,42.653,45.086
280.879,220.834,42.893,44.836
277.391,220.840,42.737,45.452
275.482,220.435,43.065,46.081
274.200,222.423,43.815,46.670
270.026,222.014,43.691,47.209
267.548,219.251,44.205,48.017
262.024,216.068,45.085,49.078
259.913,218.200,46.474,48.576
261.477,219.600,47.405,48.655
262.346,218.587,48.221,49.147
262.848,217.339,48.518,49.976
261.090,214.502,48.103,50.771
261.288,212.166,49.051,51.098
262.264,213.234,50.062,50.904
263.247,217.751,50.735,51.244
265.022,220.446,51.309,51.240
265.593,220.281,52.222,51.671
264.474,217.866,52.251,52.511
263.101,219.251,52.650,53.363
266.562,223.410,52.687,53.987
269.141,226.235,53.305,53.963
272.762,228.862,53.304,54.543
276.509,228.654,53.216,55.436
276.952,224.998,54.117,56.352
277.794,224.936,55.298,56.763
277.604,224.662,55.719,57.947
278.606,223.639,56.296,58.449
280.400,222.319,57.207,58.477
282.633,219.630,57.557,59.225
285.255,217.197,57.887,59.630
284.015,216.056,58.078,59.805
282.457,214.387,58.101,60.372
282.855,212.128,58.274,61.208
283.383,208.879,59.827,62.205
283.104,207.133,60.527,63.350
281.196,205.381,61.227,64.231
279.288,204.545,61.683,65.393
276.718,201.317,62.427,66.575
270.287,194.195,62.681,67.966
262.806,185.298,63.667,69.348
250.879,176.177,65.637,70.317
244.609,168.537,65.570,71.530
236.112,162.594,67.100,72.442
229.264,160.630,68.150,73.960
224.006,161.033,69.718,74.440
218.531,166.152,70.862,75.762
217.542,170.026,72.971,76.673
211.932,177.065,73.878,77.607
209.156,180.038,74.834,79.087
202.708,181.160,74.898,79.952
199.092,183.663,76.620,81.518
198.537,185.551,78.764,83.005
197.840,182.609,80.674,84.300
198.159,183.850,81.248,85.768
192.339,185.676,83.125,86.489
187.161,188.099,84.624,87.269
180.266,190.086,86.770,88.814
172.201,190.772,87.958,89.873
161.828,185.119,89.935,91.165
146.543,181.250,93.589,93.565
130.209,173.778,96.432,96.431
110.603,172.401,99.147,98.156
89.579,168.116,103.639,99.321
70.268,163.822,107.368,101.974
52.570,160.227,109.083,104.386
33.964,160.204,111.680,107.111
18.349,167.283,113.188,109.793
8.650,178.089,117.855,109.465
7.121,191.347,121.073,111.246
13.537,202.663,126.924,112.025
14.249,209.652,129.713,113.813
19.030,209.290,129.284,117.138
13.497,216.547,137.505,118.850
15.602,225.588,140.994,122.181
15.371,233.664,144.290,124.582
15.625,237.760,146.363,125.947
27.364,239.111,149.144,129.659
42.460,245.674,149.719,131.594
58.666,249.550,151.018,134.477
88.793,251.291,145.884,137.988
98.640,252.736,149.430,141.275
104.989,253.940,156.675,143.516
108.023,252.058,164.429,146.761
115.478,251.892,167.769,154.539
120.906,251.032,171.732,157.805
124.509,245.744,174.253,163.120
126.373,243.007,176.952,167.495
126.859,242.913,181.062,173.035
129.030,243.151,183.082,182.147
131.834,238.085,184.735,193.208
130.733,234.820,191.111,196.417
132.306,228.947,197.755,197.213
141.967,234.480,201.991,207.059
135.727,230.378,213.845,204.148
