471.000,651.000,89.000,17.000
471.228,649.166,87.408,19.738
471.946,647.167,88.054,20.660
474.032,646.099,87.234,21.802
476.162,645.445,85.943,22.599
477.741,644.862,85.499,22.613
479.941,643.455,86.179,23.081
481.226,644.370,86.041,22.533
481.261,638.632,87.329,24.599
481.544,633.633,88.379,27.607
481.254,629.468,89.498,30.386
482.803,624.345,90.631,31.929
486.384,621.625,90.322,32.320
488.572,619.046,93.029,31.776
496.957,616.082,91.177,36.995
494.707,608.670,94.001,34.951
499.268,602.425,95.805,34.410
500.935,601.230,95.993,33.760
510.235,599.621,98.917,31.506
518.005,595.358,97.403,34.708
517.197,592.263,102.021,32.246
527.891,588.560,103.517,33.394
527.018,586.283,106.366,33.904
532.905,581.251,106.661,35.404
541.286,579.149,106.254,35.958
547.409,578.805,104.580,37.682
553.051,571.129,102.257,40.687
556.939,564.231,101.891,41.285
558.679,560.801,105.636,39.038
562.317,557.320,107.192,36.503
562.149,554.803,106.842,37.431
558.509,551.243,108.172,35.456
559.634,548.521,108.279,33.862
560.843,549.618,108.221,32.302
559.286,550.468,107.465,32.517
559.768,550.634,106.222,31.278
562.474,551.586,105.632,30.582
562.068,552.466,105.099,29.980
562.634,554.802,105.281,30.290
564.019,555.895,104.968,29.811
564.436,557.732,104.985,30.041
563.823,559.524,105.887,30.049
564.455,561.072,105.811,30.158
565.377,562.147,106.563,30.715
565.803,562.754,106.068,31.216
567.475,565.081,107.172,31.367
565.722,568.370,108.123,32.956
567.341,570.023,110.547,34.224
566.789,572.132,111.406,36.059
568.657,573.590,111.619,37.098
571.607,576.664,111.213,37.600
576.787,579.652,110.249,37.517
580.117,584.137,110.717,37.994
583.444,586.857,112.081,37.083
588.522,589.919,112.937,36.041
597.578,593.072,112.862,36.263
608.110,596.254,113.529,36.859
621.154,599.796,113.634,38.040
632.019,602.618,115.394,36.351
643.913,609.182,117.123,35.480
658.506,612.515,117.481,35.514
669.746,616.236,118.008,35.158
683.091,620.645,116.972,34.671
695.439,624.104,117.311,34.151
708.698,626.870,117.671,33.480
720.522,629.066,117.343,33.562
731.342,631.450,116.318,33.716
740.672,632.802,113.943,33.914
749.258,634.685,112.128,33.852
756.434,636.473,111.004,33.320
763.777,637.904,108.982,33.386
769.891,639.624,106.901,32.929
777.030,641.857,105.800,32.044
781.829,642.545,105.307,31.583
788.537,643.883,105.397,31.571
791.887,644.666,106.011,31.416
796.400,645.969,106.132,31.259
799.601,646.727,106.047,31.836
801.595,648.351,105.582,32.363
805.049,649.822,104.909,32.555
805.700,652.397,104.414,32.217
806.917,653.781,103.993,32.336
807.078,655.607,104.379,32.465
803.399,654.935,104.458,32.960
798.939,654.160,105.478,33.174
792.992,652.537,105.890,33.188
788.574,649.350,104.744,33.689
782.913,646.457,104.789,34.509
777.452,641.663,105.614,34.281
771.604,638.444,106.636,33.773
769.328,632.165,106.158,33.019
765.849,625.480,104.948,32.364
763.045,618.953,104.204,31.436
760.328,614.053,105.994,30.375
759.062,610.817,105.805,30.250
757.854,607.702,105.607,30.290
754.992,604.672,105.198,30.189
752.640,601.623,106.522,30.234
750.976,600.208,106.835,30.350
746.900,599.101,109.088,31.174
743.550,597.221,110.641,32.160
739.854,597.700,110.669,32.488
737.639,598.121,111.793,32.035
733.235,599.562,114.018,32.015
729.659,598.039,114.453,33.134
727.102,598.113,115.497,33.749
727.457,599.172,116.748,34.293
724.035,598.982,118.117,34.325
720.672,599.899,118.569,35.225
719.192,601.268,118.159,36.268
716.981,603.307,117.954,36.873
713.607,604.010,119.638,37.286
707.802,603.529,120.757,38.256
704.064,603.812,120.680,38.759
699.803,604.338,119.822,39.273
694.141,603.869,120.421,39.824
690.369,602.781,120.134,40.654
686.239,602.315,120.198,40.995
681.920,602.283,119.595,41.412
678.415,600.320,117.966,42.598
677.074,598.955,117.950,42.932
674.410,598.129,117.973,43.302
673.487,597.449,118.514,43.511
672.362,597.218,119.080,44.378
671.409,596.325,119.070,44.285
669.464,596.442,120.060,43.996
669.282,594.622,119.372,43.763
668.826,593.735,119.101,43.177
668.795,594.813,119.158,43.253
667.684,593.567,119.249,43.510
667.512,592.137,119.878,43.483
668.053,590.517,120.224,43.526
666.855,588.398,119.779,43.211
667.134,587.426,119.917,42.375
666.273,587.557,119.691,41.656
666.229,586.598,119.191,41.559
666.439,586.622,119.289,41.514
666.062,584.859,118.990,42.024
665.216,583.158,118.874,42.138
664.197,580.869,119.607,42.111
661.938,579.213,119.644,42.453
661.219,577.261,119.606,41.943
659.464,575.532,119.391,41.975
658.384,572.752,118.085,43.029
658.145,569.874,118.578,44.204
657.565,567.358,119.080,45.256
655.385,567.118,119.763,46.916
655.501,566.425,121.803,46.942
652.640,565.261,122.009,47.724
651.309,560.510,121.214,48.911
653.807,560.215,122.617,47.656
653.058,561.379,121.547,46.198
657.557,560.160,121.089,43.276
663.252,559.283,119.266,40.838
673.058,563.513,117.175,41.107
679.908,565.811,116.139,41.697
688.850,567.582,114.466,42.193
698.911,567.342,114.007,38.670
708.765,561.944,110.050,38.595
716.559,559.189,103.769,39.911
722.906,556.744,99.656,40.486
727.726,553.953,94.724,42.497
733.985,554.831,91.333,44.364
739.012,552.977,90.114,46.887
740.168,556.955,91.910,50.224
740.097,555.555,93.761,50.372
742.835,556.061,95.680,50.799
742.929,557.207,97.811,52.229
741.731,554.822,100.450,52.801
746.941,555.734,102.714,53.791
742.904,555.693,102.234,56.005
746.122,554.314,104.723,56.530
745.544,552.877,105.588,58.243
746.001,552.972,107.638,58.951
746.128,551.218,109.884,59.717
746.681,551.542,113.364,58.437
744.352,550.492,116.919,56.254
744.911,551.588,118.061,56.399
747.405,552.984,124.002,53.935
744.086,554.506,127.878,53.633
740.310,553.705,129.259,54.493
737.470,551.402,130.739,54.599
737.057,550.525,131.991,55.037
735.227,548.544,134.890,55.297
735.126,546.796,137.890,56.006
735.112,540.561,139.469,57.719
733.839,544.913,138.767,60.992
732.636,538.990,141.717,60.815
734.424,536.197,142.410,62.834
735.411,535.114,142.347,66.299
734.393,535.156,143.094,69.131
739.082,533.550,143.418,71.404
736.538,535.934,144.046,71.302
734.803,534.823,145.856,70.698
736.027,534.995,146.331,72.181
730.841,534.795,149.002,71.687
730.889,536.045,150.112,71.922
731.212,535.442,151.702,72.584
729.359,536.359,153.405,72.222
726.083,534.334,153.884,73.209
727.206,533.583,154.530,73.950
729.008,528.367,153.575,79.357
721.838,523.740,156.646,79.262
719.043,520.694,158.989,78.886
718.645,522.559,158.603,79.853
718.625,516.957,159.380,79.894
715.833,517.770,160.570,80.688
714.516,515.804,162.991,81.120
717.019,516.785,163.106,81.780
713.237,515.725,164.808,80.186
714.215,517.143,164.290,79.573
714.298,519.858,163.191,79.192
715.595,519.698,161.365,82.714
712.674,516.524,163.781,79.885
712.831,520.042,161.601,80.780
708.275,518.871,164.093,79.812
711.731,518.888,163.531,81.876
706.467,519.321,166.757,79.082
704.250,519.035,167.565,76.663
701.809,518.469,168.891,74.357
703.784,519.929,167.599,75.781
702.738,519.695,168.578,75.200
701.092,520.213,169.851,75.824
703.415,523.220,169.726,81.503
697.092,524.990,169.216,82.248
697.020,524.700,169.550,81.552
700.430,527.661,169.895,82.041
695.702,530.649,169.225,81.905
696.603,529.685,167.186,83.024
697.742,529.488,168.041,84.319
695.104,529.241,167.623,84.369
695.789,528.726,170.176,83.686
694.447,530.878,169.345,83.777
694.286,532.812,165.377,84.893
696.184,533.081,160.426,85.509
695.229,532.468,154.543,88.694
696.175,532.451,149.670,91.725
678.106,528.392,140.233,96.623
672.119,523.907,137.631,90.946
665.552,521.175,141.334,82.601
654.886,524.370,140.203,77.569
646.269,525.320,138.593,71.167
639.639,531.998,135.381,79.955
636.743,528.238,133.639,83.537
636.602,532.102,135.680,86.228
630.339,534.149,141.783,90.833
651.478,544.525,144.550,93.132
726.803,536.806,139.679,95.592
740.055,538.197,139.037,96.495
748.200,538.196,142.300,96.549
750.018,536.070,144.682,97.427
745.667,534.318,145.827,98.638
712.962,535.612,153.573,95.681
637.556,555.346,164.783,82.057
628.780,559.471,171.854,74.007
618.169,563.907,170.577,75.377
623.888,563.523,165.980,82.567
669.391,552.066,169.300,89.310
716.469,545.603,166.307,94.526
734.887,544.482,167.536,98.866
719.286,548.857,175.292,99.589
655.163,558.114,187.525,94.588
629.667,562.288,194.226,88.316
628.350,566.349,202.464,85.145
636.853,566.603,207.876,85.952
644.014,567.310,210.886,89.571
625.431,567.897,213.176,89.122
618.108,574.202,214.842,89.448
619.358,576.683,217.986,89.001
620.786,579.242,220.147,90.468
628.394,581.363,224.051,90.349
627.887,588.246,229.600,89.894
632.471,585.295,232.019,86.372
634.124,580.120,232.295,84.168
624.529,578.968,231.383,85.337
624.581,576.050,234.126,84.215
626.376,588.195,232.662,83.266
623.870,585.552,234.397,85.298
629.191,584.553,236.109,84.779
631.055,584.000,239.888,90.022
629.488,584.709,243.557,91.264
633.849,597.030,247.472,93.418
632.716,589.580,252.028,94.365
629.475,581.185,249.086,91.622
632.845,584.913,248.696,97.951
632.293,578.955,249.748,94.969
634.016,583.013,244.915,100.768
632.154,578.967,245.045,96.881
638.974,579.290,243.509,102.131
643.777,580.445,242.278,105.320
639.830,576.343,243.833,103.922
633.930,578.925,245.509,105.456
636.163,580.113,247.634,104.616
631.243,580.000,250.346,101.898
650.881,583.176,249.590,108.994
643.687,582.043,248.754,101.490
634.249,580.866,254.447,103.846
629.342,586.829,255.230,103.468
624.177,587.553,257.541,102.168
628.137,583.850,259.295,105.924
634.220,586.646,266.670,109.462
639.780,591.543,263.356,114.053
649.718,599.312,267.402,116.209
636.812,592.121,273.123,111.299
638.971,587.251,273.181,116.001
638.077,588.875,272.520,121.083
651.763,600.541,276.179,119.864
674.008,599.800,275.295,119.747
682.727,599.436,272.243,119.742
716.539,573.629,254.815,134.168
706.804,581.222,252.076,134.134
724.655,575.810,244.789,138.638
714.034,571.345,242.587,141.344
717.314,577.832,239.996,138.721
705.678,587.719,246.973,131.949
642.876,595.394,258.074,122.318
640.609,603.162,268.886,114.589
650.826,604.575,275.797,112.770
635.544,608.081,281.580,108.610
632.338,611.464,284.990,103.243
620.963,598.925,280.333,98.447
630.492,602.937,273.215,95.015
629.387,596.077,256.664,96.222
629.715,601.623,246.650,93.803
627.828,598.028,238.481,97.026
635.776,596.716,240.334,104.038
630.308,591.996,228.536,113.036
637.947,589.185,221.085,109.867
631.579,577.655,222.338,105.808
630.811,578.437,221.494,103.199
635.192,574.745,221.545,98.450
637.745,573.874,216.578,96.222
639.383,572.388,211.930,92.105
636.699,572.826,200.810,101.333
640.749,573.185,196.187,106.094
642.277,567.159,191.579,110.365
644.798,563.393,193.252,105.027
639.370,561.003,197.641,99.370
632.980,567.503,194.003,98.401
633.397,565.863,193.991,96.491
630.543,565.643,195.154,93.953
618.607,566.333,195.420,92.265
592.433,564.429,192.420,98.140
557.233,546.261,187.071,109.565
588.174,565.295,180.993,117.514
591.786,567.337,185.651,122.553
578.433,548.402,178.196,137.007
570.237,524.922,172.552,145.421
586.567,543.864,185.285,129.380
580.938,552.240,187.430,125.406
579.906,553.303,187.613,118.242
585.560,562.561,193.238,111.353
583.117,559.045,190.462,113.386
574.262,538.530,176.102,122.380
580.183,544.132,171.089,118.476
582.453,551.785,164.017,113.159
586.143,556.780,159.348,108.961
585.579,549.751,151.738,109.845
588.147,546.181,146.368,107.956
588.777,527.569,136.429,114.779
589.727,497.852,125.648,128.467
592.595,491.743,120.551,130.546
594.710,490.896,118.965,129.869
595.024,491.852,115.940,129.928
595.541,491.764,115.024,129.055
595.164,490.734,114.623,127.945
597.128,491.912,113.810,127.006
597.698,492.094,112.141,126.811
597.975,491.986,111.994,125.003
596.851,494.357,112.671,125.280
594.720,507.937,117.713,125.020
592.545,504.793,121.273,124.773
592.235,509.205,124.973,124.286
588.738,502.427,126.815,128.645
590.303,506.386,132.575,125.637
585.687,504.104,132.833,128.416
585.075,522.130,132.627,127.514
584.562,533.534,132.680,119.051
583.631,518.394,130.141,121.895
587.291,527.322,130.116,122.042
588.178,520.406,129.761,122.437
590.426,532.862,129.887,118.447
588.318,519.539,126.255,121.535
589.986,531.693,128.938,115.211
591.114,498.312,118.536,131.447
591.646,496.941,115.720,135.030
591.800,494.441,113.602,138.283
593.432,492.464,111.928,139.970
595.163,493.052,109.816,141.578
594.320,493.822,109.020,143.500
595.572,490.972,110.128,142.283
591.399,493.449,111.423,143.146
591.660,493.869,113.346,142.105
589.542,495.546,115.614,142.890
588.825,494.807,116.905,141.923
589.880,493.150,113.659,143.050
589.410,492.503,110.256,144.469
589.094,495.150,109.362,145.570
589.674,494.461,110.934,142.679
587.484,494.055,111.383,142.878
