382.000,21.000,79.000,141.000
381.888,25.036,81.959,135.056
379.969,26.739,82.956,130.616
379.698,25.972,81.353,129.227
378.486,29.239,82.483,128.357
375.726,28.987,82.528,127.728
377.142,30.745,81.883,125.050
375.123,28.892,79.368,126.535
374.500,29.265,77.983,126.516
373.776,29.127,76.981,127.087
371.304,29.488,76.289,126.646
368.280,27.649,74.315,131.994
365.271,27.568,73.411,133.619
359.736,27.050,72.547,132.969
355.640,29.436,73.982,129.939
351.335,29.630,72.777,129.007
348.950,30.923,73.266,127.242
346.161,31.346,71.871,129.605
345.177,28.982,71.586,131.647
346.265,27.297,68.836,135.045
342.294,26.773,64.494,138.217
343.527,26.123,60.800,143.676
343.271,23.920,60.473,144.751
341.904,26.231,57.435,146.763
342.886,25.941,55.180,148.858
343.129,22.528,53.163,151.807
340.398,22.769,53.480,147.052
339.609,20.189,53.718,142.026
337.322,23.362,52.196,141.936
335.045,27.407,51.307,142.516
332.081,28.303,52.240,143.488
326.428,27.494,54.395,144.843
324.051,26.728,56.910,145.998
315.436,26.344,58.160,147.156
317.443,22.817,57.419,149.168
315.637,23.004,58.066,149.647
313.240,24.354,57.865,149.796
312.500,23.307,58.788,149.668
310.459,22.724,58.715,150.341
310.593,24.804,58.598,149.703
310.218,23.413,58.574,150.307
307.276,21.696,57.046,151.498
309.452,22.882,56.519,150.720
306.637,24.754,56.594,149.419
306.890,25.957,56.885,147.981
303.813,24.586,56.195,148.271
304.211,27.669,56.203,145.936
302.925,27.413,55.081,146.148
301.345,27.017,53.510,146.705
299.987,24.696,52.791,147.319
296.894,22.139,53.073,148.764
295.105,23.945,54.737,148.377
294.310,25.363,56.646,147.241
289.425,21.970,58.047,147.985
286.789,21.961,62.026,148.289
284.590,23.049,65.644,147.468
284.028,22.872,67.022,148.981
287.064,21.856,66.667,149.544
287.630,23.669,66.046,148.811
286.502,26.319,63.639,146.861
284.361,26.399,63.691,145.977
284.778,23.812,62.431,146.837
283.925,23.124,62.749,148.480
282.186,20.857,62.384,149.353
279.615,20.128,62.026,151.037
280.536,22.333,62.020,149.317
279.658,20.143,61.039,150.822
280.023,21.293,61.113,149.299
279.564,22.196,60.782,147.698
280.288,20.775,60.810,146.689
280.952,21.314,60.249,145.211
280.417,23.966,60.561,142.878
279.925,23.857,60.299,141.976
279.829,22.124,57.757,142.098
283.543,22.567,56.667,141.621
282.893,22.316,54.359,142.111
284.032,22.152,52.702,141.898
283.581,20.710,51.612,142.794
285.630,21.947,50.413,144.423
285.957,20.310,49.249,145.726
285.666,22.343,48.877,144.883
286.531,23.261,49.030,144.600
285.481,22.880,48.425,144.909
284.131,25.267,48.945,148.266
281.861,24.963,49.021,150.330
282.814,22.465,50.845,150.876
280.493,23.648,50.780,151.649
281.104,23.276,50.988,152.337
278.907,23.107,50.129,152.825
279.678,23.746,50.670,152.068
278.879,25.015,49.838,151.966
279.744,25.224,49.162,152.079
279.752,23.818,49.634,152.826
277.565,24.865,50.057,152.943
277.556,24.958,51.319,151.461
278.305,24.853,52.553,151.227
277.228,26.735,52.571,151.832
277.099,24.429,53.046,152.084
276.096,24.551,51.178,153.349
276.550,23.844,50.930,152.481
275.271,22.688,49.133,154.765
274.695,21.740,49.140,155.766
273.312,21.334,48.848,155.559
273.832,21.088,48.891,155.568
273.024,22.724,49.699,154.917
273.554,22.947,50.686,153.679
271.613,25.006,50.354,152.109
272.561,24.201,50.148,151.519
272.078,26.398,49.127,150.729
273.379,26.107,50.172,150.348
270.979,26.217,50.116,150.283
270.752,26.913,50.910,148.925
270.942,26.778,51.381,149.720
270.115,29.781,51.095,147.407
267.074,30.436,51.088,145.203
267.418,28.752,51.702,145.830
267.363,29.898,53.499,143.756
266.012,28.806,53.149,145.375
267.758,32.655,54.670,141.428
264.398,35.210,53.997,137.869
265.128,34.633,55.174,137.605
263.688,40.112,55.325,135.833
261.754,40.188,55.013,135.591
262.801,41.560,53.656,138.099
261.797,41.604,53.563,140.450
259.299,43.357,52.669,142.249
259.602,43.442,52.095,143.900
259.467,42.999,51.984,145.585
257.248,41.140,51.863,147.188
255.182,45.467,53.649,146.310
253.237,40.618,54.004,148.614
252.311,41.766,54.551,148.706
249.888,41.080,54.858,149.570
247.188,38.486,56.046,151.906
247.449,37.608,56.598,153.007
246.095,34.853,58.092,153.560
245.521,32.030,60.722,154.816
245.533,29.373,64.520,156.953
239.248,32.154,64.718,157.730
239.149,32.856,66.033,156.699
236.936,32.664,65.207,157.506
236.765,34.482,67.388,155.308
235.300,30.692,70.375,156.084
235.430,39.346,68.145,163.691
237.313,41.900,64.975,170.375
232.966,40.688,67.954,171.677
235.630,42.567,66.601,179.502
235.539,52.186,65.129,179.043
229.298,52.995,63.598,177.296
232.597,52.369,62.308,177.981
230.461,54.877,62.083,175.810
232.473,56.854,61.686,175.564
232.136,61.329,61.526,172.018
231.656,62.883,60.645,168.946
231.662,63.768,59.471,167.205
231.783,65.403,59.095,165.893
229.955,67.191,57.574,164.926
229.006,70.016,57.987,162.454
223.669,67.021,56.416,164.099
223.779,66.185,55.724,165.081
220.691,65.201,55.504,166.623
219.212,65.229,55.689,167.434
215.719,66.494,55.994,168.388
209.260,64.784,57.240,168.936
209.881,67.583,59.244,167.387
198.977,68.300,61.827,164.328
200.846,71.100,63.989,161.847
195.193,74.792,64.420,158.079
195.258,82.078,67.439,154.249
191.429,81.658,68.155,156.045
188.896,82.742,70.897,156.165
187.106,82.747,72.593,155.771
185.706,83.112,72.458,156.307
185.470,83.077,71.575,157.820
184.099,82.958,71.504,157.195
183.821,83.991,73.775,154.207
178.029,82.255,73.758,153.694
178.511,87.708,75.889,147.443
169.342,91.491,73.501,148.006
165.650,87.857,72.962,150.169
164.633,96.476,71.250,151.020
158.042,92.885,70.723,148.980
152.163,87.411,68.784,150.412
149.671,101.618,67.321,154.084
149.264,100.979,65.716,159.292
147.375,99.331,64.818,163.064
142.559,96.196,66.917,162.274
144.011,94.236,65.649,165.294
136.083,94.711,69.753,162.998
138.433,97.620,70.414,164.444
134.079,101.757,75.157,160.341
131.808,102.882,77.770,158.402
129.011,101.348,79.615,159.612
122.387,98.856,83.745,157.891
119.077,98.332,87.200,158.758
113.004,99.469,89.124,158.723
110.411,95.141,94.660,155.389
111.739,98.711,93.517,156.417
115.770,105.394,91.755,156.578
111.212,104.330,91.780,158.751
112.892,107.624,91.632,161.076
111.895,105.504,91.841,164.317
113.995,106.082,90.330,163.893
112.954,106.180,90.716,162.499
113.936,110.520,89.642,159.486
113.361,111.733,87.171,157.460
111.797,119.035,85.854,151.322
107.115,110.666,88.014,154.625
107.928,116.443,88.911,153.443
103.938,119.233,90.936,149.920
103.665,120.898,91.636,148.517
104.786,120.771,90.990,148.474
105.969,122.297,89.164,147.457
104.567,122.779,89.259,146.338
104.958,124.609,89.243,145.396
106.074,123.361,89.843,145.761
106.158,122.778,89.575,146.764
103.776,119.647,91.308,148.612
102.031,118.581,93.205,147.685
102.260,120.116,92.730,148.116
101.987,119.931,93.533,147.298
99.089,115.278,95.600,147.148
99.349,114.067,97.053,150.896
97.015,116.022,100.240,150.897
92.968,117.032,103.435,150.812
88.646,108.881,108.905,150.459
90.006,115.488,110.947,153.414
83.465,112.879,113.279,153.595
83.210,107.395,119.003,151.483
78.769,114.668,119.092,155.427
81.279,106.031,123.524,151.906
80.763,112.606,121.889,157.097
74.944,107.375,123.456,156.452
79.500,113.673,124.712,156.997
72.630,107.942,125.670,156.207
71.930,105.485,131.295,154.241
72.981,109.800,131.841,157.253
69.404,106.465,132.505,155.621
79.706,108.230,128.987,159.323
73.329,104.924,129.055,156.959
73.834,107.719,130.863,156.762
71.100,108.936,130.783,156.948
71.581,106.754,131.204,158.263
68.822,103.091,132.492,156.057
72.192,105.418,130.101,160.539
70.452,103.659,129.535,160.756
74.079,111.576,128.276,162.743
74.770,111.631,125.986,163.610
74.971,112.253,125.865,162.816
75.673,113.136,125.063,162.869
75.038,110.793,123.215,162.492
78.808,111.089,122.949,162.497
79.328,110.820,123.022,161.454
82.020,112.832,121.759,159.816
80.412,111.467,121.202,159.583
77.908,107.449,122.519,157.187
81.464,109.072,121.644,157.777
78.949,114.593,121.935,158.238
83.165,115.815,119.804,157.831
78.923,112.217,117.556,158.313
81.155,115.861,119.617,155.667
80.193,115.997,119.638,155.570
81.178,115.633,118.116,156.784
80.745,114.731,117.885,156.903
81.087,115.074,117.594,158.034
80.884,113.514,117.203,158.320
81.576,118.436,117.384,156.860
80.576,113.555,114.328,158.000
83.444,115.917,114.668,156.182
82.830,114.987,112.911,156.137
83.150,114.841,112.204,154.483
82.551,115.957,112.253,154.961
81.842,115.505,112.926,152.987
80.200,118.114,111.321,153.010
85.110,114.705,109.285,154.752
82.744,115.858,109.582,155.075
83.286,115.501,111.902,155.153
81.761,112.465,112.077,156.111
79.511,113.583,116.261,156.423
81.731,111.553,118.509,155.195
80.877,118.730,114.954,154.827
87.039,110.533,111.856,160.337
83.084,117.330,112.659,157.993
84.675,109.227,111.340,160.901
81.619,113.260,113.430,160.283
90.274,112.985,113.677,158.401
84.229,112.714,115.177,155.890
80.517,118.624,115.814,154.652
89.456,106.096,112.162,161.769
87.001,113.557,111.304,161.828
85.824,110.915,112.801,160.438
80.699,115.094,115.885,158.418
87.547,113.548,115.569,158.366
83.949,111.863,113.630,158.616
83.170,118.126,116.435,157.234
83.686,109.940,113.011,161.298
84.768,116.181,114.424,158.985
84.372,108.197,111.364,162.838
83.061,115.250,112.430,160.609
87.826,109.142,110.548,163.419
84.715,108.047,112.490,159.706
85.783,106.809,114.332,160.651
85.175,111.909,112.680,162.307
83.234,115.958,114.066,159.925
84.532,112.997,113.346,160.320
82.850,115.471,115.591,158.112
87.256,110.875,114.937,158.426
86.023,114.692,113.086,158.900
87.914,108.015,113.241,157.675
88.580,112.745,113.169,159.967
86.633,112.495,113.229,159.245
84.636,115.449,112.432,156.445
91.995,109.900,113.417,157.517
90.776,113.540,112.415,160.557
92.642,117.923,113.967,159.271
103.738,109.550,110.619,163.389
98.116,113.442,112.450,161.518
98.203,114.419,112.165,158.776
102.594,113.426,111.065,163.654
103.855,111.361,109.840,166.429
103.841,116.277,110.240,164.755
101.069,116.164,109.971,162.907
106.818,115.635,108.687,164.583
105.931,111.838,107.291,168.429
105.200,108.962,107.226,171.300
105.993,114.837,106.696,170.028
115.016,106.396,100.465,175.938
114.514,106.905,97.910,177.802
114.233,106.116,97.191,179.444
114.607,103.719,96.777,181.725
118.241,101.466,95.204,183.479
121.409,100.518,94.915,187.331
121.117,102.024,95.144,186.987
123.614,102.137,93.211,186.424
126.288,108.598,92.890,183.490
126.209,111.951,93.344,178.017
128.432,117.783,92.909,172.652
131.637,113.211,91.184,174.332
132.050,110.011,92.271,174.873
130.681,113.386,93.315,173.878
131.564,112.744,93.851,174.062
131.670,117.594,92.811,171.518
135.163,115.562,91.546,172.324
136.236,115.127,90.020,172.322
138.980,106.247,89.948,172.436
139.680,115.747,89.250,171.838
137.904,113.297,88.212,173.492
138.508,100.589,89.935,175.981
145.439,100.216,89.561,173.116
140.839,106.776,88.209,175.017
144.591,93.424,88.166,176.431
142.746,98.688,87.296,174.303
145.597,95.886,84.805,173.396
151.300,92.775,83.867,172.125
149.079,97.529,86.212,165.566
151.687,94.181,88.289,166.175
153.504,95.189,92.185,164.621
154.761,94.927,95.280,163.617
171.014,83.552,92.477,170.347
176.437,70.076,90.548,178.705
185.903,56.744,91.767,180.375
188.556,48.580,94.599,178.570
181.226,56.410,97.143,184.900
175.165,64.778,98.069,187.608
178.743,63.769,97.663,190.529
178.965,67.598,93.980,189.345
180.679,70.653,91.324,186.716
183.480,71.470,90.384,183.163
187.296,64.759,85.551,184.754
189.605,68.479,82.902,181.633
193.746,63.031,79.525,180.492
197.268,57.661,77.150,182.081
200.415,60.768,75.089,181.810
203.214,57.703,76.126,179.221
205.892,56.467,77.353,180.148
208.429,56.660,77.030,177.260
211.391,58.608,76.319,177.115
212.853,57.024,75.957,177.696
216.169,53.845,75.093,179.233
219.492,57.362,74.125,175.191
220.896,55.198,72.871,175.363
221.938,58.402,71.804,172.266
222.882,54.978,71.542,173.677
225.211,58.483,70.170,172.559
223.280,54.170,71.375,174.063
226.128,53.082,69.316,175.046
224.060,49.989,69.276,176.462
227.190,49.966,66.994,175.834
227.194,44.638,66.214,177.706
227.632,44.184,66.316,175.943
227.194,41.696,67.544,174.170
229.805,34.997,66.519,175.007
230.334,33.864,65.825,172.346
234.016,30.763,66.792,169.107
234.540,31.507,69.702,165.535
234.336,32.754,71.744,162.621
235.271,33.294,73.596,160.758
236.189,34.194,74.479,160.269
236.332,33.451,74.475,160.846
236.676,33.326,74.037,161.767
239.449,30.642,72.448,164.618
241.818,29.803,71.404,165.585
244.975,30.722,71.665,164.725
248.051,28.376,73.897,162.842
249.753,30.220,74.638,159.986
252.739,28.045,73.441,160.532
254.494,24.668,73.298,161.243
256.817,24.328,73.430,161.161
257.996,25.327,73.228,160.567
260.482,22.936,71.441,161.631
261.223,22.838,71.169,161.050
259.407,26.800,71.949,157.694
260.304,24.630,70.854,157.987
260.534,24.314,69.075,157.767
260.189,23.182,67.907,157.901
258.927,21.698,67.123,158.057
258.166,22.615,66.637,157.237
256.579,21.640,65.694,156.777
254.792,23.109,65.012,156.359
253.748,26.853,64.749,154.698
252.740,24.788,64.672,154.127
253.801,23.349,63.240,156.092
254.024,21.907,63.239,156.285
250.142,18.700,65.631,153.354
246.625,24.240,67.678,148.511
249.971,22.341,66.194,145.525
247.102,22.585,66.892,143.724
245.107,23.695,69.560,141.100
245.230,24.448,70.236,139.235
248.407,24.094,69.473,138.476
249.459,22.413,66.470,139.393
250.487,23.232,65.985,138.963
246.205,25.035,68.099,135.763
