466.000,183.000,184.000,280.000
461.911,190.149,174.775,301.475
456.710,193.687,163.844,313.813
460.152,204.205,151.141,323.035
466.055,220.885,142.221,343.054
472.155,238.408,137.488,356.182
475.638,252.712,140.768,352.338
477.281,249.092,143.831,359.020
474.635,253.848,141.119,358.700
482.767,256.199,145.800,369.454
498.207,284.938,162.068,343.153
515.681,295.960,174.497,332.997
522.350,291.815,182.340,326.415
522.102,299.490,191.179,315.321
518.988,309.263,196.985,304.061
517.191,304.038,194.866,312.014
508.205,310.082,197.240,318.865
496.128,310.158,203.295,327.753
497.577,317.053,208.015,330.026
511.637,308.298,209.865,335.279
530.301,307.795,202.210,347.406
526.409,295.811,198.558,350.477
529.005,334.268,185.302,353.033
528.346,318.412,175.715,365.070
526.031,304.783,165.780,376.416
522.581,289.083,154.175,396.371
524.813,282.610,147.109,405.183
528.932,280.772,143.090,412.500
525.997,279.970,147.169,413.672
525.179,287.838,150.161,413.533
523.323,288.202,153.435,414.627
520.013,286.896,156.626,414.192
518.721,285.401,160.793,410.577
507.368,278.394,151.449,415.230
494.967,284.137,148.818,420.854
481.753,288.185,152.753,421.498
471.999,288.232,156.151,423.652
460.821,291.012,157.109,422.333
454.057,287.570,154.979,427.158
447.325,279.739,151.955,435.301
435.643,283.759,154.268,432.800
421.245,290.676,160.154,430.625
410.284,283.397,158.504,432.559
399.501,271.061,155.583,439.943
399.746,252.795,152.541,451.274
395.956,263.438,155.262,443.383
406.635,229.538,158.856,452.847
431.084,238.255,160.375,446.853
462.710,234.119,157.019,442.477
461.185,244.672,158.194,435.280
458.612,256.034,148.166,433.338
451.220,264.000,144.718,430.772
457.332,248.955,140.782,438.333
483.244,246.570,145.237,434.562
502.695,250.587,146.621,430.083
490.729,255.131,142.138,425.814
481.801,261.623,138.089,427.070
471.493,274.367,136.208,425.293
467.218,266.601,136.131,427.318
468.137,263.325,133.811,439.062
473.139,250.322,131.113,448.422
482.635,257.161,130.484,444.667
494.578,263.615,129.889,435.653
499.877,266.328,131.228,428.353
509.371,265.840,135.050,418.032
507.629,268.383,133.698,413.192
491.259,285.298,132.563,407.189
483.078,285.130,127.809,418.257
477.161,285.938,126.616,427.331
475.355,279.994,126.520,438.277
480.217,283.464,126.657,437.692
497.424,290.811,127.681,427.798
516.369,279.797,128.225,424.072
525.647,283.065,125.591,420.460
526.185,277.827,124.310,421.578
506.293,286.404,124.690,417.806
478.888,285.735,122.686,428.998
461.577,284.312,127.306,437.868
455.610,271.160,133.356,434.694
457.451,295.541,134.875,432.584
470.060,280.129,132.038,442.158
492.743,278.075,130.115,443.005
517.564,272.043,130.219,438.021
529.673,276.067,134.569,424.614
531.319,267.955,129.090,428.249
512.598,277.295,123.907,425.231
491.674,295.407,119.168,422.271
468.448,286.670,121.094,433.865
457.003,274.352,130.112,439.324
456.835,279.190,133.966,436.354
465.585,307.906,129.920,428.778
484.172,279.936,123.536,438.291
503.830,282.303,122.111,440.028
527.542,271.458,124.819,436.026
545.129,269.458,126.310,432.930
546.564,257.027,123.799,434.446
537.717,280.134,123.190,429.570
512.450,256.019,116.734,440.868
487.355,276.622,114.267,447.062
462.654,269.932,123.768,442.282
448.853,292.074,136.835,436.459
457.769,257.179,135.545,435.007
468.211,292.624,130.133,440.894
492.023,274.550,122.393,444.460
511.109,261.637,121.678,440.525
539.523,241.834,128.912,421.175
566.526,271.024,128.493,422.814
565.411,279.654,124.048,421.368
552.794,262.457,119.998,426.957
523.262,245.362,115.795,433.813
497.592,282.606,114.595,434.846
464.748,264.557,125.113,439.485
450.621,295.051,138.951,427.484
456.144,256.419,140.383,424.024
464.770,297.141,135.631,431.767
480.527,277.021,127.046,444.156
499.564,285.376,119.987,443.805
520.396,260.738,119.210,444.671
546.320,272.590,127.442,415.418
574.388,261.641,123.729,415.611
586.896,265.479,121.641,420.677
585.418,275.537,118.066,418.582
556.859,252.443,116.793,420.174
521.738,265.706,119.039,418.938
488.272,287.573,124.217,428.996
459.628,280.968,135.137,417.722
449.713,308.414,143.417,415.849
467.671,289.527,136.121,426.661
494.394,293.486,126.343,432.178
519.062,266.777,120.924,441.675
550.038,280.159,122.986,446.496
577.609,219.428,124.244,434.185
610.233,283.832,129.178,416.979
617.859,277.063,126.149,407.329
595.594,267.716,123.603,395.927
566.332,259.248,114.896,406.726
525.828,287.951,118.343,401.945
495.440,288.991,117.882,426.445
477.797,286.180,122.059,434.975
487.687,293.605,119.797,437.724
501.137,287.636,116.441,438.842
527.434,267.023,116.519,443.947
551.341,276.033,116.695,445.349
574.964,278.745,114.666,439.918
595.730,271.350,117.375,435.235
613.812,273.283,122.860,418.596
633.884,265.036,120.055,422.473
635.718,263.681,117.025,411.806
621.970,261.297,110.658,412.964
592.538,259.590,108.992,420.863
558.431,264.908,111.058,432.917
528.446,273.988,113.237,444.238
512.955,279.656,115.368,445.973
517.557,262.466,117.444,455.683
532.029,266.090,117.310,460.174
548.613,270.695,122.805,445.483
579.381,276.645,120.685,446.838
600.584,246.988,131.499,416.138
630.811,276.173,122.884,422.323
656.843,268.148,128.478,411.025
668.434,274.749,127.052,403.680
654.630,265.296,121.107,405.811
635.161,254.123,113.977,404.136
595.920,282.201,112.141,386.008
556.962,300.233,111.014,399.302
528.717,290.815,110.971,423.514
521.241,259.954,116.320,434.560
527.779,281.217,118.393,446.203
552.190,276.403,122.260,443.491
585.084,286.036,120.868,447.284
611.647,252.098,124.587,427.501
647.063,270.855,122.554,422.118
667.372,274.416,125.301,418.040
671.127,279.362,127.688,412.398
645.798,263.114,121.792,419.454
619.793,276.006,111.791,419.721
578.886,273.547,114.947,430.695
556.613,275.786,115.469,438.362
556.500,276.291,119.060,449.650
570.040,262.161,122.300,446.896
600.560,290.320,124.570,444.143
626.462,258.707,127.605,417.824
670.724,293.839,130.207,409.515
687.959,282.048,136.570,398.647
680.272,270.580,132.160,400.912
651.095,264.097,122.620,403.291
605.452,282.995,116.983,404.771
552.926,252.133,119.441,416.248
498.952,280.584,121.525,420.168
460.778,300.344,128.181,415.333
441.239,289.427,139.407,419.624
433.589,304.750,146.126,417.750
449.365,292.743,142.513,425.746
457.671,288.841,136.109,434.744
470.372,276.367,128.708,439.326
502.912,260.431,119.327,448.924
525.245,236.908,122.314,439.312
554.537,220.737,127.429,419.849
595.066,246.800,136.914,374.607
612.223,267.831,130.192,382.429
628.534,264.760,123.855,388.213
626.511,252.402,111.070,389.695
581.976,258.727,110.513,387.664
537.351,257.165,111.842,399.068
494.174,279.889,114.008,405.222
459.942,296.365,123.441,409.429
452.705,307.545,133.876,413.925
464.347,271.746,128.627,430.328
488.759,290.595,121.335,439.113
525.269,218.869,116.658,449.792
547.481,232.603,127.607,413.459
590.745,267.066,124.235,401.481
627.350,265.104,116.694,397.057
634.260,264.754,111.105,398.250
616.524,260.378,102.616,396.450
572.047,245.076,105.043,403.140
521.297,254.700,111.937,411.213
483.793,274.882,119.068,409.620
480.948,290.299,121.668,410.903
502.909,288.475,117.244,419.175
526.933,269.278,114.346,426.881
552.830,221.980,123.049,398.438
594.889,269.407,116.867,396.877
626.008,264.005,110.410,389.298
629.868,250.243,103.181,394.182
597.901,252.264,102.366,387.681
549.308,267.212,108.078,383.994
489.232,268.176,120.141,389.874
445.052,310.235,138.768,375.923
438.249,316.451,149.685,381.197
457.949,292.181,140.962,401.907
478.371,277.885,134.172,411.842
513.782,254.340,122.921,425.541
543.838,245.183,117.175,428.141
563.872,251.690,115.320,417.877
570.610,246.785,114.800,413.568
565.620,236.863,111.692,416.259
543.427,244.824,108.614,417.879
503.669,263.424,115.601,413.172
464.323,282.391,127.437,402.087
450.133,298.825,136.388,395.856
464.731,282.040,134.669,405.221
488.414,272.030,130.880,411.303
509.538,232.778,133.028,417.554
549.494,233.172,129.490,418.556
569.145,239.037,127.184,399.441
576.300,232.172,121.493,390.560
555.632,244.054,113.995,390.629
512.686,250.933,117.102,393.723
457.270,283.830,132.600,378.891
428.991,307.273,153.492,365.159
443.178,292.555,156.425,377.777
463.462,275.552,147.944,392.462
503.383,249.849,133.171,406.960
543.057,228.079,124.417,413.830
556.962,243.495,123.631,401.204
588.208,247.237,115.434,389.155
575.206,247.103,113.120,378.572
555.724,248.416,105.835,387.484
506.142,253.985,116.324,391.355
448.286,279.044,136.187,376.150
418.757,282.907,156.683,352.679
424.682,302.605,161.071,365.607
461.138,290.778,149.101,390.819
490.041,268.578,137.056,403.121
533.037,219.366,133.053,397.688
573.112,243.190,124.148,404.302
606.876,245.669,120.193,382.610
618.559,249.760,112.062,382.001
591.327,246.225,106.383,381.726
550.218,238.972,108.279,385.816
488.512,291.764,121.719,376.131
425.828,325.571,152.959,353.968
386.460,327.728,171.351,350.117
407.064,325.502,170.155,370.741
429.297,311.131,164.658,388.816
445.024,301.674,156.007,393.935
477.491,281.017,142.034,403.626
511.764,270.118,130.390,409.414
546.825,242.305,129.333,381.580
571.426,252.015,122.644,386.841
607.464,242.973,112.963,385.329
618.027,247.426,107.844,389.197
609.991,249.590,99.736,389.493
573.149,241.315,102.650,395.687
518.066,284.985,116.545,381.896
457.975,312.410,137.006,363.352
423.689,338.496,157.988,356.140
437.949,331.181,159.465,373.413
460.891,319.239,147.382,385.433
489.091,297.060,141.653,394.845
534.262,280.468,132.056,399.914
574.661,261.437,126.340,391.090
611.865,261.612,117.543,388.162
623.173,264.520,111.296,387.941
622.320,259.477,103.060,390.061
588.126,262.622,103.536,387.880
531.496,291.588,122.038,369.516
467.591,309.037,140.753,362.473
427.696,334.805,165.149,355.013
428.124,338.482,168.674,366.211
454.367,318.466,160.128,384.949
485.239,298.754,153.422,396.147
537.271,270.659,146.514,383.936
585.847,265.526,132.457,389.485
624.691,280.916,126.373,381.526
643.926,266.580,119.352,380.179
658.922,268.687,118.810,372.204
646.311,254.263,111.510,380.324
617.020,264.053,104.964,385.261
559.047,306.180,123.397,366.715
494.060,316.972,140.429,368.362
467.766,342.635,156.427,362.919
486.638,324.992,156.784,380.412
517.246,306.294,154.077,391.706
565.530,255.687,144.773,396.570
610.691,282.273,146.058,378.672
633.103,265.199,128.554,393.710
650.122,266.955,120.842,394.503
646.235,257.268,113.973,396.400
635.910,258.663,108.614,397.384
605.576,254.188,110.632,405.968
560.333,289.465,125.630,391.769
529.328,296.883,136.416,391.458
540.718,307.032,137.661,396.091
562.882,287.033,134.080,405.508
604.303,265.307,131.714,394.207
646.779,276.865,124.805,380.254
688.223,267.072,126.317,369.075
699.799,262.000,124.223,362.246
680.786,264.398,118.108,363.270
638.677,258.675,112.100,383.648
582.014,296.097,124.522,371.534
534.950,309.748,139.165,372.101
541.382,305.260,137.960,392.655
569.685,289.927,133.994,404.500
607.554,266.062,132.110,389.673
651.549,278.505,120.968,390.797
676.647,275.738,118.354,383.980
683.427,269.040,119.093,384.728
661.385,270.356,114.571,387.654
641.560,270.875,105.464,397.394
593.028,286.903,113.693,393.047
566.435,300.636,122.997,395.502
578.229,283.286,119.325,418.445
596.801,279.605,122.405,420.096
618.957,275.333,120.334,402.857
663.298,273.539,124.133,391.859
700.279,268.486,123.230,378.650
706.273,257.663,122.401,375.467
683.480,259.549,116.806,377.566
637.040,258.466,114.211,388.334
583.998,279.487,122.444,380.531
530.538,300.749,135.866,375.491
527.757,318.951,142.128,375.522
565.749,289.382,133.133,395.958
602.337,240.016,131.026,396.730
643.595,279.527,124.874,390.991
667.187,271.109,125.428,372.664
687.067,272.812,125.311,357.655
683.948,267.357,122.115,350.787
658.369,256.918,112.063,358.580
614.815,280.611,113.144,358.218
552.495,313.668,123.728,348.811
493.854,329.086,134.110,349.451
473.322,333.847,144.604,352.215
485.016,320.143,143.569,358.280
513.059,307.861,140.680,360.719
557.396,279.974,132.888,359.540
602.276,281.700,123.511,363.675
641.960,268.737,118.064,356.168
676.736,266.590,116.057,347.272
678.302,273.286,115.309,330.612
642.762,249.789,107.667,337.493
595.966,281.974,113.009,327.950
520.780,303.143,122.818,318.624
454.743,324.070,143.138,306.788
432.069,321.240,155.370,313.278
451.916,325.090,154.046,328.656
476.480,313.285,147.648,347.376
513.833,272.047,135.932,370.345
556.188,244.162,135.630,365.099
602.672,271.381,136.005,352.562
632.639,259.339,142.278,332.684
671.376,278.080,132.551,323.317
656.261,260.232,114.304,333.111
628.332,284.619,110.881,322.394
552.889,302.200,118.732,314.023
475.058,319.675,136.221,303.637
437.832,339.878,152.756,298.681
451.147,334.960,154.253,315.736
501.270,328.132,142.370,333.196
544.123,287.169,139.454,338.757
591.361,298.424,137.995,334.492
636.851,289.391,140.246,324.510
664.395,288.770,133.459,307.526
666.044,286.878,125.191,299.136
639.459,298.476,121.828,301.045
597.652,314.432,124.160,321.505
567.873,361.691,127.107,332.716
561.157,362.333,129.191,345.277
568.731,360.547,128.276,354.654
571.922,347.454,127.162,366.544
576.032,338.322,129.353,377.059
565.985,342.765,134.390,374.541
553.337,326.826,130.921,385.029
522.834,327.949,135.048,386.794
512.455,313.224,131.537,402.071
494.304,301.457,129.524,413.139
481.149,301.042,130.246,417.019
473.359,303.831,133.949,418.026
470.812,306.112,137.358,414.818
474.519,298.492,136.464,419.626
475.534,291.142,134.603,427.185
477.105,278.904,132.465,437.648
477.216,275.791,134.208,442.022
477.015,271.663,134.725,446.167
479.482,263.160,133.016,453.284
479.726,260.069,132.529,459.335
481.505,249.587,131.654,466.912
478.388,245.415,133.622,470.773
475.910,248.758,135.247,467.561
480.041,244.444,133.880,464.654
481.585,235.452,134.377,469.093
486.103,234.676,134.808,473.208
489.881,221.275,136.034,479.125
495.868,230.071,140.182,466.435
501.350,213.378,140.758,475.401
501.855,214.232,141.523,479.119
501.265,216.763,142.420,476.782
500.632,215.351,143.929,479.131
500.002,216.679,143.857,483.335
498.768,217.501,144.284,484.056
498.583,219.037,144.169,484.374
499.005,220.055,143.674,485.580
498.962,224.130,144.232,484.438
497.343,228.082,144.518,479.861
495.056,237.840,146.027,471.646
494.985,244.019,146.437,465.955
497.067,239.458,144.823,468.323
497.344,243.393,144.813,466.604
499.958,249.939,143.156,462.195
502.186,235.292,139.527,474.373
499.988,237.558,140.804,476.239
498.796,239.922,140.875,477.146
497.595,235.228,140.686,481.863
500.502,220.550,137.779,497.247
497.482,224.098,140.728,497.148
496.136,222.155,141.726,500.853
494.549,215.602,142.556,505.079
