173.000,111.000,19.000,82.000
172.858,112.667,19.999,80.130
173.517,113.335,20.676,79.062
171.378,113.506,20.897,78.994
171.357,112.430,21.534,78.922
170.942,113.860,21.132,78.831
169.797,116.728,20.635,78.052
168.022,121.553,20.850,74.219
169.073,120.693,20.750,73.111
168.182,124.023,21.080,70.773
167.020,121.575,20.669,70.446
166.877,121.950,19.930,70.977
165.884,121.349,20.256,70.625
165.524,119.951,20.761,70.641
165.353,119.346,21.643,70.065
163.875,118.363,22.627,71.447
162.881,114.273,22.876,74.218
163.627,116.672,24.452,74.009
163.758,116.158,24.737,76.616
164.214,118.881,25.841,76.674
164.480,115.698,25.361,79.609
164.714,116.287,25.150,80.093
165.195,114.211,24.406,81.533
166.383,115.054,24.729,81.039
165.967,113.501,24.658,81.792
167.336,112.460,24.376,82.948
168.722,113.566,23.943,83.166
168.956,113.507,24.330,83.353
170.109,112.009,24.568,83.710
172.370,111.857,24.843,84.374
173.776,110.579,25.330,86.262
176.297,110.622,25.719,86.944
177.044,108.086,26.084,88.561
180.282,107.820,25.603,89.784
181.534,105.617,26.055,89.464
182.512,106.578,26.078,89.490
183.453,107.123,25.902,89.493
184.854,107.451,25.599,89.429
185.987,107.908,25.419,88.243
186.679,108.548,25.623,88.253
188.398,109.205,25.731,88.408
188.747,109.268,25.987,88.805
190.069,109.977,26.655,88.520
191.696,110.515,27.264,88.020
192.706,108.970,27.664,87.830
193.873,109.807,28.217,88.175
195.688,110.090,28.675,88.562
196.121,108.630,28.486,89.547
197.095,107.938,29.194,89.440
198.203,108.538,30.161,89.487
200.085,108.851,30.802,89.768
201.099,108.738,30.841,90.639
200.504,107.856,30.427,92.703
200.038,107.946,30.355,93.710
201.212,107.811,29.936,94.480
200.664,107.175,29.901,95.433
200.062,106.856,29.978,95.820
200.149,106.584,29.899,96.831
200.901,105.798,29.391,97.962
200.482,104.726,29.535,98.583
197.909,103.182,29.606,97.578
198.840,104.593,29.774,96.653
198.018,105.931,28.842,97.375
196.356,106.523,29.607,96.064
197.027,108.673,30.136,96.517
197.130,109.524,29.307,97.508
196.422,108.961,28.750,97.835
197.357,108.623,28.604,97.246
196.939,109.674,28.207,96.093
194.672,108.309,28.778,95.617
192.501,108.351,29.473,95.100
190.134,108.494,30.239,94.294
187.635,108.998,29.656,93.754
187.247,110.726,29.675,93.924
184.988,110.992,29.748,93.508
183.219,112.142,30.124,94.829
180.815,112.733,30.430,94.876
178.012,113.023,30.821,95.535
175.645,114.917,29.722,97.317
171.310,116.915,29.698,98.712
168.651,118.506,30.676,98.953
168.664,118.858,30.547,100.523
168.478,117.584,31.419,100.723
167.884,115.878,31.874,101.819
169.746,109.957,33.125,101.055
171.269,106.566,34.168,100.567
171.167,105.519,35.679,101.336
171.740,104.233,36.361,102.061
170.349,104.331,36.512,103.051
167.749,103.654,37.774,102.457
166.534,103.558,39.022,103.012
165.056,103.054,40.133,103.513
165.442,103.503,40.879,102.823
163.231,103.872,40.824,104.212
160.994,104.033,39.517,105.267
158.876,102.642,40.360,103.970
158.337,104.154,40.661,103.704
155.060,104.469,39.472,104.657
156.593,105.067,38.171,104.845
156.622,105.490,39.388,104.765
155.490,105.940,39.469,106.213
154.382,105.808,38.159,108.525
154.522,106.730,37.868,110.803
155.076,107.776,38.513,112.587
154.847,107.840,38.487,113.787
154.840,108.715,39.017,113.781
156.381,105.846,39.606,114.343
156.083,105.598,39.807,114.214
156.527,105.882,41.214,113.186
156.440,105.419,41.584,113.042
156.612,105.246,41.896,112.445
157.695,105.297,42.225,112.350
159.796,104.817,42.211,114.171
161.217,104.856,42.381,114.409
161.202,103.573,43.580,112.498
163.359,103.911,43.471,111.229
165.020,103.726,42.670,110.344
166.437,103.404,42.543,109.601
167.632,102.802,43.084,109.536
168.506,101.914,43.434,109.696
169.814,101.309,42.228,109.156
173.257,100.175,41.422,109.846
172.988,99.262,40.901,108.180
173.562,100.394,39.471,108.668
173.634,98.945,39.971,107.613
173.948,99.356,39.191,109.109
172.886,96.993,40.789,108.327
172.578,96.094,41.933,109.222
172.520,94.930,42.414,109.418
172.871,93.762,43.240,108.135
173.084,94.653,44.145,106.469
173.325,94.521,44.224,105.945
171.268,95.548,45.840,105.133
169.659,96.223,46.847,106.755
167.794,96.909,47.093,107.784
168.615,96.228,45.723,110.542
170.597,97.733,43.437,114.173
171.350,95.951,42.628,115.886
171.755,97.078,42.735,116.957
170.837,96.319,41.960,117.741
173.949,96.425,41.139,119.350
171.660,97.233,39.794,121.366
173.242,96.981,40.978,121.787
171.701,98.237,41.313,123.255
171.473,99.165,42.702,123.920
171.094,100.248,44.637,126.100
166.943,108.669,49.684,125.465
164.490,115.211,55.071,125.478
159.660,117.278,60.751,124.759
157.284,109.548,60.581,129.506
154.713,114.684,63.967,128.525
154.290,105.112,63.353,134.165
152.834,107.070,67.143,133.886
149.387,124.500,74.220,127.608
151.094,110.001,73.543,136.186
149.937,116.320,76.401,134.524
148.089,106.232,78.015,137.795
146.967,104.680,79.011,138.476
143.369,103.677,77.509,139.498
143.700,107.443,79.436,136.816
147.113,102.914,74.482,137.502
152.009,105.730,68.155,140.460
156.561,101.296,64.833,140.896
157.127,99.992,64.050,139.158
164.658,100.979,62.032,139.500
167.586,99.776,58.898,140.552
173.068,93.931,56.565,141.783
173.364,94.673,55.695,141.003
169.278,95.226,57.950,139.508
172.650,94.584,58.886,138.218
176.907,92.073,57.165,138.861
177.909,90.733,57.955,137.699
179.765,91.005,57.828,139.112
180.090,89.934,58.443,138.547
184.104,87.711,58.034,137.886
186.603,87.203,58.880,135.718
189.487,86.941,58.618,134.818
190.323,85.959,59.206,134.429
196.128,82.417,57.284,136.137
198.121,82.546,57.511,136.169
199.165,84.730,55.856,136.859
198.265,84.829,56.830,136.706
206.779,78.804,54.272,142.486
201.069,86.353,56.698,139.508
202.885,82.954,56.619,141.826
201.463,81.718,56.988,142.768
200.555,80.184,58.001,146.542
202.619,81.035,57.253,148.537
204.355,77.050,56.922,150.492
205.188,77.713,55.884,152.700
201.942,77.599,55.376,156.973
202.719,78.865,57.868,154.126
204.165,74.513,57.993,158.082
200.990,75.765,60.935,157.197
207.293,79.065,59.648,159.113
207.183,78.509,58.863,157.931
204.695,77.492,60.356,156.072
207.892,81.332,59.391,157.178
208.128,75.247,59.270,159.497
204.935,77.517,60.468,159.138
207.418,78.072,58.243,161.583
207.353,82.938,57.656,163.554
210.106,80.622,56.038,168.217
209.356,79.356,55.389,173.017
209.976,81.313,54.423,173.927
211.492,82.456,54.517,173.202
210.403,84.387,53.537,173.360
211.104,89.162,52.955,170.120
209.039,86.809,53.380,165.416
206.803,95.553,53.891,158.979
207.749,95.736,52.288,155.605
207.242,94.414,50.729,152.808
206.906,100.987,50.605,147.732
205.811,100.960,48.929,148.470
205.863,105.966,49.103,146.701
206.165,109.359,48.859,145.284
206.199,108.268,49.538,143.910
206.512,114.829,47.344,144.799
207.550,113.064,48.189,142.704
208.271,111.871,50.478,136.847
207.340,113.167,49.912,140.534
206.321,112.851,50.944,140.232
205.927,109.042,53.194,135.449
204.275,114.654,53.019,134.438
203.219,111.340,53.719,131.662
201.084,113.918,53.597,128.513
200.143,111.475,54.668,126.370
197.977,112.915,56.878,125.488
199.345,116.764,59.893,121.660
197.066,114.879,55.947,124.484
196.311,114.511,57.924,120.477
196.748,113.005,57.017,119.300
194.102,111.668,55.245,120.102
196.311,114.360,53.441,122.422
195.793,115.706,53.340,122.872
197.531,114.827,54.135,123.662
195.519,114.843,54.698,123.937
194.671,114.790,54.674,125.059
193.812,115.053,53.078,127.753
195.254,113.916,53.312,127.862
197.409,119.106,56.342,122.479
199.431,123.417,59.698,118.956
199.181,123.936,60.863,115.483
199.807,116.617,58.598,118.445
203.362,117.767,56.939,121.144
209.029,112.810,57.935,122.063
209.598,112.633,59.316,120.966
213.266,109.593,59.451,122.095
216.322,109.111,61.333,121.232
217.322,107.830,60.752,120.984
221.442,105.543,60.995,123.113
221.961,107.173,60.561,121.416
222.060,104.996,59.166,121.995
222.711,100.643,56.739,125.315
224.995,105.080,54.719,126.001
226.291,106.605,57.098,122.822
225.920,106.329,59.017,118.612
223.077,105.517,59.302,118.846
222.712,103.209,59.524,117.147
222.788,102.474,60.192,115.198
223.320,96.515,59.471,114.313
222.700,94.804,59.014,113.432
222.498,91.378,59.611,113.652
221.302,86.140,60.023,114.881
221.046,84.102,61.045,116.325
220.899,84.656,61.381,115.068
223.349,83.569,60.071,115.116
224.112,82.898,59.336,115.835
225.590,83.131,58.345,115.689
224.150,80.448,59.187,116.418
220.839,79.091,60.405,116.103
219.337,80.673,61.365,114.491
219.348,79.007,60.740,113.770
217.178,81.760,60.938,111.725
213.060,77.462,60.944,112.338
212.200,77.429,61.711,111.766
211.957,77.823,62.578,111.352
215.330,78.287,60.429,111.819
217.377,78.988,59.348,111.597
219.085,81.794,59.186,112.877
218.800,86.929,60.052,111.736
217.500,83.492,60.041,113.086
217.831,93.976,61.494,110.098
219.056,96.268,61.975,108.622
219.650,97.370,61.652,107.626
221.657,99.519,61.367,105.249
222.851,98.646,60.319,103.243
223.871,101.018,59.248,101.835
226.805,101.482,58.417,98.868
226.960,102.013,57.500,95.887
228.499,105.156,56.470,92.982
230.433,107.337,56.542,90.516
231.358,106.419,56.779,88.932
232.850,107.937,56.471,88.310
235.339,108.137,56.370,88.046
238.128,108.479,56.415,88.193
241.916,108.722,57.696,87.920
244.852,107.840,57.352,88.602
245.968,107.684,57.244,89.971
249.066,106.848,57.701,90.188
252.093,109.055,57.560,89.268
254.215,108.894,57.764,87.384
256.452,106.447,57.113,88.196
258.637,110.207,58.025,86.258
258.068,109.333,59.380,83.890
258.419,112.467,60.316,82.379
261.461,109.266,58.458,82.728
262.623,110.475,58.254,80.892
262.656,109.070,58.424,80.639
263.960,105.961,57.814,80.760
265.964,103.192,56.775,81.644
268.076,101.780,55.971,82.002
269.839,100.089,55.453,82.203
271.751,103.029,55.602,80.741
271.751,105.979,56.604,79.517
271.560,105.067,55.607,80.511
271.294,106.266,55.959,81.130
269.363,108.762,55.507,84.010
269.853,107.344,55.194,87.365
269.898,103.370,53.774,92.648
269.355,104.875,53.258,95.912
272.069,104.823,51.499,103.792
270.750,102.251,50.324,111.303
270.018,100.473,50.795,117.379
271.776,102.551,51.221,124.811
271.220,102.104,53.074,131.357
271.457,100.230,54.467,137.758
271.611,98.850,56.269,143.728
271.026,99.183,57.266,149.857
269.776,97.806,58.376,151.581
269.411,97.434,58.482,153.893
268.942,97.718,57.672,154.705
268.190,97.994,58.998,154.380
265.228,97.035,58.696,152.892
265.591,96.326,59.899,152.469
264.119,95.240,59.510,151.253
261.881,94.301,58.945,151.469
262.330,94.937,60.819,149.912
261.503,96.086,62.424,150.106
260.241,95.492,61.458,149.310
260.275,95.443,61.624,148.158
260.706,97.092,59.278,147.738
260.315,97.224,57.703,145.905
260.171,96.284,57.080,144.467
259.218,95.829,56.821,142.956
258.009,97.099,55.693,142.475
257.033,97.329,56.121,140.182
255.955,98.339,53.548,139.355
252.832,97.199,52.852,136.005
246.004,98.075,53.415,134.317
242.280,101.907,52.419,133.778
240.286,103.924,51.138,134.827
236.106,105.205,52.457,135.039
234.191,106.900,52.665,135.481
230.966,106.112,52.393,134.437
231.351,107.345,52.170,135.933
231.238,107.065,52.589,134.820
230.839,109.315,51.416,134.475
231.979,108.811,50.310,132.860
232.407,109.572,48.702,131.055
235.115,110.726,47.196,128.220
233.331,110.870,46.841,125.482
233.449,112.277,46.127,123.414
232.453,114.320,45.818,121.508
232.662,115.486,45.600,120.011
232.400,117.489,44.368,119.255
230.912,117.394,44.332,117.631
230.493,119.897,43.841,115.317
230.824,120.044,42.529,114.139
227.686,118.133,43.084,113.244
228.526,121.651,43.294,111.318
228.875,121.381,42.552,110.448
227.730,120.991,41.917,109.230
229.048,122.112,41.425,109.426
227.780,119.761,40.626,109.248
228.875,121.915,40.969,108.835
227.326,120.130,40.243,107.797
226.470,120.566,40.152,106.260
224.886,121.347,39.618,106.044
223.833,122.629,38.877,105.214
223.159,122.778,38.777,102.869
221.904,124.584,38.627,100.397
220.943,124.634,38.250,98.716
221.414,125.865,38.216,97.184
220.803,127.522,38.436,96.465
222.105,123.292,38.100,96.403
221.176,122.411,37.921,96.851
220.681,122.837,38.400,96.956
221.533,123.895,38.096,96.894
220.547,123.464,38.602,96.800
222.075,125.150,39.099,95.892
220.469,124.453,38.627,97.103
221.770,124.636,39.278,96.310
221.089,125.949,40.045,96.129
221.552,125.797,38.947,95.350
220.401,124.993,38.504,94.227
221.187,125.463,37.477,93.131
221.976,124.841,37.025,92.009
223.418,125.662,36.603,90.414
221.833,125.574,37.424,88.957
223.169,125.987,37.045,88.617
223.520,126.245,37.438,87.602
223.575,125.879,37.881,86.984
222.934,127.266,38.766,86.132
221.427,127.198,39.498,85.375
220.712,128.948,38.574,86.822
220.918,128.810,37.624,87.010
219.511,129.464,36.790,87.054
216.481,132.585,37.856,85.770
217.419,133.116,36.862,84.932
217.571,135.013,36.494,84.459
216.169,134.360,36.799,84.240
210.874,138.201,39.117,82.588
208.306,140.855,41.410,81.260
208.694,138.389,41.719,81.660
207.045,139.813,42.011,82.036
202.769,135.817,41.371,83.954
188.055,139.824,45.708,80.154
181.762,136.944,46.271,81.506
169.199,135.593,51.399,80.231
165.768,133.295,51.481,84.783
161.044,132.367,52.527,88.014
159.971,125.955,52.015,90.898
156.313,126.388,53.818,91.534
154.043,126.909,55.100,90.804
152.274,128.062,55.584,89.923
149.830,129.887,56.283,89.243
148.909,128.334,56.845,89.567
148.511,127.657,55.743,89.706
147.985,126.877,54.519,90.863
148.492,128.507,53.822,91.713
149.331,127.808,53.169,92.292
150.387,127.155,52.244,92.224
150.086,127.581,51.563,91.984
150.285,127.053,51.782,91.092
150.425,128.229,50.917,90.409
152.666,128.640,49.764,90.594
153.246,128.232,49.068,90.599
154.664,127.939,48.480,90.314
156.056,128.387,47.401,89.768
157.609,128.692,46.817,88.741
158.159,129.427,45.874,88.338
157.473,129.696,45.852,87.589
158.235,129.872,46.390,86.136
158.404,129.277,46.785,85.064
162.175,130.600,44.522,85.533
162.905,129.792,43.190,85.666
163.882,129.818,42.495,84.180
166.061,130.233,41.760,83.455
165.376,131.189,41.943,82.117
165.972,130.560,41.868,82.223
