1061.000,352.000,28.000,93.000
1060.097,352.631,29.779,93.420
1060.035,354.060,30.540,92.601
1059.464,354.390,31.007,92.071
1059.039,353.472,31.054,92.759
1058.088,352.074,31.142,93.591
1058.272,351.454,30.598,94.786
1057.305,350.512,30.844,95.197
1057.740,350.931,30.650,95.432
1057.822,350.164,30.619,95.659
1057.919,350.690,30.603,95.750
1057.619,350.157,30.471,95.141
1057.723,351.201,30.177,94.910
1056.688,351.360,30.501,94.111
1057.167,352.434,30.187,93.732
1056.401,352.988,30.441,93.042
1056.557,353.198,30.359,93.039
1056.667,353.190,30.236,93.095
1056.245,353.336,30.226,92.884
1056.434,351.714,30.596,93.730
1055.725,351.067,31.144,94.561
1055.759,351.630,31.125,94.848
1055.870,351.134,31.046,95.231
1055.641,349.977,31.315,95.660
1055.591,348.999,31.156,96.614
1054.990,348.595,31.315,97.333
1054.926,349.393,31.703,96.703
1054.568,348.041,31.565,97.810
1054.176,348.546,31.932,97.906
1053.150,348.510,32.089,97.490
1052.725,349.219,31.880,96.402
1051.952,350.422,31.798,95.848
1051.439,349.375,31.795,96.380
1050.918,349.045,31.964,96.332
1050.448,349.877,32.246,96.240
1048.593,350.782,32.338,95.797
1047.395,349.003,32.210,96.278
1046.851,348.204,31.940,96.623
1046.450,348.181,31.527,97.142
1045.445,348.031,31.592,97.531
1045.283,346.020,31.586,98.720
1044.411,345.935,31.695,98.848
1044.278,345.553,31.777,99.113
1042.678,344.271,31.387,99.400
1042.189,344.807,31.759,99.494
1041.932,343.712,32.069,99.703
1041.296,344.067,32.182,100.148
1040.714,343.879,32.373,100.685
1040.172,343.389,32.675,100.894
1038.795,344.215,32.643,100.353
1038.743,343.974,32.872,100.540
1038.644,344.657,33.123,100.620
1038.039,344.667,33.001,101.005
1038.003,343.277,33.384,101.636
1037.565,342.324,33.776,102.524
1038.031,342.657,33.670,102.721
1037.212,342.956,33.957,102.930
1036.912,342.498,34.318,102.606
1036.540,342.418,33.979,102.737
1036.800,343.195,34.202,102.278
1036.442,341.400,34.345,103.149
1035.983,339.699,33.856,104.777
1035.851,339.507,33.288,105.454
1035.890,339.537,33.581,105.838
1035.038,339.495,33.211,105.446
1034.167,340.105,32.928,104.937
1033.261,340.557,33.076,104.296
1033.688,340.492,33.565,104.608
1032.198,341.625,33.625,103.916
1031.280,341.347,33.482,103.159
1030.107,341.083,33.240,103.618
1029.375,340.768,33.357,103.809
1028.009,339.815,33.151,104.840
1027.287,338.733,33.297,105.358
1026.436,338.216,33.669,106.316
1026.618,338.298,33.936,106.656
1025.440,335.692,32.584,107.743
1025.025,336.289,32.361,107.624
1024.388,336.471,32.589,108.054
1023.679,336.189,32.764,108.360
1023.445,336.770,32.920,108.373
1022.690,336.968,33.446,107.866
1021.937,337.866,33.844,106.883
1021.711,338.241,34.114,106.285
1021.529,338.152,33.959,105.842
1020.684,337.836,33.733,106.274
1020.946,337.883,33.263,106.473
1019.980,337.895,33.411,106.514
1019.373,337.968,33.583,106.924
1018.619,337.393,33.916,107.100
1017.877,337.311,34.185,107.155
1018.429,336.861,34.337,107.917
1017.431,336.645,34.335,108.016
1016.980,335.637,34.198,108.605
1016.722,334.281,34.325,109.513
1016.572,334.919,34.144,109.996
1015.595,333.741,34.878,110.543
1014.738,333.057,34.881,110.924
1014.843,333.619,35.358,110.432
1014.255,334.020,35.263,110.443
1013.338,336.347,35.400,108.848
1012.474,337.367,35.396,107.592
1011.747,338.432,35.037,106.314
1011.169,337.146,34.100,106.683
1010.933,338.785,33.485,105.870
1010.095,338.582,33.112,105.664
1008.196,338.457,33.296,106.221
1008.132,337.762,33.421,106.387
1007.038,336.326,33.096,107.787
1005.410,335.456,33.134,108.720
1005.384,334.419,33.261,109.319
1004.227,333.324,33.252,109.900
1003.807,334.458,33.407,108.887
1002.855,333.717,33.644,108.909
1003.200,333.603,33.701,109.141
1002.827,334.157,33.814,108.996
1001.808,334.197,34.291,108.739
1001.217,334.328,34.346,108.968
1000.746,334.908,34.228,109.059
1000.886,333.408,34.305,109.927
1000.542,333.723,34.131,110.408
1000.663,333.183,34.397,111.001
1000.307,332.943,34.506,110.916
999.908,332.639,34.530,110.911
999.216,330.355,34.445,112.228
999.302,329.779,34.336,112.843
999.631,328.590,34.673,114.160
999.077,326.914,35.258,115.643
998.686,326.926,35.724,115.969
998.233,326.813,35.678,116.699
997.860,325.686,35.253,117.569
997.623,325.501,35.059,117.627
996.541,327.249,34.685,116.861
995.541,327.355,34.497,116.252
994.634,329.604,34.074,115.000
993.873,329.151,34.382,114.104
993.135,330.433,34.464,114.129
992.650,330.079,35.425,114.559
990.309,328.852,36.099,115.373
989.821,328.441,36.555,115.490
987.644,328.019,36.252,116.401
986.977,326.776,35.197,117.643
986.311,325.905,35.325,117.819
986.260,326.356,35.273,117.432
984.903,324.666,35.193,118.258
984.442,324.970,35.535,117.216
982.939,325.282,35.936,117.080
983.285,325.322,36.008,116.974
980.987,326.651,37.316,116.624
979.366,326.779,38.090,115.904
979.582,326.474,38.143,115.639
978.676,326.914,37.756,115.706
978.510,326.340,37.794,116.227
978.818,326.347,37.620,116.476
977.731,324.067,37.524,117.905
978.390,325.035,37.157,118.020
978.103,321.999,36.977,119.691
977.967,319.925,36.271,121.136
977.695,318.901,36.126,122.299
977.868,319.575,36.028,121.284
977.532,319.633,36.271,121.431
976.540,320.803,36.685,121.478
976.115,320.869,37.019,121.400
975.292,320.387,37.256,121.512
974.046,321.203,37.736,121.236
973.277,322.811,37.315,120.101
971.574,322.883,37.554,119.746
971.045,322.863,37.712,119.148
970.327,323.975,37.473,118.470
968.700,323.413,37.404,118.825
968.155,323.826,37.629,117.964
968.057,324.361,37.838,117.903
966.117,321.414,36.960,119.929
964.649,320.927,37.110,120.654
963.335,320.173,37.367,122.035
962.096,317.749,37.280,124.539
961.325,316.390,37.339,125.452
960.702,315.374,37.658,126.227
959.045,314.259,38.603,127.439
959.637,314.022,39.018,127.935
957.872,313.722,39.606,128.187
956.529,313.826,39.814,127.848
956.723,315.067,40.506,126.125
955.460,315.796,40.966,125.398
954.804,316.019,40.924,125.705
954.380,316.108,40.794,124.821
954.250,314.276,41.413,126.167
954.451,314.182,41.485,126.583
953.366,312.128,41.788,128.868
952.979,311.028,42.581,129.826
952.081,310.288,43.998,131.244
951.051,310.020,44.433,131.935
950.850,309.968,45.519,131.756
949.460,309.519,46.199,132.031
949.148,309.282,46.702,131.731
949.005,309.167,46.836,131.766
948.187,310.125,46.778,131.152
947.167,310.457,46.898,130.951
946.400,310.688,46.569,130.724
945.671,310.298,45.714,130.546
945.101,310.935,45.408,130.007
944.453,311.619,45.303,129.924
942.997,310.251,45.221,130.891
942.607,310.428,44.363,130.404
941.953,309.848,44.346,130.852
940.811,309.248,44.177,131.752
940.168,307.698,44.179,132.715
938.837,306.376,44.052,134.120
937.272,306.250,44.738,134.612
935.964,305.141,44.904,134.767
935.412,305.589,45.413,133.591
934.600,305.482,45.464,133.608
933.384,305.246,45.037,133.530
933.142,306.849,44.698,132.648
933.261,306.212,44.758,133.871
931.771,307.842,44.752,132.375
932.095,308.084,45.573,132.055
931.933,307.691,46.117,131.465
931.638,306.907,45.702,132.374
931.651,307.245,45.771,132.779
931.136,303.949,45.445,135.241
930.231,303.288,45.488,136.185
930.279,303.365,44.902,136.777
929.887,301.623,45.046,138.002
929.956,299.831,45.037,139.062
930.040,300.826,44.788,139.270
929.887,300.749,44.560,139.211
929.747,300.789,44.328,138.976
928.844,300.770,44.501,138.239
927.764,300.723,43.621,137.788
926.873,301.858,43.021,136.622
926.082,301.293,43.288,136.684
924.671,300.861,42.585,137.033
923.473,301.584,42.533,135.604
921.923,302.468,42.599,135.726
921.060,301.977,43.374,135.625
918.504,300.051,43.644,137.252
917.405,300.005,44.374,137.019
915.705,299.175,44.825,137.803
914.392,298.131,45.210,138.648
913.795,296.994,45.131,139.479
912.911,295.031,45.045,141.039
912.504,294.024,44.473,142.088
912.341,293.479,44.079,142.872
910.158,293.396,44.476,140.906
910.491,293.957,44.294,138.956
909.700,294.744,44.002,138.609
909.084,292.301,44.439,136.211
909.157,294.582,43.960,136.539
908.237,294.289,43.366,137.561
907.588,292.820,43.589,136.461
908.154,293.846,42.645,138.665
907.942,291.758,42.728,142.159
907.354,289.857,42.670,145.023
907.036,288.931,42.968,146.555
906.334,288.451,43.274,146.578
905.762,287.270,43.326,148.344
905.276,287.520,43.514,149.263
904.868,287.949,44.066,148.579
903.228,284.212,43.807,150.514
905.035,284.475,44.371,151.997
901.533,286.433,44.840,151.946
901.912,281.917,45.090,154.404
899.194,284.043,44.214,154.059
896.312,282.909,43.617,154.987
894.591,283.572,44.851,154.372
893.195,283.082,45.646,154.009
890.722,283.025,46.626,154.258
889.230,282.063,46.736,155.424
887.995,279.409,46.432,157.408
886.459,276.643,45.039,159.252
886.543,274.088,44.343,160.530
886.105,273.027,44.323,161.799
885.208,272.098,44.379,163.836
884.932,270.672,44.569,165.500
883.813,270.695,44.111,166.251
883.079,269.545,43.664,166.847
882.293,269.932,44.155,166.499
881.669,269.453,44.090,167.155
880.366,269.038,45.450,167.297
879.291,270.263,46.553,167.039
877.639,269.391,47.459,168.437
876.472,269.918,48.397,167.746
875.696,267.349,49.710,169.058
874.345,267.445,50.264,169.677
873.849,268.855,51.593,168.700
872.745,265.683,51.668,170.111
872.570,265.520,51.014,170.552
871.727,265.823,49.948,171.115
871.015,266.723,49.256,171.020
870.486,265.281,49.158,171.605
869.399,264.030,48.021,172.238
868.518,266.177,47.601,170.813
867.251,267.613,47.383,168.844
865.892,268.831,47.165,167.373
864.504,271.346,46.662,165.462
863.771,270.339,46.524,164.788
862.508,271.558,46.737,165.579
862.345,270.696,46.927,166.026
