1014.000,239.000,238.000,478.000
1014.971,234.597,235.205,484.046
1016.441,233.255,233.705,486.117
1005.125,223.517,225.171,493.386
999.860,215.969,218.669,501.822
1004.184,211.054,210.490,508.716
1005.676,208.103,208.217,512.702
1002.405,204.248,208.551,517.959
1002.986,196.781,206.915,522.543
1002.295,192.704,207.119,525.420
1002.426,194.225,206.465,525.913
982.531,178.482,213.589,538.718
981.116,171.254,214.660,548.307
960.849,166.984,224.608,551.265
932.595,165.094,238.970,555.838
913.444,164.801,251.688,557.108
896.278,164.943,257.388,560.262
880.773,166.698,254.142,559.775
878.316,166.777,254.160,559.885
857.977,169.168,254.989,557.024
846.933,162.782,258.151,559.884
858.297,156.495,258.089,561.906
861.262,150.565,253.521,571.103
853.119,148.101,246.620,570.592
852.992,145.591,236.982,572.180
852.570,145.931,231.417,572.640
836.397,147.166,233.335,561.912
830.702,149.025,230.913,559.443
817.072,155.428,228.657,560.894
806.224,156.945,227.391,558.069
801.524,159.231,228.025,559.510
781.442,160.856,235.004,562.434
765.544,159.635,248.187,565.704
769.734,155.629,251.340,568.834
765.905,154.521,252.796,569.280
780.869,147.723,247.160,574.836
786.022,144.651,240.754,578.140
795.330,140.965,232.957,584.447
803.879,140.761,223.921,581.724
806.321,145.202,218.500,574.690
816.049,157.064,211.382,569.011
828.611,169.951,214.393,557.095
825.550,170.057,214.595,553.133
839.188,183.073,225.645,542.450
848.015,193.753,240.982,532.882
857.435,199.309,250.322,525.215
891.034,211.190,253.788,514.750
892.477,206.203,260.148,512.650
892.154,207.833,265.261,510.070
913.778,208.911,265.031,510.551
910.191,208.581,268.857,509.720
964.956,212.260,257.091,511.852
978.518,206.844,257.332,513.342
984.667,204.811,256.436,513.718
971.481,204.930,263.703,514.862
997.132,200.594,253.016,516.438
1001.109,196.581,242.297,513.726
1000.650,196.265,237.671,514.202
993.290,192.758,236.314,513.266
987.250,189.387,235.164,517.029
977.615,188.827,233.612,520.096
965.350,188.472,231.926,525.661
947.643,183.094,227.997,527.942
931.944,182.058,234.445,529.654
895.552,182.417,254.464,536.260
896.451,177.792,259.622,542.804
867.683,175.845,266.037,546.355
864.470,173.706,255.117,549.816
867.670,175.263,244.691,549.144
867.682,178.826,237.540,545.558
874.777,186.328,228.013,537.369
881.151,185.746,221.440,531.672
881.973,188.491,219.902,531.785
880.929,186.531,219.402,531.162
888.468,183.999,223.166,534.619
887.410,180.773,227.927,532.780
879.024,183.058,238.176,533.412
860.983,178.365,251.857,535.234
853.451,175.856,260.636,533.422
833.802,181.396,274.001,531.693
806.160,185.763,290.643,530.721
799.654,186.125,295.974,529.826
771.736,184.513,299.705,529.297
760.423,179.306,302.318,533.705
758.902,169.296,297.507,543.801
759.352,152.743,285.477,554.906
770.172,141.989,272.498,569.564
779.210,136.817,265.055,577.262
786.061,132.758,258.721,584.655
785.302,131.160,257.038,585.033
799.631,139.756,252.770,585.679
810.709,156.533,249.507,566.997
823.954,179.715,248.119,547.569
835.587,196.426,246.220,531.550
851.896,222.512,241.772,510.846
870.689,239.095,238.098,492.832
882.010,238.656,235.058,486.962
883.642,242.344,232.935,480.435
939.390,236.572,226.831,484.518
959.913,238.790,226.605,484.750
969.753,245.366,226.691,481.520
967.237,260.759,227.896,464.920
962.339,266.963,229.120,458.049
957.253,273.347,229.645,450.234
953.308,270.214,232.501,448.405
952.949,269.603,233.019,448.825
949.754,258.816,235.425,457.148
941.692,249.173,240.227,468.972
938.739,239.680,241.000,476.768
921.387,231.650,247.077,487.956
921.369,221.910,247.458,497.120
918.946,218.298,248.673,504.326
918.427,214.273,250.896,505.119
919.734,211.712,251.208,508.081
906.193,219.069,256.688,501.669
899.394,241.036,261.840,488.934
889.703,256.828,266.863,473.122
888.081,267.330,267.963,461.489
877.659,285.258,268.809,441.840
865.265,300.215,266.713,425.265
857.608,307.753,264.873,415.453
857.740,307.190,262.047,412.071
826.708,305.294,253.996,414.757
815.869,303.654,248.058,414.381
800.333,301.924,241.399,419.043
789.437,299.424,234.851,422.382
788.035,293.371,231.653,426.364
777.937,285.636,227.107,431.300
773.135,280.413,220.646,438.256
774.470,277.750,219.167,441.158
774.243,264.243,213.279,452.399
774.564,260.529,210.073,459.017
775.490,259.148,208.109,462.640
779.255,258.996,206.403,463.562
786.964,261.620,205.951,463.989
793.306,268.851,207.366,457.010
802.309,287.498,209.080,442.804
802.302,291.703,212.951,433.685
811.361,314.913,218.379,411.718
822.177,336.832,226.622,388.365
848.849,356.719,234.655,366.461
861.577,361.664,240.975,348.658
879.015,362.512,246.907,343.879
880.701,378.454,247.114,335.538
882.389,382.130,249.350,331.469
881.156,383.580,250.223,330.471
936.671,355.713,242.155,351.677
940.200,344.542,235.804,368.023
945.465,324.412,228.754,387.089
940.383,308.541,227.614,405.630
934.715,297.238,229.061,419.049
924.210,279.357,231.421,433.639
909.975,267.816,237.623,446.576
897.092,264.363,248.013,451.015
887.888,254.027,249.245,464.369
883.988,243.770,243.528,472.933
875.197,240.332,243.274,478.153
851.768,234.811,240.338,483.344
836.435,234.459,239.197,487.967
824.241,234.303,240.054,485.516
796.427,236.792,233.299,484.006
797.551,236.860,230.697,485.652
762.332,233.789,223.327,493.267
745.224,226.706,221.681,498.243
739.754,219.577,220.459,502.210
734.409,218.469,219.143,504.634
721.394,218.629,214.685,505.686
708.704,219.988,209.348,505.489
705.812,216.517,204.253,508.037
705.684,214.173,203.263,512.633
686.333,212.184,200.063,515.703
685.750,212.362,200.717,513.546
690.999,224.398,200.959,506.471
697.016,240.611,202.242,493.432
701.036,254.768,202.494,478.022
703.794,278.683,201.835,455.925
706.723,300.996,200.173,433.113
705.609,307.495,200.430,422.339
697.094,315.025,199.997,414.290
692.005,285.748,194.861,430.755
690.419,270.195,192.515,448.277
694.950,237.083,189.873,475.787
705.257,207.871,188.679,506.111
715.944,191.063,189.331,528.045
732.004,165.052,190.966,537.888
730.545,159.681,195.766,545.646
749.031,136.767,193.095,544.043
745.760,129.221,193.387,544.849
728.663,135.048,192.980,542.068
718.828,131.314,192.792,539.633
717.241,121.114,189.253,537.909
719.322,105.778,184.657,542.501
717.204,104.941,182.576,541.541
720.081,105.051,182.405,540.373
710.555,106.824,178.583,540.543
707.991,107.513,175.598,539.780
700.244,125.029,174.755,534.268
687.391,137.467,177.287,534.243
681.649,137.015,182.094,534.875
671.659,157.045,183.821,533.772
646.878,174.642,187.515,535.397
643.791,165.087,190.060,540.219
631.009,175.008,188.442,532.178
628.087,181.412,186.709,531.147
623.236,172.412,185.158,535.712
616.170,164.053,182.099,537.144
616.035,153.353,183.619,538.013
624.470,145.916,182.488,536.952
638.052,129.527,182.515,533.501
635.435,124.333,183.587,540.113
648.969,113.084,181.899,538.213
666.274,117.041,176.580,535.711
692.698,103.359,173.480,537.561
713.386,100.254,172.636,536.598
748.673,91.592,172.224,534.639
783.986,97.361,174.000,530.044
820.258,92.020,173.732,533.793
815.367,93.243,176.626,532.352
842.346,97.083,174.777,540.767
839.908,91.044,177.755,544.205
838.869,81.889,182.604,546.178
836.310,55.597,189.471,546.921
836.620,47.574,192.255,546.373
831.536,47.305,197.430,541.754
829.473,42.741,191.551,539.995
829.321,42.772,190.998,538.633
823.828,41.368,185.084,537.402
815.811,46.212,179.825,534.832
810.846,48.585,176.745,532.547
803.742,49.760,173.986,532.084
769.234,56.053,172.229,527.023
748.897,58.807,169.087,524.400
744.303,59.278,171.026,523.266
743.250,58.754,171.259,525.411
682.836,63.519,178.696,521.522
666.351,47.688,179.445,517.435
646.291,33.551,186.842,517.929
638.412,27.814,188.210,521.580
627.024,13.635,192.453,522.143
627.280,2.109,191.763,521.658
631.710,1.692,192.900,517.264
633.987,2.124,191.821,516.624
637.703,13.778,187.191,520.798
628.604,21.585,187.095,522.214
621.826,27.772,188.509,524.445
620.386,46.956,188.525,523.716
615.186,74.154,193.869,519.906
622.366,88.956,196.023,521.022
645.946,108.036,203.787,509.524
640.425,114.231,203.329,506.732
716.642,132.251,194.087,506.297
734.624,118.941,194.132,511.070
740.522,121.980,194.888,512.125
741.363,120.903,193.146,511.217
746.179,109.260,194.179,516.772
743.841,97.091,200.064,518.013
739.881,100.701,202.608,518.713
736.127,109.092,199.330,517.356
720.804,116.034,204.221,505.083
729.118,108.931,199.138,506.081
726.658,108.764,188.819,509.605
725.362,102.617,179.989,511.797
726.556,99.168,177.189,515.008
723.856,94.384,178.557,508.994
704.842,83.615,186.709,491.628
703.901,84.193,188.295,483.615
676.290,88.440,186.559,486.428
665.214,85.829,188.235,487.087
663.822,79.996,184.245,493.791
639.966,70.232,190.607,494.903
622.177,62.851,191.878,496.739
603.790,61.273,195.494,494.683
589.010,53.212,193.577,495.050
590.948,51.751,191.940,499.573
583.614,32.312,185.860,501.207
569.410,29.131,184.149,500.860
565.021,21.762,184.525,503.659
566.929,17.741,183.250,506.713
569.364,19.695,181.811,507.273
549.999,33.491,190.934,503.892
547.018,44.312,195.186,505.236
547.117,42.298,197.518,506.386
554.178,103.973,203.864,510.342
555.596,110.564,214.063,505.254
554.431,129.728,236.724,500.149
583.924,145.772,242.499,502.970
586.947,142.145,252.895,498.828
584.973,145.579,263.373,499.409
602.327,152.365,266.854,503.764
602.237,154.623,269.002,506.707
636.156,138.515,269.255,507.323
642.390,132.910,265.355,511.514
646.300,128.746,261.158,513.218
645.245,113.070,261.012,516.102
642.276,111.121,263.078,511.737
641.485,112.948,261.751,510.108
643.618,112.774,260.310,510.534
644.527,116.147,257.231,511.320
627.243,119.573,261.841,504.199
619.433,126.231,262.562,502.068
616.097,128.415,263.226,501.808
615.544,120.037,261.150,506.088
611.482,102.185,260.474,509.988
608.056,101.570,261.374,513.816
606.107,99.283,262.374,512.265
569.621,57.940,264.300,512.604
570.160,58.506,258.938,515.046
548.919,54.234,261.718,515.989
544.627,54.996,259.482,519.289
543.446,57.682,259.067,517.456
546.647,62.402,261.754,516.594
543.730,71.444,261.368,522.610
538.878,84.293,266.018,524.118
536.014,115.798,264.714,527.409
548.473,148.629,261.543,528.872
557.300,162.533,257.466,525.424
574.466,192.757,245.014,527.211
591.980,205.785,235.314,514.941
599.071,207.392,235.739,505.020
606.090,204.729,227.382,508.082
626.441,148.829,226.602,516.691
621.736,140.126,230.220,519.719
617.691,139.220,232.129,520.585
600.433,134.155,229.953,519.978
596.139,154.656,236.757,523.328
589.665,158.343,241.882,528.909
588.506,152.511,240.547,535.850
581.841,208.938,254.424,514.750
565.187,225.850,258.722,495.632
537.284,247.336,259.984,473.145
509.142,234.366,252.872,470.276
517.216,236.031,255.333,463.655
512.376,239.954,248.287,461.134
514.171,222.576,246.521,458.755
515.270,222.343,242.737,456.253
506.593,212.436,232.748,465.019
513.247,212.354,221.967,482.360
527.293,203.633,231.617,474.431
514.613,211.438,221.036,482.517
526.993,203.285,226.661,481.252
536.094,208.825,220.789,496.470
541.644,223.181,219.790,498.093
545.350,232.316,223.436,492.212
559.626,245.513,235.444,476.450
552.987,251.689,230.492,469.478
569.839,278.370,225.691,451.619
580.421,272.504,221.331,449.819
589.822,265.401,218.049,450.102
597.214,260.560,217.354,452.158
625.297,232.827,244.278,441.889
612.900,223.984,225.386,476.926
615.440,206.488,223.046,487.861
615.978,200.848,218.383,495.318
603.953,182.486,222.130,495.475
610.096,187.921,217.990,500.405
613.292,188.623,213.003,516.373
612.513,196.433,219.883,519.371
610.560,196.192,241.161,505.457
607.506,206.638,252.540,494.028
592.649,224.064,256.468,488.250
591.471,225.244,250.288,493.021
562.315,214.242,238.843,494.302
555.420,204.537,235.884,490.526
545.477,205.269,228.367,494.642
520.905,194.545,236.583,490.661
520.319,178.174,243.061,491.293
522.437,167.085,240.571,489.622
537.379,157.156,243.313,487.859
552.842,147.708,253.551,481.412
545.782,145.646,249.162,482.336
543.586,161.127,239.238,508.554
539.558,193.779,234.759,520.323
547.280,199.813,249.989,511.501
565.509,211.824,279.279,483.595
577.402,240.375,298.278,463.664
594.478,278.826,316.403,442.332
612.729,280.048,326.308,431.448
593.643,284.026,325.083,433.902
584.056,285.937,316.901,434.159
572.840,290.459,300.694,432.885
556.557,270.640,296.748,430.632
536.319,258.766,286.339,441.536
533.877,243.219,281.483,440.986
526.031,226.587,256.081,468.302
539.034,218.541,255.332,467.703
508.318,191.401,239.172,484.462
490.180,185.281,233.421,486.593
464.141,184.896,225.650,496.643
452.675,189.866,217.147,506.026
421.082,185.385,226.314,493.613
372.037,198.794,217.962,504.723
361.292,198.242,223.475,492.732
354.923,208.554,216.123,496.617
318.967,219.991,215.340,502.223
311.149,208.712,215.331,509.970
307.899,196.942,213.242,522.169
309.353,190.964,211.777,528.377
310.216,188.994,214.120,531.024
314.017,180.818,217.805,536.891
316.457,170.256,218.349,545.005
315.457,165.982,220.660,552.235
314.459,147.027,235.355,533.034
307.504,154.434,259.338,502.643
295.824,165.871,260.409,496.532
271.574,162.471,268.810,483.514
251.677,169.005,263.710,489.651
248.830,178.903,251.362,503.653
251.655,179.093,256.244,499.352
251.039,177.494,258.482,495.473
330.449,200.003,296.848,450.836
308.379,236.777,254.644,471.789
315.818,236.573,233.781,477.194
324.210,241.683,227.719,474.367
346.324,248.632,238.386,462.011
345.753,235.599,234.234,463.055
343.178,233.861,223.816,472.096
344.994,232.307,217.371,478.274
359.505,220.697,211.647,489.757
366.006,213.800,216.753,491.394
376.322,219.631,224.031,485.737
374.237,225.620,214.254,492.472
371.345,221.190,220.363,489.080
364.156,216.970,240.146,465.727
343.115,234.350,240.094,473.584
342.675,232.917,243.240,471.433
333.717,234.407,260.528,448.040
331.540,249.758,272.079,433.100
331.388,247.908,280.652,422.978
322.633,244.089,275.058,435.569
329.368,238.508,278.834,435.062
315.698,240.129,268.278,451.717
308.191,230.904,270.255,461.788
295.630,230.181,256.189,483.323
315.025,202.056,273.691,467.711
292.086,185.719,285.403,470.273
276.153,185.921,296.625,473.177
264.543,178.989,307.349,467.140
257.121,182.401,309.978,479.139
244.385,186.230,297.394,498.700
253.740,181.477,304.178,505.583
249.140,178.024,299.073,508.777
266.181,191.739,301.472,518.852
266.486,187.024,300.200,505.517
269.237,206.834,284.946,512.275
298.969,206.503,303.455,482.073
309.747,211.941,323.751,446.246
314.149,234.506,308.122,448.759
315.679,221.408,281.028,471.655
319.516,215.908,260.973,483.706
322.523,231.498,235.852,488.133
324.999,239.707,216.857,487.123
327.208,237.868,208.812,479.656
327.648,238.598,201.585,482.024
340.555,234.121,198.434,482.755
343.563,232.300,195.531,487.525
337.287,227.458,195.593,490.393
335.662,225.129,196.565,494.461
291.159,222.244,199.583,495.856
261.290,212.924,201.597,498.274
239.188,192.409,204.690,505.417
229.173,190.091,201.042,512.505
230.466,195.181,203.249,513.501
246.194,202.398,205.413,513.316
254.585,205.392,205.632,510.015
255.150,206.963,203.319,509.190
300.004,216.642,198.723,504.144
299.523,222.091,196.386,497.439
295.435,226.565,192.807,492.314
291.992,233.458,192.384,488.171
292.542,234.407,189.993,486.585
300.189,224.316,189.654,490.586
315.175,218.838,186.523,491.841
316.549,219.732,185.507,491.660
325.502,219.419,186.298,487.987
329.368,225.289,184.875,486.561
327.658,231.757,184.464,482.977
318.073,245.036,182.610,480.915
314.442,254.216,186.482,471.277
314.054,255.063,190.319,470.645
320.363,246.295,191.561,474.519
319.712,247.560,192.679,473.864
330.354,229.210,192.832,479.574
337.563,223.732,193.045,481.698
347.023,215.278,190.121,483.148
350.902,217.522,188.769,485.682
362.782,218.157,186.142,482.447
377.929,223.680,182.053,479.256
389.457,227.643,181.039,478.175
388.502,230.686,179.422,478.288
425.960,245.058,180.032,474.855
435.989,258.488,182.906,467.800
469.810,285.664,181.891,449.159
492.126,292.227,180.456,437.203
497.383,290.712,177.386,435.749
514.618,285.361,177.780,440.259
534.017,284.310,177.800,441.429
535.324,282.303,178.092,442.584
513.403,281.979,177.694,444.762
509.524,278.467,174.165,445.319
509.302,274.717,172.776,446.655
514.754,265.827,172.168,450.088
525.530,258.909,174.176,450.356
533.387,259.159,171.257,453.473
540.338,248.214,168.727,454.759
542.124,248.589,167.336,456.799
540.738,238.791,167.390,458.776
543.900,230.256,167.736,455.397
547.284,226.401,167.830,453.614
550.209,225.523,168.732,449.885
559.212,217.919,167.667,442.806
561.653,215.267,165.158,443.562
559.617,213.729,161.748,444.636
558.052,213.997,163.528,443.559
548.158,212.408,161.799,448.251
543.929,210.120,162.619,448.175
539.021,205.746,163.994,444.194
539.468,201.458,166.469,442.283
542.998,205.866,166.538,438.035
549.932,204.368,165.135,430.830
553.881,203.126,163.015,430.560
557.458,202.583,162.087,431.757
559.369,203.269,160.764,433.917
562.477,197.360,158.583,437.794
571.839,195.180,155.338,438.811
578.084,192.137,157.289,435.459
581.103,193.971,159.182,432.460
584.262,193.948,159.313,430.062
585.982,193.856,159.742,430.409
585.234,197.648,157.928,429.349
581.274,201.988,152.474,426.447
570.709,204.739,149.961,424.096
564.671,205.798,152.957,422.851
546.955,206.449,151.701,419.858
536.045,209.769,155.152,415.132
526.682,210.391,152.084,414.669
525.878,211.820,152.508,414.841
520.687,210.223,151.401,414.800
522.071,205.237,153.471,410.498
