826.000,215.000,198.000,373.000
836.537,211.225,182.656,380.019
846.922,207.184,179.744,384.345
858.555,206.047,174.037,388.048
866.211,203.828,170.375,390.626
873.707,200.606,168.235,394.601
876.661,201.060,161.605,396.530
880.304,202.523,152.557,396.002
884.230,203.950,146.272,394.311
888.441,203.464,146.306,393.880
892.179,203.931,147.200,395.060
894.417,203.543,148.431,393.667
896.856,205.852,152.583,394.220
899.863,204.964,152.454,396.796
902.377,206.199,150.512,400.460
903.130,206.147,152.089,404.367
902.958,204.013,153.736,407.834
904.044,201.580,153.076,411.537
902.961,197.687,151.953,416.790
904.639,195.198,151.244,421.887
906.525,191.352,152.782,425.355
909.262,189.459,153.176,427.869
907.763,185.932,152.188,432.466
903.856,184.672,156.729,436.561
902.086,184.248,160.417,440.943
896.344,184.593,165.992,443.543
891.608,185.589,167.429,447.419
889.036,186.312,169.104,448.097
884.166,187.523,168.119,449.187
878.721,186.278,169.306,450.499
876.154,187.066,170.625,451.089
876.894,184.172,167.546,452.560
871.962,183.045,171.066,456.120
870.031,180.516,168.808,459.624
869.545,178.689,165.426,462.897
864.600,174.303,164.905,468.222
860.548,172.514,163.624,473.197
854.613,171.441,162.195,479.414
846.991,170.094,163.285,484.401
843.213,165.461,163.765,487.259
828.852,172.158,169.203,485.122
830.104,174.797,170.893,486.636
827.077,170.160,169.134,490.077
810.814,172.934,172.921,489.139
808.102,174.042,168.580,491.583
801.611,169.926,163.722,495.719
794.292,166.909,160.941,499.408
784.310,166.683,158.250,499.148
773.788,163.613,153.500,500.534
765.284,165.040,152.892,498.846
755.577,161.327,154.995,499.547
749.158,161.096,157.399,500.962
745.261,163.729,162.869,501.247
743.013,165.625,167.096,501.428
733.452,162.603,174.459,505.011
727.621,162.268,181.021,509.401
715.664,166.728,185.748,507.881
708.033,167.114,188.892,503.765
697.728,165.198,185.800,505.577
684.429,161.127,177.159,512.190
683.166,163.918,167.982,518.361
676.547,157.495,160.114,526.809
663.573,154.056,162.031,531.121
651.178,155.258,163.711,533.350
648.948,158.334,162.611,539.478
652.501,153.480,163.000,536.154
657.390,158.179,165.879,539.397
661.189,159.960,161.476,540.877
661.237,161.774,162.153,540.702
656.287,165.072,166.961,538.961
648.167,165.602,175.089,541.473
640.900,166.201,175.461,540.158
629.062,162.852,176.873,536.194
623.508,162.541,176.281,533.156
628.037,160.436,167.042,535.289
631.253,159.777,160.152,541.570
638.313,156.305,155.118,542.071
637.666,159.845,151.333,550.466
642.009,158.435,148.308,551.760
639.549,157.176,146.716,551.449
640.313,156.501,145.937,541.932
640.686,160.658,143.452,544.393
639.133,156.451,142.731,544.407
631.521,160.933,145.832,538.655
630.040,162.730,144.314,534.995
631.277,163.615,141.813,533.417
629.460,163.078,141.764,535.445
627.648,162.402,142.499,531.589
627.775,166.795,142.634,530.624
627.750,169.365,141.456,530.929
626.600,167.809,143.497,531.485
625.209,168.051,145.505,529.500
621.792,172.788,147.820,526.361
616.934,173.171,148.564,525.415
614.446,174.420,150.155,524.352
612.355,175.816,151.018,524.540
614.225,175.225,152.381,522.034
610.165,175.977,151.438,525.287
611.196,177.808,149.906,525.132
609.291,174.167,149.951,524.747
611.163,175.282,148.216,527.960
612.020,173.864,146.654,529.406
610.922,173.942,147.583,530.530
611.200,173.500,148.137,530.579
610.562,175.043,148.224,528.607
610.780,174.065,148.179,529.315
609.366,173.927,148.635,531.026
608.875,174.651,149.710,529.876
609.304,174.786,150.061,529.733
610.487,176.713,150.051,531.398
607.810,177.946,150.054,530.265
608.704,177.150,150.002,529.641
609.265,180.276,152.236,526.986
607.303,179.897,151.544,525.345
610.516,186.246,154.773,519.787
607.253,186.554,155.470,518.437
608.162,189.244,160.326,514.101
606.671,193.434,163.239,510.808
606.190,194.171,167.376,506.699
604.792,203.344,171.004,501.494
605.161,208.364,174.721,494.240
602.028,215.662,179.888,483.523
601.392,224.929,183.738,474.739
599.963,236.405,189.339,462.049
599.001,253.916,193.704,444.080
599.570,273.347,196.076,426.333
598.499,294.393,200.158,409.789
597.729,314.851,201.828,395.345
596.102,334.967,207.492,380.522
592.319,354.228,213.516,363.476
589.443,371.047,219.628,345.912
585.775,381.632,227.587,333.209
583.089,385.777,233.719,323.218
582.756,381.152,235.005,318.664
580.532,361.800,240.876,306.021
582.177,353.242,244.717,298.248
589.193,340.344,242.081,309.370
600.265,327.559,237.642,330.858
613.263,312.268,227.314,350.361
629.857,300.045,212.449,380.734
646.610,287.528,196.430,409.744
660.670,272.689,184.801,423.071
674.430,259.364,177.325,424.341
679.084,254.922,175.648,421.292
686.568,251.019,172.265,416.848
695.115,254.761,164.387,424.429
702.228,254.837,161.511,407.603
707.606,260.066,155.914,384.863
715.739,265.895,148.012,369.913
717.206,270.906,144.974,359.126
716.924,271.563,143.904,353.294
717.194,267.640,143.672,352.514
718.747,264.626,142.512,352.792
720.421,257.834,142.699,358.286
723.252,246.098,141.852,367.989
723.221,220.047,140.214,386.816
725.596,186.019,135.986,414.630
729.514,169.570,135.368,433.508
732.396,153.681,134.229,435.937
736.225,140.703,130.808,436.952
742.688,131.176,128.075,428.043
745.903,128.389,125.571,417.821
750.501,125.015,120.745,411.483
756.577,123.548,116.053,407.947
757.831,118.392,113.814,410.165
758.923,123.295,110.880,409.404
763.735,128.019,108.541,407.296
763.798,135.929,106.739,408.322
765.376,147.632,105.095,411.485
766.766,159.045,103.392,415.606
769.214,174.013,102.134,416.426
772.320,193.559,99.659,402.436
773.944,215.940,99.525,383.299
777.168,231.268,103.243,364.924
779.159,240.387,108.346,351.912
780.011,245.555,112.478,344.323
781.689,245.806,113.494,341.400
784.759,243.065,113.509,341.681
788.627,238.294,114.192,344.741
792.474,235.430,114.450,346.008
791.529,232.659,113.621,348.824
796.134,229.653,116.174,350.886
796.127,227.174,118.211,353.864
798.557,224.676,120.746,357.689
798.478,222.075,121.863,362.050
801.980,219.836,122.940,365.024
806.551,219.252,123.826,367.573
810.030,218.192,120.087,369.963
815.346,216.938,117.907,372.864
822.661,215.594,115.868,375.835
825.801,213.117,112.018,378.337
832.880,211.633,111.809,379.235
842.658,213.482,124.139,378.406
840.318,211.644,132.985,378.153
840.133,210.268,136.328,380.401
837.284,209.735,136.406,381.816
841.603,207.819,139.452,382.899
842.530,209.312,142.588,381.939
841.528,209.869,145.826,383.693
843.226,210.010,142.524,385.504
845.933,208.904,138.337,390.104
849.527,208.860,136.633,393.421
851.967,206.757,131.726,397.696
855.477,201.584,128.447,402.323
855.764,200.848,128.363,406.264
857.854,199.869,133.006,407.820
855.625,201.811,136.451,408.095
857.894,204.004,137.316,405.818
853.618,200.092,137.579,411.978
852.013,198.211,137.507,413.186
853.501,191.464,141.722,418.444
849.174,194.158,135.411,419.704
846.966,194.235,132.400,422.600
840.455,190.054,132.641,429.485
831.823,190.378,139.090,430.410
836.426,187.954,133.906,434.751
831.232,191.403,137.231,433.383
825.307,189.508,139.282,435.630
823.725,189.200,139.031,438.833
820.484,187.412,139.764,439.736
810.960,186.847,140.293,441.302
808.004,185.074,140.194,444.045
802.568,182.831,140.861,447.109
800.439,179.127,146.962,450.626
791.650,179.868,149.979,451.565
784.500,179.236,153.017,458.083
780.063,178.193,154.391,463.820
776.776,176.212,160.166,464.276
771.439,178.855,162.623,468.136
767.718,178.731,166.267,468.952
765.346,179.180,167.843,470.491
756.125,177.416,161.359,474.124
756.080,176.028,157.847,477.110
752.580,170.611,150.956,481.247
747.123,171.806,144.085,484.032
740.508,169.324,141.398,480.083
734.008,167.887,139.819,480.714
727.064,166.250,138.241,482.521
718.571,164.689,141.249,488.462
716.261,162.580,141.631,492.367
710.771,161.133,141.701,493.779
704.743,166.001,143.592,489.576
698.428,167.140,145.858,488.870
692.862,168.315,151.799,484.674
686.141,170.777,156.943,484.628
683.058,170.644,155.776,485.099
677.603,171.749,156.331,486.369
670.072,175.114,157.854,486.728
664.089,177.827,154.467,492.305
654.811,181.027,157.016,496.486
646.711,182.821,159.369,498.004
638.805,187.569,165.059,496.057
629.359,193.812,172.920,490.126
620.259,203.962,180.261,485.247
612.251,211.003,191.838,475.818
604.295,226.212,202.487,463.531
601.743,243.023,210.671,450.415
599.289,244.044,216.094,441.037
596.199,259.254,222.445,423.444
587.665,276.026,229.289,405.360
584.871,297.389,234.165,389.007
583.670,317.971,238.403,373.402
580.603,342.160,241.946,362.488
581.100,364.974,241.508,352.885
581.181,380.607,241.958,339.365
582.785,394.079,245.222,325.403
584.947,402.572,244.290,315.174
585.672,404.132,246.100,304.929
585.235,398.048,254.207,286.234
583.278,386.017,263.778,269.861
579.875,376.946,254.107,284.160
587.066,351.866,259.253,300.800
601.201,330.682,262.541,312.921
627.266,325.147,242.421,341.997
644.813,297.769,229.046,363.932
656.970,278.079,217.962,390.821
677.494,268.547,201.439,411.386
690.219,257.386,192.941,420.776
697.125,243.687,189.016,426.277
702.844,239.272,193.288,427.716
709.004,233.000,190.085,421.134
718.217,235.074,181.436,414.349
728.124,239.646,174.049,402.292
736.602,246.290,167.330,391.698
746.921,249.498,158.016,379.836
756.542,252.167,147.596,371.613
765.209,254.169,139.616,367.038
772.621,252.925,133.586,365.543
776.495,248.312,129.600,367.888
775.948,240.588,127.555,373.395
779.617,220.242,123.617,388.472
780.610,191.902,120.958,411.165
784.969,179.082,119.100,427.593
785.114,152.843,120.128,436.714
784.928,136.180,123.086,439.583
786.950,117.732,122.216,443.456
792.178,114.434,123.590,436.838
796.600,103.781,122.898,433.526
797.163,103.163,123.008,427.356
800.152,111.436,125.450,421.368
801.572,110.443,125.068,419.006
804.572,124.777,123.511,412.471
804.691,131.222,118.809,410.602
806.058,140.774,115.323,407.509
806.952,155.584,114.515,403.336
806.996,168.080,112.537,404.676
807.905,186.814,112.222,401.163
809.307,206.607,111.988,387.947
808.664,218.952,112.274,374.255
813.204,229.468,113.002,360.963
815.712,235.089,113.856,351.803
818.292,234.792,116.879,346.077
825.400,231.923,116.170,346.047
830.533,230.240,115.614,347.174
832.832,226.238,115.266,350.399
838.528,225.294,115.110,352.138
839.587,227.558,111.347,352.769
840.764,230.802,111.636,349.819
842.847,231.528,114.094,347.606
844.555,228.580,115.048,348.413
845.983,209.409,115.749,360.809
846.959,207.033,117.767,364.354
848.862,214.008,118.501,359.488
852.435,220.282,118.462,352.414
855.460,224.107,114.647,346.682
861.038,221.745,108.468,347.746
864.433,221.827,103.623,349.086
863.725,223.630,100.732,348.550
864.004,226.589,103.993,345.265
864.487,230.419,110.537,341.070
857.880,234.157,117.208,336.344
853.790,234.515,123.398,333.030
848.232,232.608,123.886,334.746
842.673,231.327,117.512,336.735
841.804,230.451,116.455,337.663
837.700,230.656,118.624,337.738
832.284,231.583,122.144,337.457
830.895,231.865,124.126,337.431
825.988,231.257,123.289,339.175
822.302,232.422,118.159,340.470
823.173,234.092,112.807,340.217
819.293,234.212,109.308,340.906
812.863,234.506,110.196,341.050
812.660,232.679,112.120,340.746
810.344,232.657,111.916,342.707
805.799,233.528,115.818,340.928
799.552,232.482,119.460,341.612
794.697,232.068,121.998,342.550
788.787,228.862,123.435,344.950
788.288,225.955,124.535,348.744
782.461,222.306,124.867,352.686
781.647,219.237,126.964,356.373
774.406,219.541,131.195,359.708
774.224,220.981,132.380,363.720
771.496,219.917,133.162,369.666
765.615,219.852,133.946,372.546
761.464,221.918,143.463,373.113
758.874,222.378,139.602,375.314
763.998,222.867,140.337,377.410
757.690,221.156,139.893,381.005
757.774,218.836,131.707,386.021
762.269,216.594,127.850,388.782
756.915,216.167,125.060,389.501
752.737,209.849,119.932,394.967
750.566,205.674,117.129,398.436
746.793,205.384,114.253,401.336
744.870,201.235,114.730,401.452
743.168,200.809,114.134,405.202
741.357,197.651,115.306,409.463
735.357,199.236,117.777,410.325
726.746,201.851,121.778,412.492
715.483,203.150,127.236,414.121
713.927,203.722,128.809,414.081
710.555,203.577,127.685,415.229
706.696,200.518,127.509,418.455
704.211,197.328,126.033,424.355
701.713,197.531,123.521,432.684
