407.000,32.000,503.000,685.000
422.879,20.145,508.457,702.605
427.718,7.030,510.992,710.679
435.243,2.505,510.431,716.862
438.077,0.000,515.109,720.000
431.391,0.000,517.048,720.000
425.486,0.000,516.536,720.000
429.074,0.000,512.391,720.000
423.445,0.000,512.547,720.000
423.796,0.000,507.742,720.000
417.995,0.000,515.647,720.000
415.836,0.000,513.582,720.000
412.193,0.000,515.972,720.000
404.824,0.140,514.653,720.000
398.312,0.876,517.137,720.000
397.709,2.889,525.642,720.000
395.674,0.899,524.479,720.000
392.197,4.674,521.054,715.144
390.435,1.325,528.718,714.441
383.563,5.715,525.277,715.776
387.650,3.443,526.835,715.625
388.477,5.418,521.264,712.932
386.355,4.842,522.683,713.816
387.033,0.782,524.422,713.759
386.724,7.738,524.085,713.798
385.415,6.722,526.520,712.815
389.820,1.473,512.685,716.094
389.862,2.643,509.562,717.701
387.256,7.020,509.675,716.075
390.983,10.950,507.715,708.600
388.926,15.463,512.581,707.576
375.668,13.661,515.549,705.397
365.454,12.522,506.221,704.852
368.211,17.011,502.070,705.875
381.250,21.675,488.098,700.929
385.133,22.011,488.986,700.927
385.445,17.846,487.573,703.812
391.377,10.934,474.162,709.071
399.330,8.817,466.281,711.089
402.329,5.817,466.946,711.810
396.489,0.088,473.134,714.752
395.856,3.170,462.414,719.472
401.087,0.000,455.335,720.000
408.267,1.596,461.077,718.462
413.436,0.000,473.255,720.000
422.503,0.000,470.699,719.123
428.415,0.000,456.432,720.000
421.385,1.339,454.795,720.000
432.192,0.000,458.120,720.000
445.418,1.052,461.925,719.219
457.652,0.000,460.730,719.935
449.761,0.000,465.708,720.000
455.700,3.240,462.562,719.273
466.536,0.000,460.996,718.145
477.453,4.520,457.878,716.775
480.170,0.000,444.378,717.911
485.512,2.373,442.225,716.969
478.846,8.169,441.600,712.773
481.243,9.834,438.371,712.454
491.764,14.095,435.459,710.078
492.262,14.499,440.248,709.527
496.095,18.747,437.042,708.601
487.106,15.314,445.337,701.473
493.075,19.159,436.872,702.804
493.582,18.808,436.482,704.752
501.472,17.117,434.930,709.467
501.655,19.139,440.712,701.151
499.303,21.784,444.506,702.621
502.612,21.136,450.754,697.446
492.825,23.295,458.113,703.843
496.940,17.570,456.275,703.937
507.087,13.440,447.885,707.980
510.183,12.729,438.360,714.808
518.067,9.023,437.094,714.346
502.263,16.866,451.682,711.455
504.789,18.370,448.522,708.273
490.982,15.869,451.802,709.463
489.691,17.999,449.015,705.750
479.711,20.462,442.396,702.549
472.894,17.794,450.111,702.727
470.069,16.513,446.737,701.607
465.947,18.962,450.609,704.850
463.261,13.468,451.195,707.737
458.880,15.994,451.509,706.310
458.977,15.598,450.954,705.963
453.943,17.499,448.233,702.889
445.318,19.807,450.395,705.708
439.183,10.766,449.926,711.468
439.224,11.883,454.087,707.695
432.119,10.911,452.612,711.485
435.085,10.192,453.777,709.491
434.567,15.892,457.152,712.444
435.890,12.198,457.102,711.759
442.399,9.248,453.737,712.964
446.721,12.492,452.081,707.392
453.709,13.644,442.491,710.291
459.476,14.094,438.370,710.402
464.907,13.529,434.744,714.676
461.059,13.300,437.838,709.062
455.830,20.472,432.580,705.537
461.763,24.404,431.528,705.499
459.128,22.169,437.905,699.005
462.212,32.855,439.533,696.153
471.540,35.625,443.212,692.266
474.524,37.379,450.016,689.522
488.911,34.003,442.076,687.808
487.185,30.197,447.716,690.450
503.722,24.584,441.935,696.116
517.882,19.580,433.207,707.353
525.086,12.665,432.188,708.272
523.684,13.348,430.281,714.355
503.142,14.058,439.643,718.911
513.794,10.181,437.047,720.000
503.265,8.760,436.407,717.449
497.681,9.836,428.964,720.000
494.901,9.940,430.552,720.000
485.985,10.775,428.776,720.000
482.770,6.642,423.340,720.000
485.839,5.726,425.187,720.000
472.371,10.079,432.235,717.862
468.014,11.256,434.282,720.000
457.445,9.543,440.469,713.445
450.769,16.010,436.818,711.816
446.435,17.399,440.568,704.746
440.036,16.785,439.388,710.217
433.679,12.410,439.837,708.373
428.452,17.323,434.107,708.351
423.465,16.240,432.087,711.213
424.664,12.866,415.186,717.381
427.043,8.849,409.052,716.873
428.041,8.891,408.095,717.425
433.268,10.785,400.873,716.304
436.535,6.816,395.494,718.812
446.327,3.018,398.784,716.606
443.181,6.330,393.442,720.000
441.940,0.152,387.535,720.000
439.251,0.000,387.000,720.000
436.206,0.000,400.788,720.000
435.633,3.887,415.937,720.000
433.142,6.020,424.787,718.868
438.050,6.402,430.739,712.762
431.756,8.130,439.067,717.148
444.040,7.601,431.167,717.557
451.819,7.467,429.655,715.743
464.521,9.742,423.197,714.715
456.762,7.193,425.579,717.624
464.266,10.939,417.627,716.342
469.553,9.278,410.957,717.486
458.803,8.171,408.919,720.000
446.866,6.223,418.518,720.000
454.965,0.000,410.475,720.000
460.158,0.000,401.375,720.000
475.195,1.992,396.443,720.000
454.435,5.700,400.033,720.000
460.614,11.210,394.872,717.035
450.584,8.998,390.873,718.430
462.033,11.766,370.868,718.218
472.299,12.344,360.966,720.000
482.139,11.914,359.863,718.048
473.131,12.903,366.583,715.084
458.682,12.578,369.515,714.713
456.729,11.563,380.112,717.106
443.300,13.370,385.394,719.006
457.482,10.102,387.442,716.083
438.490,7.011,383.111,720.000
448.940,7.370,388.881,720.000
439.923,4.928,395.195,716.775
429.488,12.341,399.871,715.523
410.857,15.217,399.536,710.951
410.597,12.300,394.823,712.516
398.516,12.227,380.307,712.645
393.930,9.472,373.246,715.552
397.835,12.060,375.474,710.250
386.543,10.084,376.387,712.484
385.336,9.427,369.161,714.455
392.837,12.554,371.732,713.023
381.433,10.119,366.203,714.133
393.354,11.897,365.810,712.996
387.242,9.672,365.554,713.414
402.124,11.725,368.802,711.953
404.054,10.844,359.360,714.924
417.311,15.021,365.034,711.248
416.762,16.050,371.451,707.383
414.099,26.002,381.811,698.066
414.103,24.557,390.738,701.918
418.767,24.255,403.652,697.754
432.004,26.029,404.977,697.172
441.062,29.404,404.815,695.958
424.104,23.593,416.673,694.068
438.532,26.305,410.592,699.822
464.517,16.180,397.854,703.825
463.623,15.950,404.570,709.105
455.489,10.865,413.289,712.629
436.607,8.033,424.561,716.075
434.895,3.629,429.580,715.261
445.058,6.993,430.715,720.000
459.071,4.721,422.119,717.186
447.639,6.808,413.668,720.000
458.780,0.000,407.421,720.000
439.080,0.000,421.326,720.000
420.922,0.000,429.063,720.000
405.148,0.944,431.604,720.000
400.145,0.000,428.346,720.000
422.015,1.877,411.073,720.000
407.471,0.000,403.467,720.000
405.329,0.000,397.980,720.000
401.874,0.000,400.156,720.000
400.429,0.000,401.021,720.000
388.535,0.000,391.174,720.000
390.231,0.000,390.265,720.000
377.729,1.386,372.853,720.000
383.063,3.236,373.231,719.978
376.661,8.999,366.088,720.000
373.820,6.474,367.201,719.491
371.011,6.303,365.061,720.000
374.081,8.250,365.345,720.000
373.272,6.434,365.083,719.101
370.466,9.239,363.280,718.557
378.194,9.798,365.796,713.889
390.125,11.051,368.950,713.237
393.380,17.744,375.697,707.527
399.603,19.765,379.053,706.504
406.383,22.023,386.161,705.653
416.792,24.070,386.408,700.093
420.008,28.963,385.953,692.254
426.980,36.604,387.563,689.214
439.354,42.524,388.925,680.450
436.233,44.381,398.534,676.724
433.647,46.544,410.539,676.749
463.729,44.058,398.262,677.482
460.257,48.847,408.065,676.963
470.326,52.895,403.277,671.087
475.405,57.602,399.939,664.605
492.400,56.978,395.952,662.607
502.144,57.102,389.695,667.848
514.491,54.953,380.330,664.711
483.176,49.863,389.094,667.556
477.088,44.704,392.782,672.619
464.428,37.266,410.303,680.025
484.042,31.071,406.140,690.354
469.368,30.628,415.104,693.883
472.442,27.108,411.158,691.788
451.592,24.576,422.185,697.157
454.784,18.587,423.086,699.982
447.983,15.520,421.051,709.342
437.616,10.221,427.969,708.506
422.077,10.177,432.630,715.283
408.054,5.802,438.867,717.327
441.370,3.759,419.179,719.343
429.978,1.993,415.721,720.000
425.124,0.221,416.401,720.000
431.107,0.000,416.924,720.000
411.418,0.000,412.862,720.000
418.285,1.039,405.942,720.000
405.551,0.000,398.588,720.000
421.810,2.267,398.376,720.000
416.592,2.198,393.132,720.000
417.537,3.715,381.346,720.000
420.782,1.282,379.918,720.000
412.804,0.000,371.526,720.000
423.875,0.000,373.061,720.000
426.068,0.000,376.281,720.000
418.502,0.000,360.410,720.000
442.778,1.764,365.566,720.000
436.488,1.149,366.399,720.000
441.375,0.000,375.260,720.000
453.192,0.000,373.242,720.000
445.035,0.000,385.077,720.000
460.672,0.000,389.321,720.000
462.270,0.000,391.417,720.000
461.716,0.000,399.660,720.000
474.296,0.000,395.638,720.000
461.292,0.000,411.713,720.000
460.401,0.000,406.686,720.000
445.964,1.497,423.314,720.000
441.890,1.933,436.925,720.000
428.208,7.335,444.816,719.463
443.475,0.000,437.882,720.000
403.193,0.947,462.626,720.000
381.989,5.435,479.762,712.558
372.981,3.467,483.626,717.759
374.945,0.801,478.149,720.000
375.004,0.763,472.969,720.000
360.693,0.000,482.145,720.000
367.596,0.000,480.085,720.000
366.913,0.000,479.317,720.000
362.480,0.551,479.789,720.000
374.119,0.000,474.652,720.000
360.954,0.256,480.641,720.000
377.504,3.196,465.673,720.000
374.283,0.000,462.491,720.000
412.934,14.856,440.552,719.932
419.602,0.000,433.746,720.000
398.598,8.793,437.808,720.000
415.854,0.000,425.481,720.000
417.193,10.959,414.283,720.000
420.450,4.551,412.766,720.000
418.228,1.946,392.962,720.000
435.443,5.858,389.335,720.000
435.779,6.547,380.762,720.000
421.736,5.251,381.994,720.000
429.962,6.885,383.518,720.000
439.618,6.382,385.415,720.000
431.974,6.905,377.021,720.000
448.433,6.374,379.923,720.000
426.229,10.074,385.902,720.000
425.624,16.497,391.853,714.163
432.255,2.291,386.933,720.000
463.345,1.046,376.194,720.000
443.674,2.269,388.749,720.000
460.773,0.286,385.210,720.000
442.505,0.000,394.704,720.000
440.854,0.000,404.546,720.000
418.957,1.664,423.195,720.000
413.554,0.000,439.396,720.000
405.770,0.000,452.990,720.000
410.553,3.572,450.844,720.000
416.485,0.000,456.307,718.316
387.697,13.053,472.264,717.543
388.355,0.000,468.342,720.000
406.629,0.000,461.389,720.000
433.341,0.000,439.672,720.000
408.860,0.000,439.118,720.000
425.037,0.000,433.697,720.000
432.250,1.288,429.969,720.000
429.506,0.000,435.338,720.000
427.623,1.968,430.683,720.000
445.263,0.421,423.390,718.726
441.222,3.344,419.948,720.000
442.540,6.881,415.854,720.000
446.667,1.267,409.029,718.176
456.355,7.668,407.309,709.798
442.043,12.399,404.643,712.767
440.784,13.320,404.838,710.317
429.385,13.547,397.583,710.974
432.384,9.846,392.481,712.894
424.465,9.326,381.197,717.694
430.624,5.614,381.427,720.000
417.538,4.052,376.917,720.000
431.901,8.340,369.509,717.085
437.575,6.881,371.779,714.420
441.927,11.144,365.748,715.156
442.381,14.833,371.297,707.997
434.731,21.679,384.031,700.416
441.052,32.249,389.996,693.736
437.896,43.579,399.059,682.739
445.375,48.433,399.001,673.434
447.241,49.010,401.197,671.157
457.394,53.587,395.738,672.224
459.866,50.685,389.918,670.672
466.716,47.404,388.539,676.779
487.571,40.331,379.164,685.789
473.367,26.012,375.086,694.696
505.326,20.227,366.382,703.534
500.201,12.471,361.036,710.062
535.484,14.800,361.892,713.629
523.799,12.706,358.332,713.735
520.463,9.155,355.252,720.000
530.873,9.668,360.879,719.439
519.306,5.088,363.721,718.176
521.595,5.305,363.588,720.000
516.343,5.569,359.145,720.000
504.630,3.711,364.101,720.000
481.517,0.739,375.943,720.000
470.377,3.710,387.574,720.000
452.788,1.497,400.618,720.000
452.179,3.188,397.681,720.000
448.235,3.283,396.325,720.000
441.859,0.000,389.158,720.000
434.005,2.676,399.992,720.000
428.674,7.479,405.953,716.220
427.083,9.971,404.655,712.288
420.235,10.445,396.202,712.258
411.744,11.456,388.339,711.795
399.843,17.240,385.367,711.492
395.375,19.095,383.675,707.521
391.024,25.061,387.053,699.542
383.696,29.973,381.845,696.623
383.577,29.976,377.160,695.423
389.109,32.108,388.698,696.783
387.145,34.894,392.948,694.346
388.485,35.230,394.622,688.192
393.648,42.231,407.943,682.265
397.744,48.052,407.348,675.333
404.788,55.014,410.184,667.016
407.521,56.357,410.183,666.392
412.091,55.621,407.648,667.267
421.576,55.238,412.732,666.227
428.221,55.461,412.629,666.569
432.522,53.489,414.180,669.667
436.705,54.596,413.440,670.585
445.463,56.200,415.447,668.459
450.009,59.354,414.770,666.463
449.868,63.735,419.657,657.467
443.590,67.816,424.828,650.999
444.195,70.551,422.878,646.814
447.590,77.729,417.774,647.406
456.241,91.009,417.591,633.906
447.189,104.836,423.968,619.762
458.038,107.708,412.431,615.473
441.718,103.711,423.062,612.496
462.380,107.759,411.543,612.233
475.076,97.172,396.798,621.357
472.422,89.393,395.254,630.513
469.319,65.376,387.996,651.517
463.543,54.921,399.432,663.328
474.565,48.510,399.960,673.820
448.876,37.861,415.007,678.439
454.567,31.547,420.952,689.559
456.633,19.452,418.161,699.018
442.174,11.208,427.141,710.460
442.875,0.817,420.598,716.237
431.962,0.751,429.899,718.801
419.654,0.751,436.054,720.000
415.355,0.000,432.915,720.000
410.231,1.259,426.871,720.000
401.955,0.000,427.257,720.000
402.363,0.000,421.351,720.000
399.191,0.000,423.839,720.000
399.917,0.000,423.270,720.000
389.279,0.000,424.842,720.000
384.885,0.000,419.131,720.000
388.500,0.000,414.827,720.000
384.765,0.000,416.102,720.000
387.271,0.000,407.453,720.000
380.662,0.000,400.476,720.000
389.227,0.052,395.424,720.000
389.839,0.000,399.059,720.000
400.123,0.000,407.138,720.000
404.625,3.834,405.009,720.000
405.662,0.000,411.375,720.000
406.938,0.000,417.819,720.000
412.841,0.000,420.530,720.000
414.411,1.639,419.564,720.000
421.020,0.000,415.273,720.000
428.661,0.000,414.707,720.000
415.344,0.000,422.913,720.000
428.005,0.000,416.677,720.000
430.709,0.000,419.849,720.000
454.595,0.000,407.047,720.000
459.606,0.561,400.945,720.000
464.643,0.000,396.364,720.000
462.277,0.000,399.982,720.000
458.198,0.000,404.595,720.000
474.321,3.147,393.623,720.000
438.000,0.000,398.558,720.000
452.164,0.000,402.404,720.000
464.722,0.000,396.142,720.000
435.579,0.000,408.833,720.000
446.547,0.000,404.482,720.000
