953.000,63.000,228.000,187.000
951.113,66.887,230.538,183.844
950.804,66.672,227.469,185.038
946.963,66.350,226.933,185.133
945.087,65.163,227.236,185.321
941.500,64.315,227.965,185.454
941.544,63.208,232.564,185.636
939.504,61.669,235.904,184.348
934.472,62.823,239.176,182.558
936.267,62.106,239.311,182.133
932.369,61.677,243.997,181.768
931.398,60.263,247.388,181.201
935.256,61.849,248.061,181.529
934.253,62.637,254.805,181.226
939.113,61.743,257.024,181.391
934.836,62.238,262.076,181.675
932.626,62.610,262.081,183.053
927.555,60.915,257.392,185.233
924.973,59.199,258.229,185.884
932.066,58.756,256.515,187.056
930.557,57.786,258.347,187.216
928.814,58.144,261.583,187.382
929.831,58.102,262.788,188.012
918.394,59.396,267.622,185.935
912.993,58.005,270.967,186.548
914.248,59.552,273.173,186.946
908.641,58.229,282.145,185.466
911.251,60.244,288.701,183.431
905.324,60.928,293.463,183.590
903.218,59.903,296.684,183.762
895.714,59.151,302.584,184.560
891.494,60.651,307.434,184.100
891.706,57.388,310.408,183.962
897.540,58.403,308.805,185.478
903.517,58.652,304.272,187.000
909.326,58.045,298.657,187.538
914.974,59.846,294.396,187.876
926.253,58.803,284.791,189.910
928.875,57.958,279.654,191.223
930.745,57.279,276.134,191.094
933.951,57.522,274.676,189.773
934.642,57.921,272.130,189.840
936.806,56.568,271.100,189.136
937.434,56.444,269.024,189.403
937.711,55.686,268.999,187.664
937.931,55.839,270.287,187.470
937.891,55.490,269.507,187.795
936.253,54.762,271.541,187.283
935.646,54.162,274.084,185.382
933.873,54.349,275.275,184.268
930.691,53.528,279.144,182.319
925.991,52.721,283.441,183.265
922.235,52.479,287.133,182.975
921.582,53.945,288.980,185.433
920.393,53.167,291.129,186.217
922.848,52.836,290.243,189.083
922.156,51.348,289.873,191.678
925.703,50.495,287.106,193.786
933.089,52.989,281.563,194.152
938.105,54.434,276.964,192.617
935.313,54.456,275.025,192.829
941.010,55.044,273.414,191.250
940.257,54.435,270.029,190.212
945.268,55.443,267.205,188.557
949.360,58.181,264.525,189.768
950.501,59.046,259.566,194.000
954.854,58.400,257.499,195.143
954.626,57.931,254.309,193.627
953.516,59.252,252.959,196.927
946.941,57.940,250.859,199.822
941.093,56.997,252.131,202.452
933.352,56.594,254.939,204.662
926.179,54.063,251.840,204.936
906.254,62.672,253.778,202.994
901.686,63.028,256.141,199.143
898.259,64.859,254.891,202.508
893.090,64.154,256.864,203.581
887.210,63.551,255.502,203.448
877.021,63.961,256.208,203.530
868.111,65.654,257.347,207.482
863.424,65.071,261.055,208.447
856.694,64.887,263.851,207.705
847.788,64.399,268.221,206.122
831.776,65.693,278.959,204.596
825.852,69.388,288.878,202.540
817.425,69.401,299.449,200.196
812.055,69.405,305.841,198.626
811.804,70.289,309.638,202.825
827.676,67.952,303.615,207.275
829.012,65.593,300.931,208.649
859.525,62.457,283.842,212.403
867.780,60.170,278.556,210.729
896.394,60.045,262.519,210.909
897.387,63.526,260.485,206.519
905.211,64.422,261.060,203.390
907.749,63.243,262.555,200.281
907.507,59.921,261.768,195.554
889.901,61.056,268.971,199.492
888.191,58.075,272.340,203.348
883.773,58.306,273.523,203.188
884.916,60.766,270.338,203.802
863.558,60.166,272.504,204.023
805.213,57.668,294.501,204.214
807.709,55.226,300.261,205.847
800.670,52.635,302.213,207.302
798.660,53.963,302.657,209.286
796.440,53.147,299.940,212.598
784.242,51.275,306.597,212.635
781.205,51.876,311.508,215.057
771.255,48.218,316.777,216.250
760.012,49.344,317.202,215.082
760.024,50.149,316.698,213.206
759.910,51.434,314.897,213.424
754.880,53.469,317.429,214.055
750.948,56.562,321.348,212.282
744.380,57.471,316.132,215.260
744.288,57.265,311.440,217.274
741.394,56.015,308.417,217.831
740.338,57.351,302.132,217.214
737.774,57.187,297.633,217.788
733.993,55.970,295.036,216.822
739.618,56.194,286.073,217.462
745.752,58.601,276.857,217.276
742.403,59.708,276.847,215.586
730.036,60.170,282.545,211.681
756.902,59.220,272.532,216.100
749.228,61.839,283.156,212.548
737.320,61.859,295.253,210.696
752.604,69.375,299.087,210.767
764.756,78.368,306.731,211.232
770.992,83.318,311.617,214.383
770.515,85.953,319.206,215.480
771.376,86.269,323.954,216.806
756.327,90.273,337.104,215.172
758.755,90.417,341.552,216.814
737.846,88.581,352.085,218.183
713.815,82.570,375.403,217.349
702.541,83.790,396.533,214.830
691.678,80.127,395.804,218.789
694.831,79.213,394.199,221.373
708.911,80.679,388.186,222.576
721.082,78.944,377.406,225.416
722.281,77.741,369.765,226.594
726.816,77.561,359.670,227.741
730.894,77.198,352.767,227.933
739.706,74.834,345.096,227.892
745.120,73.528,341.485,228.312
741.319,75.063,337.478,228.211
732.061,74.103,336.680,228.167
724.408,74.588,338.342,227.090
720.125,73.668,340.394,225.435
716.280,76.314,340.651,223.190
708.306,74.744,344.080,224.625
700.865,70.153,347.166,227.707
688.881,66.117,358.198,228.992
678.005,64.582,372.728,229.601
666.905,61.785,387.231,228.620
680.767,57.724,392.832,227.794
692.355,57.885,391.619,227.657
705.034,57.990,388.434,229.009
727.887,56.184,382.392,228.840
776.333,49.100,379.943,230.793
778.424,46.197,382.165,230.031
768.276,45.598,379.966,230.524
763.627,44.354,379.854,229.338
763.867,41.937,379.451,230.199
761.955,34.824,369.804,237.010
759.240,30.955,363.415,240.855
758.023,29.908,359.043,242.919
749.437,26.857,353.059,243.725
745.143,25.382,347.990,242.903
746.351,28.466,344.614,242.206
746.537,27.688,345.775,240.871
743.828,28.939,340.263,242.319
741.938,29.733,340.410,241.481
744.436,31.894,347.776,236.456
743.072,32.215,351.185,232.580
740.335,33.728,353.003,231.150
737.526,34.434,358.418,229.427
734.475,34.477,362.594,229.929
728.697,33.823,365.291,229.836
723.594,32.785,375.460,231.178
721.812,30.623,382.630,230.666
717.303,27.041,390.044,231.953
718.197,20.714,404.954,233.617
710.846,20.269,422.039,232.813
702.455,19.749,436.298,233.844
702.566,16.946,438.676,236.796
700.637,17.140,440.199,236.915
703.550,16.587,439.735,237.096
707.542,15.484,437.519,237.495
711.020,14.161,438.103,238.432
712.253,12.954,434.583,237.079
716.352,12.344,424.486,235.932
729.661,13.666,431.238,233.295
730.413,11.986,422.151,235.940
746.348,10.765,424.042,235.510
757.031,11.644,418.784,237.926
747.850,8.587,384.746,242.693
755.671,7.402,362.605,243.999
757.285,3.531,347.312,245.185
762.149,2.491,340.886,245.958
762.975,1.006,336.957,245.358
764.666,3.673,334.071,241.357
766.381,2.150,328.522,242.003
765.843,0.811,325.718,240.882
766.228,0.864,324.278,241.503
764.569,0.692,325.181,239.581
761.967,2.482,326.997,238.815
758.592,1.802,329.065,238.339
756.499,2.933,332.392,237.036
753.283,1.977,336.650,237.109
746.375,4.919,340.525,234.872
743.607,1.304,344.607,235.222
740.013,0.121,351.286,230.570
736.008,1.905,355.159,228.091
731.946,2.829,356.556,228.373
724.394,3.298,363.629,227.024
719.848,2.649,367.977,227.340
717.030,7.200,368.719,224.339
714.711,5.829,365.321,225.610
709.292,6.297,356.066,227.834
710.545,5.546,349.015,227.415
710.301,5.614,346.621,226.766
709.314,7.184,349.569,226.475
706.700,7.486,350.451,224.793
702.273,7.021,348.400,224.546
701.952,6.800,348.059,224.050
699.030,6.359,350.400,223.871
692.318,4.474,350.059,222.804
680.162,5.709,350.507,220.175
672.928,6.500,355.390,218.172
664.159,6.105,355.480,216.061
658.914,5.847,360.661,214.879
656.104,4.067,367.327,213.751
643.133,5.179,367.744,209.916
636.530,5.723,368.807,210.758
632.611,7.647,363.257,212.193
633.370,6.544,364.591,216.343
633.013,25.020,376.456,217.178
626.831,37.685,380.838,219.598
626.517,41.387,385.520,224.470
623.942,41.886,394.533,228.663
619.053,41.914,405.513,234.723
614.708,42.965,409.862,238.358
609.930,40.107,411.082,240.650
606.081,43.659,408.844,241.725
605.370,38.252,405.426,244.339
605.960,48.879,402.446,244.025
609.068,51.880,404.093,243.671
609.159,54.546,401.086,243.225
610.624,54.631,397.521,244.409
612.520,61.097,392.589,240.066
612.001,60.478,386.218,236.929
613.935,66.860,376.769,232.870
616.193,69.414,371.804,231.409
618.503,68.855,364.470,231.735
626.121,66.082,370.431,228.810
621.288,65.732,362.572,226.957
624.720,63.477,361.188,225.405
628.914,63.752,364.500,223.014
630.782,65.902,370.390,222.576
621.283,66.050,361.653,224.679
619.497,67.174,348.154,224.987
617.170,67.896,338.280,225.764
613.153,66.716,324.614,227.115
606.618,67.788,320.039,231.556
605.246,67.300,321.958,232.492
601.775,67.120,326.798,234.388
597.459,63.690,332.684,235.165
592.739,62.229,339.522,236.094
583.910,63.128,348.376,235.120
575.426,65.963,359.543,236.550
571.074,64.052,364.935,237.551
565.996,64.947,373.646,237.858
562.345,70.619,378.439,237.393
562.853,67.429,400.119,232.058
563.251,72.907,431.001,230.224
558.773,71.046,447.538,229.478
562.332,73.284,469.956,230.559
564.957,72.161,490.314,235.451
573.137,73.183,501.041,238.649
571.611,72.209,507.265,242.759
574.931,71.874,494.751,246.757
581.207,69.992,490.451,247.222
585.546,75.824,479.766,247.277
591.294,74.589,473.044,244.851
595.936,78.225,476.086,241.920
600.519,81.023,469.236,239.666
606.416,84.268,460.269,238.087
607.756,84.831,448.750,237.281
617.424,86.691,441.246,233.844
618.695,88.106,424.554,233.892
629.000,88.480,420.674,230.695
642.393,90.194,413.883,227.743
648.011,89.025,414.877,224.617
649.171,90.095,410.602,222.323
650.925,90.219,408.244,220.722
655.013,88.055,411.212,219.499
659.655,90.046,410.086,219.681
664.107,89.363,402.545,220.071
667.804,87.996,397.020,220.202
674.119,86.948,393.952,219.319
679.227,83.565,388.610,220.682
681.179,80.325,384.292,223.674
683.654,77.741,382.908,226.973
685.344,78.579,386.324,227.585
687.839,77.947,382.753,229.369
694.893,77.209,377.873,228.403
700.511,75.642,365.553,229.510
701.796,75.269,355.794,230.626
706.911,73.653,352.268,229.362
718.118,79.110,344.840,226.080
720.943,79.010,332.436,225.769
727.868,80.916,319.291,225.590
742.459,80.532,306.466,227.527
750.261,79.598,296.147,228.832
759.269,77.373,287.893,228.622
762.012,76.490,278.522,228.887
764.621,76.876,270.012,230.130
769.814,77.277,262.364,232.010
770.709,75.860,249.366,234.609
779.137,76.458,229.029,237.218
779.750,75.018,206.221,240.325
798.296,80.369,193.531,235.923
802.712,86.267,183.553,231.774
807.823,87.885,178.515,227.688
810.276,89.780,178.477,224.609
807.281,89.361,175.570,224.018
809.043,91.910,172.517,223.651
810.998,93.610,174.053,222.279
811.272,93.120,173.288,220.605
813.126,91.639,176.084,219.458
815.016,89.500,177.838,219.001
819.154,92.577,180.497,216.297
819.817,93.939,178.691,216.214
814.412,96.233,166.399,217.751
818.351,98.602,161.764,216.250
824.331,101.884,163.176,211.523
822.298,103.163,163.148,210.691
826.294,103.767,160.431,209.709
830.232,100.723,161.204,209.435
830.671,104.354,164.643,205.607
834.103,105.733,170.455,201.730
835.292,101.470,177.417,200.499
836.613,102.498,189.784,198.103
833.636,104.236,194.992,199.778
824.762,105.961,199.270,200.730
797.918,115.163,202.998,200.100
789.645,111.259,206.651,198.252
787.847,109.666,210.348,196.621
787.700,107.026,216.935,194.198
783.992,108.804,219.245,193.055
779.767,111.724,220.393,193.456
786.896,110.159,215.735,196.905
796.218,110.284,209.445,197.436
803.470,110.452,203.249,196.640
810.649,111.530,198.506,194.838
814.892,113.745,196.268,188.149
