160.000,101.000,354.000,142.000
161.094,105.540,355.285,139.820
163.763,105.384,353.485,138.344
164.911,104.748,350.540,137.528
166.302,105.054,348.344,136.704
167.917,105.738,346.541,135.923
169.833,106.292,344.889,135.469
172.719,106.800,342.693,134.826
173.362,106.676,340.037,135.088
175.018,107.602,337.684,134.467
178.897,107.665,335.218,134.503
178.918,107.586,333.600,134.435
180.877,108.446,331.208,133.544
183.306,107.901,329.267,132.943
184.699,110.815,327.019,132.515
186.531,111.767,325.205,130.790
188.564,114.501,322.832,128.333
189.931,115.011,320.344,127.722
191.957,117.251,318.313,127.424
191.908,119.992,315.731,126.451
194.263,120.928,312.666,125.453
195.651,119.723,309.645,124.839
196.632,120.444,309.267,125.544
197.715,121.292,306.139,125.420
198.178,121.796,303.860,125.143
199.743,122.684,302.033,123.875
202.194,123.334,299.962,123.229
203.660,123.966,297.568,122.421
206.093,124.390,295.352,122.180
210.128,124.491,292.092,121.615
212.424,126.326,290.407,119.821
215.784,125.979,288.269,119.349
218.587,125.783,286.191,120.055
221.851,127.277,286.302,119.873
225.303,125.286,283.552,120.432
227.384,126.403,282.338,120.912
229.800,124.579,279.765,121.285
230.981,126.322,278.674,120.952
233.830,127.008,276.088,119.687
234.499,128.953,274.684,119.908
236.238,132.654,273.315,118.776
239.235,134.051,270.930,118.360
240.147,135.245,268.897,118.343
242.531,136.529,266.391,118.226
243.906,139.105,264.560,117.943
244.272,142.177,262.050,116.778
244.392,143.025,260.138,116.415
243.328,143.378,258.100,115.920
242.589,146.725,256.848,114.713
242.383,146.571,255.013,114.631
243.407,147.069,253.369,114.982
244.746,147.421,251.451,115.273
247.886,148.385,248.853,114.315
250.409,150.071,246.638,113.445
250.834,150.247,245.743,113.447
252.127,150.493,243.845,113.620
253.229,151.277,241.999,113.281
254.409,152.246,240.123,113.230
254.041,153.080,238.606,112.219
254.489,149.736,237.448,112.397
255.982,148.294,235.976,111.841
257.057,149.516,233.982,111.608
257.396,150.048,231.774,110.491
258.432,149.015,229.396,110.176
259.363,149.564,227.138,110.214
259.290,149.973,224.802,109.043
260.289,148.929,222.576,110.222
261.288,149.166,220.480,110.219
262.518,148.956,218.628,109.930
263.249,148.850,216.364,109.197
263.862,151.949,215.396,108.129
263.715,151.615,213.553,107.775
263.779,153.128,212.895,106.442
263.619,156.429,210.883,104.561
263.803,157.799,209.008,104.352
262.996,159.589,207.753,104.977
264.063,160.870,206.370,104.820
264.536,162.192,205.551,103.924
265.387,163.659,203.600,103.351
264.589,162.465,202.114,104.221
264.202,162.348,200.308,103.975
265.993,164.213,198.540,102.949
266.990,164.143,198.172,102.876
268.616,164.449,197.153,101.690
269.233,164.545,195.452,101.427
269.965,164.040,194.545,100.634
271.323,161.913,193.220,100.537
272.199,160.862,192.224,100.259
273.072,162.541,191.110,98.983
273.482,161.942,189.805,98.555
273.947,162.055,188.408,98.276
273.990,162.226,186.848,97.844
273.642,163.010,185.280,96.971
272.272,162.983,184.131,96.676
269.891,164.144,183.506,96.208
268.629,164.718,182.010,95.778
267.638,164.921,180.863,94.764
267.310,166.540,179.182,93.302
266.208,165.651,178.158,92.707
264.382,164.793,176.841,93.628
262.873,164.713,175.995,92.915
261.859,165.979,174.896,91.826
261.607,165.521,173.793,91.629
260.144,165.784,172.572,91.181
260.084,166.252,171.165,90.631
258.390,165.032,170.296,89.748
257.631,166.687,168.543,88.711
257.139,164.342,168.076,88.923
255.894,165.030,166.658,88.515
255.364,164.387,165.466,87.782
254.751,164.090,164.366,87.234
254.565,164.761,163.120,86.041
253.733,164.185,162.395,85.908
253.767,165.715,161.177,84.243
253.170,164.044,160.777,84.559
252.248,165.671,159.710,83.398
250.973,163.658,159.831,83.556
251.912,165.419,158.068,82.495
250.922,163.832,157.655,82.622
251.339,165.158,156.201,81.937
250.557,164.674,155.682,81.582
251.421,165.204,154.342,81.274
250.002,164.271,153.953,81.240
250.929,164.388,152.449,81.013
251.368,164.393,151.810,80.494
252.022,163.963,151.543,79.891
251.536,164.696,150.998,79.287
252.078,164.857,150.719,79.189
251.507,165.661,150.313,78.025
250.157,164.975,150.391,78.185
250.508,163.593,149.733,79.326
249.701,164.354,149.187,78.431
249.115,164.266,148.934,77.696
247.947,164.306,148.254,77.606
247.176,163.358,147.625,76.976
246.925,163.323,146.726,76.707
246.536,163.360,145.868,75.861
245.810,163.447,144.875,75.243
244.972,162.994,144.517,74.957
244.939,163.559,143.990,74.527
243.800,162.555,144.019,74.092
244.155,161.509,143.242,75.258
243.669,162.163,143.068,74.873
243.701,162.649,142.364,74.261
243.715,162.330,141.980,74.217
241.962,162.847,141.815,73.275
242.341,159.812,141.762,74.026
241.682,159.571,141.184,73.866
243.762,159.213,140.728,73.768
247.021,160.084,139.872,73.010
248.559,159.815,139.321,72.576
249.280,159.877,138.878,71.967
250.671,160.407,137.941,71.856
250.628,158.301,138.168,72.922
249.478,158.105,137.985,73.052
249.711,156.502,137.771,74.117
248.435,156.663,137.745,74.170
249.415,155.725,137.012,74.847
249.345,156.634,136.743,74.342
249.247,155.230,136.799,74.897
249.981,153.025,137.083,75.563
251.421,154.488,136.824,73.890
252.766,153.307,136.994,73.791
253.087,151.896,137.022,74.552
254.322,152.090,136.774,74.405
255.503,152.481,136.477,74.486
256.905,153.297,136.206,73.640
258.927,153.743,135.773,73.524
260.919,153.709,135.571,73.645
261.796,153.366,135.587,73.803
262.778,154.220,135.394,73.766
262.930,155.367,135.382,73.085
263.834,156.160,135.224,72.544
265.513,155.276,135.508,72.921
269.360,155.101,134.457,72.977
272.845,154.646,134.372,73.173
275.806,155.230,134.248,72.618
279.552,153.704,133.905,73.354
282.105,155.678,134.117,72.235
283.907,157.464,134.044,71.057
284.509,159.069,134.140,70.387
284.930,161.894,134.312,69.418
284.162,162.800,134.275,69.796
284.089,164.723,134.243,69.318
282.723,166.075,134.581,69.534
281.620,165.698,134.488,69.897
280.314,165.175,134.450,70.404
281.284,167.517,135.264,70.221
281.795,170.992,135.518,68.504
282.943,173.610,135.460,67.427
283.484,174.704,135.066,67.637
283.417,175.019,135.136,67.850
284.197,176.868,134.570,67.506
284.138,176.966,134.272,68.026
284.907,176.081,134.554,68.701
286.979,176.504,134.400,68.741
289.397,175.429,134.554,69.291
291.348,176.349,134.442,68.398
291.971,175.055,134.285,69.575
291.532,175.700,134.136,69.614
291.925,174.521,133.803,70.218
290.125,175.182,134.441,70.064
289.177,175.348,134.773,70.568
287.819,176.208,135.224,69.970
287.079,176.634,135.639,70.110
285.889,175.392,135.840,70.992
284.318,176.480,136.595,70.528
283.925,176.048,136.464,70.206
284.673,175.950,136.735,70.297
286.297,175.290,136.814,70.922
286.934,178.791,137.120,68.973
287.080,176.753,136.660,69.319
288.154,178.996,136.324,68.024
288.239,179.812,136.415,66.723
287.188,177.746,137.049,66.763
286.787,180.035,136.282,65.989
285.886,178.175,137.133,66.119
285.824,177.027,136.584,66.453
284.698,178.251,136.369,65.634
284.381,179.243,136.404,64.205
283.661,178.446,136.514,63.663
283.079,179.703,136.689,62.852
283.537,178.841,136.603,62.549
283.532,177.459,136.554,62.825
282.790,176.495,136.938,63.245
283.588,174.436,137.396,64.617
283.841,172.695,137.080,65.747
283.693,173.117,137.516,65.512
283.452,173.917,137.545,65.234
283.050,172.684,137.782,64.993
282.716,173.140,137.530,65.250
284.868,170.853,137.873,66.414
284.561,173.874,137.432,64.375
284.292,172.218,138.236,65.287
283.789,177.472,138.218,62.256
283.420,175.261,138.215,62.075
283.183,176.056,138.429,62.447
282.630,176.042,139.216,61.995
281.834,177.797,139.667,60.610
281.412,178.144,140.876,59.998
280.660,179.425,141.397,59.361
281.557,179.128,141.115,59.350
280.115,180.279,141.435,58.611
283.122,178.114,140.513,58.873
281.955,179.091,142.028,58.668
283.415,179.609,141.020,58.754
282.984,177.662,140.902,59.781
281.620,179.912,142.117,58.111
278.724,178.772,143.608,58.940
279.382,179.697,142.922,58.118
276.525,179.411,144.668,57.733
276.805,181.068,144.446,56.847
276.576,180.350,143.832,56.617
277.555,179.427,143.319,56.489
277.403,179.941,143.254,56.331
277.215,180.345,143.528,55.788
277.663,179.564,142.837,55.867
277.979,180.557,142.530,56.192
276.740,179.568,142.438,55.876
275.772,179.755,142.388,55.916
276.223,180.041,141.499,55.873
275.009,179.988,141.789,56.170
274.811,181.206,141.722,55.613
272.346,181.644,141.670,55.567
271.995,181.831,140.938,55.578
272.882,181.471,140.142,55.451
270.551,182.594,140.055,55.154
269.211,182.754,140.410,54.845
269.620,182.543,139.977,54.669
268.155,181.406,140.093,55.629
266.943,182.077,140.190,54.962
265.790,181.796,140.868,55.241
265.790,181.431,141.281,55.663
265.740,181.139,141.450,55.946
265.096,182.731,141.212,55.234
263.923,182.521,140.613,54.813
263.814,181.579,139.874,54.830
263.382,182.459,139.342,54.760
262.152,181.747,139.530,54.522
263.629,180.288,138.853,54.963
261.943,180.837,137.931,55.381
262.643,179.834,137.429,55.184
261.715,180.178,137.185,55.470
261.142,180.489,137.177,55.777
260.292,181.103,137.458,54.587
259.693,181.605,137.884,54.011
258.707,181.175,138.886,53.671
257.594,180.837,139.846,53.764
256.748,180.190,139.935,53.936
256.380,180.021,140.787,53.876
255.720,179.870,141.646,54.112
254.897,179.842,142.552,53.987
254.038,180.601,143.430,53.531
253.763,180.515,143.229,53.377
253.519,178.833,142.912,53.549
253.187,177.831,144.023,53.834
252.279,176.492,143.688,53.991
250.990,175.995,142.840,54.365
249.590,175.468,142.332,54.072
249.025,176.516,142.500,53.736
247.701,176.242,142.992,53.270
247.549,176.575,143.768,53.017
245.555,175.273,144.296,53.378
244.154,176.622,145.533,53.040
242.867,175.787,146.985,52.936
241.616,174.909,148.430,53.596
239.142,174.922,149.756,53.940
237.746,175.909,150.423,53.295
237.476,174.588,151.083,53.305
235.865,174.123,152.264,53.697
235.386,174.881,152.962,53.958
234.121,173.913,154.500,53.869
233.233,174.396,154.450,53.992
232.371,172.961,154.052,54.239
229.910,172.924,154.453,54.175
228.459,172.881,155.473,54.131
225.813,173.356,154.662,53.817
227.611,173.064,155.069,53.231
227.182,174.476,154.521,52.664
226.867,174.143,155.403,51.863
224.515,174.004,154.460,52.093
224.746,173.475,151.236,51.944
224.151,173.820,150.841,51.655
222.194,173.741,147.770,51.800
221.619,172.164,145.945,52.129
222.468,171.765,145.766,52.203
220.097,172.716,147.843,52.125
215.182,172.273,147.473,52.099
213.961,172.906,146.146,51.858
214.091,172.903,145.911,51.488
213.650,172.791,145.016,51.089
212.235,172.639,144.836,51.084
212.343,171.839,143.647,51.450
211.256,173.414,143.786,50.744
209.654,172.891,143.632,50.527
208.652,172.333,144.295,50.745
207.767,172.658,145.166,50.807
204.100,171.382,146.735,51.088
203.531,171.965,149.164,51.358
200.839,170.700,150.342,52.145
199.044,171.866,151.833,51.771
200.191,171.533,151.653,51.555
198.399,170.997,152.592,51.938
196.804,171.448,153.638,51.817
195.597,171.893,152.690,50.965
196.539,172.293,151.361,50.290
196.142,172.274,150.901,50.379
196.644,172.632,150.642,50.159
197.569,172.874,149.828,49.892
196.243,172.936,149.839,50.024
196.247,172.376,150.340,50.215
197.177,171.588,150.547,50.840
198.261,170.516,150.684,51.130
197.594,171.379,151.131,51.267
198.183,170.385,150.292,51.560
197.503,171.313,150.905,51.889
198.162,171.163,151.060,51.989
197.827,171.263,151.098,51.721
198.770,171.188,151.373,51.751
199.386,171.223,151.566,51.685
199.317,170.226,151.502,52.053
198.565,170.248,153.067,52.589
197.865,170.716,154.851,52.486
193.837,171.334,159.044,51.951
194.556,171.189,160.188,52.037
193.561,171.223,162.230,51.727
196.441,170.867,161.632,52.185
197.483,170.971,161.693,51.798
197.575,172.336,161.792,51.184
197.964,171.863,162.114,50.802
195.668,172.609,164.591,50.417
197.144,171.961,165.505,50.809
195.203,171.898,166.949,51.205
194.559,171.241,168.904,51.214
194.338,171.879,168.541,51.241
195.823,171.443,168.798,52.075
199.603,171.509,167.968,52.131
202.711,172.051,166.740,52.230
207.156,172.118,164.186,52.283
210.901,171.696,162.242,52.842
212.247,172.544,160.887,52.815
216.840,172.845,159.495,53.101
218.817,174.196,158.896,53.236
220.908,174.837,159.679,53.278
221.870,175.365,160.845,53.466
222.061,175.729,163.092,53.407
222.745,176.022,163.601,53.609
225.396,176.455,163.230,53.640
227.570,176.132,162.955,53.976
228.066,174.462,162.405,54.787
227.822,175.456,164.502,55.053
227.996,175.528,166.156,54.935
227.690,175.849,167.232,55.003
229.210,174.720,166.586,55.247
229.712,175.160,167.988,55.172
229.753,173.732,168.884,55.667
230.256,172.495,169.447,56.111
230.342,171.980,171.238,56.216
230.696,171.450,173.727,56.169
230.544,172.001,174.699,55.969
231.321,172.560,174.919,55.657
231.454,172.300,177.872,55.830
231.287,172.026,177.831,55.989
230.881,170.972,177.750,56.118
227.134,169.670,177.349,56.816
226.877,169.144,177.580,56.579
225.446,168.911,174.514,57.075
228.301,169.465,175.042,56.963
226.948,169.020,173.265,57.466
227.247,169.631,171.342,57.964
228.840,169.014,172.671,58.371
227.981,169.293,172.831,58.592
227.869,169.143,172.284,59.036
228.594,169.232,172.558,59.029
228.622,168.420,170.340,59.645
231.896,168.426,171.390,59.714
230.104,167.818,169.028,60.268
232.288,168.383,171.402,60.005
230.446,169.351,167.444,59.913
232.286,169.363,166.578,59.857
232.704,169.572,167.670,59.950
231.916,169.615,167.213,60.134
232.891,168.747,165.583,60.863
232.792,168.205,164.803,61.336
232.865,168.978,165.337,61.525
232.370,168.309,164.116,62.079
233.951,167.842,162.800,62.464
234.420,168.567,162.331,62.521
234.179,167.936,162.375,63.091
233.303,168.242,162.525,63.069
233.049,168.934,161.841,63.014
232.640,167.225,162.049,63.893
231.292,167.837,162.361,63.715
231.226,165.454,162.152,65.015
229.255,166.637,161.742,65.240
228.651,165.368,162.532,65.865
227.682,164.507,163.031,66.377
225.809,165.192,162.707,66.328
225.328,163.351,162.621,67.051
224.498,163.070,161.983,67.707
225.111,162.468,161.342,68.001
223.137,161.457,161.157,68.789
223.300,161.374,161.231,68.866
221.828,159.385,160.476,69.685
221.577,160.178,160.201,69.313
221.716,159.943,159.094,69.610
221.454,159.664,158.275,69.724
221.111,158.546,158.070,70.014
221.254,157.973,156.920,70.841
220.633,158.452,156.437,71.439
221.217,157.351,154.742,71.865
220.740,157.289,154.564,72.807
220.898,156.452,154.258,73.564
220.093,155.823,154.025,74.425
219.617,154.896,153.771,75.409
219.406,154.623,153.433,76.213
220.403,155.029,153.020,76.267
220.839,154.679,152.866,76.751
220.826,154.764,152.095,77.305
221.442,153.950,151.567,78.298
221.345,153.134,150.671,79.061
222.471,153.871,149.775,79.365
223.511,152.598,149.249,80.129
223.596,152.220,148.262,80.710
223.414,151.741,146.900,81.231
224.618,152.437,146.494,82.025
226.033,150.321,145.670,83.711
226.226,150.250,144.810,84.334
226.470,149.658,144.317,85.221
227.163,150.026,144.030,85.618
227.769,148.437,143.446,87.209
228.023,147.959,142.740,87.807
228.807,149.174,141.958,87.675
228.352,146.738,141.716,89.330
228.956,148.089,140.798,89.295
228.931,146.430,139.993,90.679
228.756,145.715,138.500,91.706
228.740,145.019,137.275,92.768
229.033,144.248,136.380,93.866
228.853,143.626,134.699,94.933
229.883,143.866,132.966,95.598
230.202,143.548,131.551,96.314
230.954,143.208,130.400,97.142
230.662,143.317,128.554,98.280
231.183,142.232,126.982,99.511
231.319,142.678,126.120,100.179
231.961,142.703,124.447,100.651
233.535,141.401,123.565,102.047
234.388,141.007,122.335,102.788
236.832,140.198,120.514,103.601
238.056,141.539,118.799,104.107
240.158,140.503,118.048,104.542
241.331,140.728,116.569,105.240
242.183,140.798,115.041,106.388
244.541,140.448,113.730,107.386
246.486,140.575,113.370,107.750
248.136,140.638,113.258,108.313
248.793,140.764,112.915,108.886
250.837,140.853,113.112,109.527
250.593,139.811,114.687,110.524
251.633,138.856,115.168,111.851
251.954,138.303,115.560,113.308
253.227,137.850,116.602,114.889
252.047,138.370,117.770,115.454
253.056,137.044,118.903,116.498
252.283,137.562,119.784,117.874
252.893,137.438,121.372,119.057
252.039,136.410,122.761,119.957
253.461,135.456,124.522,121.849
253.347,134.637,127.315,123.183
252.791,134.057,130.794,124.218
250.713,132.948,134.418,125.828
251.146,133.882,138.549,127.389
250.115,133.366,141.937,128.848
248.915,133.767,144.753,129.625
248.927,132.288,149.937,131.154
246.383,133.177,155.348,132.567
243.521,131.871,160.007,134.663
241.779,132.469,165.023,135.853
240.253,132.091,169.843,136.840
238.250,130.371,175.679,137.094
235.312,129.387,182.816,138.549
232.387,129.589,189.721,139.019
230.885,127.579,195.861,140.120
229.470,127.045,201.213,141.262
227.403,125.209,207.015,143.035
225.760,125.833,212.713,143.804
223.504,125.683,218.222,145.513
221.452,125.376,223.753,145.906
219.653,124.643,229.197,146.672
217.275,124.173,233.907,148.431
214.906,123.293,238.899,149.664
216.601,122.350,240.919,150.735
211.576,120.848,246.088,152.339
209.514,120.919,251.238,153.445
206.767,120.783,255.686,154.265
202.149,120.022,263.039,154.666
202.401,120.683,269.625,155.525
194.841,119.885,277.753,156.927
195.232,118.844,282.109,158.494
187.167,119.328,290.836,158.454
189.167,118.040,293.034,160.691
182.222,119.753,300.191,161.209
176.438,117.691,307.746,162.236
173.772,120.589,311.569,161.608
171.460,120.279,317.486,162.371
164.007,122.290,326.206,161.366
161.020,120.397,332.751,163.187
155.093,121.356,340.171,163.289
155.585,118.844,345.536,165.150
150.906,117.607,350.917,167.811
150.414,116.287,354.228,169.007
148.721,114.746,355.600,171.389
148.890,107.656,359.184,177.011
148.077,108.473,363.241,178.781
145.802,110.757,364.273,178.008
142.842,110.398,367.203,177.238
140.035,110.377,371.719,177.150
138.167,110.052,374.709,177.927
135.555,107.459,375.819,179.708
130.092,106.348,381.783,179.748
126.193,102.069,386.124,183.296
122.217,99.554,386.491,185.867
120.517,102.618,389.733,183.743
119.043,103.848,392.437,182.552
117.278,106.237,397.037,178.897
112.189,102.996,401.321,179.060
113.401,104.212,405.060,177.747
115.084,98.829,409.855,179.841
112.678,94.393,416.004,182.525
114.545,87.889,415.977,187.432
111.537,85.910,415.970,188.384
115.015,84.818,413.588,189.578
111.024,87.731,413.888,186.247
109.740,91.635,413.995,181.361
110.255,85.151,413.751,181.812
112.204,89.500,409.031,180.349
108.898,93.998,408.027,174.822
111.856,85.087,406.684,179.951
105.398,91.234,407.790,175.669
104.622,88.880,407.084,176.479
105.760,85.684,405.119,177.664
104.404,88.434,402.486,175.352
105.196,82.657,400.354,177.235
108.233,88.601,397.594,173.134
106.009,87.525,396.545,171.484
108.912,96.279,394.094,165.277
108.347,91.654,390.036,165.791
110.123,84.445,386.058,168.579
113.777,88.775,383.286,167.017
116.992,86.093,379.196,167.095
117.617,90.666,373.581,163.613
119.537,92.367,370.574,161.039
120.598,95.647,367.671,158.479
122.911,93.969,363.316,156.029
126.217,90.976,359.042,157.501
128.473,95.021,355.620,154.513
130.579,103.131,352.643,147.657
134.707,107.950,348.511,141.892
136.992,108.799,343.036,138.218
138.833,109.290,337.942,136.616
136.713,109.280,335.902,134.926
138.356,109.585,331.880,133.985
140.175,109.873,327.080,132.658
141.147,111.060,323.133,130.515
142.506,110.897,319.622,129.555
147.334,111.819,313.761,129.386
149.103,116.244,309.200,128.687
151.638,117.199,305.917,128.222
153.689,119.110,300.089,128.185
155.477,121.509,297.855,126.542
159.701,122.054,292.103,125.618
160.832,125.211,289.258,124.233
163.974,126.816,285.272,123.350
167.009,127.882,281.991,123.220
168.174,128.910,275.986,121.982
169.981,129.082,270.673,121.505
173.108,127.069,266.587,121.437
174.642,125.157,262.887,120.177
177.400,123.474,258.848,119.475
180.340,123.169,255.080,119.060
180.907,120.583,252.444,118.981
183.109,118.986,248.069,118.549
184.187,118.821,244.489,118.634
184.354,115.542,240.578,118.348
185.145,116.086,236.682,117.998
187.527,113.538,231.870,118.181
189.917,113.844,227.863,117.357
192.301,113.939,224.875,116.483
194.566,114.272,221.601,115.757
198.308,113.282,217.856,116.009
203.482,113.910,213.281,115.503
204.900,112.871,209.960,114.952
209.136,114.603,206.354,114.045
212.687,113.309,202.542,113.365
216.689,115.772,198.668,112.179
218.754,114.015,194.369,112.875
223.709,115.813,189.931,111.593
226.507,116.023,185.618,111.070
230.848,116.942,181.867,109.729
233.694,117.073,177.808,109.304
236.994,119.245,172.912,109.333
241.001,119.299,168.999,109.214
241.759,120.642,164.598,108.514
244.803,119.604,160.231,109.035
247.326,119.508,156.401,109.076
249.375,121.138,152.907,108.827
251.992,121.358,149.783,108.460
254.270,121.124,146.063,107.904
256.317,121.766,142.862,107.320
256.483,123.041,140.416,106.451
254.920,123.251,137.121,105.771
255.702,123.295,133.685,105.029
256.611,122.945,129.921,104.649
258.229,122.617,126.966,103.733
259.973,123.443,123.353,102.401
262.376,122.778,120.211,101.605
264.800,122.161,117.073,100.855
267.505,122.067,113.521,100.260
269.210,121.953,110.537,99.462
270.410,120.710,108.163,98.851
270.323,118.192,105.468,98.864
269.714,116.661,102.640,98.984
271.197,115.921,99.792,98.865
272.320,115.682,97.200,98.375
272.248,115.008,94.830,97.875
273.709,114.581,92.482,97.136
275.150,114.991,90.052,96.463
275.719,114.807,88.126,96.244
277.739,115.253,86.180,96.132
277.769,114.553,84.660,95.705
277.980,115.129,83.260,94.843
279.273,114.493,82.128,94.443
280.449,115.706,81.014,93.964
282.512,115.599,80.056,93.656
282.666,116.218,79.355,93.530
284.704,116.249,79.300,92.864
285.730,116.370,78.812,92.361
286.213,116.980,78.093,91.723
287.641,118.043,77.814,91.174
287.268,117.426,77.611,91.108
288.282,119.232,77.661,90.795
289.904,121.144,77.920,90.194
289.993,122.456,78.540,89.595
290.304,123.292,79.523,88.613
289.858,122.864,80.300,88.393
289.855,124.334,80.524,87.525
289.560,124.721,81.308,86.877
289.739,125.010,81.086,85.820
290.768,124.609,81.372,85.721
290.874,125.274,82.079,85.286
290.836,125.194,82.209,84.868
290.081,124.305,82.621,84.096
290.527,124.127,82.888,84.116
289.717,123.018,83.676,83.560
290.009,122.186,83.671,83.207
289.221,119.938,83.910,82.574
288.810,118.217,84.250,81.808
289.057,117.148,84.476,81.696
289.291,116.690,84.633,81.213
289.056,116.067,85.088,80.822
289.318,115.786,85.527,80.433
289.427,114.939,86.296,79.563
288.931,114.827,86.539,79.014
290.289,114.769,86.891,78.683
291.638,114.494,86.960,78.223
292.684,115.309,86.812,77.694
294.389,114.413,86.801,77.275
296.345,114.674,86.618,76.887
298.195,115.210,86.590,75.897
299.650,115.637,86.203,75.316
301.025,116.677,86.005,74.785
302.932,118.689,85.105,75.125
303.893,121.203,84.631,74.356
305.136,125.206,84.255,73.320
304.125,126.334,84.511,73.449
304.366,127.604,84.507,72.274
304.088,126.766,84.013,71.872
304.634,129.209,84.097,70.378
305.275,129.830,83.680,69.781
305.223,132.991,83.247,68.939
306.073,135.362,83.426,68.445
307.579,134.336,82.772,68.330
307.401,135.641,82.587,67.949
308.652,137.296,81.868,67.730
308.693,138.542,81.392,66.610
308.988,139.450,80.939,65.844
308.128,140.221,80.694,64.620
309.822,138.906,80.110,64.673
309.383,140.318,79.814,63.579
309.903,139.938,79.325,63.492
309.876,140.773,78.650,62.896
310.103,140.835,77.779,62.212
311.291,141.291,76.643,61.396
311.569,141.960,76.122,60.615
312.820,141.632,75.044,59.855
313.466,141.120,74.346,59.794
313.910,139.986,73.782,59.846
314.985,139.951,72.981,59.877
314.339,139.691,72.674,59.689
311.582,138.616,72.510,59.479
308.441,138.776,72.559,59.656
305.630,138.022,71.708,59.693
304.358,138.624,70.590,59.569
303.560,142.172,69.738,58.892
301.908,143.321,69.090,58.644
300.296,144.282,68.344,58.023
299.225,144.710,67.467,57.350
299.952,146.082,66.629,57.166
300.206,147.234,65.511,57.047
299.965,148.206,65.028,56.701
298.793,148.274,64.409,56.596
298.701,148.838,63.661,55.969
297.871,149.512,62.996,55.693
298.075,149.410,61.934,55.387
298.659,149.777,61.170,55.138
300.452,150.129,60.132,54.911
300.488,149.267,59.559,54.746
302.556,149.257,58.718,54.845
303.285,150.216,58.606,54.672
302.960,149.590,57.972,54.566
305.258,150.674,57.417,54.565
303.704,150.092,56.487,54.567
303.738,150.717,55.751,54.307
303.835,150.233,54.907,54.072
306.159,150.701,53.845,53.685
305.291,150.842,53.288,53.411
304.524,150.990,52.661,53.131
303.259,151.399,51.932,52.896
302.936,152.411,51.040,52.497
303.621,153.624,50.359,51.989
304.086,153.379,50.053,51.962
305.143,154.082,49.485,51.704
305.058,153.485,49.272,51.558
304.277,153.479,49.064,51.499
303.924,153.321,48.686,51.413
304.090,153.681,48.429,51.025
303.181,153.602,48.276,50.558
302.328,154.597,48.775,49.925
302.065,154.396,49.476,49.210
302.353,154.163,49.585,48.789
301.982,154.704,49.604,48.542
302.095,154.496,50.324,48.104
302.045,154.394,50.494,47.641
302.561,154.222,51.264,47.354
302.041,153.698,52.031,47.194
301.681,153.473,52.756,46.853
300.878,153.555,53.861,46.746
300.998,153.191,54.504,46.772
300.070,152.323,55.275,46.594
298.823,152.827,56.408,46.243
297.330,153.137,57.731,45.957
297.522,152.031,58.475,45.860
297.446,152.501,59.423,45.646
298.218,152.676,60.261,45.560
297.182,152.138,61.038,45.724
296.126,152.123,62.140,45.171
294.601,152.356,63.352,44.731
293.426,152.791,64.644,44.627
292.950,152.459,65.745,44.296
291.586,152.959,66.400,44.084
290.252,152.663,67.112,44.010
290.556,152.624,67.862,43.774
289.685,152.342,68.252,43.493
288.923,152.892,69.131,43.224
288.096,153.247,69.562,42.627
288.572,153.592,69.799,42.281
289.191,153.442,70.316,42.056
288.213,153.017,70.976,42.279
287.407,153.029,71.722,41.977
284.722,153.323,72.935,41.762
282.255,153.260,74.081,41.801
277.329,152.769,75.715,41.345
272.643,151.918,77.100,41.480
271.042,151.065,77.149,41.835
268.547,151.951,77.586,41.857
266.689,151.014,78.068,42.149
263.373,151.440,78.697,41.981
262.464,152.164,78.646,42.338
262.286,151.765,78.632,43.340
260.974,151.525,78.592,44.067
257.632,151.988,79.466,43.862
256.276,152.239,79.937,43.845
253.815,152.045,81.224,43.743
252.586,152.446,81.454,43.893
251.221,144.304,80.988,49.386
246.705,146.280,81.897,49.957
239.663,144.403,83.058,50.605
237.970,147.245,84.102,48.766
237.182,146.366,85.047,48.755
235.141,149.319,86.105,46.457
233.652,148.533,87.200,46.186
232.398,147.281,87.699,46.785
230.023,145.613,88.796,46.789
229.257,146.991,89.632,45.646
228.829,148.130,90.218,44.965
228.582,148.469,90.633,44.653
226.947,149.806,91.153,43.794
226.224,150.880,91.991,42.726
227.065,152.080,92.925,41.907
227.080,151.986,93.861,41.193
228.207,153.809,94.502,40.663
229.492,153.039,94.988,40.372
232.146,153.595,95.006,40.607
232.687,154.079,94.812,40.228
234.531,154.903,94.325,39.888
236.434,156.250,94.771,39.767
238.179,153.598,94.915,40.511
240.040,155.283,95.193,40.745
241.449,154.696,95.212,40.392
243.315,154.861,95.757,40.916
245.498,155.536,96.535,41.534
247.529,155.228,96.768,41.792
248.022,155.078,97.672,42.064
246.675,155.358,98.633,42.168
245.355,156.230,98.937,41.795
245.700,157.169,98.595,40.099
246.389,156.754,98.687,39.561
247.260,156.152,98.167,39.184
249.057,155.513,98.238,39.018
247.879,154.051,98.692,38.569
248.924,152.241,98.996,38.529
250.610,150.936,98.661,38.574
251.146,151.729,99.289,38.718
252.687,148.839,99.130,39.063
253.855,149.639,99.655,38.909
252.947,149.324,100.439,38.555
249.746,149.227,101.654,38.917
246.530,149.364,102.845,38.439
245.541,149.113,103.171,38.672
242.982,149.607,104.205,38.758
241.486,148.757,104.313,38.891
238.931,148.150,105.227,39.229
238.128,148.885,105.290,39.619
236.261,149.134,105.161,39.137
237.204,149.730,104.815,39.414
238.403,150.360,104.176,40.038
240.292,153.372,103.287,39.388
241.371,155.191,102.978,38.979
242.696,156.787,102.594,38.490
243.639,157.779,101.942,37.976
242.318,159.243,102.162,37.825
241.596,158.877,101.843,37.692
240.876,159.305,101.746,37.496
241.728,159.314,101.834,37.461
241.411,160.038,101.691,37.375
241.224,160.950,101.869,37.389
241.682,160.953,101.890,37.154
242.820,161.388,101.961,36.728
243.751,161.212,101.512,36.743
244.510,161.907,101.689,36.509
244.704,161.313,101.487,36.375
246.257,161.445,101.875,36.349
246.748,161.990,102.074,36.047
248.110,161.778,102.384,36.327
249.915,161.817,102.344,36.497
249.891,161.173,102.494,36.792
249.335,161.416,102.518,36.378
248.911,161.184,102.490,36.237
249.861,161.764,102.377,35.952
251.247,161.941,102.247,36.017
253.450,162.723,102.356,35.717
255.148,161.563,102.660,36.136
257.482,161.548,102.823,36.012
257.058,161.266,103.286,35.869
256.053,162.076,104.028,35.613
257.551,162.149,103.462,35.638
259.254,161.407,103.865,36.079
260.430,161.597,104.004,35.882
261.572,161.878,104.405,35.564
263.800,161.681,104.572,35.712
264.565,159.791,104.580,36.076
265.644,161.096,104.915,35.190
265.976,160.762,105.126,35.242
267.567,160.458,105.218,35.377
269.784,160.164,105.069,35.319
270.926,159.118,105.320,35.772
271.420,159.198,105.245,35.562
271.172,159.683,105.700,35.479
271.739,159.460,105.664,35.664
272.288,159.360,105.854,35.763
273.374,158.569,105.553,36.144
273.922,159.007,106.567,35.761
273.415,159.090,107.048,35.850
274.778,158.613,107.365,36.056
275.014,158.910,107.719,36.062
275.496,159.386,107.883,36.088
276.198,158.484,107.679,36.617
275.528,159.014,108.331,36.749
275.734,158.954,108.228,36.823
275.468,158.830,107.724,36.868
274.612,158.947,107.892,37.113
276.078,158.316,107.291,37.282
276.932,158.778,107.089,37.449
277.505,158.437,107.040,37.327
277.859,158.758,106.676,37.001
277.337,158.382,106.851,36.671
277.941,158.290,106.179,36.730
278.076,158.855,106.371,36.652
278.990,159.183,106.136,36.470
279.423,159.232,106.710,36.497
281.331,159.773,106.948,36.553
283.178,160.008,106.705,36.333
283.718,158.993,107.377,36.730
284.543,160.473,106.854,35.975
285.339,159.754,107.243,36.167
286.148,160.275,107.630,35.682
287.175,160.155,107.652,35.847
288.905,159.735,107.800,36.174
290.659,160.061,108.303,36.388
290.250,160.525,108.591,36.569
291.768,160.649,108.486,36.844
292.719,161.902,108.499,36.787
293.243,162.187,109.182,37.205
294.199,162.545,110.019,37.268
295.431,164.312,110.127,37.244
296.372,164.827,110.550,37.223
296.899,165.486,110.868,37.764
298.916,165.835,111.012,37.933
299.457,166.068,110.900,37.931
299.980,165.530,110.763,38.070
298.981,165.951,111.002,38.080
299.754,166.842,110.906,37.904
299.886,165.595,110.933,38.621
300.757,166.148,111.324,38.324
300.509,166.253,111.569,38.586
299.865,166.063,112.052,38.816
301.567,166.129,111.690,38.907
302.351,165.020,112.090,39.599
302.017,165.820,112.521,39.488
302.408,165.381,112.458,39.626
303.627,164.624,112.367,39.759
304.099,164.842,112.503,39.280
305.010,165.004,112.710,39.263
306.475,164.877,112.645,39.158
308.432,164.395,112.533,39.276
309.591,163.215,112.749,39.610
310.263,163.102,112.731,39.714
310.319,162.543,112.806,39.910
311.853,162.218,112.369,39.910
312.917,162.150,112.168,40.358
314.174,161.924,111.835,40.216
315.555,161.653,111.758,40.691
316.740,161.967,111.781,41.029
318.084,161.112,111.686,40.967
319.607,161.148,111.471,41.223
319.940,160.908,111.864,41.498
321.743,160.344,111.341,41.976
322.474,159.533,110.790,42.193
323.422,159.032,110.360,42.971
323.903,159.332,110.542,43.270
324.703,158.972,110.151,43.644
325.183,158.648,110.312,43.757
326.267,158.862,110.275,43.885
327.546,159.059,110.092,43.972
328.911,157.780,109.838,44.216
329.870,158.729,110.159,44.624
331.424,157.082,109.320,45.201
331.040,158.073,109.395,45.346
332.889,157.885,109.325,45.509
333.627,157.676,109.124,45.469
334.360,157.409,108.591,45.366
335.075,157.556,108.714,45.638
336.671,157.719,108.889,46.061
337.148,156.859,107.426,46.188
337.298,157.408,106.947,46.411
337.855,157.094,106.496,46.441
338.420,157.258,106.296,46.725
338.932,156.572,106.092,46.966
340.197,156.644,105.727,47.064
340.752,156.765,104.917,47.418
341.760,155.992,104.244,47.864
342.960,156.523,103.767,47.896
343.730,155.851,102.991,48.405
344.836,155.162,102.511,48.611
345.606,155.363,102.029,49.226
346.068,154.466,101.419,49.391
347.327,154.463,101.265,49.334
348.602,153.888,100.618,49.702
349.060,153.653,99.801,50.461
350.080,154.232,99.209,50.323
350.824,153.619,98.504,50.352
351.937,153.260,97.531,51.054
352.718,153.606,96.627,51.144
353.980,153.295,96.203,51.755
354.866,152.925,95.524,51.888
355.819,152.732,95.033,52.510
357.374,152.749,94.666,52.728
357.725,152.953,94.548,52.870
358.760,152.954,94.141,53.079
358.697,153.006,93.978,53.013
359.599,152.135,93.670,53.275
359.620,152.260,93.149,53.307
360.073,151.128,92.902,53.848
359.975,149.667,92.492,54.545
360.076,149.770,91.944,54.676
358.800,148.087,91.512,55.587
357.780,148.632,90.941,55.653
357.682,148.404,90.789,55.672
357.355,147.453,90.416,56.235
358.206,147.966,89.773,56.525
356.941,147.438,89.174,56.736
356.963,147.341,88.684,57.095
357.788,146.948,88.298,57.528
357.217,146.728,87.322,57.593
356.806,146.002,86.562,58.320
356.832,146.233,85.665,58.289
356.841,145.954,84.764,58.843
356.772,145.758,83.828,59.646
356.158,144.714,83.090,59.896
356.630,144.964,82.506,60.255
357.113,144.249,81.786,60.441
356.124,145.301,81.382,60.388
355.639,144.905,80.109,60.804
354.497,145.092,79.423,60.967
354.022,144.796,78.331,61.309
352.939,144.848,77.445,61.772
353.061,144.232,76.204,62.342
353.520,144.333,75.217,62.728
354.419,143.852,74.190,63.338
354.455,144.405,73.648,63.530
354.758,144.344,73.175,63.896
354.499,144.477,72.553,64.024
353.928,143.490,72.246,64.704
353.970,143.352,71.514,65.151
354.637,144.041,70.918,65.481
353.211,143.693,70.464,65.859
354.018,143.307,69.952,66.163
353.874,143.180,69.215,66.619
354.512,143.305,68.573,66.907
354.152,143.036,67.850,67.274
353.028,142.497,67.665,67.585
352.906,142.274,67.934,67.933
351.273,142.858,67.707,67.972
350.315,143.123,68.510,68.098
349.561,142.199,69.447,68.441
348.791,142.255,69.409,68.788
348.128,141.994,70.468,68.739
346.469,141.811,70.349,69.287
345.541,141.860,71.113,69.832
344.395,141.445,71.606,70.260
343.455,141.110,71.995,70.574
342.107,141.179,72.306,70.991
341.040,141.474,72.263,71.416
339.550,140.799,73.244,71.863
338.857,140.595,74.247,72.198
338.229,141.046,74.935,72.823
335.954,141.101,75.887,73.375
335.175,141.025,77.239,73.725
332.934,140.288,78.419,74.295
331.770,141.358,79.838,74.489
330.296,140.900,81.290,74.864
328.250,140.735,82.770,75.388
325.698,140.650,84.391,75.749
323.165,139.805,86.379,75.911
321.213,140.901,88.016,76.087
319.156,139.932,89.523,76.811
317.146,140.098,91.169,77.024
313.902,139.480,93.070,77.476
311.402,140.340,95.047,77.045
309.536,140.089,96.800,77.507
307.722,139.800,98.786,78.180
305.718,139.502,100.906,78.621
303.034,139.595,103.064,79.064
300.600,139.257,105.316,79.270
298.193,139.744,107.660,79.285
295.628,138.986,109.573,79.688
294.333,138.835,112.578,79.988
291.312,138.786,114.215,80.392
289.328,138.687,116.855,80.632
286.835,138.612,118.638,80.839
284.609,138.527,120.983,81.489
282.550,138.734,123.206,81.908
280.414,138.597,125.409,82.271
278.720,138.118,127.736,82.589
276.975,137.659,129.938,83.236
275.226,137.606,132.355,84.376
273.599,137.135,134.616,85.274
272.481,136.391,136.787,85.933
272.936,136.092,138.195,86.664
272.245,136.267,140.640,86.837
271.082,135.866,143.295,87.434
269.396,135.415,146.071,88.677
266.676,136.152,148.539,89.016
265.010,134.995,151.023,90.168
263.419,134.306,153.565,91.101
262.140,135.017,155.896,91.492
259.428,135.290,159.057,92.114
258.600,133.615,160.949,92.903
257.275,134.728,162.980,92.694
256.002,133.880,165.162,93.297
254.603,134.729,166.847,93.614
252.221,135.583,169.515,93.873
251.009,134.016,171.737,94.653
249.444,135.047,173.975,95.267
247.724,134.785,176.150,95.287
245.579,135.271,178.664,96.062
244.601,135.446,180.698,96.545
243.376,135.182,182.816,97.172
241.610,135.341,184.738,97.816
240.637,134.875,187.214,98.281
239.466,133.899,190.235,98.790
237.766,134.174,192.377,99.696
236.446,134.117,195.548,100.407
234.998,134.057,197.601,101.096
233.834,134.298,200.618,101.488
232.327,133.347,203.760,102.481
230.368,134.029,205.633,103.264
228.897,133.663,208.435,104.542
226.989,133.958,211.203,105.032
226.141,132.875,213.826,105.705
224.882,132.991,216.336,106.697
224.224,132.217,218.891,107.657
223.563,130.927,222.222,108.713
223.159,131.962,223.430,109.676
223.192,131.288,226.923,110.778
222.182,130.660,229.468,112.052
221.461,130.545,232.079,112.396
220.075,129.945,234.822,113.184
219.946,131.145,238.822,113.277
217.591,131.672,241.265,113.983
216.768,131.100,245.150,115.035
216.916,129.940,248.381,116.347
216.214,129.714,251.548,117.913
216.945,129.350,254.659,119.043
214.100,129.879,257.061,119.384
212.790,127.763,261.027,121.154
211.145,127.926,263.421,121.867
210.219,127.656,265.407,123.051
209.006,126.814,267.188,124.196
205.862,126.068,270.468,125.390
204.305,125.017,273.318,126.839
203.655,124.862,275.493,127.576
200.513,125.686,278.179,127.768
198.550,125.314,282.998,128.482
195.597,125.790,287.307,128.679
195.185,123.653,290.657,130.448
195.051,123.669,293.671,131.920
195.077,123.148,296.879,132.394
192.968,122.607,301.371,132.955
189.704,122.179,306.752,134.044
190.588,122.245,309.860,134.839
190.872,121.575,312.135,136.466
190.684,121.507,314.394,136.823
189.639,122.433,316.543,138.139
189.714,121.056,318.820,138.985
188.267,121.397,320.615,138.279
186.316,122.057,322.990,138.113
182.686,122.649,327.010,138.725
180.838,121.742,329.854,139.297
182.570,122.213,334.672,139.590
177.489,121.565,339.884,141.291
178.641,123.310,343.065,141.379
177.543,123.025,348.334,143.535
174.862,122.268,350.999,145.622
174.966,121.563,351.930,146.067
172.684,120.807,355.354,147.514
170.217,120.649,355.113,148.149
166.234,119.840,355.537,148.136
164.918,116.356,358.676,151.547
164.827,116.054,362.076,151.263
160.411,114.323,366.409,151.488
160.268,114.490,367.616,151.740
158.065,111.574,372.458,154.420
158.607,106.748,375.047,157.881
155.826,107.804,375.175,158.092
155.203,104.346,377.773,161.352
154.782,99.972,377.841,164.642
155.190,95.756,380.841,168.753
150.635,100.046,383.635,167.162
146.208,98.497,386.127,168.909
146.254,90.185,387.155,176.546
144.284,82.691,388.431,184.196
140.930,85.168,391.463,183.573
138.532,86.572,393.761,184.714
135.738,86.798,394.920,185.012
132.850,90.489,398.128,183.036
131.180,96.663,400.727,177.500
123.474,96.029,407.132,176.956
121.728,90.917,409.844,180.960
121.974,85.991,412.584,185.539
120.399,89.144,416.179,183.596
116.674,89.989,420.856,184.010
115.905,90.397,421.662,183.568
114.074,91.850,424.838,181.803
116.436,82.809,426.083,188.658
111.859,82.290,431.563,190.637
112.104,92.099,432.735,184.943
109.750,85.869,434.530,187.551
111.281,83.565,435.434,190.611
108.684,92.123,438.237,185.418
109.553,93.204,437.381,182.888
110.037,87.745,437.835,185.881
110.321,83.845,440.005,189.588
109.567,87.395,443.693,188.404
109.526,87.496,445.357,188.396
110.622,85.083,446.181,190.984
110.465,86.786,448.769,189.437
111.490,84.280,454.035,189.667
115.719,86.766,453.482,188.178
115.839,88.549,455.220,184.993
120.427,86.555,456.946,184.608
115.383,83.659,461.518,186.961
120.166,79.956,462.240,191.838
118.404,86.880,466.202,187.030
120.520,86.079,465.995,186.552
121.914,84.413,466.853,186.478
118.527,90.565,469.815,183.569
120.118,90.200,469.527,181.232
118.629,93.376,475.790,179.984
117.165,91.036,474.289,179.880
114.636,88.885,476.499,183.175
112.165,93.626,478.425,180.864
110.690,93.713,474.782,177.729
111.479,94.045,475.181,177.869
110.152,99.254,474.609,174.669
111.070,91.994,478.698,177.664
110.709,93.877,476.821,176.458
107.234,90.525,479.294,179.467
108.832,97.262,479.967,174.774
110.477,97.553,477.247,173.581
108.934,98.668,478.910,173.291
111.898,99.111,477.241,173.915
111.829,98.534,477.106,174.156
109.421,101.329,479.236,172.203
108.840,95.632,480.225,175.250
112.351,103.961,478.935,171.955
105.943,102.960,481.698,170.832
106.086,98.405,480.814,174.218
105.377,100.342,481.863,173.034
106.605,102.347,478.626,171.268
108.671,103.798,477.113,170.865
102.910,100.859,478.662,170.304
100.988,100.601,478.920,170.570
97.444,102.255,479.395,170.800
98.172,100.916,475.994,170.641
93.263,104.481,475.829,168.563
94.753,102.274,473.755,169.284
89.760,105.406,474.043,167.880
90.575,99.860,472.169,170.172
86.168,103.681,474.091,168.537
84.785,103.506,471.150,167.950
86.807,103.198,468.306,168.278
88.463,101.816,465.833,168.534
87.279,103.817,465.133,166.121
91.712,103.115,463.305,167.361
94.828,103.448,463.892,166.882
95.229,104.180,464.971,166.140
99.745,103.751,463.324,165.736
102.322,104.983,461.035,164.205
105.008,106.229,460.773,163.388
110.552,106.976,458.813,164.345
110.101,107.423,460.468,163.690
108.992,108.173,459.450,165.349
110.092,107.823,457.387,164.163
106.345,107.645,456.656,163.135
108.639,103.079,453.881,163.943
108.456,103.292,454.289,161.985
106.790,99.664,453.491,161.556
106.467,100.173,452.694,159.805
113.142,97.235,448.801,160.536
116.441,99.642,446.946,160.540
113.929,98.030,446.750,161.729
115.382,99.273,447.213,160.721
117.936,101.285,445.930,158.657
116.429,95.971,444.128,162.557
119.953,96.429,441.626,163.922
119.200,101.392,444.574,159.614
121.568,97.532,442.014,160.652
122.032,95.049,441.799,161.868
121.587,94.855,440.590,164.692
123.362,97.686,441.542,162.433
123.064,95.317,439.308,162.962
124.643,98.618,440.387,160.702
124.652,96.181,441.766,162.419
122.968,98.314,442.605,161.131
128.752,95.660,438.560,162.810
128.625,94.880,438.896,163.508
130.959,94.224,437.360,163.899
132.137,93.617,436.513,163.589
132.580,94.961,436.261,164.744
132.419,95.336,438.272,162.110
133.966,94.853,437.296,162.894
135.109,95.717,437.755,162.086
137.321,94.394,436.172,161.840
133.922,96.516,440.258,160.752
134.775,95.569,437.176,159.650
135.181,95.401,436.822,159.207
137.535,94.589,435.006,160.172
136.681,95.394,436.691,159.501
133.706,96.137,438.408,159.403
136.721,94.893,435.117,159.020
130.686,96.509,441.734,160.370
131.822,95.996,439.045,159.147
134.082,95.389,439.059,160.688
137.168,94.193,438.011,161.189
131.955,94.077,441.444,163.166
131.675,93.786,441.668,162.417
127.685,96.278,444.012,163.836
127.772,97.533,443.922,161.403
128.486,96.371,443.685,161.858
126.137,96.693,444.298,160.749
128.288,97.115,444.003,161.057
124.683,99.076,444.232,159.288
125.243,98.088,443.813,160.186
126.062,97.186,443.807,160.521
126.998,96.542,442.979,160.598
124.400,96.576,444.195,161.082
124.165,96.430,443.959,160.569
125.679,95.963,441.852,161.472
124.414,95.240,442.075,162.295
125.991,95.799,440.550,163.618
124.892,93.905,439.814,163.654
125.766,95.034,439.793,165.105
125.003,94.211,438.543,163.707
125.526,98.121,438.387,162.773
125.724,92.586,437.136,165.544
125.813,93.222,439.124,167.960
123.055,95.623,437.768,163.821
125.632,95.452,435.390,162.734
124.793,98.819,436.478,160.952
125.666,94.306,436.809,163.516
122.788,95.980,440.119,163.882
124.720,98.283,437.757,160.442
124.959,94.752,435.774,163.321
123.423,100.520,438.778,163.253
126.782,96.080,433.658,163.607
125.456,97.563,436.246,163.355
125.104,93.139,436.670,165.600
122.570,94.494,440.480,168.425
124.963,96.338,437.105,164.675
121.918,95.803,437.884,163.681
124.185,96.065,435.719,164.031
124.041,98.000,435.944,162.416
124.093,94.610,436.981,164.212
121.436,101.314,440.745,161.735
122.088,101.215,437.930,159.935
120.944,99.107,438.170,160.915
123.099,96.239,437.885,162.664
121.035,101.450,439.467,159.930
125.183,96.159,435.823,162.995
121.632,99.245,438.206,160.559
124.186,95.184,438.106,163.080
123.560,102.378,437.921,159.841
124.315,99.823,436.180,160.360
125.815,97.156,436.037,161.633
124.601,102.302,436.099,160.468
125.141,95.094,436.834,162.438
124.002,97.623,440.247,164.362
124.295,98.743,439.820,162.112
124.999,97.981,439.673,161.745
125.977,99.412,440.216,159.776
125.645,101.214,442.692,158.797
124.741,98.701,443.088,160.152
127.394,101.158,442.772,159.650
124.490,99.305,443.769,161.110
126.517,98.603,443.730,161.853
125.078,99.399,443.586,160.094
125.134,100.741,443.005,159.121
122.878,99.769,443.546,160.345
123.930,99.860,443.106,160.952
122.502,98.876,444.747,161.674
119.786,101.538,446.313,160.197
116.231,97.358,443.504,161.342
118.620,98.365,443.423,162.992
115.709,99.067,445.631,161.987
113.321,99.365,445.634,161.055
114.972,99.924,444.111,161.545
110.682,98.028,443.460,161.293
113.983,98.223,441.429,162.247
108.387,100.655,443.816,162.133
112.215,99.076,440.316,161.266
111.462,98.293,441.531,161.648
110.834,98.503,441.046,162.113
109.560,99.997,442.973,162.342
106.284,97.895,441.405,161.308
109.419,99.338,442.282,162.683
107.736,99.746,439.410,160.809
109.967,98.528,439.898,161.658
106.365,98.554,440.616,163.885
107.727,99.383,439.707,161.755
107.185,99.976,440.640,162.686
107.019,99.287,438.742,161.539
109.111,99.699,440.908,162.240
105.930,100.338,439.139,160.656
104.010,99.177,439.893,161.335
107.342,98.712,439.690,163.597
104.551,96.496,440.302,163.300
101.777,97.614,444.178,163.531
102.629,95.562,443.293,163.912
101.187,99.560,444.192,162.555
104.508,98.550,440.313,161.025
105.400,98.894,440.947,160.512
106.483,100.439,440.440,159.040
102.108,101.125,443.084,158.915
104.687,101.060,440.943,157.723
99.759,100.827,444.391,158.198
103.012,99.313,443.497,159.821
99.398,99.767,445.073,159.590
100.546,98.576,444.143,161.016
98.738,97.918,445.720,160.929
100.475,99.904,446.007,159.490
100.944,99.474,445.931,158.639
98.628,97.732,446.333,159.962
97.953,99.255,447.273,158.331
98.950,98.338,446.326,158.711
97.996,99.560,448.930,158.398
100.056,99.685,447.244,157.451
98.317,98.619,448.548,158.438
100.484,97.626,446.275,158.742
101.379,94.127,448.808,162.133
100.324,93.138,451.381,162.700
99.345,92.926,453.116,163.206
100.985,92.611,451.933,163.557
99.725,96.022,453.767,161.520
103.486,95.665,449.970,160.567
104.241,95.581,449.524,159.960
104.186,93.634,449.695,161.289
104.337,90.981,451.247,163.731
103.349,95.029,452.766,162.807
102.641,94.845,451.404,161.899
105.169,92.474,451.324,162.368
104.005,99.283,452.218,159.339
107.697,95.985,450.329,159.369
102.556,88.025,450.687,165.013
104.052,89.779,446.245,165.590
101.844,95.282,448.198,161.680
105.018,89.748,447.964,163.236
104.045,89.812,448.670,165.217
102.456,88.628,449.534,165.716
102.290,88.680,449.319,164.925
102.394,89.976,447.299,162.859
103.938,93.445,447.582,161.303
101.126,91.355,449.314,161.683
101.799,86.754,446.644,163.021
101.433,88.774,448.373,163.161
100.663,88.858,448.305,163.133
102.451,83.716,446.866,166.033
101.854,83.068,448.675,167.951
101.514,83.936,450.401,166.870
100.596,80.809,451.921,169.331
97.025,92.770,450.412,162.081
98.155,88.054,448.075,162.492
98.692,85.058,447.450,165.574
98.263,84.789,446.206,165.525
96.912,85.691,445.636,164.519
95.871,86.608,444.746,164.077
93.822,93.483,443.938,159.336
97.721,84.972,443.340,164.567
93.499,83.265,443.895,167.049
91.847,87.357,445.180,166.492
91.151,91.102,446.244,163.328
92.105,81.320,445.289,169.126
86.548,87.353,447.149,167.572
84.487,86.196,445.866,167.034
83.274,90.297,448.400,165.671
80.288,92.115,448.143,163.798
80.201,90.895,448.954,165.256
80.462,85.469,448.221,169.053
80.120,87.269,448.069,169.403
80.090,82.649,447.937,172.871
81.333,83.341,447.121,173.493
79.731,80.427,448.386,176.100
81.960,86.183,446.384,172.601
77.714,81.281,446.236,174.646
81.938,81.755,444.237,175.778
80.145,79.846,444.251,177.241
83.431,85.038,441.261,174.365
82.542,78.062,440.175,177.088
83.361,83.370,437.103,175.387
85.385,77.330,435.841,178.917
82.695,78.017,436.099,178.777
83.624,78.613,433.597,179.624
83.650,79.518,432.190,178.644
84.575,76.054,432.677,181.292
83.558,83.414,431.982,176.744
80.140,77.051,432.659,179.359
84.310,88.090,429.566,173.037
83.327,84.890,431.479,173.145
81.187,81.227,430.474,175.695
82.631,83.431,430.451,173.865
86.602,81.057,427.888,174.945
86.101,79.708,425.454,176.799
86.515,83.164,422.889,175.346
85.808,82.376,424.133,174.439
87.305,81.482,423.364,175.570
88.256,84.909,422.843,174.007
87.207,81.520,420.723,175.013
89.218,78.320,422.303,176.854
90.671,81.449,419.991,175.918
90.845,82.345,418.086,174.753
89.448,81.080,417.039,173.728
89.933,83.506,415.267,172.051
89.999,87.929,413.586,167.858
87.094,89.044,415.001,166.368
87.985,86.562,414.132,166.990
87.718,86.219,414.374,167.588
90.152,79.654,413.445,172.736
91.202,81.511,412.668,171.879
91.948,84.297,411.465,169.896
92.493,81.712,410.449,171.432
90.404,81.330,411.771,171.311
92.163,84.228,410.501,169.661
90.208,84.090,410.317,170.429
93.901,92.545,407.803,165.374
90.852,82.513,409.330,171.336
91.777,84.194,408.709,172.614
87.288,88.865,410.463,169.110
86.177,82.870,412.648,175.193
87.117,83.232,410.752,176.308
89.825,82.444,409.048,177.336
86.181,89.797,409.177,172.716
84.508,92.869,407.381,171.370
82.656,83.425,407.094,176.247
81.531,95.031,408.169,170.859
81.048,94.547,405.728,168.919
77.043,95.428,407.066,168.729
74.825,92.269,408.315,171.100
76.319,90.840,406.427,172.607
