491.000,118.000,561.000,318.000
497.194,124.858,567.069,324.166
499.925,120.496,581.861,324.772
496.879,120.370,576.350,326.620
497.227,118.542,578.322,327.310
497.661,117.530,585.434,326.893
497.193,115.889,593.090,328.309
494.114,117.968,586.677,327.782
500.417,116.928,590.889,327.179
498.491,117.512,590.845,326.997
500.167,115.272,578.407,327.045
504.471,115.608,580.313,326.833
502.169,116.616,581.076,325.362
500.951,113.254,576.839,326.457
508.076,112.607,577.679,329.971
508.665,113.566,584.491,326.641
503.537,112.822,579.605,327.065
508.717,114.261,587.980,327.177
502.433,112.950,575.185,327.266
509.615,113.306,572.876,327.070
510.097,112.520,579.711,328.879
507.846,110.022,570.586,330.055
515.169,108.668,576.986,331.217
517.564,109.658,562.580,332.747
516.453,109.652,571.523,331.367
517.760,104.557,575.188,337.652
515.722,103.461,570.131,341.316
522.404,103.574,570.204,336.289
521.436,102.701,566.603,335.915
523.868,105.741,561.920,334.497
521.824,103.980,565.502,335.177
525.847,102.200,566.296,335.809
520.688,102.927,561.319,336.480
522.796,103.166,567.282,336.504
519.515,103.282,563.894,333.817
521.586,100.527,564.806,336.766
529.164,103.076,561.101,335.304
524.034,102.353,563.042,337.689
519.365,102.436,567.508,336.525
522.759,105.733,569.337,336.105
516.375,104.943,568.586,336.200
516.332,105.803,574.064,334.725
512.292,107.018,576.965,333.353
510.306,107.998,579.233,332.271
512.146,109.720,581.164,332.370
509.882,106.660,579.489,330.618
512.932,109.356,570.452,331.624
508.306,109.598,578.395,330.279
508.110,110.941,588.005,332.319
500.937,110.553,586.505,332.040
498.768,113.697,582.412,329.822
497.995,114.017,583.990,330.258
495.273,114.897,587.880,330.025
492.038,116.398,592.643,331.035
485.728,116.548,607.929,334.441
483.183,114.169,606.799,336.255
479.754,113.675,602.735,338.358
478.515,114.061,604.537,339.376
481.064,116.451,605.360,336.605
474.879,117.192,593.169,335.323
465.972,119.569,588.726,335.474
462.571,122.956,582.536,333.143
459.413,120.737,574.927,336.749
456.769,125.184,568.562,334.058
458.902,122.398,580.085,336.113
447.853,124.968,570.010,337.598
448.467,125.339,569.702,336.517
447.506,127.471,569.262,336.847
442.958,129.833,567.742,334.163
439.678,131.800,568.958,335.957
438.703,129.624,568.145,337.998
432.566,130.304,565.236,337.400
429.987,131.559,574.304,336.508
427.489,132.464,578.723,338.281
421.841,136.297,574.127,334.549
413.215,137.027,578.046,334.689
412.051,139.876,585.189,332.308
403.477,142.596,590.427,331.795
395.123,143.284,591.377,332.576
388.657,141.716,587.434,334.374
387.964,141.581,588.635,335.731
381.453,143.301,585.698,336.219
379.414,141.072,586.156,339.109
375.667,142.097,584.760,337.951
365.507,146.379,586.450,336.018
363.658,148.821,580.696,336.675
355.735,152.722,578.137,332.929
351.029,154.166,571.836,332.065
352.160,154.015,582.152,332.139
340.205,154.946,580.468,332.261
339.935,153.747,572.760,331.617
331.949,153.556,576.208,333.985
324.591,156.034,571.914,334.793
325.856,156.441,570.002,334.296
318.859,159.950,563.727,333.122
311.067,160.736,570.704,334.148
305.419,163.689,567.038,333.436
302.830,166.667,568.626,330.757
295.850,169.024,561.846,329.643
292.884,169.924,556.491,328.590
286.168,172.494,547.269,330.407
288.582,174.388,546.292,331.775
279.801,174.114,540.761,333.135
275.919,172.205,547.547,338.071
271.862,173.185,543.441,337.177
265.398,177.643,539.916,336.920
263.089,178.261,546.094,335.904
253.206,173.519,541.209,342.617
248.745,177.896,543.118,340.362
241.862,181.576,548.993,337.280
235.632,184.436,542.765,332.638
234.042,186.541,541.383,334.057
229.805,185.446,530.999,339.245
227.171,186.039,531.048,340.788
220.273,187.786,527.601,339.124
216.151,185.066,528.647,342.461
215.374,185.828,525.025,343.785
206.827,186.924,527.997,345.599
208.115,187.198,523.208,344.961
201.059,189.856,526.327,346.784
194.231,190.971,529.349,346.033
194.815,193.861,525.471,344.856
185.012,192.824,530.881,347.134
179.792,197.773,523.702,344.691
181.482,197.555,527.633,340.204
167.731,199.948,524.315,341.748
169.378,201.636,521.446,341.484
168.857,201.780,516.151,342.457
161.766,203.614,512.311,342.500
166.262,207.026,509.543,343.240
159.737,204.655,513.534,345.655
152.851,206.013,511.795,349.079
155.594,208.539,506.346,349.924
154.332,212.412,503.509,348.503
143.742,211.684,507.304,350.187
142.757,214.344,506.611,348.377
140.769,210.751,509.474,352.833
139.293,213.816,505.779,351.743
134.739,219.758,503.353,349.218
133.614,218.404,508.375,348.950
129.473,223.400,509.883,348.777
126.595,221.775,512.711,348.837
123.267,222.153,509.025,350.117
120.096,223.004,509.512,351.344
119.424,222.957,507.407,351.665
116.416,226.167,497.259,351.135
116.563,222.995,492.144,356.324
113.760,223.551,492.379,357.411
109.899,223.104,487.182,359.189
108.202,226.124,491.372,359.439
105.063,225.031,480.911,360.776
102.937,227.117,488.225,361.383
96.146,227.826,480.383,364.262
95.099,231.088,474.999,362.195
92.137,231.141,472.446,360.976
87.163,232.878,465.610,361.313
88.107,233.202,467.508,363.346
82.129,236.053,469.180,362.287
77.608,236.071,466.892,364.484
75.138,239.399,464.195,362.790
73.815,239.073,468.096,365.002
66.890,240.467,466.177,364.534
63.577,241.537,467.238,359.786
60.641,247.952,457.940,355.244
63.471,246.174,460.711,354.591
58.897,248.831,456.973,353.488
54.758,251.053,455.472,349.623
53.756,253.787,459.200,348.027
47.311,255.733,460.448,350.031
50.144,256.698,456.911,347.131
44.222,257.076,455.804,346.659
45.191,259.014,456.343,345.708
44.616,261.984,456.083,350.233
40.156,263.080,452.305,349.145
35.527,263.173,460.187,352.080
28.030,263.849,461.594,348.276
26.232,270.373,460.665,350.716
22.800,268.224,464.715,353.132
18.037,268.970,469.203,354.181
16.733,269.344,472.370,352.575
19.085,269.820,473.013,357.587
15.528,272.252,471.861,354.294
16.811,267.481,464.749,358.834
19.612,269.635,464.548,361.214
26.756,269.653,454.755,360.291
23.877,270.567,447.321,363.029
31.531,266.640,449.001,361.800
23.500,270.436,452.981,363.021
20.373,268.121,453.927,364.960
21.561,269.081,457.100,366.125
17.682,272.943,454.878,362.444
14.860,274.233,457.057,363.908
16.889,273.769,458.322,359.811
17.227,275.033,457.325,358.909
15.734,278.006,457.001,358.167
11.346,276.939,459.145,357.434
12.199,274.837,462.299,357.959
14.829,277.676,461.424,356.454
14.058,275.488,459.368,359.549
12.404,274.097,460.524,363.476
10.213,272.055,462.488,363.792
12.742,275.226,459.021,357.986
14.330,274.812,457.640,360.058
15.484,271.991,459.668,362.100
16.264,276.402,457.639,360.752
11.152,272.939,455.471,363.755
15.876,274.727,457.776,366.018
16.283,275.217,451.661,361.661
15.890,273.727,448.822,363.581
18.788,273.048,448.414,365.591
20.466,271.949,448.420,366.558
21.080,272.470,444.293,367.671
17.354,273.469,447.143,369.556
27.267,270.818,439.746,363.234
30.123,270.801,436.271,360.758
31.917,271.751,433.000,359.657
22.949,270.964,436.467,356.756
31.520,274.300,429.677,359.252
23.246,270.760,432.166,368.535
24.591,266.885,430.116,366.463
20.510,269.757,431.603,363.734
21.258,262.568,438.485,362.568
17.161,269.145,435.521,357.006
19.241,267.305,432.661,356.599
26.015,266.149,428.365,353.193
29.367,266.090,427.532,349.505
31.795,268.800,422.237,352.997
36.529,263.603,416.128,356.102
52.753,263.698,402.063,359.163
53.863,257.620,398.921,353.335
56.995,262.967,392.802,350.431
63.004,256.833,386.388,353.351
63.733,258.693,381.594,349.910
66.637,258.904,380.898,344.168
73.295,262.454,375.297,340.675
73.822,258.958,372.588,338.774
76.069,258.316,367.810,339.670
79.165,261.463,364.674,339.543
82.779,258.477,361.160,340.925
85.505,253.602,357.798,342.357
