105.000,85.000,114.000,60.000
104.799,85.358,111.218,62.119
104.514,85.942,110.376,63.586
105.848,87.779,111.051,63.033
105.346,87.699,111.547,63.458
103.594,88.362,111.648,63.678
105.262,89.717,112.586,62.979
105.198,89.353,110.637,64.251
106.570,89.545,110.043,64.684
106.453,89.083,110.070,64.698
107.119,88.851,109.774,64.815
106.681,87.866,109.697,65.281
108.147,88.609,111.415,65.262
107.110,89.860,110.632,64.785
106.951,89.960,110.205,65.255
104.914,90.319,110.894,64.852
104.747,89.971,111.741,64.467
104.039,90.163,111.601,64.261
104.142,88.325,111.343,64.734
103.854,89.817,111.867,63.986
106.411,89.457,112.133,64.067
105.081,89.334,112.028,63.542
105.859,88.318,110.859,63.771
106.813,87.912,111.342,63.526
104.072,86.625,112.040,64.177
103.923,86.989,111.480,64.762
100.589,87.273,111.863,64.986
98.253,85.295,113.077,65.325
96.228,84.983,113.740,66.448
95.667,85.297,114.022,66.352
94.587,84.700,114.598,66.528
95.017,85.006,114.857,67.150
99.914,86.660,115.505,67.995
103.936,88.210,115.822,67.758
104.624,88.914,116.279,67.651
105.924,87.448,115.820,68.257
107.304,86.500,116.804,67.945
109.874,86.041,117.712,67.622
109.071,85.231,117.506,67.368
109.104,83.761,117.888,68.501
110.244,82.259,118.868,67.893
110.459,80.029,117.959,67.847
111.183,79.982,117.833,67.627
109.393,77.832,117.750,67.457
106.786,75.834,118.421,67.989
102.819,74.457,118.519,67.932
103.521,74.547,118.649,68.300
103.877,75.423,118.842,68.578
105.414,75.414,119.741,68.319
101.338,75.725,119.732,67.830
102.552,75.339,120.042,67.728
101.199,76.039,119.601,67.522
101.462,74.553,118.661,67.427
99.048,72.746,118.187,67.369
95.307,72.247,118.279,67.992
92.452,70.321,117.997,68.576
90.069,68.783,117.976,70.248
87.720,68.690,118.233,70.062
86.926,70.405,119.204,69.772
85.271,71.494,118.632,69.931
83.107,72.863,118.408,69.968
85.057,72.970,119.262,69.994
84.651,73.948,118.617,70.630
84.389,74.096,118.713,70.181
83.001,72.465,119.389,69.916
81.718,73.022,119.705,70.500
81.612,73.697,119.931,71.385
83.318,74.592,119.068,71.139
84.560,75.475,118.263,71.353
84.957,76.289,118.552,71.233
84.097,76.858,118.578,71.309
84.437,77.488,119.894,70.775
87.433,78.788,122.358,70.273
85.072,78.089,123.482,69.365
85.846,77.454,122.158,69.931
88.150,78.478,123.085,69.310
91.297,79.648,122.660,68.968
92.589,79.772,120.993,69.822
92.490,79.948,120.865,69.509
93.297,78.772,123.562,68.891
95.115,78.389,122.302,69.736
96.762,77.539,123.566,69.759
96.942,77.831,121.897,69.861
94.475,77.137,121.371,69.835
97.823,77.055,121.532,69.958
97.608,75.714,121.616,70.187
98.089,76.145,122.267,70.480
97.402,74.054,122.074,70.189
100.300,75.840,123.109,70.300
96.792,72.838,122.753,69.746
98.127,72.682,122.512,70.277
96.837,71.048,122.202,70.824
98.008,70.573,122.099,71.096
97.120,70.666,121.419,72.020
95.071,69.511,122.596,72.148
96.989,69.736,122.815,71.486
97.593,70.659,122.414,71.443
97.572,71.261,123.229,71.286
93.836,69.359,123.404,71.107
91.686,69.925,122.390,71.542
89.960,70.116,122.108,71.714
88.107,71.148,121.747,71.114
87.339,71.641,122.658,71.091
84.337,71.864,123.205,71.547
83.389,72.385,121.512,71.986
82.669,74.607,121.256,72.048
83.342,73.397,122.648,71.512
83.669,75.959,122.434,70.909
84.764,76.284,123.337,70.066
85.533,76.256,123.314,69.975
85.547,75.358,122.984,70.138
87.704,75.255,122.407,69.803
90.876,75.556,121.437,69.796
93.342,77.241,119.908,70.245
96.022,78.433,120.301,69.957
94.830,77.774,120.373,69.703
96.693,82.195,120.889,69.474
99.402,86.630,121.268,69.148
95.755,90.815,122.025,69.013
95.638,89.326,122.694,69.678
96.034,91.510,123.972,71.078
96.281,96.805,122.109,71.071
96.786,100.052,122.373,70.930
95.934,98.899,120.999,71.497
94.160,95.425,121.630,70.983
89.324,92.550,121.714,71.168
87.332,92.907,121.655,71.124
84.026,92.279,120.062,71.465
84.262,91.103,120.063,72.485
83.485,93.219,118.342,72.356
82.546,94.526,118.914,72.220
80.409,92.324,119.084,71.766
81.099,93.716,119.566,71.202
82.369,89.977,119.445,70.552
82.718,91.776,117.371,70.519
84.717,91.671,117.014,71.262
84.912,93.893,116.764,71.247
82.256,94.009,116.458,72.612
82.477,96.634,116.783,72.649
83.983,97.119,116.790,74.103
84.294,98.877,116.887,74.832
81.322,102.230,116.457,75.530
83.563,103.427,117.078,75.426
89.062,106.021,117.558,75.978
93.503,111.634,118.611,74.478
91.108,113.433,117.280,74.877
91.706,113.177,115.941,75.109
98.552,115.438,116.936,75.236
98.641,115.244,118.404,74.069
95.423,111.611,118.779,73.956
96.723,113.598,119.040,73.384
97.184,113.983,119.604,73.357
94.405,112.865,119.520,73.620
93.213,112.966,120.540,73.882
98.032,114.348,120.509,73.838
99.710,113.381,120.210,73.665
96.914,110.003,120.171,73.147
95.764,109.524,119.969,72.750
100.683,110.787,120.036,71.600
99.330,107.778,119.549,71.817
98.368,108.131,119.533,71.745
99.213,109.401,119.059,71.370
100.704,109.671,118.362,70.972
97.553,108.761,118.580,71.456
95.108,108.590,119.059,71.573
96.661,106.803,119.310,70.880
97.495,107.631,119.184,70.285
97.372,105.504,120.499,69.846
96.665,105.818,119.008,69.873
96.495,105.290,118.905,70.464
96.174,103.236,119.117,70.775
96.100,101.325,119.521,70.305
95.339,98.672,119.761,69.963
96.158,99.344,119.565,69.793
96.332,98.332,119.222,70.043
96.212,99.585,118.878,70.536
97.201,100.766,119.058,70.674
98.434,101.830,118.743,70.881
99.543,104.104,118.340,71.779
101.061,107.513,118.541,72.184
102.480,108.212,118.022,71.624
103.291,106.978,117.706,71.737
100.625,111.065,118.963,71.773
97.266,113.488,118.726,72.165
97.098,118.972,118.658,73.323
90.901,125.638,119.760,73.996
84.411,132.944,119.823,74.248
83.496,134.582,118.735,73.272
87.600,136.730,119.443,73.815
87.262,138.068,119.175,73.849
84.560,138.526,118.487,74.113
83.732,138.875,119.117,74.017
82.130,136.119,119.853,73.858
78.571,132.332,120.666,73.830
75.283,131.923,120.132,74.112
74.228,132.350,120.268,75.128
74.872,133.704,120.437,74.847
74.411,130.758,119.982,75.515
71.450,129.132,120.197,76.822
70.304,129.809,119.825,78.154
70.215,132.066,120.010,78.694
74.551,128.026,121.137,77.093
76.897,124.373,120.817,76.600
62.194,126.131,121.232,78.780
52.437,128.201,123.379,78.473
53.233,130.272,124.156,78.061
56.384,131.273,125.515,78.312
59.258,133.436,125.076,78.032
62.360,134.590,124.441,77.929
64.766,133.714,123.659,78.564
66.566,133.777,123.254,78.514
69.902,130.097,124.179,78.123
72.878,128.135,124.325,78.744
73.879,127.507,122.931,79.098
79.010,123.309,122.790,79.426
85.828,118.049,121.844,79.063
87.491,116.655,120.887,79.580
94.695,113.099,120.658,78.581
98.996,106.683,120.087,77.965
100.328,101.436,119.335,77.553
99.000,99.755,119.628,77.874
100.188,98.452,119.478,77.549
96.699,97.473,120.404,76.725
93.124,94.960,120.284,76.362
88.648,93.700,120.085,76.217
86.993,95.840,121.221,76.137
82.481,97.490,121.030,75.954
79.008,97.383,121.210,75.702
76.148,97.600,121.443,74.974
71.886,97.218,121.745,74.515
71.008,98.998,120.602,74.805
73.871,99.712,122.142,74.289
71.483,99.134,121.402,72.653
69.367,98.611,120.838,71.711
71.670,97.903,122.696,71.568
73.465,98.324,124.169,72.356
69.900,100.901,123.913,72.762
70.069,100.343,123.059,72.798
71.300,101.180,124.845,72.981
72.023,101.363,123.573,72.490
73.497,101.615,123.895,72.496
73.543,102.066,123.045,72.354
73.111,100.704,122.018,72.101
75.568,101.562,123.503,71.761
75.986,102.635,123.651,71.828
74.497,102.589,121.876,71.718
78.104,104.400,123.107,71.951
79.321,104.222,122.508,71.245
78.518,104.786,123.171,70.602
78.674,104.530,123.244,70.343
81.189,102.700,123.752,69.654
80.356,103.239,122.878,69.448
80.274,102.710,122.787,69.832
79.913,100.235,122.832,69.049
80.427,100.347,123.307,70.012
80.406,101.427,123.088,69.868
81.052,101.344,125.117,69.810
76.930,100.766,125.262,69.584
77.916,99.676,124.450,70.037
78.669,99.692,124.761,69.895
78.033,99.991,123.205,70.068
78.493,100.458,123.556,69.528
79.976,100.825,123.390,70.046
78.903,99.948,122.124,69.465
79.650,98.910,122.437,69.412
82.597,101.013,122.455,69.681
81.656,100.989,122.460,69.169
76.535,100.213,122.355,69.467
79.023,101.725,122.280,69.606
78.635,104.337,122.595,69.081
77.226,102.240,123.676,69.336
76.223,104.091,123.420,69.677
78.373,105.250,122.378,69.421
75.045,106.394,122.897,69.495
75.605,106.662,122.450,68.987
74.163,107.711,122.411,69.222
74.814,109.562,122.139,69.334
74.395,110.384,121.527,68.723
72.093,111.555,122.098,68.823
71.555,112.752,122.480,69.339
73.494,112.819,122.251,69.555
70.833,110.785,122.890,70.552
69.834,111.673,121.709,70.137
70.949,113.581,121.395,69.920
70.019,113.022,121.716,70.305
68.205,112.647,121.116,70.640
67.844,113.110,121.682,70.606
68.121,114.562,121.977,71.080
69.367,114.055,119.691,70.720
68.960,114.267,119.271,70.222
65.273,112.432,121.066,69.456
65.306,111.493,119.512,70.129
64.973,112.195,120.555,70.414
63.783,114.481,121.661,71.167
61.236,115.133,123.066,70.539
59.517,114.533,122.223,71.537
63.395,115.380,123.793,71.174
66.207,115.807,123.006,71.673
62.464,116.320,123.917,71.426
64.212,117.616,124.097,71.234
59.488,118.438,126.238,71.175
58.010,120.179,126.156,71.533
59.981,120.027,124.279,72.126
63.988,117.745,121.769,72.071
67.584,114.976,121.055,71.218
72.461,112.943,120.735,72.062
70.108,116.239,121.524,72.809
68.942,117.710,121.480,73.103
74.059,119.480,120.319,73.063
79.862,120.204,118.657,72.879
75.871,119.329,119.236,72.974
80.690,118.830,118.116,72.534
73.272,118.663,119.416,71.119
63.435,114.303,120.627,70.139
58.283,107.237,121.376,69.655
64.570,103.560,120.824,71.333
65.249,107.317,120.349,71.603
64.454,106.533,121.353,72.182
73.088,110.111,119.855,73.186
78.627,116.584,120.442,72.593
80.737,122.527,120.860,72.435
79.496,124.309,123.141,72.194
82.962,125.580,122.551,71.101
79.377,123.018,123.567,72.675
83.094,128.384,124.364,72.317
94.390,127.655,124.255,72.262
105.269,127.515,124.381,72.482
119.376,128.481,123.238,72.450
129.177,128.952,124.589,71.904
139.304,127.915,124.879,70.650
142.906,124.509,124.603,68.546
148.673,120.645,125.738,70.055
153.360,119.167,122.955,70.497
151.878,116.108,123.533,71.242
157.290,115.623,123.542,71.885
155.791,116.906,124.820,72.396
161.336,119.645,124.387,74.162
154.773,122.514,127.132,72.858
175.518,114.463,128.009,71.156
192.008,114.511,128.819,72.572
188.315,119.887,129.443,74.244
184.164,119.837,133.330,74.996
185.952,120.133,134.203,76.345
185.857,119.144,134.441,76.781
184.733,117.840,134.401,77.643
185.097,121.277,134.158,78.168
182.871,121.451,133.969,76.980
183.548,114.641,134.884,74.870
184.887,109.554,133.924,76.498
184.103,108.369,134.285,75.441
184.177,101.144,134.485,74.315
187.448,96.603,133.144,75.621
188.719,94.887,132.125,75.946
192.529,88.452,129.938,74.905
198.570,78.948,124.062,74.638
208.772,72.663,114.297,78.175
212.906,72.175,109.471,79.541
213.224,73.088,107.563,79.119
212.812,71.074,107.625,78.409
215.210,69.277,106.484,77.545
217.132,66.906,104.734,77.227
216.502,65.194,104.039,77.155
218.048,62.852,102.758,78.313
218.017,63.732,103.059,78.347
216.296,62.051,103.777,77.724
218.838,62.401,102.523,77.837
216.663,63.058,103.711,77.126
214.224,63.047,105.747,76.951
213.402,61.588,106.643,77.044
214.076,61.076,106.884,77.963
210.335,63.525,109.766,78.565
210.680,65.744,109.876,79.846
211.617,68.815,109.280,81.787
209.169,74.401,111.545,81.882
206.220,81.067,113.968,80.804
205.892,85.603,114.717,81.563
206.768,91.898,114.728,82.155
203.014,95.378,117.258,82.303
196.727,100.068,122.427,81.752
194.927,104.881,125.119,81.394
191.361,108.579,127.254,81.273
186.571,110.979,128.063,79.429
180.010,113.922,127.666,78.797
173.162,114.456,126.109,78.518
168.098,116.482,125.610,77.796
164.242,114.382,124.754,76.263
156.545,113.354,124.264,76.032
151.306,114.898,125.119,75.484
145.347,112.828,124.952,75.613
138.033,112.308,123.720,75.677
133.978,113.167,123.549,76.187
130.133,113.723,123.233,75.341
126.799,112.080,123.430,74.741
121.996,114.561,124.450,74.540
117.943,115.088,123.863,73.986
116.730,112.926,124.252,73.533
116.323,111.930,124.293,74.096
114.137,113.046,123.929,73.498
114.668,112.669,124.758,72.727
115.594,111.544,124.370,72.201
115.952,111.465,125.068,72.633
118.304,112.563,126.281,71.932
118.462,112.820,125.346,71.568
117.268,111.921,124.556,71.155
116.559,111.913,124.119,71.775
120.130,111.767,123.516,71.805
119.592,109.427,124.547,71.781
115.619,112.693,124.913,71.854
114.845,111.824,124.224,71.414
118.225,112.104,123.383,71.443
120.332,112.523,122.592,71.779
115.908,112.963,123.920,72.202
113.494,113.162,123.998,72.510
116.980,113.870,122.513,72.034
117.683,110.389,123.215,71.356
115.324,102.992,123.881,71.120
115.467,97.430,123.193,70.836
119.969,91.611,122.875,69.876
118.358,86.031,123.608,70.210
109.854,87.028,123.120,70.917
106.336,90.038,122.279,72.461
110.672,94.456,120.500,72.554
106.874,97.579,121.086,72.688
105.390,101.822,119.936,73.076
100.602,105.848,121.343,73.042
91.534,104.358,123.816,71.212
86.801,102.419,124.616,71.527
94.094,103.078,119.204,72.611
88.867,106.312,121.023,72.949
81.956,107.129,123.679,71.640
81.384,105.218,123.304,72.477
84.928,110.656,122.920,73.381
89.478,112.327,122.307,73.551
89.366,107.007,122.062,73.040
85.232,107.491,122.716,72.535
80.626,108.907,123.110,73.588
83.102,105.895,122.373,73.604
82.882,104.511,124.404,72.910
84.595,107.201,123.191,73.034
88.837,109.724,122.726,72.632
83.769,109.722,124.285,72.505
83.316,111.522,123.457,72.891
82.160,113.351,124.078,72.820
80.178,112.307,125.826,72.144
73.268,111.263,127.570,72.463
75.393,110.391,127.796,72.718
78.158,110.591,129.439,72.034
75.148,109.349,129.551,70.902
71.932,108.545,130.751,70.162
74.735,105.424,129.295,69.989
78.737,106.801,129.082,70.991
81.857,108.671,127.667,70.665
71.095,107.382,128.901,70.097
85.253,98.676,126.636,69.975
97.358,97.436,126.819,69.899
89.168,97.629,126.701,71.124
78.902,96.342,127.844,70.913
85.160,95.865,127.075,69.294
90.198,93.467,124.909,68.638
90.847,92.356,123.968,68.881
87.466,90.519,124.793,68.443
83.412,91.357,124.128,69.354
82.165,94.069,126.423,69.857
94.152,96.959,125.121,69.203
90.540,97.469,126.883,69.555
83.691,97.833,127.896,69.296
86.352,97.573,127.634,69.379
81.992,98.773,128.843,70.123
82.572,98.583,129.421,70.686
86.523,97.408,130.574,71.385
85.924,99.180,129.893,71.941
88.115,98.994,129.521,72.227
84.262,99.776,129.422,72.590
84.991,98.990,130.640,72.178
91.504,99.388,131.141,72.440
87.386,99.727,131.119,72.622
82.959,101.724,131.843,71.879
97.333,99.555,132.348,70.734
103.214,97.077,132.170,71.879
95.853,103.830,131.863,72.461
91.782,102.548,131.843,72.284
100.098,98.564,132.100,71.546
114.833,100.217,132.656,72.999
123.335,107.224,133.126,73.922
113.960,106.613,131.322,74.058
94.137,102.849,131.985,72.269
89.675,99.151,131.777,72.886
97.518,95.150,133.815,72.299
99.674,99.262,131.716,73.289
102.167,98.978,131.494,72.581
108.821,99.684,130.886,74.489
112.751,104.703,131.940,74.981
107.480,106.667,131.124,74.554
101.763,104.432,130.889,73.217
98.427,103.412,131.773,74.343
88.937,103.776,131.588,73.661
89.307,99.784,131.110,73.766
88.898,100.575,130.846,75.484
81.596,105.657,131.406,75.177
84.818,104.530,130.441,75.431
88.001,108.257,130.310,75.421
82.957,111.075,130.568,75.048
74.623,110.345,131.993,75.626
64.102,111.460,132.964,75.273
51.510,108.122,133.732,75.364
42.920,107.042,135.676,75.969
38.965,105.319,135.725,75.778
34.436,104.736,135.852,77.092
29.764,103.596,136.436,76.904
28.547,101.413,136.363,77.318
31.492,100.807,138.049,77.420
37.993,100.934,137.966,77.681
42.635,101.975,136.540,77.302
42.650,100.614,134.793,76.787
45.872,100.802,135.030,76.770
46.273,99.422,134.827,75.851
47.513,101.824,135.210,76.333
52.456,105.487,133.415,74.853
52.895,103.183,132.089,73.670
58.255,104.566,131.182,74.316
63.436,105.953,130.720,74.501
65.257,105.819,131.127,74.199
66.280,104.134,132.354,73.706
65.648,105.752,131.192,74.498
66.704,104.161,132.027,74.265
67.648,103.102,131.580,74.076
68.607,104.184,132.338,74.284
69.198,105.257,132.499,74.259
68.951,106.059,132.436,74.048
67.652,104.069,132.108,73.969
70.085,103.948,131.684,74.264
71.617,105.370,131.916,73.811
71.227,102.995,132.051,72.899
68.464,100.712,132.306,72.618
65.372,100.181,132.853,72.746
66.668,98.596,133.206,72.595
66.342,95.752,132.971,72.760
63.447,94.224,132.078,72.683
67.618,92.132,131.787,73.649
70.485,92.530,132.114,74.306
69.205,92.146,132.117,73.951
70.107,90.466,131.660,73.835
72.324,89.408,131.709,74.284
73.849,88.178,131.083,74.037
72.745,88.021,131.723,73.835
70.857,87.532,131.037,73.194
70.823,86.991,130.908,73.820
70.131,87.229,130.429,74.498
70.261,88.953,129.833,75.028
70.807,88.220,128.856,74.214
71.903,87.146,128.691,74.453
73.716,89.365,129.574,74.644
72.322,91.704,131.392,74.350
71.327,91.132,129.849,73.467
70.678,91.168,130.215,73.936
73.190,90.273,129.521,74.497
72.314,91.707,133.312,74.626
66.450,91.340,133.211,74.657
64.729,90.366,132.488,75.153
65.842,89.978,132.550,75.573
63.832,89.824,132.176,74.908
61.985,88.836,132.645,75.330
61.547,87.300,132.565,75.294
62.054,86.513,131.332,75.105
64.071,87.429,132.769,75.574
65.314,86.556,131.549,75.403
64.753,86.790,131.880,74.872
67.068,86.656,134.239,74.787
69.321,86.821,132.919,74.678
70.064,88.624,133.540,74.146
68.634,87.271,133.286,73.371
69.746,86.374,131.931,73.438
70.605,86.753,132.652,73.925
73.124,85.419,131.072,73.599
67.918,84.167,132.382,72.851
71.685,83.610,133.121,73.188
73.422,81.465,132.017,73.379
72.114,80.402,133.020,72.822
69.264,80.487,131.987,73.483
71.757,80.263,132.503,73.576
69.363,80.616,132.491,73.503
68.980,82.439,134.168,74.094
69.943,81.876,134.229,73.170
71.421,81.657,134.063,72.607
75.401,81.011,134.873,72.578
70.787,80.131,135.742,72.507
70.066,80.966,135.479,72.567
68.342,79.638,136.759,72.061
63.509,77.842,137.425,72.268
57.973,76.045,137.379,72.020
55.927,73.097,137.204,72.774
57.746,74.437,135.421,73.731
65.777,74.009,134.431,73.323
65.181,72.002,133.517,74.213
64.444,73.682,133.022,74.901
69.461,73.426,134.717,74.551
68.325,74.353,133.750,74.447
66.616,73.986,133.449,74.683
67.263,74.291,132.673,75.074
69.978,74.735,133.925,75.237
70.823,75.095,132.900,75.438
69.170,75.369,133.356,75.225
69.862,75.947,134.254,74.814
74.949,75.419,136.073,74.291
74.223,75.056,135.396,74.342
71.212,74.717,136.809,74.093
70.298,73.693,136.364,74.195
71.491,74.470,135.535,74.346
71.763,73.647,136.117,74.369
72.878,74.898,135.243,74.520
73.784,76.459,136.410,74.875
69.425,76.542,136.329,74.912
67.672,76.366,136.456,74.988
68.814,75.598,137.324,75.140
68.751,74.807,136.785,74.843
65.697,74.684,136.834,75.436
64.870,74.859,136.718,74.869
66.056,76.126,137.128,75.100
67.866,75.896,137.782,75.100
65.289,77.050,137.304,76.124
65.143,76.843,137.650,75.474
67.436,76.012,138.309,75.247
69.726,77.212,139.045,75.182
68.215,76.365,138.228,75.043
65.282,78.107,139.103,75.005
64.751,76.066,139.398,74.769
65.615,77.887,139.228,75.734
65.864,78.238,138.639,76.326
67.180,80.014,138.134,76.825
70.072,79.595,138.932,76.249
71.143,80.184,138.524,75.601
72.260,81.440,138.907,74.766
72.780,81.344,138.824,74.356
74.418,79.795,139.089,74.772
74.167,81.254,138.899,74.737
74.702,80.552,138.040,74.772
74.082,79.540,137.276,75.008
73.141,78.100,135.389,76.245
72.233,79.302,136.370,76.398
70.902,78.233,136.071,76.772
72.802,79.288,135.613,75.145
74.989,79.550,134.677,75.063
73.795,81.387,135.825,75.241
73.066,78.708,135.523,76.278
73.586,80.132,136.308,76.000
74.780,80.040,135.549,76.259
75.796,80.958,135.161,76.274
75.635,80.081,135.755,76.659
75.907,80.917,135.467,77.356
74.428,80.755,135.416,77.394
76.067,82.684,134.585,76.713
77.254,80.978,134.067,76.883
77.767,83.433,135.533,76.517
79.867,83.504,135.730,76.199
79.025,83.423,135.759,75.978
78.532,84.658,137.154,76.266
77.175,84.362,136.957,75.779
78.159,83.916,136.615,75.487
78.892,82.495,136.916,75.536
75.044,81.907,137.471,76.397
74.520,81.762,137.188,76.531
74.436,81.934,136.982,76.541
74.334,81.345,136.977,76.368
74.738,81.866,137.389,76.138
70.529,81.233,138.037,77.053
70.590,80.616,137.696,76.664
70.569,80.615,137.683,77.065
69.315,79.511,136.840,77.598
68.143,78.316,136.844,78.072
67.528,78.628,137.313,78.762
67.255,77.914,137.108,78.406
67.676,78.362,137.140,79.056
66.967,78.713,137.709,79.130
65.924,77.795,137.129,78.842
66.577,77.656,137.022,78.683
64.480,78.195,137.946,78.759
63.659,76.793,137.365,78.430
63.956,78.222,136.566,78.869
61.486,77.729,137.070,78.734
60.256,78.066,136.298,78.623
59.837,77.389,135.623,78.100
59.679,78.421,135.241,78.329
61.382,78.466,137.950,77.648
61.432,79.380,137.438,77.982
60.233,78.662,137.805,76.975
59.494,79.575,138.750,76.580
58.539,80.143,138.472,76.391
57.931,79.907,137.063,76.794
59.236,80.926,137.582,77.068
58.305,80.687,136.704,77.187
59.035,80.955,137.143,77.299
58.758,80.239,136.984,77.639
58.844,81.281,136.903,77.114
59.016,81.937,136.624,76.788
60.158,81.920,138.289,77.041
60.260,81.786,137.500,77.156
59.544,82.142,135.685,77.338
60.456,81.632,135.144,77.872
60.994,82.162,134.684,77.422
60.529,83.124,135.524,77.518
60.299,83.213,136.972,76.850
59.809,82.245,137.031,76.519
59.881,82.349,135.812,77.531
60.198,81.800,135.132,77.197
60.476,81.498,135.396,77.608
59.611,81.123,136.928,77.342
59.327,81.701,136.996,77.364
59.166,80.872,136.998,77.672
57.120,81.193,135.961,78.038
57.583,80.693,135.004,78.487
58.520,81.688,135.106,79.114
58.537,82.850,135.112,78.544
58.362,84.137,136.494,77.934
57.815,84.435,134.701,77.684
58.322,85.222,134.223,78.210
58.025,85.869,133.562,77.638
57.057,86.091,133.371,77.280
56.423,86.530,132.409,77.173
58.784,87.445,136.207,77.138
59.166,86.840,133.837,77.087
58.876,87.027,131.729,77.975
59.730,85.945,133.031,77.876
59.286,87.536,131.772,78.300
57.838,86.352,130.305,78.555
59.274,86.906,133.160,78.035
58.831,86.315,132.223,78.554
59.716,85.620,132.015,78.357
58.811,85.237,130.496,78.454
57.963,85.521,131.393,77.981
57.691,85.026,130.975,77.679
58.261,86.116,133.838,77.071
57.632,86.279,131.847,77.301
58.341,86.353,134.288,77.016
56.277,86.632,132.536,77.389
57.381,85.496,135.025,76.837
56.118,86.546,133.569,76.703
56.376,85.965,134.637,76.793
55.077,85.122,134.227,76.954
55.107,84.431,134.257,77.109
55.427,85.270,135.764,76.982
53.381,84.578,134.790,77.127
53.175,83.841,134.598,77.263
53.823,84.833,134.266,77.451
53.743,84.237,134.598,77.387
52.477,84.845,134.729,76.830
50.866,84.365,135.538,76.411
49.303,83.886,135.765,76.399
49.713,83.734,135.881,76.508
50.188,84.254,135.297,77.282
49.589,84.177,135.591,77.099
50.225,83.582,135.832,77.153
50.100,84.936,135.852,77.065
50.571,85.353,135.734,77.689
50.894,86.003,135.407,77.832
51.341,86.188,134.732,77.906
50.963,86.219,134.391,78.043
51.625,87.497,135.308,78.300
52.940,87.779,137.215,77.127
55.048,88.710,136.211,76.903
53.188,89.419,135.740,76.482
54.704,89.661,137.495,76.740
56.363,88.402,137.711,76.650
55.751,88.864,135.507,76.631
55.855,88.464,137.028,76.325
54.617,87.833,136.619,76.533
55.553,86.395,138.561,76.868
53.017,88.004,138.115,76.709
55.150,87.052,139.319,77.281
54.365,87.039,138.926,77.341
55.290,86.527,139.853,77.192
54.729,86.626,141.052,77.099
53.421,86.812,142.075,77.345
52.817,87.326,141.944,76.564
51.600,87.230,140.829,76.278
51.315,86.790,140.552,76.963
50.317,86.166,141.002,77.254
50.320,87.422,142.034,77.292
50.071,86.749,141.457,76.802
49.316,87.310,141.398,77.330
48.611,86.811,141.475,77.261
48.914,86.107,141.119,77.288
47.403,86.158,141.573,77.403
45.718,85.695,141.320,77.402
46.509,85.517,140.478,77.798
46.598,84.416,139.814,78.148
45.768,84.230,141.042,78.358
43.815,84.321,142.275,78.244
45.018,84.263,142.331,77.841
44.339,84.046,141.819,77.463
44.664,84.200,141.585,77.091
44.292,83.210,141.106,77.461
42.893,84.400,142.061,77.927
42.964,85.051,142.102,77.276
44.709,85.236,142.943,76.794
44.996,85.319,142.641,77.617
45.703,86.481,145.063,77.744
45.857,85.111,142.988,78.172
47.719,86.187,144.943,77.740
46.456,86.145,144.034,77.716
47.461,86.024,143.881,78.926
49.479,87.659,144.833,78.630
49.327,88.057,143.618,78.815
48.924,87.121,142.419,78.887
49.555,87.376,142.598,79.095
47.417,89.859,142.021,79.022
47.294,89.925,143.510,78.897
44.823,89.417,143.365,79.168
44.165,90.653,144.436,79.174
44.545,91.583,144.981,78.664
44.657,92.831,143.709,78.108
45.756,93.461,144.335,77.988
46.618,94.338,145.206,78.218
45.857,93.603,143.398,78.018
50.340,94.743,144.347,78.044
52.692,95.268,145.150,77.809
52.238,94.519,143.054,77.921
54.557,95.811,144.690,77.705
60.593,96.772,145.931,76.977
62.145,94.997,144.464,76.057
62.726,94.140,143.010,76.137
64.467,94.309,143.143,75.734
63.337,93.262,141.423,76.720
68.615,91.653,142.230,76.500
71.751,92.592,142.917,76.250
70.985,91.552,140.210,76.604
70.449,92.784,140.238,77.033
73.784,90.246,141.213,77.166
74.073,91.921,141.256,77.428
72.596,91.500,141.747,77.832
70.214,90.899,141.756,78.299
71.496,91.166,143.313,78.617
72.621,91.541,143.754,78.145
72.229,88.927,141.713,77.880
72.383,89.925,141.459,77.911
69.566,89.266,140.294,78.794
68.665,87.987,141.951,79.079
65.102,85.577,142.003,78.845
62.653,86.123,142.347,78.702
59.749,88.134,143.920,78.260
59.538,86.714,143.298,78.987
59.965,87.276,144.078,79.068
57.043,87.071,142.776,78.463
57.342,86.384,144.289,79.207
56.245,88.031,144.465,78.895
57.239,84.639,145.316,80.103
58.168,87.381,146.627,79.259
55.961,86.288,144.465,78.663
58.944,83.908,145.910,79.331
59.310,85.888,146.977,78.375
57.937,86.133,146.693,78.257
59.188,87.083,147.551,77.519
58.377,86.650,147.115,78.121
61.444,88.204,146.497,77.953
61.563,89.151,146.752,78.277
63.014,90.290,147.946,78.421
65.316,91.372,147.190,78.232
68.644,93.119,148.080,78.213
65.830,92.762,143.390,78.717
66.090,93.521,144.093,78.746
69.293,95.119,146.076,78.171
67.557,93.821,141.275,78.662
69.939,96.250,143.448,78.174
69.787,96.852,141.793,78.491
69.119,96.555,139.192,77.911
70.677,97.928,140.478,77.759
72.112,97.727,140.575,77.579
71.903,97.398,139.468,77.425
72.745,98.583,141.155,77.635
72.134,97.846,140.049,77.950
72.575,97.449,139.926,78.083
71.537,97.730,140.214,78.353
74.990,98.563,141.730,78.370
75.402,98.106,140.798,78.211
76.122,98.562,141.462,78.193
78.700,98.915,143.887,77.667
77.742,99.145,140.696,77.869
78.417,97.988,141.812,78.377
78.072,98.554,137.674,78.944
78.838,100.119,138.362,78.146
77.884,99.652,137.986,78.254
76.497,100.209,137.695,77.841
76.245,100.146,136.269,77.510
76.385,99.822,136.456,77.694
74.721,99.677,137.261,77.376
73.282,99.157,137.420,77.641
70.836,99.265,137.409,77.378
65.829,97.749,137.654,77.029
65.263,96.811,137.435,76.784
65.436,96.517,136.798,76.973
63.400,98.115,135.908,76.477
61.913,98.100,135.337,76.918
62.369,96.921,136.471,77.185
60.612,97.463,135.378,76.963
60.315,98.450,136.653,76.761
60.034,97.931,138.438,77.092
58.922,97.363,137.784,77.273
59.858,96.660,138.289,77.176
56.331,96.777,138.153,76.956
55.609,95.607,139.141,76.851
56.207,95.820,139.529,77.044
54.688,96.291,137.907,76.827
49.845,94.005,140.097,76.455
50.842,93.954,141.190,77.014
49.027,94.592,139.814,77.138
48.124,92.452,140.291,77.109
44.200,91.863,140.354,77.043
44.032,90.129,141.119,77.791
43.626,90.190,140.994,78.159
43.699,90.159,140.030,78.431
42.438,89.424,138.931,78.540
44.154,90.398,140.982,78.008
40.045,90.945,140.412,77.527
44.006,88.553,146.079,77.722
42.073,87.471,144.895,78.203
43.127,86.906,142.926,78.799
44.280,87.292,142.066,78.613
46.096,82.883,146.184,78.156
40.696,80.328,146.131,78.354
35.313,79.234,146.819,79.195
32.607,75.566,147.865,79.180
32.827,76.699,148.626,78.551
24.972,72.547,150.549,78.838
21.010,71.477,148.797,79.164
29.602,73.902,151.586,78.134
26.370,72.706,149.192,79.090
22.898,72.913,150.200,79.543
20.482,72.365,150.266,79.746
23.485,74.322,152.932,80.091
27.773,75.633,155.332,79.283
25.379,74.970,156.390,79.131
24.335,75.841,157.273,78.768
25.933,76.264,155.914,78.870
28.058,76.768,155.141,78.257
27.684,78.008,152.750,79.378
25.664,80.709,152.571,79.514
21.310,83.055,152.484,80.331
20.627,83.988,150.135,80.117
20.789,84.181,149.888,80.354
19.050,86.517,147.787,80.230
19.464,85.297,149.167,80.891
16.660,87.347,149.298,81.277
14.150,90.489,147.980,81.382
15.560,89.653,151.530,81.113
20.453,89.893,153.080,80.543
21.007,93.201,152.100,80.697
20.832,91.872,149.806,80.661
27.656,89.908,151.312,80.101
26.554,90.679,149.827,80.546
29.947,92.160,148.770,81.276
28.452,95.943,149.251,79.986
29.335,97.766,149.910,78.655
33.655,98.022,149.899,79.060
34.264,99.723,147.484,79.936
31.999,99.786,144.779,80.545
31.120,101.403,146.453,79.671
33.074,102.591,145.745,80.237
34.211,103.141,145.383,80.581
32.728,105.390,144.861,80.713
31.800,105.188,146.906,81.158
32.181,105.940,146.963,81.547
37.401,108.658,149.702,80.455
35.422,109.188,146.834,81.019
34.470,107.843,147.018,81.204
34.479,111.603,148.770,81.307
37.553,114.634,148.112,81.257
44.019,116.043,149.816,80.046
44.675,116.467,148.829,80.609
43.672,117.389,146.900,80.484
44.699,116.106,147.570,79.879
47.926,114.985,146.232,80.325
45.657,114.095,147.547,79.672
44.396,113.858,147.094,80.201
47.236,114.295,148.649,79.681
49.096,114.179,150.190,78.887
50.276,114.826,149.841,78.789
57.782,114.194,154.853,77.105
59.891,113.092,152.448,77.100
61.994,113.544,153.811,76.445
61.495,111.799,153.688,75.885
60.246,112.167,153.132,75.718
62.398,108.643,153.536,76.019
63.755,106.474,148.050,76.379
62.786,104.743,147.365,76.113
63.169,104.922,144.325,76.404
62.243,103.262,144.490,75.188
68.962,102.580,146.491,75.102
69.326,100.661,145.459,74.880
63.732,100.288,143.993,76.212
61.801,98.694,145.345,76.519
65.613,97.729,144.227,77.048
65.427,97.218,142.521,78.221
67.907,98.974,144.718,78.277
65.602,97.802,142.855,79.173
68.669,97.500,141.725,80.198
68.209,99.030,140.001,80.361
66.211,100.590,144.116,80.694
65.844,99.405,146.368,79.096
66.536,98.940,145.263,79.434
69.512,98.512,141.453,79.808
69.631,100.671,141.993,80.198
69.490,99.374,141.714,78.849
70.998,99.390,140.590,80.168
72.940,101.484,143.745,80.947
70.212,101.748,143.349,80.350
72.744,100.740,143.300,78.657
75.717,100.216,143.502,79.457
75.737,101.199,142.220,80.728
75.026,101.472,143.925,80.303
75.431,100.549,144.117,79.425
75.051,100.366,143.291,80.099
74.667,100.289,143.642,81.377
70.720,99.537,143.991,81.221
70.234,97.512,145.025,80.641
69.438,99.406,146.041,81.541
67.056,99.418,144.829,81.143
69.857,99.180,142.363,80.686
69.925,99.433,140.733,81.223
68.863,98.179,139.539,80.557
70.567,98.751,143.077,79.804
70.942,99.177,141.375,80.905
71.458,99.650,142.798,80.615
69.711,100.861,143.340,80.356
71.573,100.221,144.204,79.118
71.861,102.200,147.646,79.193
70.937,99.940,144.739,79.725
71.665,100.394,144.168,79.531
72.237,98.285,144.300,79.702
69.659,99.780,142.525,78.683
68.860,98.854,143.214,78.124
67.437,98.336,142.002,78.141
68.459,97.949,143.770,78.070
68.609,98.453,145.793,78.448
67.075,98.825,143.198,78.952
67.916,99.093,144.224,78.867
68.700,98.338,143.858,79.099
68.686,99.990,145.808,79.185
68.905,99.194,144.961,79.374
69.979,99.612,146.960,79.067
69.998,99.300,145.326,79.394
68.895,99.491,145.703,79.726
68.413,97.164,144.092,79.799
70.403,96.729,148.129,79.008
68.696,97.467,148.614,79.844
67.347,97.482,151.661,79.723
70.525,97.980,150.900,78.908
69.212,97.336,148.074,79.550
70.225,97.609,146.965,80.002
69.444,97.609,145.131,80.140
71.276,97.868,144.703,80.348
73.123,97.593,143.963,79.612
73.091,97.489,141.514,80.324
74.669,96.912,142.534,79.851
76.485,95.737,142.839,79.838
77.565,94.883,139.786,79.974
80.090,94.559,143.417,80.332
77.399,93.063,146.242,80.435
78.275,91.927,147.911,80.491
79.590,93.322,154.340,80.560
78.816,94.611,160.205,79.750
75.150,94.630,162.073,79.999
82.361,94.370,162.904,80.639
89.113,96.307,169.405,81.258
86.654,97.411,169.156,81.630
85.795,96.705,167.758,82.309
90.212,98.008,166.674,82.793
90.653,97.704,164.990,83.182
91.000,100.666,162.831,81.917
88.531,98.698,158.507,82.224
90.957,99.539,159.211,82.565
92.343,99.441,159.160,82.187
90.133,98.843,153.877,82.729
89.086,99.028,152.443,82.234
86.786,97.154,151.346,82.677
88.436,97.158,149.697,81.983
86.411,95.051,147.540,82.391
87.149,95.752,146.800,81.935
86.101,93.786,144.198,82.710
86.042,93.621,141.825,82.804
85.684,93.076,138.684,82.701
85.821,92.499,137.417,82.493
85.986,91.483,136.464,82.497
84.773,91.362,136.261,83.636
85.545,91.639,137.343,83.849
86.340,90.894,137.941,84.054
87.815,92.211,140.097,84.004
88.405,92.326,141.248,84.152
89.541,93.727,143.724,83.668
90.354,92.731,143.013,82.048
88.985,92.093,141.766,82.247
86.529,92.380,141.687,82.768
88.142,92.973,141.647,82.070
90.578,92.748,142.224,82.021
92.543,92.994,142.686,82.621
91.639,93.476,145.476,81.844
90.741,93.875,145.077,81.183
93.039,92.363,144.291,81.309
93.766,93.559,145.364,81.301
93.585,93.964,149.725,80.432
92.001,93.794,154.599,80.597
91.682,92.561,155.917,81.147
92.430,93.897,155.860,80.994
92.540,95.219,157.046,80.811
94.845,97.807,163.160,80.471
94.121,99.788,164.999,80.267
95.358,102.436,165.277,80.023
98.010,104.787,166.338,80.285
99.841,106.950,166.943,80.034
100.108,108.788,164.580,80.234
101.181,108.062,167.161,81.318
101.297,108.531,166.525,81.195
100.202,108.402,164.071,81.093
98.915,107.397,163.983,81.047
95.325,107.995,159.902,81.263
94.134,108.388,162.958,80.984
91.448,106.450,163.064,80.704
90.239,107.280,163.998,80.336
90.312,108.221,165.592,79.688
89.621,106.450,166.063,79.681
87.757,105.756,163.203,79.744
88.306,106.041,160.445,79.284
85.581,106.691,158.132,79.558
85.090,105.512,159.099,80.015
82.923,104.713,157.159,80.478
81.157,104.779,154.807,79.794
82.671,103.684,155.987,79.387
85.165,103.967,158.913,78.939
82.404,103.434,157.421,79.137
80.620,101.897,156.398,78.596
80.873,102.486,153.304,78.956
82.607,101.672,157.569,77.760
80.341,100.437,154.107,77.719
80.858,99.591,155.300,78.637
82.491,99.742,160.208,78.320
79.077,98.585,151.944,79.157
81.233,98.054,148.335,78.978
83.264,98.005,146.693,79.166
84.078,97.236,145.331,79.365
84.983,96.696,144.568,79.515
86.142,94.444,143.907,80.622
84.766,93.880,142.308,81.831
85.050,95.954,141.511,81.641
86.089,96.873,141.837,80.728
87.926,96.380,141.260,81.302
88.317,97.359,139.361,81.341
88.580,96.835,139.673,80.080
91.865,95.459,144.298,79.887
89.295,97.443,144.627,81.238
86.019,97.319,143.460,80.596
84.655,98.379,144.279,81.057
88.045,100.835,144.574,80.894
90.331,100.810,148.300,79.827
89.298,100.299,149.815,80.392
91.937,101.479,152.872,80.736
95.277,101.824,155.970,80.343
98.248,104.004,168.021,78.365
92.028,100.598,164.200,79.849
92.234,100.283,163.061,79.766
90.025,100.120,165.210,79.241
85.089,96.852,164.196,79.646
84.974,96.172,164.571,78.960
86.168,93.059,167.373,78.381
82.213,91.374,165.395,79.276
79.998,88.114,161.465,79.378
83.184,87.589,170.074,78.403
80.925,89.625,176.834,77.977
78.322,89.539,180.072,78.475
76.014,89.037,180.431,77.870
74.810,90.053,181.819,77.948
74.056,89.470,180.221,78.759
75.224,89.872,182.668,79.924
72.866,89.104,182.847,79.806
71.812,89.449,178.711,80.058
72.191,88.854,181.492,80.664
69.191,90.085,178.349,80.700
69.826,89.551,176.690,81.103
68.869,90.708,178.499,80.532
68.938,90.153,181.118,80.318
70.155,92.268,184.007,79.283
68.232,92.753,182.390,79.784
67.236,93.267,183.189,79.163
68.229,91.709,185.795,79.180
69.745,94.050,188.034,78.414
67.740,89.839,184.373,80.831
70.215,91.984,184.994,79.669
70.668,91.679,185.561,79.606
70.550,92.461,185.006,78.935
74.217,89.761,184.825,79.510
72.366,90.999,182.052,79.365
72.964,88.833,185.110,79.841
71.796,89.967,185.483,79.304
72.548,91.573,185.817,78.325
73.664,91.134,187.659,78.868
74.903,90.732,188.074,78.752
76.900,91.680,189.944,78.769
77.516,92.125,189.448,78.500
77.380,90.460,188.486,78.885
79.460,89.979,190.757,78.653
77.652,90.350,186.353,78.793
79.237,88.548,187.862,78.700
76.891,88.055,185.234,79.387
78.025,86.089,185.099,79.566
78.377,86.198,187.709,79.131
79.208,87.349,190.177,78.241
78.444,88.419,190.010,77.952
77.063,86.256,185.162,79.211
78.457,89.253,186.066,78.130
79.551,88.982,188.226,78.392
81.086,85.790,190.543,79.001
79.670,88.387,191.143,78.258
78.880,88.844,189.918,78.395
78.588,86.092,191.380,79.512
78.517,89.091,191.481,78.415
78.191,87.237,190.117,79.639
76.183,87.376,188.848,79.786
75.708,85.696,189.320,80.132
77.041,88.008,188.697,79.757
79.171,87.978,189.387,80.443
78.180,91.582,189.057,78.828
77.561,89.271,188.554,80.577
80.254,88.168,187.089,81.968
81.793,91.614,188.632,81.052
80.802,92.245,185.427,80.346
79.686,91.163,187.106,80.761
80.463,91.197,188.004,80.274
81.880,91.465,187.739,79.905
82.373,93.113,187.615,79.469
81.987,90.694,188.301,80.706
83.161,91.588,187.403,80.136
84.054,89.687,186.456,81.563
84.397,87.951,185.393,82.449
86.301,88.845,186.651,81.482
87.437,86.997,185.919,82.819
88.843,85.597,187.216,83.033
88.957,86.340,189.112,82.578
87.787,83.099,189.606,83.963
88.427,86.593,191.631,82.096
90.085,83.197,189.935,83.811
90.831,84.902,189.083,83.013
88.780,79.563,187.402,84.855
91.031,82.502,186.863,83.360
90.831,80.153,185.770,84.432
91.417,81.363,186.277,83.363
91.233,81.105,187.419,83.466
90.754,80.595,187.484,83.851
88.404,76.979,185.716,85.450
89.200,81.052,188.998,82.745
86.862,78.775,185.679,84.790
87.185,78.496,186.384,84.965
87.392,79.911,188.660,84.030
85.855,77.582,187.752,84.786
85.648,81.431,188.895,82.601
84.115,77.910,189.004,84.395
83.121,78.439,188.057,83.525
84.008,79.480,188.299,82.994
81.049,76.502,185.300,84.495
82.730,80.509,189.320,81.966
81.157,77.530,190.119,82.682
80.346,79.395,188.326,81.271
80.090,78.939,185.121,82.015
81.078,80.732,186.561,80.953
78.618,76.641,183.429,83.023
79.358,78.988,186.824,82.221
76.967,75.445,182.268,83.674
80.143,76.491,185.768,82.976
73.695,73.628,176.706,84.806
77.900,76.171,173.310,83.007
76.583,73.563,172.897,83.388
78.340,74.178,170.374,82.795
75.459,70.726,164.308,84.514
75.160,72.598,159.642,84.254
76.707,72.122,158.310,83.851
77.190,71.289,157.447,83.757
76.662,72.353,155.075,84.189
76.178,70.509,150.446,85.953
75.671,69.023,148.390,86.787
77.852,69.916,145.966,87.178
77.454,68.617,144.848,87.361
77.444,70.373,144.931,87.276
77.176,69.236,145.476,86.760
76.548,68.484,145.259,86.949
76.992,69.477,147.648,86.536
76.723,70.513,150.077,86.269
76.157,71.902,151.052,85.423
76.130,70.500,150.669,85.333
75.765,71.473,150.787,85.306
75.576,70.252,149.566,84.819
75.549,71.084,149.674,85.636
76.151,68.952,150.354,86.017
78.842,71.851,154.004,85.750
78.422,70.720,150.471,84.810
77.237,68.596,149.584,85.135
74.016,68.339,152.056,84.125
72.781,67.922,154.323,83.029
70.500,66.950,155.355,83.534
67.782,67.474,154.230,83.108
65.538,66.241,154.556,82.657
66.702,68.468,158.767,82.492
67.297,68.084,160.020,82.398
64.197,67.683,164.981,82.944
59.715,70.107,162.637,83.082
58.578,69.229,163.623,82.810
60.044,71.551,164.614,81.805
59.442,71.424,162.304,81.913
63.342,73.869,162.707,82.655
64.916,72.347,159.592,84.923
68.514,74.041,158.764,84.381
66.539,72.147,155.497,85.457
66.924,69.766,157.136,86.624
69.211,70.594,156.741,86.693
71.198,70.984,156.477,87.054
71.581,70.503,156.959,87.037
69.955,71.262,157.546,86.112
67.203,71.061,158.764,85.363
67.942,71.846,161.235,83.865
70.199,71.147,157.765,84.388
71.042,71.436,157.023,84.579
70.856,70.258,157.273,84.431
73.838,69.251,155.775,85.500
76.362,68.086,153.369,86.476
76.068,67.688,153.001,86.911
72.765,66.581,150.783,87.548
73.534,64.399,149.953,88.686
71.315,65.086,148.589,89.111
70.812,63.174,149.272,89.736
69.818,62.936,147.549,90.385
72.093,66.711,149.445,88.929
74.445,66.943,150.721,89.416
75.456,67.135,149.324,90.512
74.735,67.210,149.499,91.043
74.366,67.440,149.549,90.774
74.100,67.043,150.165,91.245
76.780,67.626,149.464,90.895
74.695,67.177,149.361,92.102
73.816,66.284,147.834,91.841
75.827,65.296,149.700,91.029
72.823,65.669,148.782,90.819
70.523,65.910,150.330,90.325
67.145,64.676,149.252,91.727
67.515,64.403,151.111,91.904
66.599,66.260,150.207,91.588
68.939,67.413,153.727,89.973
67.147,68.666,154.930,89.639
65.745,69.378,156.650,89.275
66.112,69.086,158.424,89.704
67.787,69.858,160.867,89.555
68.661,72.556,163.126,87.392
67.269,70.148,160.710,87.878
69.066,70.232,163.567,87.325
66.519,68.519,159.585,88.950
64.926,67.086,155.774,90.024
63.379,65.057,153.687,90.905
61.247,63.498,151.925,91.950
59.103,63.539,149.445,92.783
61.309,65.126,148.800,92.479
63.308,67.485,149.629,92.650
64.156,66.882,150.926,93.738
67.205,69.870,152.380,92.742
68.564,71.690,153.505,92.013
66.431,72.007,153.702,91.872
68.044,73.778,153.328,91.710
70.193,74.036,152.538,90.232
70.984,75.644,156.153,88.992
67.565,73.184,154.264,89.727
69.165,71.190,151.725,91.380
68.158,69.994,148.121,92.927
67.675,68.971,146.680,93.175
66.407,68.394,145.058,93.312
66.836,70.426,148.111,91.946
69.232,72.857,151.113,90.956
69.954,70.680,148.871,94.044
69.860,70.835,146.880,94.264
70.679,71.952,148.469,94.227
75.471,70.236,149.697,94.659
76.166,73.275,148.465,94.213
76.151,71.188,148.790,94.537
73.135,69.847,149.796,94.697
71.734,69.345,148.634,94.397
74.276,70.791,149.462,94.147
74.085,69.594,147.205,94.354
72.936,69.787,147.338,94.089
71.419,69.910,146.272,93.370
70.340,69.130,145.720,93.247
72.910,70.718,146.043,93.500
72.322,69.649,145.130,93.820
70.953,69.632,143.464,94.627
73.004,72.457,144.488,94.703
74.744,73.213,147.261,93.641
74.884,72.758,143.671,93.804
74.702,71.660,143.607,94.253
71.028,71.322,142.723,94.726
70.950,71.920,143.002,94.273
70.683,71.281,144.018,94.536
69.424,72.569,144.376,94.062
69.057,73.162,145.226,93.170
68.541,73.946,144.327,92.733
69.305,74.187,143.926,92.004
73.146,75.018,142.308,92.159
72.530,73.056,143.158,91.638
73.256,74.372,141.717,92.308
74.707,75.984,141.107,91.591
76.526,76.613,141.008,91.438
75.355,76.519,141.161,91.595
74.860,76.140,142.078,91.213
75.067,75.052,141.786,91.495
74.563,76.386,142.601,91.477
70.494,77.042,143.004,90.492
69.253,74.496,143.839,89.483
71.177,76.471,142.450,90.420
73.374,76.559,142.133,89.709
74.413,77.472,141.098,88.991
75.121,76.110,141.819,88.356
76.371,76.267,140.689,88.893
75.790,78.687,140.292,90.348
73.934,77.378,141.035,89.772
81.481,78.204,141.115,90.687
85.262,78.727,141.725,89.020
85.214,76.780,141.641,91.124
85.303,78.081,141.180,91.531
85.004,77.068,141.307,91.455
84.355,77.589,139.600,92.204
86.426,76.422,140.742,91.642
83.724,78.040,140.191,93.484
82.571,78.785,140.244,93.798
84.809,79.592,141.501,93.527
91.155,79.469,140.466,93.342
92.358,82.912,140.230,93.937
89.092,85.014,141.259,94.107
88.419,81.414,141.166,93.038
89.813,84.529,140.838,93.545
89.439,84.061,141.686,92.761
87.642,82.968,142.118,94.369
86.400,81.093,141.780,94.037
88.852,80.268,143.070,94.312
86.329,82.073,143.806,94.626
82.295,79.981,144.851,92.459
80.620,77.415,144.807,91.758
79.838,77.999,145.086,92.177
80.968,77.550,146.661,92.621
78.907,78.845,147.694,93.796
78.201,75.882,147.872,94.268
78.970,76.526,150.515,94.017
79.546,77.089,149.966,94.382
78.396,77.891,149.728,93.735
78.173,78.823,150.546,93.341
77.214,76.251,149.400,93.834
76.775,76.878,147.683,94.968
77.489,77.731,149.386,92.937
76.275,76.173,148.886,93.871
76.447,76.339,148.846,92.775
76.382,76.467,146.346,94.570
73.994,75.546,147.626,93.958
74.870,75.273,148.044,94.839
73.413,75.245,148.323,94.513
70.904,74.056,147.780,95.303
69.830,74.420,147.657,95.072
68.972,74.214,148.441,94.226
69.254,74.817,148.047,93.746
68.953,75.557,148.743,93.813
68.798,76.752,148.756,93.284
69.415,77.627,150.060,94.070
69.641,76.522,148.353,96.011
67.848,77.807,148.587,96.326
67.341,78.533,148.633,96.260
67.085,79.166,148.834,96.462
66.455,80.738,149.994,96.226
65.818,79.042,148.807,97.954
67.348,82.542,154.651,97.064
66.934,81.886,155.713,97.517
64.473,82.471,158.809,96.347
63.520,83.276,160.638,95.995
61.080,84.591,162.220,95.516
58.776,84.072,165.715,95.642
50.916,83.816,166.443,97.142
47.784,85.782,166.938,97.834
46.278,85.644,172.574,95.905
45.264,84.942,173.022,95.220
43.286,84.817,175.224,95.326
43.608,82.492,169.355,98.975
45.662,86.438,167.337,99.119
50.775,82.201,165.557,98.796
50.975,82.425,165.702,99.602
49.351,83.436,168.030,97.838
50.387,81.994,167.768,98.476
51.479,79.570,174.560,95.773
36.539,74.216,174.226,99.349
33.446,76.960,172.908,100.042
32.406,73.461,171.167,99.109
30.202,71.157,168.510,100.191
32.284,73.637,168.052,98.741
32.135,72.622,167.567,98.807
31.247,72.395,168.204,99.447
36.988,77.123,170.442,98.333
42.307,78.772,167.453,97.527
40.594,76.265,167.533,98.943
35.863,73.357,168.735,97.894
40.573,73.046,167.305,99.315
42.045,73.109,168.316,98.639
37.325,70.739,170.695,98.184
36.809,67.639,167.007,99.492
49.462,68.960,169.995,98.630
49.337,70.584,171.645,99.663
54.590,65.391,171.935,98.320
59.197,63.394,171.752,98.849
57.674,67.044,170.677,101.125
59.840,63.454,176.026,98.727
63.698,60.835,172.878,102.171
71.350,65.593,176.190,101.505
66.192,62.680,176.430,102.202
58.779,60.648,173.823,104.323
64.524,63.871,173.575,103.564
67.085,65.767,178.309,101.989
61.951,63.868,173.769,104.354
62.879,69.448,176.512,101.422
63.184,69.516,173.296,101.195
70.124,71.010,176.302,100.747
68.058,71.733,169.661,101.806
70.755,70.002,167.868,101.789
73.370,70.102,166.110,102.938
73.631,71.158,164.633,105.083
75.054,76.009,166.559,104.065
78.669,73.374,167.176,102.487
76.269,72.147,167.695,103.393
73.234,71.352,169.809,103.680
79.188,71.769,171.654,100.996
69.354,67.830,169.376,103.063
66.765,71.906,171.127,101.367
66.158,69.060,169.168,99.252
59.671,68.474,167.253,100.624
60.313,66.027,167.264,99.023
61.288,66.384,169.929,100.303
47.006,65.021,167.654,103.645
42.524,65.608,163.885,104.220
48.020,64.156,162.390,103.424
51.224,67.245,160.655,104.781
54.153,67.091,160.492,103.730
56.274,67.620,161.568,101.821
57.575,66.898,161.064,102.818
60.589,75.027,160.168,101.224
60.522,71.833,165.618,99.807
60.614,74.935,165.884,101.121
62.047,78.871,165.769,101.339
62.643,80.604,167.654,101.006
64.252,83.893,170.491,99.757
64.463,84.213,175.067,98.550
64.171,82.371,179.930,96.689
57.944,82.066,174.396,99.473
58.573,85.533,173.028,98.999
63.216,82.603,175.189,99.210
70.516,81.911,176.567,99.523
69.089,83.010,175.672,99.667
69.750,83.410,179.193,99.710
72.392,78.578,181.273,98.582
74.173,75.198,181.906,99.240
80.458,75.122,187.946,99.144
78.163,74.829,193.101,100.487
74.424,77.749,192.374,99.447
72.445,75.021,195.622,97.534
74.701,72.542,195.645,97.619
70.712,72.197,194.690,98.727
67.604,71.394,196.230,97.722
65.086,71.315,198.145,97.910
62.042,72.313,199.927,98.005
62.393,72.935,197.634,98.284
64.793,70.438,193.347,100.038
70.625,67.209,188.485,98.655
69.017,66.467,180.365,100.487
73.249,73.292,185.779,99.040
77.033,72.002,184.197,96.553
78.167,68.326,182.101,97.058
78.849,69.549,178.969,98.446
86.030,68.987,179.555,97.904
87.449,68.268,179.331,98.161
83.849,65.062,174.434,100.414
84.056,65.248,177.937,99.358
80.173,64.577,175.812,100.396
80.753,60.532,176.653,99.549
81.100,60.287,180.273,101.542
79.288,61.033,183.029,100.524
85.768,60.822,192.133,98.840
84.199,59.023,192.443,99.596
81.276,56.987,193.823,99.685
80.830,59.374,198.679,99.441
83.710,56.892,196.466,101.198
85.509,55.692,197.582,101.150
83.728,55.284,199.705,100.309
87.058,57.282,203.936,100.280
85.419,55.185,198.673,101.729
89.784,53.839,193.129,103.763
91.171,56.267,199.011,102.063
87.044,56.584,205.922,101.880
87.168,59.549,210.480,101.689
86.540,57.797,207.731,103.133
87.196,60.388,209.604,101.845
85.137,60.094,208.087,103.759
83.589,61.054,210.225,103.630
84.296,63.713,213.108,103.469
83.554,63.705,208.182,103.952
79.818,65.098,205.308,103.186
73.531,60.749,199.000,105.487
76.235,62.930,196.287,105.739
79.233,65.472,198.181,104.501
74.376,63.960,197.461,102.871
75.076,66.642,199.648,101.980
78.629,69.095,206.725,101.270
80.509,68.094,206.103,101.331
72.424,68.739,203.114,101.673
73.339,68.429,205.971,101.801
77.815,66.586,206.898,102.410
75.626,66.433,202.724,102.651
76.072,65.186,200.378,102.563
79.884,66.701,201.903,101.277
79.436,63.566,204.233,103.597
85.293,64.490,208.221,103.115
83.807,65.250,207.206,102.734
80.773,64.130,203.530,102.877
84.272,66.275,208.501,101.360
85.338,65.692,204.891,101.710
83.937,64.347,201.907,103.160
86.091,69.452,203.872,103.152
91.882,67.774,205.765,102.103
98.787,72.623,208.299,98.658
95.313,74.081,204.866,100.050
89.670,69.244,204.019,102.219
95.806,73.116,209.315,98.985
97.462,72.628,210.204,98.260
95.085,70.497,206.747,101.008
96.942,69.217,203.315,100.633
97.562,68.354,204.392,100.953
102.132,68.370,207.532,101.497
98.057,64.248,198.214,105.207
97.338,59.688,190.403,107.218
114.781,63.252,199.738,106.737
117.161,63.272,201.968,106.638
115.714,61.631,199.508,106.712
121.872,65.823,200.806,106.406
125.539,61.667,197.246,107.820
125.415,61.692,196.642,108.770
127.556,61.354,194.249,110.277
129.554,62.807,192.712,110.143
130.261,61.778,192.330,110.567
137.495,58.330,186.904,111.623
139.534,55.353,182.827,114.025
143.452,53.383,179.141,114.570
145.875,50.892,176.794,114.906
145.667,48.582,175.544,114.465
149.111,47.413,172.825,115.232
151.103,46.835,170.500,115.220
154.675,48.122,167.761,114.522
157.988,47.771,165.346,114.144
164.770,46.833,159.941,115.015
168.831,46.852,155.069,114.775
170.030,46.849,152.070,115.387
172.581,48.736,150.172,114.561
174.738,50.025,148.661,113.632
177.921,48.043,144.336,114.269
180.742,46.762,141.254,114.616
182.122,45.568,139.384,114.831
186.420,43.687,135.825,114.612
191.051,42.203,131.849,116.596
193.526,40.124,129.684,117.325
192.446,43.445,130.002,116.123
195.058,37.242,127.700,118.211
197.416,42.000,126.144,116.548
199.047,42.403,124.443,116.238
200.469,38.945,123.080,118.282
200.996,40.832,121.378,118.031
204.519,39.381,118.993,119.574
206.158,37.143,117.364,122.328
206.217,40.054,117.318,122.392
206.422,41.984,117.113,121.425
207.459,40.388,116.122,122.288
206.043,42.836,116.613,120.092
207.912,43.521,115.472,119.801
207.938,42.295,115.276,120.209
203.546,44.432,118.692,118.970
197.486,40.912,122.634,120.081
194.415,40.156,126.578,119.808
189.731,37.014,130.920,120.060
187.103,36.896,133.647,120.476
183.872,38.275,137.311,119.154
178.520,35.133,141.846,120.552
173.796,37.269,146.573,121.839
170.945,37.639,149.133,122.991
168.033,39.493,152.495,125.153
161.513,40.888,158.981,123.291
155.287,42.536,164.715,122.823
150.928,47.040,169.061,121.279
140.216,42.375,173.942,120.682
133.160,43.651,180.864,119.947
126.567,42.326,184.989,120.563
117.535,43.536,188.678,121.236
103.973,42.774,187.736,120.831
96.482,42.541,191.058,119.756
84.737,41.218,191.518,119.202
85.821,42.183,196.018,119.702
63.663,42.083,203.594,120.365
58.601,46.435,208.162,118.197
46.506,47.362,213.977,118.030
25.743,42.680,214.103,120.235
13.823,43.406,224.636,120.842
5.641,43.160,229.715,122.169
3.785,39.373,228.703,124.556
0.051,38.874,220.749,127.994
0.284,38.083,215.922,128.649
0.000,35.452,212.997,130.603
0.000,37.134,205.975,132.597
0.383,34.507,200.822,134.289
0.000,36.139,196.335,136.998
0.000,37.831,192.624,138.841
0.000,39.407,189.538,140.993
0.000,42.460,186.076,141.129
0.000,46.090,181.494,140.680
0.000,46.819,178.836,140.396
0.000,47.915,178.553,139.449
0.000,50.017,175.851,139.052
0.000,50.544,172.970,138.468
0.000,49.401,169.862,140.593
0.000,46.546,165.863,142.556
0.000,44.979,161.201,142.257
0.400,44.939,159.063,142.033
0.204,44.175,157.025,142.667
1.129,43.655,156.541,142.273
1.917,41.213,158.870,143.317
1.731,40.902,162.182,144.061
0.000,40.987,164.413,143.225
1.360,41.715,167.850,143.703
3.418,46.229,176.508,141.289
2.173,48.559,183.052,140.595
2.110,48.972,190.496,140.583
1.621,49.106,196.822,141.501
1.508,50.019,203.044,139.092
1.765,48.815,206.053,139.540
2.183,50.265,206.830,138.484
1.249,48.709,203.565,139.313
0.259,45.400,198.182,139.495
2.316,45.169,202.818,137.622
0.000,42.224,191.633,140.710
0.000,40.479,187.795,140.895
0.000,38.232,184.302,139.129
0.000,37.183,174.990,139.457
0.000,34.817,172.887,136.122
0.000,38.514,168.344,132.454
0.000,36.090,167.235,125.318
0.000,41.458,166.304,126.762
0.000,38.705,168.303,125.651
0.000,38.787,168.245,126.970
0.000,37.982,168.279,125.130
0.000,37.389,166.716,126.347
0.000,36.877,165.721,126.202
0.000,36.328,162.843,128.030
0.000,33.130,161.500,127.973
0.000,31.669,162.124,128.064
0.000,33.783,160.054,129.749
0.000,30.966,158.852,129.362
0.000,32.564,157.821,132.945
0.000,30.690,158.026,133.967
0.000,32.012,155.524,134.563
0.000,31.467,154.793,135.366
0.000,30.415,155.684,137.257
0.000,33.248,151.031,140.296
0.000,32.436,148.425,139.925
0.000,33.163,146.223,139.593
0.000,35.040,146.352,137.476
0.000,34.543,147.245,137.066
0.000,36.640,145.176,138.344
0.000,32.408,143.854,137.443
0.000,33.656,143.346,135.880
0.000,31.920,145.463,134.403
0.000,31.643,146.770,131.560
0.000,33.223,147.194,127.428
0.000,33.230,149.644,125.012
0.000,35.249,150.887,126.150
0.000,35.861,151.044,126.116
0.000,37.685,151.636,127.023
0.000,38.480,152.310,126.932
0.000,38.768,153.153,128.012
0.000,38.951,154.133,128.113
0.000,37.464,156.289,125.253
0.000,39.651,156.053,131.132
1.017,39.690,157.027,133.292
0.475,36.685,159.842,133.755
0.742,38.038,158.743,134.640
0.016,39.412,159.909,135.542
0.000,39.616,162.483,136.116
0.025,38.321,165.708,137.925
0.000,37.642,165.432,139.333
0.000,38.653,165.728,140.527
0.000,37.991,166.445,141.165
0.111,38.791,168.195,141.995
0.000,38.611,164.875,143.039
0.000,36.569,166.463,140.557
0.000,40.004,163.911,143.586
0.000,35.792,164.588,142.140
0.000,36.717,160.495,145.160
0.000,36.477,161.353,144.931
0.000,34.487,161.653,141.580
0.000,38.585,156.929,144.753
0.000,35.957,156.696,144.713
0.000,37.435,153.261,143.574
0.000,34.000,151.989,140.910
0.000,37.369,150.535,142.558
0.000,35.139,150.350,142.136
0.000,34.745,150.146,140.782
0.000,38.711,148.681,136.766
0.000,37.035,149.637,135.696
0.000,38.284,149.867,132.351
0.243,38.134,149.286,129.402
