861.000,331.000,18.000,29.000
864.004,333.007,18.493,28.527
861.527,333.183,18.546,28.092
861.794,334.464,18.020,28.287
862.544,335.189,17.878,27.891
862.529,335.046,18.198,27.978
861.616,333.527,18.317,28.061
860.404,332.865,18.196,28.135
860.312,333.479,18.601,28.055
861.202,333.493,18.957,28.611
861.322,333.802,18.867,28.690
861.066,333.469,19.436,28.185
862.116,332.966,19.325,28.098
861.610,332.865,19.082,29.008
861.453,331.875,18.641,29.325
862.860,332.027,19.063,28.895
861.349,331.665,19.909,28.387
861.152,331.843,19.407,28.612
863.585,332.584,19.496,29.567
861.318,332.478,19.966,28.822
859.153,330.787,20.256,28.717
861.423,330.719,20.320,29.084
860.793,331.250,20.611,29.686
859.283,330.388,20.850,30.126
861.103,331.203,20.919,30.303
862.408,331.816,20.268,30.179
859.490,331.030,20.476,29.995
858.229,330.598,20.822,29.719
860.008,332.147,20.539,29.789
861.540,332.089,20.420,30.084
858.417,331.394,20.636,30.135
857.691,330.707,20.529,31.013
859.211,332.461,20.725,30.570
857.620,332.498,20.519,30.658
856.811,332.902,20.885,30.640
856.041,332.777,21.059,30.816
856.640,331.954,21.036,30.567
856.544,332.320,21.180,30.974
855.128,332.248,21.331,31.124
855.681,332.126,21.184,31.584
857.101,332.530,21.689,31.717
854.245,331.948,22.008,31.726
853.436,330.160,22.051,32.029
855.598,330.995,21.565,32.413
853.980,331.138,21.523,32.775
853.347,330.411,21.605,32.969
854.327,330.425,21.711,33.132
855.115,332.593,21.797,32.793
853.525,332.586,22.278,32.592
852.293,333.335,22.887,32.201
851.721,332.560,22.854,32.205
852.994,332.693,22.256,32.799
852.301,332.168,22.497,33.119
849.365,331.737,23.063,33.149
851.758,332.942,23.026,33.337
852.983,334.129,23.071,33.428
849.458,333.645,23.334,33.223
848.407,332.673,22.701,33.734
850.188,331.480,22.291,34.142
851.059,331.399,22.220,34.165
848.020,331.411,22.386,33.446
846.511,330.807,22.955,33.481
849.163,330.882,23.008,33.806
847.412,330.398,23.133,34.158
846.851,328.747,23.362,34.603
848.092,329.473,23.204,34.705
846.816,329.331,23.734,35.121
846.648,327.396,24.086,35.245
846.478,325.686,24.191,36.373
846.368,325.644,24.424,36.666
846.514,325.962,24.499,36.796
845.304,325.277,23.951,35.945
846.226,325.398,23.474,35.720
846.954,326.419,23.626,35.766
846.975,326.886,23.361,35.621
847.623,326.331,23.501,35.375
847.325,326.409,23.989,35.242
847.032,326.474,24.192,35.367
847.132,326.480,24.061,36.136
847.063,325.719,24.409,36.127
846.605,325.437,24.513,36.394
847.078,325.381,24.070,36.814
845.938,326.040,24.431,36.569
844.967,325.663,24.306,36.909
844.593,325.284,24.576,37.752
843.687,324.848,25.590,37.390
842.336,325.787,26.419,37.490
842.641,325.453,26.606,37.933
841.924,325.394,26.853,38.153
841.448,324.173,26.818,38.606
841.093,325.865,26.515,39.400
841.146,324.663,26.965,39.602
840.334,326.015,27.379,39.689
840.599,325.247,27.338,40.082
840.054,324.982,27.027,40.169
839.014,324.185,27.185,39.832
839.389,323.946,27.254,39.630
838.809,324.648,27.152,39.796
838.543,324.219,27.091,40.340
837.650,324.301,27.979,39.866
839.322,323.156,27.875,40.410
839.966,323.218,27.799,40.974
837.978,322.702,28.207,41.007
837.364,322.722,28.039,41.387
838.981,324.581,27.509,42.090
838.304,323.622,27.703,42.239
837.240,324.486,27.908,42.414
836.717,324.116,28.392,42.575
838.156,323.525,29.028,42.809
837.713,323.922,29.594,42.789
835.598,322.389,29.353,43.128
836.360,322.599,29.149,43.478
835.882,323.614,29.238,43.500
836.996,323.721,29.391,43.263
836.513,322.957,30.339,42.772
835.464,321.574,31.330,42.791
836.479,323.465,31.569,43.478
836.755,322.206,32.050,43.684
836.513,321.321,32.678,43.600
836.982,321.897,32.824,43.939
837.536,320.048,33.603,44.235
837.309,318.589,34.103,44.147
838.918,318.313,33.521,44.293
839.534,318.761,33.554,44.370
839.206,319.215,33.094,45.652
840.407,320.430,32.949,45.791
840.376,320.908,33.431,45.884
841.054,323.406,34.114,46.755
841.006,323.480,34.247,46.710
843.486,324.385,34.428,47.694
840.606,322.197,34.277,48.195
839.923,322.994,34.442,48.610
841.716,322.060,34.509,49.171
842.967,321.178,35.072,49.602
842.186,322.656,35.524,50.423
841.744,320.889,36.336,50.691
841.636,319.464,37.013,50.840
842.003,319.852,37.378,51.499
841.786,319.915,37.693,51.275
841.053,319.693,37.628,51.660
840.319,319.859,38.196,51.613
839.600,319.384,38.022,52.085
839.409,319.306,38.118,52.202
839.894,321.455,38.345,52.405
838.349,320.467,37.540,52.693
838.283,319.030,37.784,53.401
837.581,319.654,38.878,53.196
837.363,319.848,38.906,53.757
837.190,320.038,39.816,54.354
835.080,320.531,40.131,54.548
834.803,320.467,40.676,54.724
835.413,319.960,40.843,55.040
835.153,320.135,41.320,55.042
834.815,319.950,42.110,55.188
833.819,318.455,43.342,54.638
833.953,318.479,43.727,55.398
834.045,317.959,44.042,55.733
834.020,318.094,45.116,55.856
833.639,316.954,45.754,56.118
833.338,315.631,45.975,56.559
834.040,316.101,46.579,56.325
831.114,314.950,46.032,56.836
829.633,314.954,46.674,56.369
830.127,315.804,46.910,56.430
829.240,316.187,47.713,56.127
828.471,315.673,47.398,56.259
829.347,316.070,46.002,57.096
830.593,315.243,46.270,57.761
829.822,315.107,46.550,58.322
827.993,314.508,46.945,58.720
827.111,315.234,46.925,59.434
826.727,314.693,48.328,60.162
827.715,315.489,49.566,59.291
826.189,313.464,49.910,61.160
828.553,312.630,49.352,62.631
829.689,314.607,49.578,63.998
827.094,314.584,49.507,64.379
826.818,312.357,49.771,65.862
825.268,311.213,50.290,67.556
825.199,312.476,51.227,67.976
826.417,314.976,52.165,67.119
826.675,313.754,53.775,67.323
825.175,312.879,54.264,68.087
827.462,315.311,55.386,67.027
829.986,314.876,55.304,68.848
830.049,313.051,56.835,70.923
830.113,311.317,57.954,71.716
829.603,312.372,59.812,71.000
827.735,313.940,59.640,70.539
825.183,312.806,59.824,70.654
820.298,314.142,59.502,71.219
819.795,314.445,59.250,72.893
818.763,313.918,60.669,73.988
808.570,310.478,60.382,75.178
804.732,302.610,60.468,77.692
815.287,305.401,60.596,77.994
814.894,298.962,60.500,79.231
814.719,293.224,61.600,80.031
815.802,293.652,61.900,80.959
821.061,294.071,61.670,83.760
818.363,290.521,62.703,86.102
820.013,291.275,63.830,88.129
822.969,295.767,65.070,88.936
823.109,293.883,65.275,90.912
811.943,295.941,65.208,93.157
808.043,295.578,67.147,94.012
817.435,296.026,68.580,95.667
816.608,292.828,71.481,96.931
819.602,293.882,72.673,98.084
807.091,291.595,74.347,99.390
804.137,291.517,76.005,99.746
809.026,294.218,75.780,101.840
809.120,292.098,78.890,102.532
809.189,289.047,80.551,104.129
815.463,289.943,82.293,106.070
806.275,288.802,82.695,107.816
795.793,281.904,82.769,110.552
809.220,281.882,82.866,111.546
804.634,278.177,85.536,113.746
794.416,270.245,85.567,116.989
801.348,277.920,87.719,115.926
792.702,274.863,87.089,117.006
784.865,270.766,87.898,118.117
787.804,276.118,89.041,117.111
787.406,275.067,91.392,116.984
772.413,276.938,91.400,115.125
777.440,281.826,92.111,113.656
775.271,277.954,93.799,116.090
759.554,277.343,95.220,117.315
764.504,278.688,95.054,118.936
758.813,280.568,97.167,120.204
757.429,278.458,98.384,123.293
756.352,277.547,98.476,128.346
749.012,279.256,99.609,130.708
746.611,277.612,101.762,134.419
744.179,283.002,103.651,135.361
735.359,283.782,107.117,134.972
734.937,284.747,109.298,136.103
735.321,279.776,108.212,142.248
729.219,280.358,111.013,145.726
725.790,270.833,110.710,156.045
725.811,268.469,110.886,160.664
732.553,262.730,108.681,166.521
731.428,257.115,112.063,165.947
726.685,250.654,120.173,159.851
716.116,250.543,120.303,160.936
715.205,254.092,119.355,157.405
713.180,247.627,117.906,151.879
702.769,249.236,115.281,145.645
690.143,246.268,110.060,136.706
