586.000,417.000,75.000,82.000
580.256,413.827,72.812,82.006
576.058,409.183,69.289,86.016
566.868,404.082,69.550,88.615
554.448,400.463,73.014,88.489
542.067,402.964,86.290,84.462
535.924,404.962,95.536,81.234
530.363,405.336,94.342,80.145
526.777,405.335,88.146,79.730
526.188,401.499,79.660,82.276
528.821,396.075,74.393,81.608
530.864,390.566,73.904,87.241
534.272,387.895,78.133,89.254
534.821,381.700,89.686,82.705
538.872,384.349,100.391,79.728
541.514,379.585,106.799,76.840
546.958,373.260,99.419,77.562
552.890,368.431,88.057,79.094
562.845,361.261,81.000,78.391
567.716,356.891,80.227,84.421
568.278,352.432,85.007,88.735
567.983,352.699,96.612,84.482
564.237,357.778,104.521,83.971
556.565,360.424,109.958,79.717
552.294,363.096,102.492,81.553
543.854,364.167,89.749,83.130
536.616,362.609,79.079,84.099
529.356,358.728,70.258,87.660
522.177,354.172,65.610,89.788
513.196,353.994,66.848,90.006
504.946,353.189,75.154,85.619
501.387,357.323,86.834,80.878
503.118,351.743,89.537,76.661
510.971,350.778,81.180,79.302
516.577,347.590,72.167,78.333
523.046,345.654,64.335,80.167
529.872,340.383,58.449,82.417
534.037,333.840,57.478,80.276
541.883,320.400,58.413,84.981
546.461,327.564,59.286,80.214
553.667,333.038,62.268,71.073
564.083,332.852,60.354,76.294
565.068,329.915,58.693,76.259
555.818,321.202,57.293,72.335
539.680,311.324,55.873,68.671
518.215,312.582,53.903,77.661
497.713,299.210,52.548,89.449
477.319,292.598,52.297,95.013
457.617,291.419,52.872,94.340
433.780,290.163,55.841,91.757
423.375,276.930,62.319,98.066
405.394,292.221,61.312,93.561
405.662,287.650,64.969,83.441
411.019,291.814,66.620,80.914
421.874,286.238,69.099,84.806
441.080,278.330,69.216,84.999
463.097,281.723,72.220,88.554
483.076,285.549,76.348,87.192
502.391,297.804,83.863,85.776
522.497,306.142,93.959,76.508
550.912,315.749,95.328,77.101
572.749,317.839,95.156,79.479
592.627,312.721,93.471,84.034
610.240,312.063,91.177,89.563
600.192,309.026,98.716,86.458
587.224,309.619,100.896,85.704
573.744,314.642,102.518,82.772
546.054,322.839,110.699,81.332
529.583,323.879,117.265,76.572
514.916,317.080,123.067,73.866
505.147,305.661,119.084,75.846
507.911,274.749,111.710,93.601
506.867,267.445,106.394,101.811
516.231,269.080,106.433,104.038
526.618,264.212,114.399,98.106
546.651,270.719,117.562,93.270
563.341,281.123,125.336,85.982
582.158,279.084,132.020,85.544
602.955,273.785,135.508,87.587
621.766,268.837,136.710,86.919
636.695,260.316,137.851,86.373
641.857,255.761,141.087,89.371
636.414,252.836,146.829,93.668
630.991,251.593,148.899,92.084
620.005,257.770,151.672,94.024
602.017,260.228,153.684,88.894
590.267,260.865,154.325,88.339
579.392,260.306,150.826,89.012
569.391,252.146,145.372,91.113
560.601,246.144,141.424,93.558
557.436,241.002,141.527,95.705
562.935,239.026,142.725,97.427
580.846,236.670,141.378,97.138
597.429,244.261,144.038,95.650
616.213,250.042,151.740,89.808
651.765,246.702,146.419,91.498
685.353,244.848,138.707,92.513
710.690,237.564,135.932,92.517
736.796,235.154,133.119,96.810
755.480,235.221,139.583,98.743
785.001,233.485,142.171,96.570
805.873,240.753,143.159,98.500
814.169,253.134,152.178,92.882
813.115,262.336,157.653,96.360
804.012,267.433,161.168,93.269
795.440,267.003,160.130,93.788
790.749,262.680,153.521,96.741
772.742,259.379,156.990,95.981
746.831,257.539,169.095,95.685
735.951,258.922,171.940,95.806
721.723,262.068,173.690,94.294
694.306,268.473,186.459,89.327
701.571,271.690,177.513,91.208
713.973,268.425,162.004,92.612
725.039,259.341,146.155,94.083
727.879,252.851,141.135,95.512
728.105,247.845,148.541,92.998
728.563,245.563,162.628,94.594
742.948,249.230,172.964,95.379
751.165,250.071,187.977,95.213
755.759,261.871,206.472,93.016
780.568,266.638,211.369,93.832
811.196,268.630,203.138,93.148
836.657,266.279,193.885,91.543
860.733,258.019,188.064,96.683
877.206,254.474,188.157,97.515
901.306,257.234,186.873,104.635
915.024,261.847,193.965,105.699
918.776,274.058,204.295,103.514
931.492,289.634,208.217,103.116
914.820,307.195,220.259,93.975
923.285,324.518,210.747,93.859
927.531,332.406,203.714,95.520
939.678,327.326,192.617,101.229
935.680,299.492,183.584,109.421
911.620,299.958,171.865,109.411
876.304,286.399,169.482,110.276
864.520,270.109,174.164,107.276
836.727,258.425,181.561,107.255
803.629,244.954,194.117,105.854
777.123,238.855,200.893,100.180
764.976,219.776,188.318,101.290
754.758,182.040,169.394,112.838
742.481,171.659,150.261,117.313
722.681,173.492,139.906,111.568
694.963,165.273,137.776,106.498
668.636,156.984,143.636,107.667
650.697,156.758,153.986,108.789
645.832,157.305,162.601,109.674
662.982,166.983,172.952,105.331
702.196,183.824,172.715,103.177
743.456,182.351,169.337,111.430
801.371,188.857,156.488,118.758
853.046,215.033,144.518,115.939
893.858,232.064,141.983,104.464
920.614,236.517,144.653,101.338
938.667,240.852,154.750,100.437
958.852,242.371,159.440,102.730
974.646,243.547,162.720,99.525
985.049,246.482,163.766,93.374
982.420,248.568,167.521,86.722
976.198,254.001,168.501,80.039
979.508,257.939,164.790,74.936
982.125,260.114,147.575,75.431
980.655,266.235,130.002,79.636
965.230,260.126,120.096,80.812
951.735,259.676,120.177,78.852
931.616,262.188,125.790,74.260
920.202,264.196,129.098,73.656
916.030,270.744,129.158,80.481
926.224,272.745,114.078,101.846
903.301,222.683,107.832,114.444
890.058,237.399,121.303,109.756
869.746,267.679,135.460,91.847
859.611,275.125,135.180,83.491
861.458,284.703,128.326,79.534
854.838,286.730,124.983,75.728
851.781,294.489,121.984,71.423
859.715,295.689,116.156,70.182
870.246,295.930,111.425,69.414
881.468,296.697,109.734,68.097
894.711,299.725,115.213,64.777
904.954,304.891,123.381,63.186
923.449,313.025,126.653,60.783
947.409,318.670,125.429,58.519
962.066,324.922,120.565,58.683
977.295,327.439,114.693,59.137
983.282,325.091,110.341,60.299
981.693,324.202,110.060,61.351
972.276,324.257,113.992,61.282
961.712,325.750,115.812,60.778
944.275,325.727,118.115,60.319
916.071,330.347,124.956,58.889
883.543,337.006,132.571,56.494
859.355,343.432,135.082,53.112
832.670,348.604,135.003,51.975
812.598,351.559,128.732,54.921
791.670,351.887,126.415,51.907
776.157,350.828,122.549,53.983
764.927,346.613,122.106,56.720
757.063,346.686,124.012,57.967
762.274,344.581,122.834,58.583
757.601,350.895,126.387,57.739
759.028,355.775,130.123,56.491
762.912,363.820,131.502,57.270
769.901,367.678,130.579,55.370
775.301,373.451,126.734,56.029
792.951,375.529,116.165,59.899
798.858,373.054,105.833,62.448
798.327,372.606,102.375,61.972
790.850,369.944,107.735,60.149
776.346,368.783,117.280,59.319
765.555,367.122,124.278,56.863
748.294,367.440,128.327,56.115
732.032,372.607,130.941,55.395
717.689,377.668,129.661,55.968
704.447,381.234,130.051,54.532
692.162,385.593,126.960,55.118
678.167,387.040,126.033,52.530
673.970,385.799,119.137,53.547
671.823,378.808,112.951,56.268
668.286,372.776,111.113,56.829
660.320,368.700,115.778,57.513
654.297,368.269,120.713,55.349
651.486,368.720,124.403,53.938
660.071,372.876,125.418,53.856
681.065,379.331,123.383,53.602
702.066,380.955,120.348,52.271
711.724,381.601,121.070,49.913
722.593,384.258,120.946,49.553
737.980,380.039,115.786,53.475
753.344,376.982,111.177,56.877
763.159,374.006,109.320,57.519
762.352,371.794,112.403,61.021
758.656,373.109,118.441,58.527
764.519,375.664,115.553,57.754
757.447,380.928,120.594,51.724
760.737,389.305,117.491,50.460
750.663,393.063,119.955,46.231
743.443,399.732,121.129,42.547
731.656,399.661,122.635,39.822
745.389,402.972,104.750,51.194
740.947,393.525,91.291,58.142
723.501,383.632,85.112,58.042
709.415,381.711,77.124,59.538
694.395,377.092,71.004,59.402
667.259,377.350,70.480,56.371
632.911,379.508,80.350,53.244
605.225,384.202,91.923,51.417
588.385,388.228,99.637,49.174
580.486,394.136,103.041,48.899
571.379,390.128,109.521,49.700
573.809,387.964,111.183,52.317
590.803,397.104,111.349,50.644
609.430,393.019,111.407,50.141
641.504,385.270,101.227,55.422
674.169,374.888,92.480,60.075
703.958,366.709,86.577,66.189
717.705,360.974,91.868,69.418
737.160,354.869,98.210,67.493
754.336,356.054,101.828,65.319
759.717,358.747,106.064,62.298
756.326,360.560,109.675,64.056
759.278,359.565,104.986,66.142
