98.000,219.000,35.000,74.000
100.976,214.562,32.211,76.237
109.187,210.626,31.127,77.835
108.858,210.928,30.564,78.431
117.609,206.150,31.302,80.875
127.695,201.418,30.199,84.583
132.815,204.832,30.819,83.935
137.588,203.533,31.388,84.294
140.968,205.335,30.512,85.024
137.832,205.683,29.990,85.795
134.625,206.598,30.363,85.831
137.016,205.796,29.256,86.677
140.764,209.560,28.280,88.379
141.763,209.485,28.427,88.060
144.478,209.299,29.231,87.264
147.795,207.650,28.773,88.586
152.832,206.262,29.474,89.343
158.862,204.970,29.689,89.900
162.932,204.434,29.521,91.123
166.415,207.074,28.792,94.309
172.179,201.653,29.277,94.375
178.451,201.364,29.636,93.409
178.848,206.186,30.732,92.609
165.352,207.343,31.450,91.602
153.435,203.671,33.205,88.901
147.614,208.270,33.406,90.451
142.415,204.618,34.550,90.520
142.684,205.042,34.974,90.521
138.246,203.388,35.684,90.748
137.330,205.274,36.553,86.838
136.383,205.350,36.994,84.410
136.813,204.507,35.751,83.515
140.768,205.291,33.853,82.889
143.088,204.399,32.579,80.916
146.574,203.312,31.367,79.620
149.397,202.448,30.649,77.698
156.402,202.293,29.628,77.007
164.094,203.561,28.428,76.987
169.676,204.951,27.781,76.527
170.530,206.170,27.996,74.375
177.094,207.196,28.104,74.987
184.117,209.510,27.615,74.628
187.516,207.830,29.473,72.815
189.137,207.226,29.816,71.133
187.110,206.514,30.899,70.321
195.732,204.186,27.572,73.556
182.194,204.499,28.531,74.021
176.878,207.785,27.170,74.091
173.904,209.099,27.323,71.860
174.553,211.729,26.476,71.222
182.965,203.825,28.549,69.751
172.131,210.951,28.423,69.274
172.163,206.484,28.461,68.782
177.387,207.928,28.417,68.135
180.218,208.799,28.412,67.291
184.173,207.740,29.121,65.480
192.109,208.125,29.735,65.118
202.754,208.621,29.940,65.040
209.972,210.824,30.638,62.545
216.155,210.694,28.850,64.134
219.604,211.031,28.324,63.960
229.367,212.086,27.191,66.712
233.957,212.825,26.822,67.993
231.646,213.987,27.483,68.253
231.122,212.516,27.694,68.997
225.637,209.875,27.820,69.147
220.617,209.393,30.024,66.819
216.351,205.941,30.836,65.912
215.910,206.203,30.360,65.005
216.698,207.646,30.043,64.652
223.180,210.665,29.413,64.344
226.611,213.303,28.644,64.982
225.741,211.779,28.323,65.595
223.855,213.030,28.250,65.193
224.511,214.734,27.219,64.529
222.502,214.745,25.495,64.847
223.672,214.025,24.398,65.007
226.045,214.400,24.072,64.390
226.856,214.843,23.366,64.474
229.031,214.566,23.118,64.848
231.505,217.937,22.686,65.651
232.076,218.829,23.359,64.437
241.512,224.156,24.654,63.679
241.720,221.482,25.113,63.083
238.992,220.402,25.117,63.358
233.728,221.408,25.325,61.440
227.329,217.105,24.649,62.123
217.804,217.449,25.110,61.966
206.293,217.466,25.672,61.771
194.950,219.576,25.954,61.427
179.969,218.409,28.792,56.954
177.815,221.356,29.601,54.376
175.752,228.227,26.509,56.265
177.040,225.807,24.590,59.230
178.100,224.144,23.730,60.769
181.800,221.655,23.943,63.731
185.869,218.217,24.949,64.487
190.184,219.019,25.432,65.057
195.657,215.903,25.641,66.950
204.610,217.863,25.931,66.884
212.280,218.451,26.423,66.826
217.782,214.307,26.218,66.297
221.075,211.481,27.471,62.746
222.241,213.523,26.425,62.806
224.660,215.288,26.713,62.579
225.140,217.654,26.780,61.250
221.911,215.948,27.335,60.359
219.526,219.344,27.499,59.385
217.531,218.693,27.332,58.612
213.119,218.104,25.741,58.834
207.508,219.164,25.404,58.958
202.289,223.125,24.735,59.222
202.991,220.115,24.385,59.433
200.739,222.206,24.686,59.395
201.188,222.517,24.471,59.528
200.389,223.049,24.129,60.448
203.029,220.838,24.439,60.209
205.430,220.411,24.540,60.533
209.703,212.600,24.927,62.307
215.536,209.065,23.883,65.771
220.528,208.379,24.264,65.154
225.552,207.990,24.747,64.289
230.428,207.834,24.656,64.493
230.846,207.905,24.845,64.244
234.866,210.161,24.519,63.429
239.426,211.077,25.062,61.894
246.862,212.153,24.820,61.636
249.515,210.775,24.463,61.731
247.036,205.387,25.396,59.459
238.687,198.635,24.634,59.761
231.098,202.323,24.621,59.465
225.275,204.064,23.336,59.733
217.809,206.478,23.442,58.567
206.831,214.082,28.000,55.664
207.706,205.363,25.365,60.312
203.760,204.256,23.751,61.666
204.428,203.565,23.178,62.508
201.693,206.539,23.196,62.560
199.336,207.762,23.435,62.383
196.259,208.762,23.976,61.994
200.283,209.040,24.017,61.411
205.204,208.730,23.806,61.557
209.063,209.492,23.988,62.391
213.507,207.641,24.544,61.385
224.908,208.801,24.870,61.984
234.306,212.518,24.367,62.470
234.396,212.326,24.072,61.863
238.245,215.170,24.417,60.506
239.756,216.292,24.837,60.287
237.673,218.111,24.654,60.404
234.911,219.836,24.974,60.862
228.336,215.195,24.803,59.925
222.812,215.791,24.136,60.647
218.540,217.974,23.572,61.584
216.298,216.098,22.839,61.923
227.720,212.011,24.050,62.437
222.062,220.793,24.355,60.621
222.842,221.288,24.562,59.268
225.545,220.951,24.208,59.069
227.322,222.162,23.514,59.315
232.529,223.477,22.605,60.390
238.607,220.044,22.221,59.949
247.709,215.280,22.248,59.266
255.385,215.224,21.847,58.513
258.551,212.496,21.731,57.878
260.666,215.372,21.262,57.461
262.924,217.130,20.706,58.375
263.413,215.454,21.349,57.845
265.712,218.341,21.097,57.852
265.643,217.940,21.132,57.880
265.819,216.170,21.250,57.691
266.881,213.653,21.237,58.096
267.512,212.287,21.163,58.464
260.395,210.664,21.952,59.621
266.161,211.218,22.031,59.859
263.982,210.750,23.245,59.455
261.719,209.959,23.111,59.543
260.823,210.677,22.337,60.116
259.555,209.118,22.237,59.906
257.849,211.386,22.329,58.523
258.286,211.644,22.104,58.131
260.173,211.630,21.533,58.336
262.108,212.185,20.627,58.649
264.937,211.551,21.093,58.315
269.124,208.466,21.612,57.684
274.724,206.928,21.126,57.793
279.033,206.630,21.134,57.212
280.965,206.421,20.907,57.168
282.288,204.979,21.008,55.692
284.555,206.131,21.053,55.717
283.904,205.399,21.206,56.396
281.995,206.865,21.443,56.247
275.948,207.091,21.430,56.586
272.114,207.107,21.710,56.294
268.635,208.526,22.036,55.868
265.684,209.452,21.577,56.267
263.834,210.976,21.714,55.679
266.505,209.964,21.334,55.226
265.045,211.600,20.856,54.316
266.729,210.765,20.408,54.064
267.607,213.792,20.495,52.992
267.751,212.898,20.287,53.363
270.658,215.020,20.171,51.897
271.566,212.655,20.250,51.887
272.790,211.827,20.625,51.719
277.099,212.307,20.474,51.731
278.018,208.015,20.835,52.393
280.622,208.906,20.453,52.622
284.375,210.658,20.693,52.386
284.595,210.672,20.794,52.377
282.062,209.523,19.032,54.823
280.627,211.741,18.662,55.541
281.653,210.962,18.539,55.921
282.814,210.716,19.478,55.082
272.933,212.880,20.363,55.917
267.975,211.338,20.630,56.779
265.163,208.839,21.693,58.531
265.623,209.777,22.073,58.681
260.556,210.467,23.106,58.576
258.813,210.051,22.423,60.191
255.491,212.366,22.039,59.998
254.753,210.308,22.397,59.780
250.440,211.075,22.571,60.468
251.174,210.727,22.878,60.567
245.084,212.071,23.295,60.368
241.913,213.128,23.774,59.857
241.130,214.309,24.314,59.067
242.544,214.776,23.777,59.569
242.127,212.973,23.701,59.623
243.914,214.633,22.562,61.133
240.993,214.527,23.824,61.363
247.676,215.914,24.430,61.171
233.620,214.912,26.471,61.856
224.682,215.182,25.955,62.520
223.415,215.026,26.439,62.677
216.953,216.268,27.115,62.615
217.342,216.210,27.031,62.915
214.728,218.555,27.119,62.353
213.911,217.515,26.785,63.527
213.075,218.209,27.299,63.417
216.694,219.076,26.379,63.076
217.042,218.381,25.901,64.240
213.261,216.290,25.888,66.283
211.763,214.970,26.309,67.788
211.576,213.799,26.797,68.948
209.459,214.451,27.084,69.786
204.727,214.196,26.829,70.987
194.652,214.224,27.011,71.658
189.121,214.022,27.219,71.911
188.605,214.370,27.137,73.690
189.182,215.122,27.481,72.086
192.065,215.559,28.086,71.971
193.914,216.753,28.596,72.209
193.688,217.077,29.580,72.821
206.719,215.029,29.255,74.367
202.138,215.349,30.248,74.111
202.140,216.168,31.325,73.815
204.912,215.657,32.049,72.225
200.266,217.416,33.372,71.492
202.604,216.144,33.384,71.662
201.710,214.609,34.556,72.874
198.866,215.080,35.725,73.587
197.188,213.591,36.351,74.804
195.727,215.293,36.028,74.531
198.903,214.106,35.095,74.331
206.677,215.111,34.387,74.426
215.347,216.175,33.256,75.185
216.753,216.234,32.837,74.853
223.694,214.734,33.015,75.118
229.115,214.756,32.558,75.253
236.093,214.878,32.405,74.558
243.091,213.171,31.873,74.912
245.531,213.828,30.830,74.615
248.613,212.093,29.746,74.725
250.071,211.910,29.676,73.061
244.645,209.175,29.477,71.996
237.767,206.975,28.320,71.186
229.817,205.838,27.223,70.189
231.326,206.810,26.514,69.926
222.146,205.748,26.188,69.571
216.246,207.113,25.562,69.505
211.252,209.520,25.182,69.546
209.010,209.558,26.435,69.061
201.228,207.308,34.107,63.819
194.472,203.854,30.615,67.637
189.459,202.939,29.115,69.800
174.296,204.329,30.221,69.822
164.557,202.969,28.199,70.729
153.843,204.097,27.902,70.739
143.916,204.411,27.423,70.883
144.201,204.703,26.965,69.655
136.176,205.547,26.705,69.686
129.566,206.821,26.193,69.528
122.943,205.949,25.654,69.544
115.146,206.875,26.783,69.629
105.955,207.834,26.666,69.452
96.369,208.645,28.057,67.974
89.621,210.983,27.755,67.490
80.374,211.330,27.733,67.245
69.820,212.063,28.094,67.089
61.416,212.296,29.584,66.052
58.038,210.993,30.649,65.216
58.343,210.429,30.621,65.265
61.909,208.188,31.250,65.681
70.719,205.022,31.586,65.759
83.472,204.947,32.074,65.067
96.318,203.477,32.109,65.658
110.338,201.364,32.267,66.239
125.017,197.410,31.428,67.457
139.138,196.018,30.989,67.607
152.046,197.266,29.938,67.003
183.013,163.805,31.712,62.692
170.974,196.603,29.457,65.348
171.460,197.804,28.432,65.093
178.130,199.505,28.415,63.106
189.782,200.175,28.690,61.087
195.303,201.758,28.547,59.413
203.205,202.906,28.762,57.993
212.596,205.190,29.338,56.647
220.171,204.631,29.851,55.701
232.681,205.088,30.531,53.915
239.375,203.425,28.716,54.235
241.423,203.068,27.124,53.948
240.302,201.916,26.732,54.347
236.631,198.860,26.180,54.558
237.693,197.177,25.995,54.798
230.946,197.465,25.786,54.692
223.416,198.903,25.128,54.173
219.239,198.762,24.458,53.301
217.826,198.499,24.163,52.757
218.407,197.844,22.381,53.039
217.802,198.857,21.154,51.982
218.616,199.577,20.741,50.622
221.248,199.080,19.919,50.030
222.694,198.891,20.003,48.758
222.112,198.942,19.703,48.289
224.123,199.213,19.769,47.629
222.690,198.348,19.941,47.141
221.050,199.919,20.537,45.276
216.201,199.412,20.984,44.143
212.300,199.866,20.949,43.012
209.368,200.517,21.098,42.061
210.764,198.528,20.994,41.307
213.483,198.248,20.804,41.598
219.208,196.018,20.737,41.502
219.917,194.741,19.806,42.971
220.573,195.994,19.361,42.305
218.282,196.994,19.281,41.297
219.437,198.087,18.640,40.611
217.015,199.794,17.727,41.066
216.875,201.473,17.717,39.672
215.538,203.613,17.553,38.773
215.733,205.126,17.097,37.226
215.374,205.469,17.241,36.639
214.166,207.554,17.521,35.245
214.677,206.421,18.018,34.685
216.273,206.213,18.544,35.006
218.326,205.881,19.748,35.036
217.906,204.639,20.184,35.915
222.089,203.287,20.906,36.417
222.501,202.012,21.973,37.488
223.925,201.804,21.544,38.046
225.336,200.784,20.927,38.553
227.909,199.273,19.581,39.135
231.133,198.721,18.234,39.364
234.883,198.897,17.508,39.072
241.855,199.125,17.959,37.908
249.410,198.934,18.204,37.124
253.884,199.937,18.208,36.461
260.793,200.653,18.369,35.335
265.024,199.481,17.533,35.843
265.118,200.080,17.438,35.260
269.947,200.806,17.800,34.690
288.481,191.379,20.137,32.894
284.191,200.214,18.010,34.541
286.527,200.101,17.105,34.984
288.845,201.758,16.813,34.130
293.609,202.799,17.259,33.591
297.619,202.944,17.163,33.801
300.857,204.999,16.792,33.026
301.491,205.982,17.163,31.866
312.212,207.240,17.118,31.552
312.227,207.105,16.790,31.563
304.223,208.728,17.062,30.631
306.739,209.751,16.503,30.102
310.607,209.571,16.619,29.866
320.953,211.273,16.606,29.918
