416.000,246.000,75.000,41.000
413.983,247.242,75.379,42.650
411.649,246.705,75.881,43.250
408.123,247.951,76.765,43.871
407.869,248.869,76.764,43.813
406.094,249.013,77.416,43.701
405.374,248.779,77.575,43.618
405.116,249.051,77.903,43.290
404.079,249.176,77.903,43.105
402.598,248.950,77.958,43.821
403.022,248.438,76.799,43.724
402.442,247.281,75.875,43.578
402.129,246.775,74.808,43.427
401.821,246.803,73.895,43.319
402.028,246.336,73.226,43.332
401.719,245.119,72.659,43.693
401.155,245.849,72.121,43.505
400.933,244.588,71.785,43.681
400.438,244.435,71.620,43.610
399.418,244.080,70.720,43.874
399.381,244.675,69.785,43.774
399.381,244.250,69.463,43.635
398.018,244.360,68.923,43.907
397.270,245.192,68.549,44.050
395.688,245.544,68.297,44.003
395.579,245.827,68.344,43.952
395.368,245.752,67.341,44.466
394.706,245.651,66.266,44.850
394.087,245.391,65.068,44.856
393.760,246.281,64.217,44.697
394.164,246.535,63.568,44.166
393.888,246.098,63.624,43.973
394.056,246.820,63.586,43.335
397.877,246.069,64.031,42.834
399.544,245.438,64.273,42.711
400.561,244.302,64.798,42.730
401.175,243.077,65.213,42.356
401.681,242.373,65.538,42.148
403.059,241.301,65.017,42.367
402.925,240.016,64.588,42.445
403.139,239.916,64.148,42.139
402.991,240.848,63.710,41.926
403.332,239.426,61.418,43.110
402.476,241.566,58.594,43.039
402.675,242.972,56.873,43.235
402.624,245.164,55.739,43.323
401.902,247.306,54.651,43.212
399.950,248.912,54.053,43.481
399.157,250.612,53.247,44.171
397.882,250.475,52.691,44.321
398.445,251.135,52.171,44.209
397.577,251.609,52.049,44.753
398.348,252.086,51.286,44.933
397.635,250.505,51.130,44.977
397.482,251.629,49.961,43.910
394.820,251.312,48.737,43.493
391.926,251.250,47.675,43.328
388.311,250.138,45.672,44.102
384.241,249.558,44.714,44.445
380.751,248.305,42.615,45.320
379.985,249.080,41.161,45.512
380.043,249.113,39.570,46.098
380.306,249.271,38.505,46.509
379.892,250.547,37.762,46.888
383.005,251.720,36.723,46.929
383.875,252.001,36.294,46.995
384.371,253.836,35.846,47.540
384.893,252.995,35.847,47.963
384.233,254.178,36.085,48.393
383.026,255.054,35.720,48.708
381.862,255.145,36.163,48.977
380.267,254.453,37.081,49.124
378.046,253.982,38.091,48.864
374.717,253.114,38.757,49.045
369.745,251.451,39.253,48.710
367.211,249.551,39.852,48.583
363.180,247.783,40.390,48.464
358.434,245.703,41.231,48.291
355.763,243.770,41.915,48.112
350.597,240.189,43.057,47.271
348.255,238.593,44.275,47.118
346.427,237.643,45.219,47.484
344.181,236.301,45.668,48.029
342.813,234.782,45.863,48.266
342.985,232.358,45.147,47.968
343.014,231.584,45.040,47.906
342.603,229.766,44.572,48.119
343.644,229.797,44.347,48.411
343.849,227.497,43.979,48.176
343.785,225.000,43.140,47.406
343.468,224.542,42.743,46.781
343.307,222.661,42.309,46.867
343.093,220.118,41.799,47.110
342.715,218.150,41.766,47.345
340.007,212.471,40.472,48.252
340.017,210.032,39.104,49.687
339.840,207.337,38.163,50.840
340.364,206.247,37.444,51.193
340.001,204.692,37.088,51.167
339.765,203.394,37.271,50.326
340.247,202.045,37.421,50.193
339.464,202.391,37.699,50.081
339.233,201.985,37.619,50.205
338.877,201.047,37.644,50.362
339.696,200.396,36.899,51.347
338.957,200.792,36.728,51.518
339.029,199.525,36.589,50.991
338.829,199.100,35.934,51.972
338.311,198.144,35.401,52.385
336.948,197.578,34.530,52.699
336.673,197.050,34.097,52.816
335.267,197.035,34.080,52.363
335.009,197.100,33.339,52.067
333.350,198.195,32.973,51.522
326.131,199.373,32.739,51.095
319.998,199.707,32.703,50.508
315.110,200.949,32.231,50.368
310.333,201.006,31.543,51.020
304.966,200.787,31.612,50.884
295.168,198.196,31.236,49.741
290.451,198.680,31.251,48.636
283.416,201.163,30.919,48.567
277.533,201.604,30.664,49.284
273.732,203.709,30.558,49.948
269.508,202.832,30.280,51.626
267.312,201.900,30.574,52.649
265.434,203.282,30.950,52.377
263.965,204.187,31.264,52.193
261.653,205.027,31.745,51.973
260.579,206.902,31.924,51.617
262.131,207.246,31.582,51.266
264.191,208.054,31.394,50.512
266.074,209.479,31.158,50.301
268.666,210.143,31.165,49.885
270.593,210.107,30.457,51.350
271.195,209.796,29.807,52.545
270.179,209.035,30.101,53.598
270.982,209.425,29.712,54.192
270.591,208.110,29.802,54.915
271.115,209.700,29.663,55.044
270.725,210.418,30.124,54.965
268.738,212.758,31.045,54.066
268.520,215.720,31.909,52.803
269.083,216.837,32.291,52.094
269.568,218.837,32.600,52.082
270.469,219.362,33.086,51.375
270.604,221.632,33.556,51.288
271.349,222.500,33.381,51.948
270.223,223.250,33.398,52.307
272.332,223.676,31.392,53.826
275.275,222.324,29.583,55.229
279.192,222.681,29.502,54.934
285.687,221.574,28.612,55.353
290.964,220.611,28.281,55.878
299.568,224.836,28.017,55.677
302.571,225.238,28.027,56.010
304.891,224.400,27.905,55.856
306.862,223.036,27.635,56.386
308.032,221.826,27.088,57.016
308.952,217.882,26.685,58.552
308.359,216.054,26.877,59.422
307.395,215.897,27.279,58.972
303.718,212.812,27.631,59.504
302.221,215.464,28.000,59.609
300.670,215.327,27.882,60.047
303.647,217.358,31.332,57.620
316.809,223.568,35.632,54.769
331.428,227.521,38.010,54.228
345.042,231.401,37.727,54.660
367.804,235.745,39.922,56.367
378.796,238.041,37.388,59.382
383.741,236.734,34.247,62.481
386.649,241.424,33.704,63.712
389.310,246.574,33.583,64.168
390.498,253.626,33.398,62.827
385.820,256.806,36.145,59.772
376.679,256.655,37.040,58.645
366.144,253.118,38.235,57.816
359.184,237.647,35.718,61.634
350.512,217.755,33.090,66.118
348.333,208.542,33.211,67.991
348.526,196.086,32.427,70.957
345.508,192.354,33.511,69.884
340.762,191.503,35.087,67.272
335.987,186.633,35.625,65.991
332.809,185.112,35.570,64.853
328.341,183.000,35.210,64.394
324.031,184.129,35.152,63.613
321.718,186.413,33.941,64.804
319.437,192.651,33.900,65.610
319.031,195.893,34.087,66.035
316.559,200.432,35.136,64.748
316.671,201.652,34.761,64.998
316.815,200.721,34.059,66.160
316.514,202.622,34.186,65.754
316.647,205.626,34.629,64.416
316.501,206.427,35.116,64.240
316.468,206.924,35.785,64.673
317.025,208.009,35.883,65.214
316.469,213.293,37.148,62.860
316.826,214.981,37.551,62.113
315.554,217.371,39.304,60.339
316.090,217.393,39.639,59.991
315.885,219.011,39.566,59.508
317.263,217.316,38.518,60.882
320.781,216.460,37.604,61.003
325.554,213.898,37.353,61.274
335.422,208.579,35.223,64.637
342.559,205.316,34.205,67.486
352.120,189.745,33.879,71.589
353.295,179.999,33.607,75.376
354.046,179.781,34.275,74.272
345.378,181.916,37.154,67.825
337.856,179.819,38.276,63.855
317.122,179.631,42.394,57.808
307.900,181.925,41.462,56.679
306.078,178.814,39.382,57.979
303.929,179.645,39.549,56.527
299.722,177.432,39.578,56.804
296.783,173.827,38.214,58.844
293.550,168.084,36.180,62.540
290.338,164.998,35.822,64.482
283.582,167.633,37.345,61.937
277.269,163.583,37.759,62.570
270.409,161.549,37.543,63.656
262.200,154.598,36.235,66.070
260.440,152.191,36.399,66.774
258.088,149.490,36.026,68.343
258.791,148.330,35.724,68.442
259.364,147.411,35.243,68.902
265.770,145.249,36.280,67.358
276.507,144.619,35.816,69.351
282.689,147.172,35.797,68.642
287.630,149.772,35.142,68.340
291.532,153.018,35.276,68.066
294.933,157.704,34.365,69.480
296.630,159.976,33.970,69.719
297.919,161.917,33.168,71.387
299.237,164.376,32.936,71.514
300.928,165.116,32.535,71.263
302.618,165.804,31.779,71.200
301.669,167.524,31.847,70.324
301.043,166.396,31.593,70.992
300.776,166.556,31.763,71.600
300.216,165.966,32.049,71.513
297.492,167.348,32.156,71.497
296.230,166.950,32.451,71.123
295.593,166.955,32.351,70.859
295.691,166.427,32.046,69.956
295.187,166.748,31.517,70.311
295.300,168.130,31.491,68.991
294.917,170.109,31.933,67.143
296.160,171.212,32.083,67.561
296.330,171.603,32.075,67.623
296.997,171.946,32.204,68.069
298.295,170.630,32.015,68.199
298.834,170.565,32.124,67.428
298.636,171.932,32.454,67.288
298.072,171.113,32.921,66.887
296.085,168.619,32.579,68.933
293.480,165.078,32.750,70.651
291.105,166.381,32.810,71.495
288.810,163.812,32.411,73.252
287.523,164.559,32.243,73.905
287.045,165.482,32.368,72.815
287.636,166.541,33.065,71.603
288.627,168.800,33.738,70.082
290.797,166.644,33.925,70.789
291.761,167.952,34.403,70.974
293.547,165.856,34.533,72.071
295.769,165.055,34.136,72.935
297.689,165.415,34.476,71.870
299.747,165.927,34.828,70.760
301.286,166.667,34.858,70.084
303.167,168.960,35.252,68.870
307.877,171.886,35.034,69.896
309.481,174.283,35.252,69.616
311.366,174.754,35.387,69.821
312.260,175.794,35.611,70.351
313.537,176.238,35.597,71.077
316.195,176.290,35.595,72.093
316.663,176.069,35.822,73.170
316.916,173.836,35.128,76.076
315.637,171.101,35.055,79.442
313.845,171.220,35.371,81.368
314.861,170.664,35.336,83.123
314.317,170.311,35.607,83.868
314.300,171.313,35.969,84.932
313.545,171.343,36.656,85.571
313.542,175.154,38.129,83.581
312.592,179.872,39.755,81.327
312.277,179.477,40.212,80.906
311.614,181.424,40.315,79.701
311.826,179.335,40.009,80.248
309.006,180.396,39.848,79.035
306.816,177.537,38.957,81.666
306.144,174.683,39.450,84.124
305.224,175.658,40.107,84.132
303.384,174.584,40.658,84.538
302.323,175.424,41.525,84.833
297.335,179.504,41.417,84.373
295.789,178.281,41.644,85.801
292.895,181.986,42.558,84.025
291.467,183.887,42.596,82.569
289.832,188.657,43.545,78.932
288.333,190.748,43.923,77.215
289.145,189.202,42.953,78.435
287.928,186.512,43.020,80.721
288.629,182.812,42.754,83.810
290.700,180.138,42.526,85.893
293.959,174.845,42.273,88.921
295.555,172.235,41.959,92.274
296.496,171.240,42.268,93.326
297.511,171.133,43.009,93.005
299.558,171.380,42.972,93.411
303.050,171.864,43.445,92.808
304.942,173.829,43.578,91.024
306.848,175.898,43.999,88.078
309.327,178.064,44.114,85.325
312.171,176.880,43.882,84.564
315.421,175.170,44.478,84.600
317.691,170.931,44.153,87.029
320.826,170.307,44.009,87.039
323.640,167.869,43.846,88.153
324.369,167.112,44.439,88.357
328.587,165.022,43.934,89.290
329.466,163.808,44.668,90.358
329.466,163.876,45.324,90.891
329.804,162.959,45.608,91.638
331.357,160.129,45.536,94.107
330.575,164.128,47.036,90.864
330.297,164.221,47.366,90.024
328.422,164.019,47.690,89.382
325.698,164.263,47.491,89.376
323.516,164.367,47.986,89.025
319.401,160.045,46.779,90.879
316.871,159.755,46.925,91.467
315.543,158.125,46.985,92.805
313.885,158.916,47.655,91.854
311.954,159.460,48.298,91.343
309.358,157.964,48.646,92.600
305.234,161.612,50.417,90.062
300.276,163.355,50.816,88.715
294.846,163.149,49.801,89.041
289.464,164.327,50.073,87.847
269.540,163.584,52.091,85.779
254.696,164.105,52.541,84.763
241.972,163.466,54.042,84.180
228.330,162.292,54.725,84.509
208.682,160.531,57.772,82.658
167.687,156.669,61.027,84.209
147.843,156.797,63.552,83.660
135.897,147.179,59.932,91.288
129.559,147.352,58.351,93.045
123.512,145.559,57.164,94.086
111.153,140.231,55.626,95.522
108.176,138.068,54.298,96.519
104.171,138.184,53.554,96.498
102.501,143.448,53.337,95.481
106.283,150.015,51.154,103.141
121.995,171.230,55.216,97.344
131.819,172.861,56.291,95.609
144.418,170.804,57.100,95.211
157.213,171.538,59.242,93.947
173.481,168.711,55.685,97.123
173.166,167.098,54.225,99.409
176.179,172.399,52.909,97.896
182.904,178.756,57.464,94.334
196.427,181.375,59.223,92.215
203.507,184.052,57.689,91.430
209.314,191.191,58.921,88.586
214.047,189.912,56.293,89.347
219.234,188.792,54.555,90.283
220.924,189.207,53.240,90.984
221.517,186.667,52.124,93.129
225.937,183.159,51.397,96.566
228.151,177.098,50.325,101.268
228.780,175.263,50.097,103.920
229.475,170.257,49.411,107.623
228.825,167.244,49.630,110.831
230.353,165.979,49.230,112.957
234.753,167.795,51.477,109.969
241.383,167.291,51.786,109.464
245.811,168.844,50.756,108.115
246.130,174.475,51.715,103.916
249.711,175.403,52.190,101.552
261.838,176.394,52.549,100.723
266.825,174.059,51.206,102.058
271.566,172.299,50.061,103.491
274.133,171.026,49.902,104.542
275.048,169.609,50.008,106.129
275.676,169.260,50.367,108.567
276.497,165.933,50.887,110.951
275.960,167.393,51.386,110.912
276.441,165.082,50.649,113.071
275.676,165.848,50.961,112.324
273.868,172.177,53.497,109.239
272.474,174.395,55.429,107.280
271.591,173.449,55.661,107.764
270.200,174.520,56.105,106.640
269.557,174.532,56.019,106.358
267.984,172.058,54.565,108.257
267.118,167.999,51.795,111.668
267.529,167.056,51.323,113.352
266.853,164.841,50.298,115.289
266.022,163.678,50.843,116.854
264.157,164.227,52.251,116.713
261.007,162.253,50.859,117.893
257.484,162.616,51.355,117.446
253.800,164.749,53.818,115.625
250.600,165.737,57.268,112.618
241.836,169.454,58.824,110.268
240.599,170.479,59.612,109.107
239.317,169.680,60.878,107.801
234.579,168.061,61.702,107.648
233.771,166.195,61.106,108.885
231.292,162.477,58.796,113.327
231.313,156.857,56.707,119.927
230.291,158.635,57.030,120.155
229.496,160.819,58.568,119.693
227.590,158.720,59.667,121.167
227.508,156.275,60.846,120.799
226.862,153.371,61.793,123.272
222.763,156.073,64.658,120.083
218.421,155.679,65.698,120.120
217.811,151.471,65.375,123.037
216.248,151.952,63.708,123.325
216.700,147.063,60.817,125.390
213.654,145.561,59.774,126.791
209.263,143.379,59.868,126.408
205.244,149.097,60.726,122.639
203.780,143.031,58.864,125.709
200.692,144.596,59.789,124.603
201.530,140.604,58.703,128.173
204.518,138.077,58.105,130.332
206.652,138.736,59.144,130.421
209.436,135.690,60.524,131.122
207.981,138.385,63.531,128.852
208.735,139.772,65.270,125.029
210.617,138.759,65.000,125.649
210.967,138.993,65.046,126.317
213.430,135.455,64.171,129.886
213.802,132.166,64.047,134.141
213.288,133.632,64.567,135.211
214.706,134.134,67.218,135.603
218.253,132.581,69.063,135.935
223.001,136.546,70.909,134.569
223.761,139.356,72.943,132.442
223.750,140.114,73.127,133.263
223.544,140.849,74.405,134.440
222.952,139.528,74.218,136.466
222.785,139.791,73.142,139.158
225.825,139.761,72.680,140.911
227.764,140.126,73.217,141.821
228.773,141.773,73.420,141.659
229.691,142.435,71.927,142.070
231.475,143.140,70.893,143.484
231.871,143.175,70.781,144.875
232.148,144.821,73.372,144.371
229.107,146.695,73.557,144.231
228.449,144.459,74.237,147.048
222.927,146.045,77.264,146.685
220.031,146.885,78.330,145.222
216.939,148.076,77.822,145.685
216.815,147.627,77.769,146.982
216.751,147.275,78.972,147.430
210.755,146.610,78.395,149.982
208.510,145.489,77.534,151.500
207.338,143.385,75.876,155.008
207.733,141.868,74.569,157.425
207.210,142.888,74.188,158.021
206.828,147.726,75.893,156.215
206.211,149.949,76.777,153.764
205.589,150.288,78.025,153.133
205.969,152.220,78.742,152.197
