165.000,71.000,197.000,214.000
173.089,73.582,195.570,216.099
181.361,75.652,189.981,218.078
188.747,72.893,185.206,219.724
197.018,70.519,180.146,219.056
202.451,68.042,175.886,217.611
206.818,65.482,171.086,218.097
210.563,64.434,167.352,217.419
215.595,64.677,164.724,220.422
215.968,65.135,162.865,221.307
216.381,64.946,162.245,221.535
215.298,64.578,161.912,220.461
215.126,64.722,161.132,220.084
215.277,64.479,159.737,219.709
212.708,64.597,158.904,218.302
208.366,65.361,159.953,218.416
203.742,64.423,161.797,217.271
195.763,64.855,165.003,217.680
188.560,65.241,170.769,218.466
179.650,66.023,177.247,219.375
171.498,66.254,183.949,220.590
167.755,64.918,188.588,220.136
163.387,65.840,193.158,218.817
158.129,67.799,195.999,215.767
154.991,67.064,198.774,213.677
150.792,67.168,202.810,212.277
149.137,66.562,206.393,211.844
149.477,64.479,205.082,211.481
147.485,63.793,204.681,211.291
149.765,63.460,200.503,210.971
148.222,61.642,197.933,210.033
146.497,59.946,195.643,210.069
143.295,58.718,192.313,211.981
141.852,57.415,187.357,211.607
138.482,56.310,181.789,211.518
135.331,53.746,176.846,213.792
128.130,54.963,173.699,213.986
118.772,55.476,172.244,215.471
109.566,58.002,170.602,217.273
101.042,60.356,168.757,218.444
91.222,65.472,167.643,220.090
84.576,66.942,167.023,219.134
80.825,70.959,164.074,218.880
75.141,75.214,164.259,217.551
70.311,75.601,164.340,216.714
67.933,78.324,164.381,215.442
68.421,81.284,166.575,213.954
67.507,82.768,171.216,212.503
65.490,85.788,176.397,212.123
65.019,85.384,182.679,212.388
67.148,85.173,187.474,212.332
70.557,85.139,190.433,211.582
72.886,84.620,194.019,211.125
77.181,82.725,196.283,209.930
80.175,80.267,199.306,209.312
85.835,79.580,200.546,207.363
90.447,76.013,201.529,207.765
92.399,73.970,199.354,207.415
96.204,72.400,195.113,206.645
95.395,69.716,192.662,205.522
95.106,66.024,191.154,206.936
93.102,63.852,190.108,207.294
91.583,59.985,188.209,209.016
91.724,57.581,184.762,209.767
90.279,53.472,181.907,209.451
89.373,52.425,179.385,209.864
87.269,50.425,177.004,211.455
85.446,48.899,174.024,213.737
84.316,48.829,171.251,214.491
82.788,48.952,169.809,216.705
79.959,50.224,170.051,217.424
77.695,52.270,170.816,217.947
76.950,55.590,170.274,217.923
75.434,57.800,169.421,217.133
72.678,61.337,170.469,215.399
70.270,63.347,170.115,213.640
68.230,66.936,171.352,213.396
66.191,70.969,174.324,211.899
64.586,73.309,178.444,212.347
64.173,76.049,181.549,212.119
64.844,77.300,184.469,210.717
64.496,78.111,188.624,210.770
64.742,78.548,191.999,209.588
65.087,78.173,194.394,207.683
64.486,78.739,196.981,207.864
65.607,79.463,198.086,207.731
66.461,81.324,197.369,206.818
66.352,79.665,196.445,205.659
64.822,80.984,195.812,203.640
63.237,78.185,195.304,199.525
62.039,77.576,194.313,198.062
60.866,76.679,192.964,195.544
63.019,76.542,189.773,194.612
64.589,75.705,186.729,194.466
67.257,73.007,182.105,195.741
70.303,71.008,176.374,199.293
69.344,69.003,172.907,202.800
61.986,63.378,175.851,201.310
47.989,62.884,185.916,201.126
46.179,61.188,188.890,206.104
38.892,64.695,194.083,218.167
29.297,59.819,201.520,217.443
29.733,59.836,203.337,224.587
30.293,58.684,205.139,229.646
24.931,57.810,208.957,230.402
15.771,55.395,216.101,233.882
11.228,55.182,224.642,232.177
7.041,54.627,231.145,232.450
4.526,52.030,235.189,231.499
7.599,51.807,234.564,230.623
10.909,51.374,234.006,232.912
17.252,50.025,231.287,236.531
63.114,46.590,199.847,240.404
73.357,45.753,183.724,238.764
76.822,46.286,177.309,236.470
78.513,45.997,175.529,234.111
77.232,44.726,173.677,232.490
79.603,45.490,170.969,230.677
77.287,44.690,170.112,230.537
76.896,45.752,168.836,230.446
74.852,46.488,168.911,230.647
72.012,48.822,167.742,230.164
69.175,49.317,166.322,230.759
64.737,49.412,162.993,230.081
60.451,50.011,159.600,230.904
56.221,50.519,156.273,230.881
51.441,50.562,154.246,232.016
48.712,50.353,150.088,233.330
44.491,50.877,146.932,233.281
38.107,53.571,145.949,233.847
30.995,57.273,145.880,235.601
25.323,58.716,146.255,236.815
19.184,59.165,147.732,236.083
12.457,61.884,149.114,234.841
6.874,64.519,151.098,234.617
3.334,67.488,151.307,235.868
3.879,69.198,147.890,235.750
3.289,69.351,146.026,236.970
1.166,71.092,144.527,237.136
2.321,70.194,143.445,238.095
3.105,70.346,141.946,238.554
3.291,69.479,142.943,238.517
3.153,67.451,144.074,237.600
2.660,67.229,145.882,237.109
2.647,67.930,147.494,235.605
2.318,66.476,146.575,235.992
1.610,65.615,145.534,236.051
2.154,62.020,144.590,237.008
2.560,61.246,144.644,237.950
3.671,58.532,145.021,240.409
2.930,58.219,147.355,239.131
3.367,57.099,148.475,237.752
4.711,56.236,149.241,236.241
7.719,54.388,148.750,235.714
12.871,52.373,147.242,234.771
15.464,49.365,147.068,234.639
19.963,50.969,146.496,234.365
25.948,48.509,144.116,234.557
34.283,50.200,140.013,236.571
37.867,49.718,135.977,238.633
41.671,51.344,135.500,241.477
44.233,54.973,137.228,241.307
46.777,59.041,136.886,241.689
48.503,60.360,137.170,242.721
48.567,62.876,138.514,242.684
46.749,65.492,140.949,242.491
44.412,69.895,145.889,239.576
39.794,72.742,151.296,237.656
36.803,75.448,156.024,235.599
34.869,76.875,160.997,235.220
32.383,76.846,164.858,234.223
30.762,76.746,170.045,233.386
29.317,76.974,174.598,232.535
30.611,77.150,178.417,230.920
31.626,76.124,181.865,230.357
27.944,75.856,184.707,229.059
29.255,74.847,185.688,228.217
30.675,73.142,186.155,227.201
33.262,72.538,182.930,227.429
36.760,71.669,178.959,228.965
40.575,69.696,174.913,228.426
43.151,68.050,170.160,230.393
45.411,66.433,167.083,230.135
48.951,64.916,163.147,228.762
51.704,64.162,160.449,225.216
54.099,65.125,157.559,225.112
52.130,64.257,156.410,225.046
53.434,63.834,153.859,226.614
54.455,61.910,151.862,228.248
54.455,61.287,151.484,228.498
53.208,59.693,151.495,230.018
51.779,61.584,151.210,232.065
51.630,59.468,150.536,233.125
48.049,58.416,151.941,233.432
43.218,60.244,154.676,229.848
42.246,59.286,155.387,228.718
43.271,61.172,155.202,228.377
44.594,62.389,153.868,228.873
40.690,63.509,155.569,229.652
38.029,66.185,157.879,230.129
32.604,67.461,161.938,229.618
28.183,68.604,165.963,229.503
28.181,69.625,168.213,228.869
23.983,71.605,172.400,228.233
18.157,76.225,178.846,227.223
13.551,77.974,184.794,226.866
8.618,80.634,190.763,225.316
9.728,81.262,193.609,222.789
11.089,80.850,193.444,221.548
12.225,80.940,193.091,220.147
12.728,82.777,192.033,219.647
14.193,83.318,191.051,219.222
16.188,82.987,188.775,221.172
19.849,83.188,186.446,222.262
21.778,81.009,184.086,223.463
24.641,78.352,180.625,223.965
30.164,78.545,175.651,223.308
33.268,76.114,172.880,223.034
34.445,73.926,170.521,223.174
36.138,72.414,169.590,223.229
38.870,73.763,168.940,222.144
39.655,73.569,168.362,223.428
42.526,72.136,167.436,224.744
49.469,69.326,164.365,225.673
50.880,68.895,162.862,226.855
52.693,66.752,163.417,226.162
54.460,66.234,163.155,227.007
54.090,64.481,165.096,225.557
55.487,63.953,166.920,224.641
54.980,61.799,169.623,224.748
54.974,60.274,172.484,225.998
54.247,59.563,176.409,228.178
54.162,58.085,179.549,228.760
55.225,56.969,181.459,228.975
55.446,57.193,182.916,228.103
58.244,56.093,184.188,228.382
60.546,56.717,185.068,226.775
64.576,56.307,184.235,225.441
70.787,56.850,182.698,225.112
73.528,57.456,180.577,225.013
76.555,57.445,177.710,225.940
78.627,58.087,176.706,224.670
82.423,59.334,174.773,224.541
82.976,60.910,173.900,224.176
80.170,64.371,174.458,223.309
79.058,66.774,175.886,224.501
75.725,68.206,177.382,224.099
77.437,71.050,176.101,223.169
78.193,70.878,175.057,223.494
81.096,69.974,172.433,222.813
84.342,69.750,169.841,222.224
87.137,69.331,168.554,222.692
89.323,69.098,166.804,222.876
92.067,69.345,164.755,224.063
93.998,67.600,163.039,223.836
98.581,66.052,161.380,222.822
102.230,64.948,160.638,222.679
102.237,63.351,161.831,224.026
103.600,65.285,162.722,225.136
106.217,64.502,163.290,226.443
105.491,64.133,165.826,225.931
103.744,62.331,169.891,226.193
103.654,61.392,174.510,226.403
103.292,61.217,177.787,225.457
105.217,62.592,180.302,225.128
105.125,63.609,184.047,224.656
105.821,67.253,186.865,222.925
104.664,66.950,189.796,220.973
107.115,67.648,191.214,219.979
110.262,68.707,191.576,218.816
114.280,69.560,190.868,216.777
120.959,71.135,190.982,215.485
125.664,72.425,190.006,213.553
129.061,73.082,188.780,212.087
130.478,74.673,188.591,210.947
130.475,75.959,189.561,211.038
128.511,77.579,192.037,212.566
125.901,79.100,194.331,213.838
123.746,80.705,196.655,213.883
125.956,81.930,195.592,213.656
135.555,83.361,189.656,214.723
147.740,84.467,179.638,216.180
151.769,83.459,173.524,216.838
150.034,82.470,172.921,217.204
146.709,82.113,175.187,215.952
143.371,82.196,177.925,215.547
142.808,83.287,178.302,216.233
144.496,82.922,177.346,217.083
145.313,82.401,177.259,217.727
148.785,81.137,175.865,218.389
150.618,79.331,173.519,220.113
151.866,79.487,174.626,219.682
151.765,78.172,175.182,219.147
152.010,78.924,176.211,217.714
152.941,79.742,177.419,217.565
150.270,78.616,180.746,217.082
150.093,79.117,183.338,216.023
147.604,80.402,187.012,215.278
148.660,80.225,187.821,214.557
148.642,80.348,189.267,214.184
152.742,80.569,187.915,213.399
154.340,80.459,188.027,212.523
158.812,80.546,187.558,211.565
161.078,81.439,187.816,211.499
164.383,81.572,187.037,211.793
170.657,81.211,184.498,211.407
177.568,81.086,181.095,211.119
181.556,81.892,176.954,209.326
182.799,79.865,174.674,210.381
182.568,79.115,173.526,210.339
182.945,79.516,172.849,210.510
182.746,80.110,172.030,210.196
181.789,81.668,170.504,210.111
183.369,81.635,168.046,211.224
185.278,81.496,164.970,211.325
186.446,82.490,161.221,210.251
185.145,83.955,159.137,210.110
185.639,84.596,155.942,210.575
184.620,86.390,154.872,210.973
183.141,86.822,154.435,212.610
182.879,87.226,153.950,213.454
181.917,86.707,153.826,213.246
181.147,86.716,153.903,213.758
180.580,86.213,154.246,213.608
180.675,85.716,155.823,213.971
178.999,85.489,156.018,213.974
177.860,84.513,158.717,213.513
175.997,84.400,161.544,212.481
173.747,83.986,164.773,212.999
171.229,84.658,168.682,213.484
169.769,84.837,171.972,213.541
170.706,83.996,174.194,213.136
171.721,82.324,175.574,212.465
171.509,83.129,178.115,210.670
172.850,82.240,179.666,210.423
173.717,83.481,180.878,209.199
176.807,81.186,181.078,209.544
178.416,82.031,181.857,207.574
182.480,81.266,180.156,207.284
186.610,78.593,177.663,206.806
191.820,78.956,175.132,205.610
193.610,77.958,172.573,206.663
193.843,76.261,170.969,208.026
194.253,74.887,169.237,208.903
192.698,73.793,169.132,209.215
191.044,73.598,168.600,208.692
188.758,72.786,168.382,208.840
189.166,72.342,168.472,208.518
187.945,71.551,166.771,210.284
186.723,70.925,165.422,209.372
186.443,69.538,165.052,207.733
184.235,71.631,164.870,208.108
183.436,72.137,164.326,208.114
182.155,71.079,163.680,208.953
180.528,70.701,163.802,209.397
180.788,70.908,162.939,209.886
179.326,70.265,162.919,210.636
176.874,70.364,163.470,211.858
174.866,69.418,164.225,212.459
172.720,68.285,165.674,214.005
173.305,67.676,166.966,215.280
172.048,66.204,169.749,217.033
171.811,64.406,171.823,218.579
176.818,63.954,171.441,221.243
180.924,63.179,167.083,219.880
193.305,63.569,158.334,220.489
194.878,62.508,153.872,222.385
196.408,61.962,150.131,222.990
195.998,60.898,147.950,223.904
194.507,60.668,146.658,225.892
195.772,60.455,142.056,225.766
196.832,60.401,137.678,225.532
190.094,62.217,138.728,226.034
190.733,61.876,135.658,227.309
188.129,60.531,133.845,228.905
182.801,60.489,134.943,228.843
186.849,58.913,129.611,229.557
189.898,57.625,125.400,230.308
189.097,56.595,123.718,230.852
186.704,56.088,124.763,230.589
179.725,56.684,126.814,230.116
177.360,57.208,126.275,230.217
174.205,58.125,125.614,229.583
171.984,59.087,123.810,229.147
170.391,59.768,122.237,227.688
169.971,60.312,120.221,226.803
169.648,59.967,118.954,225.418
169.949,60.940,117.775,224.560
169.895,62.927,116.989,225.094
170.142,63.037,115.696,225.222
170.509,62.984,114.540,225.223
168.080,62.274,114.545,225.577
166.351,62.704,114.205,225.291
163.888,63.681,114.658,225.564
161.417,63.194,114.771,225.034
162.585,61.976,113.048,226.960
164.205,61.791,109.981,226.548
161.269,60.452,108.944,227.220
160.736,61.072,108.288,226.744
160.378,61.426,107.860,228.214
160.249,62.947,107.247,227.546
160.309,63.814,106.592,228.010
160.251,66.012,106.613,227.225
158.821,66.180,108.263,228.137
160.463,67.632,109.497,228.907
161.300,69.287,112.282,229.526
165.330,69.597,112.485,231.363
168.116,72.721,111.961,231.069
175.873,73.824,105.725,233.234
180.332,74.900,101.943,234.000
181.824,76.589,100.916,233.446
181.580,78.541,100.716,232.437
182.648,80.720,99.762,232.320
182.595,81.505,99.271,232.038
181.904,82.580,99.471,231.003
182.562,84.442,99.268,231.651
181.387,85.544,100.888,230.442
180.249,86.685,102.372,229.458
176.801,85.819,105.205,229.342
174.960,86.562,106.360,228.735
175.511,86.205,105.156,229.233
176.503,84.860,103.612,230.229
175.992,84.179,102.569,230.609
174.307,83.462,102.281,230.727
173.771,81.768,101.615,231.625
174.190,81.724,99.789,232.261
174.349,82.126,98.155,232.228
173.827,82.245,97.488,231.718
173.700,83.205,96.147,232.061
173.100,85.001,95.728,233.282
172.633,85.842,95.201,232.796
171.806,86.823,95.546,232.068
173.432,87.843,93.985,232.123
176.102,89.297,92.015,231.130
177.372,89.430,90.220,230.280
177.209,89.931,88.816,229.774
176.759,92.300,88.025,228.906
176.224,93.884,87.526,228.821
174.659,94.698,86.936,229.500
171.263,95.802,88.003,230.284
167.234,95.407,90.199,230.655
162.750,96.599,93.768,230.060
156.032,97.776,98.414,230.823
150.397,98.083,103.625,231.248
145.259,97.346,109.474,231.910
145.020,96.611,111.382,233.173
149.922,97.551,109.046,232.892
161.809,96.976,102.372,233.917
169.028,96.818,96.087,233.740
169.841,97.540,94.991,231.692
173.596,99.153,92.134,232.623
174.040,100.770,92.727,231.665
175.166,100.505,92.887,231.689
174.580,102.447,94.160,231.534
175.634,103.234,94.334,231.102
178.435,103.999,93.777,231.010
181.044,103.840,92.761,231.102
181.987,105.018,91.946,231.299
183.536,104.636,90.996,231.395
183.328,103.801,91.316,231.279
184.725,101.923,91.266,230.895
184.748,102.506,91.517,230.999
184.044,101.120,91.603,231.749
185.777,100.770,91.873,231.363
184.798,101.026,92.167,231.043
183.900,101.896,93.261,229.704
181.847,102.848,95.422,229.055
180.933,103.183,97.201,229.896
179.123,103.486,98.399,229.943
179.300,103.059,99.624,230.282
177.790,102.250,102.256,229.246
175.782,101.546,104.755,228.753
174.870,101.584,105.760,228.912
177.648,101.031,105.136,229.396
181.173,100.253,104.465,230.500
187.309,98.780,101.824,230.704
193.919,99.831,97.521,233.459
197.160,100.126,94.740,234.202
198.529,101.657,92.777,233.963
199.441,101.581,90.994,234.006
200.251,101.654,89.842,233.802
200.722,101.607,89.502,233.488
200.670,100.578,90.066,233.657
199.867,99.435,90.654,233.567
199.544,98.254,90.687,232.867
199.704,96.710,90.789,232.417
199.018,95.613,90.496,233.165
197.487,95.929,90.948,232.356
195.762,96.246,91.534,232.782
193.768,96.591,91.983,233.275
192.555,96.001,91.921,232.541
190.697,95.573,92.502,232.141
188.946,95.582,92.741,231.628
187.384,96.012,93.675,232.272
185.792,95.094,94.437,232.791
183.918,93.231,94.996,232.024
183.562,90.579,95.751,231.863
182.188,90.249,97.376,230.758
179.058,90.204,99.180,230.235
177.271,89.638,101.105,229.463
174.835,89.666,103.204,228.479
173.356,88.352,105.081,228.588
172.922,88.894,106.540,228.690
170.805,86.315,107.706,228.936
172.221,84.754,108.433,230.136
172.353,84.056,108.834,230.088
172.779,82.982,109.470,230.176
174.282,81.965,108.767,230.610
178.290,79.985,108.025,232.329
181.162,79.827,107.140,231.676
185.448,80.077,104.774,231.004
189.870,80.475,102.764,230.630
193.647,80.083,99.897,230.690
197.136,79.722,97.770,230.881
201.006,76.808,95.580,231.971
204.431,76.249,93.726,231.886
209.435,76.855,92.492,233.180
211.193,76.040,90.571,232.705
213.884,76.103,89.475,233.851
214.351,76.671,89.265,233.309
216.284,76.922,88.633,234.257
218.071,75.751,88.767,234.731
219.396,77.099,89.051,233.778
220.386,78.141,88.728,233.310
220.592,78.913,89.009,233.095
221.021,77.230,89.363,233.385
220.193,75.923,89.400,234.360
218.931,74.142,89.547,234.169
216.990,74.765,89.642,234.439
214.590,76.140,88.936,235.616
211.376,75.465,89.100,235.301
209.464,75.720,90.310,234.691
207.274,77.147,90.116,234.269
205.172,80.338,90.238,232.925
201.883,81.130,89.745,234.076
199.735,82.393,90.090,233.185
197.321,84.620,90.029,233.091
196.327,86.168,90.311,233.603
194.987,87.325,90.330,233.705
193.685,88.232,90.754,233.685
193.494,88.877,90.947,234.067
193.103,89.956,91.198,233.799
192.831,90.790,91.297,234.104
192.047,90.910,91.687,233.892
192.716,92.585,91.941,233.667
191.581,92.408,92.705,232.405
191.775,93.998,92.858,231.999
189.018,93.959,93.011,231.347
188.960,94.141,92.685,231.694
188.887,95.018,92.716,232.104
189.301,95.257,92.756,231.531
189.128,95.739,92.618,231.782
188.373,98.393,93.007,231.901
189.132,99.790,92.335,230.843
189.693,99.212,91.067,230.749
190.629,99.237,90.249,231.725
190.264,100.025,89.725,231.084
190.595,100.162,89.199,231.600
190.191,100.968,88.824,231.182
190.434,100.531,89.085,232.181
190.735,100.310,89.192,232.119
191.135,101.212,88.909,232.480
191.146,102.084,88.669,231.353
190.635,101.774,89.193,231.912
189.456,101.241,89.285,232.592
187.876,100.132,89.548,232.883
187.950,99.218,89.737,232.447
188.177,100.014,89.818,232.044
187.885,99.228,89.992,232.013
187.771,99.358,89.883,231.786
188.013,97.237,89.706,231.075
188.384,99.046,89.483,231.308
188.722,98.776,89.092,231.033
189.083,99.288,88.885,230.481
188.566,98.035,89.495,230.711
189.129,98.745,90.134,230.804
190.546,96.829,89.917,231.030
191.273,97.282,89.691,230.494
193.339,95.301,89.282,231.381
194.833,96.399,89.595,231.572
196.445,96.093,89.074,231.511
198.119,95.580,89.000,231.883
199.378,93.665,89.111,231.878
199.517,93.842,89.017,231.600
199.675,92.812,89.253,231.863
200.912,91.172,89.187,233.097
200.340,90.269,89.330,232.808
199.639,90.606,89.381,232.994
199.384,91.082,89.382,232.825
197.422,91.826,88.890,232.695
193.931,92.967,88.940,231.739
189.142,93.135,88.638,232.513
186.202,92.595,88.429,232.131
184.111,91.949,88.529,233.028
182.031,93.455,88.560,233.452
179.140,92.878,88.154,232.097
177.851,95.001,88.651,231.626
176.189,94.844,88.678,231.993
175.940,96.325,88.672,232.164
174.817,95.637,88.961,231.917
