492.000,55.000,606.000,657.000
489.474,62.135,604.838,647.952
486.607,57.587,604.592,648.683
485.862,68.025,605.438,639.449
481.939,57.575,610.109,646.467
481.100,69.678,605.304,636.929
480.821,60.261,606.985,642.133
478.326,64.588,604.650,639.664
478.703,64.226,611.162,639.036
476.895,65.368,609.143,639.117
476.680,85.065,607.896,625.036
477.317,50.926,611.359,644.437
477.788,64.483,607.944,640.123
477.885,74.516,609.289,629.960
475.443,58.547,603.384,638.556
477.811,67.532,609.826,637.493
478.061,64.132,609.491,637.290
476.700,72.230,607.125,632.175
473.267,71.651,605.489,631.551
475.390,71.510,601.823,631.291
476.449,71.653,604.170,632.293
476.323,67.497,603.617,633.635
479.684,73.220,604.752,630.791
476.329,70.557,603.459,631.545
487.293,70.479,604.451,630.435
485.873,74.390,601.051,627.977
486.381,68.687,598.523,631.457
483.921,80.557,600.687,622.910
484.903,72.014,611.641,626.708
487.371,69.866,605.419,630.177
488.121,72.888,605.109,628.885
485.521,77.008,604.111,625.639
481.431,72.125,600.567,627.391
482.191,83.540,601.394,622.308
480.091,74.759,603.917,626.673
475.174,76.471,600.551,623.870
476.648,74.283,597.063,625.579
465.913,77.754,596.720,623.972
465.107,70.425,597.486,627.814
456.588,81.345,595.022,622.477
454.334,77.603,604.041,621.682
452.998,82.612,599.857,617.992
447.029,79.487,601.500,618.491
447.430,67.985,598.736,623.876
440.805,73.287,593.664,620.400
439.776,68.198,593.008,621.321
441.143,71.800,589.307,619.410
437.033,69.251,590.098,618.916
438.196,59.905,591.284,623.387
437.265,75.074,590.670,614.912
423.934,73.954,592.311,609.211
434.829,65.405,591.631,615.541
435.474,68.653,587.952,611.908
431.455,73.509,591.062,609.192
430.860,71.011,596.578,608.841
427.945,80.697,590.892,600.621
425.407,69.071,595.340,603.833
422.968,79.091,596.749,597.469
426.518,72.597,597.590,601.236
430.203,91.379,594.092,590.774
433.681,76.952,592.272,593.722
427.049,82.793,592.998,591.435
434.230,79.496,587.511,593.705
434.159,96.004,587.495,584.101
428.036,83.338,596.608,589.942
438.291,100.205,589.104,581.100
432.354,89.575,589.776,586.711
437.878,85.511,588.792,592.118
433.735,95.786,592.804,587.350
440.571,89.967,592.451,590.109
432.367,90.898,594.212,591.630
439.967,98.482,592.634,587.585
435.042,93.875,595.066,587.515
444.600,98.736,593.822,587.158
442.692,92.652,592.301,589.369
441.391,98.290,595.053,587.617
439.649,92.109,595.175,591.786
439.553,101.476,597.469,586.544
437.904,100.785,600.315,585.362
433.449,104.242,599.228,585.258
435.702,104.487,597.072,583.136
434.925,110.900,597.296,576.146
432.821,107.073,598.472,577.770
430.294,115.480,599.070,573.242
428.602,112.171,596.097,574.859
432.826,117.499,593.611,569.689
432.829,111.978,591.745,570.586
430.035,112.871,597.587,567.891
431.139,105.006,598.239,573.173
430.351,102.316,592.198,574.952
436.701,104.070,590.861,574.167
433.721,101.636,587.856,574.122
437.172,113.656,591.172,568.395
429.806,114.934,592.957,563.940
430.412,115.569,592.265,560.617
429.394,127.712,592.146,550.636
430.410,121.881,598.643,551.619
424.321,119.655,597.414,552.757
422.318,120.859,596.740,551.228
419.874,121.792,593.766,549.848
423.291,112.356,590.832,558.122
418.189,111.351,592.106,557.063
423.454,118.270,595.837,549.783
417.373,116.499,594.904,548.544
416.847,131.347,595.028,536.344
420.700,121.394,597.276,540.297
420.601,118.066,599.348,540.862
416.495,127.108,598.576,534.455
415.865,132.394,595.334,528.335
415.312,131.871,594.296,528.099
417.141,128.501,599.544,531.167
412.725,143.331,597.330,520.256
412.527,145.343,602.789,517.903
415.931,141.493,600.924,519.591
412.209,135.019,599.275,526.697
413.676,141.127,599.348,522.418
411.971,148.537,600.749,517.699
410.880,136.361,601.465,524.804
412.787,146.181,605.453,519.759
405.642,141.228,602.376,523.259
407.215,149.452,604.040,519.405
407.732,141.040,601.277,523.044
407.956,138.684,604.086,527.042
407.346,134.701,606.016,532.017
406.607,130.765,608.797,537.571
405.180,136.149,612.142,536.396
402.714,134.516,613.644,536.352
401.376,147.447,609.253,525.899
402.470,146.806,612.022,524.526
404.245,154.074,610.288,518.206
403.385,149.575,607.750,519.967
404.025,142.106,610.976,524.792
402.856,138.537,609.493,528.475
403.174,135.106,611.377,533.089
399.418,122.687,617.577,543.440
397.548,130.791,618.866,540.242
397.673,137.591,622.117,534.786
396.858,147.408,619.178,526.697
397.665,142.366,618.765,529.151
392.886,139.128,625.965,530.815
395.754,150.662,622.958,527.082
397.595,159.094,624.044,520.157
391.421,130.273,627.249,536.669
393.493,131.491,625.519,541.754
392.526,130.985,628.693,541.379
393.685,129.278,626.572,544.333
395.231,143.354,627.030,534.434
399.285,144.145,624.422,533.342
399.449,138.991,623.858,536.758
401.240,135.952,621.517,540.984
404.109,139.086,619.148,542.286
402.519,125.742,619.420,551.475
399.861,133.335,620.726,547.616
408.653,140.186,619.756,547.811
408.331,140.475,615.516,546.901
406.292,122.038,614.514,560.417
401.357,144.905,620.605,546.679
399.146,136.540,620.754,550.927
406.259,131.984,618.447,557.930
400.727,155.145,618.305,541.296
401.375,141.962,616.080,545.497
396.775,124.237,622.334,559.242
397.321,133.306,623.278,555.686
395.949,122.487,619.441,563.858
394.222,122.059,619.092,565.830
392.883,137.378,620.806,555.356
397.545,140.629,617.955,550.873
391.513,127.641,622.330,556.324
396.157,127.685,617.487,558.774
395.895,121.202,613.930,561.397
397.487,130.810,615.492,556.440
388.387,120.129,620.201,563.114
394.876,121.214,620.862,562.925
393.135,121.947,616.950,564.040
394.244,137.462,613.161,553.285
399.583,113.120,612.850,565.956
393.177,116.416,612.778,568.490
394.454,113.195,610.101,570.514
396.052,122.496,609.429,565.245
397.472,103.487,608.161,577.169
396.367,108.352,605.543,574.298
395.673,127.876,607.992,560.514
396.099,107.087,608.090,573.742
395.015,134.731,604.193,554.991
397.050,142.664,607.912,545.300
397.031,113.807,604.336,566.207
394.149,123.009,606.186,561.852
396.511,121.346,603.882,562.707
398.994,111.360,603.903,569.548
399.237,119.639,602.535,562.761
399.207,113.078,602.528,567.635
400.284,113.575,606.987,566.728
398.658,108.940,600.474,569.011
405.155,111.440,599.858,568.698
400.334,114.337,598.045,564.135
404.076,94.456,599.438,577.524
403.011,75.788,597.764,593.723
404.487,99.984,591.844,580.842
407.654,88.449,596.909,585.753
407.240,111.125,595.959,568.585
403.832,99.054,596.858,573.396
409.934,98.583,592.368,574.019
402.490,115.486,594.461,562.988
410.285,93.414,593.582,575.465
405.841,93.289,592.202,577.940
411.436,93.772,593.528,579.347
408.847,109.767,592.377,567.709
408.924,98.023,595.520,573.101
410.410,96.356,593.095,575.853
412.198,95.321,590.290,577.117
414.906,92.113,588.950,579.596
418.656,100.212,585.138,573.070
415.792,96.645,585.746,574.654
419.818,107.345,585.277,565.452
415.426,88.348,588.841,576.078
424.501,103.439,587.540,569.410
419.903,91.442,588.795,576.831
420.535,98.654,589.461,572.324
422.007,89.397,588.752,577.347
417.725,88.332,588.176,579.072
423.517,97.812,586.048,575.242
420.459,88.436,584.672,580.602
422.349,96.321,582.637,574.298
418.550,98.715,581.803,571.353
419.364,88.661,584.928,575.298
414.255,96.013,586.359,574.264
418.219,104.855,581.479,566.691
413.645,104.619,587.858,565.513
416.437,98.020,585.884,565.343
412.154,90.767,587.813,569.647
418.617,90.112,584.968,569.751
410.486,96.062,584.863,563.709
416.696,90.551,581.143,569.560
416.654,101.076,578.545,560.069
416.670,100.820,582.160,555.824
411.803,102.496,588.808,552.934
414.492,84.291,588.445,566.167
415.342,93.482,583.325,561.280
416.002,97.200,577.527,557.030
420.239,81.832,577.200,569.568
415.258,93.547,579.768,563.183
414.914,101.478,574.690,554.635
413.208,97.487,576.341,554.863
415.855,93.329,570.308,560.878
416.537,96.851,569.100,559.568
408.400,85.711,572.728,568.812
408.829,100.356,573.669,562.346
405.711,88.166,574.606,568.987
406.246,99.569,573.230,564.601
403.850,104.228,572.229,556.404
408.380,98.743,574.688,558.701
401.615,104.229,575.616,555.607
403.772,97.287,572.045,558.655
401.799,103.128,574.110,556.769
403.353,100.776,571.610,556.153
402.255,109.857,569.808,551.509
401.499,107.396,571.342,550.214
400.132,106.538,566.723,550.054
401.800,99.012,566.977,558.185
402.889,103.829,570.384,555.982
404.478,108.516,565.561,550.921
404.534,109.531,560.254,548.271
406.274,115.082,562.478,544.763
405.527,119.686,565.531,538.507
408.034,118.574,564.684,537.473
409.240,122.478,562.908,533.689
413.416,119.013,561.574,535.303
415.528,120.624,558.454,536.878
411.950,117.344,559.744,539.582
415.054,122.674,558.454,538.277
416.448,116.557,553.012,540.732
420.828,123.666,555.581,535.642
414.839,124.717,553.924,533.606
420.133,127.805,555.193,530.621
417.228,124.807,558.156,532.444
419.162,122.027,555.487,533.797
422.380,121.123,555.274,533.691
421.773,121.088,552.303,531.979
426.189,119.097,552.276,532.100
424.104,118.452,551.200,529.765
427.862,115.415,552.901,533.660
426.192,117.143,551.754,530.953
428.207,117.763,549.035,529.131
430.519,112.532,546.230,530.529
429.945,115.798,546.879,527.718
432.108,103.434,546.384,534.201
433.588,103.380,541.587,537.393
433.597,107.525,538.502,530.138
441.936,101.795,536.091,534.275
437.572,99.069,532.928,535.988
441.482,99.909,532.784,535.068
440.705,109.144,529.260,528.160
442.361,105.082,528.457,528.761
441.139,108.582,525.593,526.102
443.118,103.951,522.514,527.183
439.096,107.276,521.607,524.553
438.793,102.859,523.750,526.865
438.274,102.584,518.949,529.322
442.780,108.466,518.765,524.990
439.548,98.114,520.659,527.043
437.020,110.111,519.215,519.971
437.120,96.916,519.156,526.932
435.653,107.010,517.757,521.798
435.159,103.724,516.252,520.449
439.135,105.212,515.738,520.392
434.262,107.920,516.412,519.010
439.398,96.991,514.505,520.555
438.694,97.417,513.562,523.287
440.317,96.151,513.905,525.377
442.151,95.050,509.327,526.794
441.413,96.145,512.388,526.223
438.770,98.896,510.968,525.073
443.714,85.560,510.797,533.521
441.675,87.552,512.126,534.202
445.899,84.311,509.594,537.186
445.529,82.195,507.437,538.738
444.777,86.848,508.853,535.710
448.636,89.925,508.401,533.028
443.928,99.350,508.008,526.918
448.518,97.779,508.059,526.090
445.727,92.965,512.952,530.809
450.545,92.738,509.985,532.351
444.122,85.862,511.809,537.304
447.507,87.403,509.392,537.536
447.501,100.364,508.380,528.533
447.709,94.604,506.725,528.486
451.271,91.420,508.452,532.925
446.332,96.468,510.004,531.530
448.468,87.956,508.759,535.301
451.749,87.799,506.973,536.931
