520.000,9.000,248.000,583.000
514.210,33.827,259.872,591.177
512.055,36.318,266.698,610.493
514.009,36.424,268.052,626.518
513.111,29.112,267.827,645.219
510.696,29.224,270.313,657.359
511.191,28.237,270.340,661.614
508.706,26.089,272.538,664.749
509.265,25.970,271.223,665.978
506.850,29.462,273.103,663.904
507.276,26.480,271.971,670.303
509.156,26.096,269.828,675.540
506.560,26.880,273.772,676.151
506.438,31.523,275.145,677.741
505.644,30.164,276.702,675.341
508.359,28.075,273.735,678.074
507.188,27.283,275.526,678.732
507.016,25.256,277.968,681.033
505.000,29.482,277.694,678.044
510.434,23.977,274.555,676.125
506.276,28.135,277.579,673.395
504.906,25.528,277.535,667.839
508.957,26.217,274.512,663.263
506.531,26.165,278.763,653.511
512.460,22.187,271.088,645.809
512.839,21.422,270.858,632.602
512.948,29.456,268.590,619.872
513.308,28.474,268.304,604.991
510.837,20.121,268.597,579.506
512.874,26.504,268.683,549.215
508.889,23.877,272.667,520.673
506.710,26.636,276.590,492.820
504.422,22.833,275.670,466.388
509.723,28.154,273.942,453.840
506.327,27.609,276.311,439.455
509.874,31.782,273.642,437.083
507.745,32.190,272.453,435.903
505.170,35.584,271.633,440.402
510.900,38.152,268.299,449.643
509.667,41.874,267.733,461.851
507.490,39.033,269.194,474.018
511.648,40.396,266.066,493.927
510.585,38.761,266.060,513.604
511.261,38.576,266.505,534.700
515.194,41.417,263.492,560.210
514.035,39.079,265.748,586.442
510.477,39.156,272.576,613.925
511.076,36.493,271.436,642.255
509.899,29.825,271.557,652.318
511.071,27.468,272.054,661.826
511.367,26.032,271.457,669.010
505.675,31.315,274.830,669.164
505.006,26.405,274.615,673.064
507.105,28.738,274.216,676.491
505.289,33.404,275.014,671.909
506.669,28.096,273.960,676.854
507.088,29.736,272.835,678.338
507.174,35.887,273.373,673.425
505.546,28.865,276.633,672.495
508.548,32.697,274.414,673.250
504.937,30.536,277.843,675.197
509.635,30.001,274.168,671.256
507.207,35.646,277.483,669.663
503.908,31.667,277.705,672.282
510.052,32.167,271.640,669.722
506.055,31.275,274.802,666.249
506.940,25.978,274.510,665.603
511.814,26.300,270.472,658.305
509.324,29.424,274.967,646.883
508.429,27.852,275.952,632.330
510.779,23.301,272.474,627.652
513.818,29.376,269.920,614.721
512.005,29.967,274.064,606.117
508.628,24.355,274.726,576.448
507.287,25.825,274.232,559.600
506.987,24.525,274.756,535.488
509.582,29.667,274.049,516.207
507.504,27.274,276.335,493.624
508.907,25.663,274.399,469.708
506.147,21.605,277.526,443.544
506.149,27.203,276.588,443.580
509.437,26.429,273.403,439.532
509.339,31.194,269.077,444.214
508.929,32.970,268.422,449.810
511.060,35.351,267.675,462.072
509.525,35.301,268.246,467.975
509.394,37.936,269.320,481.188
508.970,38.904,269.979,502.658
514.539,35.320,264.644,523.382
512.701,40.468,265.076,545.229
515.184,39.798,265.098,575.166
515.903,38.505,267.860,606.584
513.803,34.716,272.623,635.474
511.396,36.524,273.223,652.981
506.512,29.736,273.989,660.708
509.309,25.598,273.269,669.663
506.331,30.084,277.198,669.309
505.714,32.645,276.840,669.742
506.099,27.762,274.423,673.764
508.932,26.364,273.259,678.338
507.171,30.298,275.455,675.782
507.782,29.865,274.692,677.693
508.529,27.825,274.759,678.439
509.131,27.394,274.773,677.237
508.407,27.750,274.480,676.913
509.352,28.413,275.090,678.318
504.680,31.182,277.719,675.572
507.036,28.356,275.228,675.756
504.900,28.535,277.434,674.140
508.866,27.214,274.570,672.610
506.807,27.955,276.633,667.820
507.786,27.452,274.833,659.019
509.970,26.279,272.598,652.311
506.091,23.972,274.914,639.731
507.022,27.418,274.321,628.994
512.114,22.814,272.007,618.689
510.115,28.407,273.079,594.962
510.879,24.803,267.165,565.470
511.574,22.688,268.341,530.602
508.704,30.563,271.435,513.170
506.715,27.628,274.600,485.142
508.319,28.848,273.615,465.095
503.507,25.482,277.889,444.266
510.017,28.250,275.289,433.368
510.486,27.738,271.739,438.859
508.109,27.924,273.993,432.525
507.085,27.175,275.124,431.459
507.152,30.379,275.124,434.273
506.152,31.002,274.606,442.070
508.177,33.302,271.356,453.690
506.714,36.119,272.030,472.681
508.089,34.486,269.538,484.903
507.667,33.081,271.433,495.919
506.382,33.830,270.806,514.278
515.537,38.699,263.465,532.757
510.999,38.028,269.706,560.170
510.164,36.849,271.347,584.874
511.244,38.371,272.707,614.965
512.100,32.627,271.433,643.371
511.348,26.703,272.844,650.012
507.481,29.684,275.740,663.634
503.273,28.723,279.824,670.098
506.785,24.436,277.109,677.939
504.309,27.619,279.651,679.829
506.184,27.484,277.707,678.795
505.193,31.510,279.003,675.746
504.167,26.987,279.393,676.960
505.307,31.212,278.360,679.441
508.972,26.737,274.273,682.430
504.456,25.568,276.180,677.617
505.928,30.455,277.812,678.690
505.699,24.787,278.106,678.741
507.684,25.707,276.679,680.806
506.315,29.113,276.766,675.582
507.547,23.377,276.577,680.272
507.953,24.878,276.034,674.027
505.806,28.295,276.924,667.402
506.774,22.353,275.540,669.953
510.144,20.847,273.707,658.568
512.197,18.679,272.435,646.330
512.533,28.696,271.328,634.832
511.785,21.144,270.501,614.672
512.331,24.490,269.677,592.535
509.045,15.948,269.211,564.474
506.521,23.617,274.959,534.161
505.041,28.728,276.204,520.141
507.984,24.862,275.658,494.899
508.587,24.443,274.646,471.212
508.618,18.501,275.456,446.139
513.022,24.053,270.911,440.441
513.204,22.502,268.409,430.203
509.727,23.391,271.679,427.257
510.414,23.073,270.515,423.641
509.705,26.559,271.273,430.599
508.383,29.317,271.969,434.064
