551.000,281.000,69.000,198.000
547.160,280.563,69.006,197.183
543.960,278.999,72.267,192.811
538.961,275.522,71.559,194.495
534.899,277.989,73.184,200.835
531.885,276.736,75.105,199.121
523.949,278.553,72.199,201.741
517.991,279.657,71.198,204.784
510.628,277.967,71.120,203.014
506.673,276.545,73.628,202.132
501.833,278.960,74.451,210.475
495.983,276.707,75.530,210.486
491.946,279.712,77.985,210.908
488.300,284.411,77.635,219.061
484.044,282.735,83.116,222.042
482.542,277.776,86.331,220.744
479.459,266.784,88.365,207.902
478.677,265.585,91.333,197.293
478.531,264.983,92.241,187.028
473.418,268.178,95.616,182.087
473.311,268.274,95.732,183.928
475.001,266.766,94.805,187.639
476.128,266.631,94.082,190.853
476.729,268.635,94.540,191.351
474.564,271.355,96.910,199.622
480.166,259.488,93.088,195.685
486.006,254.238,89.012,191.409
488.393,249.753,87.565,186.796
489.012,248.439,87.070,183.950
490.227,250.161,87.494,185.968
492.753,251.246,85.581,193.736
493.055,250.480,84.296,196.053
493.834,249.743,82.601,194.678
496.993,249.717,81.329,189.277
497.879,250.229,78.363,188.998
501.579,249.669,75.698,189.285
505.228,246.424,72.657,186.328
507.834,245.336,70.148,184.649
512.325,248.197,69.137,186.737
512.849,249.260,69.604,188.798
512.793,248.927,69.615,192.943
518.567,253.502,68.203,204.826
521.855,258.526,67.201,219.168
524.085,254.148,68.104,216.979
524.333,250.144,70.601,213.979
523.489,254.134,73.892,211.891
533.437,254.781,89.479,205.468
531.615,258.733,99.147,199.464
521.887,263.033,88.837,202.513
528.583,270.741,83.776,211.730
532.056,269.809,82.661,218.901
534.221,270.083,82.464,224.769
537.827,272.821,83.370,224.734
539.758,276.724,84.820,223.861
542.587,279.958,88.051,222.943
548.874,280.191,88.128,223.520
552.680,278.066,94.046,227.696
558.944,278.853,98.144,229.569
564.617,277.897,94.691,227.133
571.969,277.232,94.343,225.928
580.453,277.709,96.379,223.022
576.859,278.983,104.992,223.899
584.267,277.525,110.552,221.599
587.097,277.685,110.735,220.608
591.353,281.233,110.220,218.485
601.008,275.609,112.284,217.907
605.852,276.587,110.858,217.032
611.793,270.006,107.485,213.753
623.865,266.193,103.302,207.077
629.902,268.458,99.059,202.826
636.183,268.365,95.166,201.828
643.619,270.962,91.657,204.256
645.551,270.497,91.567,209.016
647.338,276.537,95.928,209.391
649.064,279.509,98.903,203.955
644.846,274.775,106.393,199.410
646.527,270.984,109.944,193.269
653.565,268.137,113.299,187.865
659.202,265.093,110.701,184.069
665.175,263.970,108.158,185.346
670.956,264.898,105.603,188.056
680.379,267.614,102.677,194.599
685.012,268.758,100.974,197.081
693.344,268.327,99.990,202.959
696.947,273.766,104.145,202.426
695.599,272.748,99.987,202.636
703.052,268.444,97.278,202.516
703.489,266.862,98.807,200.506
701.453,267.083,104.277,202.811
697.772,265.879,111.450,206.595
693.151,264.004,114.741,210.087
690.852,262.669,117.266,212.262
693.522,259.863,114.748,212.660
690.481,255.666,107.408,215.059
688.141,253.340,103.389,216.279
688.868,256.461,99.675,212.637
681.557,255.743,93.169,206.964
683.763,251.230,86.469,206.884
676.767,247.680,84.146,204.485
668.602,243.384,85.772,197.597
657.036,239.600,87.595,193.902
647.380,238.034,91.819,190.585
636.419,238.529,96.322,187.310
627.421,241.394,101.961,183.733
621.922,242.587,106.294,181.778
613.530,249.837,112.398,179.869
606.379,245.051,117.246,182.317
605.676,247.392,114.585,183.561
603.421,243.914,109.912,189.458
604.196,237.642,107.611,180.581
604.249,238.772,98.983,186.640
603.205,244.220,93.206,193.828
597.972,243.845,90.078,204.059
590.466,242.185,89.059,208.385
583.707,245.612,89.418,213.530
575.227,246.116,91.700,216.834
567.434,246.413,92.599,221.703
561.005,243.553,95.196,212.531
552.926,249.206,96.638,203.700
546.130,258.755,94.543,204.544
538.560,264.804,93.206,207.691
530.545,267.989,90.653,214.711
521.995,273.461,88.496,217.203
512.176,275.810,86.556,215.235
506.596,269.952,88.897,207.984
496.740,270.346,92.222,198.659
491.116,263.739,96.027,195.303
480.899,263.446,100.189,194.023
476.446,262.527,102.647,194.031
471.663,260.144,104.565,192.568
469.220,255.519,102.898,197.711
464.176,255.189,102.724,201.080
463.142,260.738,103.970,202.854
455.354,268.791,106.105,195.904
452.074,261.636,110.047,199.512
451.256,252.868,111.571,192.987
449.480,249.926,116.342,188.639
448.459,248.612,117.301,189.137
445.737,247.782,110.951,194.781
443.235,248.279,106.340,199.715
445.374,244.352,104.645,201.297
437.608,242.952,101.293,199.263
439.345,247.483,99.249,200.279
438.426,244.549,101.062,192.841
439.186,245.349,98.734,185.320
436.871,241.292,100.669,179.382
436.905,244.035,99.985,171.752
437.709,246.663,100.975,168.494
434.417,247.231,103.037,167.133
430.483,248.524,106.785,165.262
433.338,249.742,109.267,166.331
439.806,248.262,110.626,163.141
437.543,247.812,113.982,159.048
435.545,243.634,117.864,161.256
435.287,243.251,127.411,165.401
430.920,242.998,137.993,169.997
432.601,242.576,144.187,175.601
429.242,239.452,150.514,178.008
431.583,250.632,157.775,179.079
431.536,259.391,160.710,192.823
438.163,258.851,160.609,196.701
446.032,255.587,149.819,201.767
455.541,251.869,138.131,211.928
461.953,242.660,128.593,205.608
474.273,239.079,119.542,197.132
479.803,241.076,116.978,186.554
484.539,247.853,121.241,178.915
482.921,265.147,130.675,173.385
484.428,257.085,137.783,174.617
487.732,257.901,138.506,181.723
492.214,251.508,139.569,175.299
489.101,254.270,138.946,172.288
495.234,258.744,134.174,171.934
505.704,254.381,119.674,180.536
513.688,256.031,109.770,191.286
524.796,256.560,102.109,202.588
524.544,258.859,106.437,207.739
522.555,259.023,113.733,213.001
526.240,268.354,121.522,214.169
529.845,268.571,127.260,212.591
531.744,261.720,133.774,214.088
532.699,256.317,139.430,212.197
536.132,253.197,144.766,199.685
536.515,251.652,146.930,197.992
548.005,250.837,145.231,197.577
560.392,248.535,138.319,196.840
574.513,248.484,129.086,198.058
591.672,245.772,118.328,200.302
603.518,244.624,109.936,203.837
617.947,245.903,103.187,206.313
625.264,246.194,93.498,210.063
630.887,249.912,94.182,219.186
630.843,250.451,106.195,215.207
625.851,251.492,125.566,209.223
622.742,252.745,135.558,207.937
619.936,255.910,140.184,208.105
619.609,253.591,140.897,209.955
615.263,249.003,135.965,212.776
617.412,247.407,128.302,214.548
621.131,246.863,117.640,215.142
624.388,247.613,107.379,214.563
630.515,245.240,95.389,215.431
630.186,244.408,92.488,212.873
623.269,242.440,96.490,202.597
618.904,239.715,103.379,193.374
620.756,250.941,111.220,194.304
619.659,252.532,115.608,201.505
621.108,245.443,118.514,208.867
625.316,242.369,117.310,209.785
633.018,233.012,113.944,201.010
642.443,230.763,108.662,193.730
655.019,232.050,101.757,193.121
668.749,239.051,111.204,192.712
675.944,241.237,117.073,195.064
673.900,244.434,116.296,195.335
670.743,240.432,111.588,194.766
669.936,233.824,107.356,193.164
670.378,233.941,109.262,187.724
667.481,232.300,113.788,184.136
661.372,239.259,127.863,184.509
648.648,239.857,143.200,181.897
635.491,244.264,156.020,176.478
625.011,244.907,162.264,163.625
621.270,244.344,160.844,154.988
620.350,246.072,153.487,152.064
618.331,238.402,140.974,157.073
618.907,238.072,134.491,158.145
614.614,240.733,124.792,167.835
613.007,235.474,117.079,178.938
603.766,233.447,116.330,185.684
604.596,232.619,134.145,173.278
592.110,229.760,144.837,167.310
572.318,234.278,132.493,191.498
575.811,232.011,133.306,193.249
570.280,225.719,133.458,201.017
570.191,229.382,130.855,203.864
570.128,220.698,122.298,209.612
575.650,216.236,114.896,213.285
574.542,218.172,106.812,214.664
577.082,218.155,97.695,215.210
578.052,221.506,88.662,211.004
576.766,223.621,87.141,215.056
574.107,232.606,97.906,217.487
560.921,224.246,114.557,213.215
549.184,229.601,133.766,206.969
522.781,241.474,152.956,203.179
505.544,240.020,169.302,207.343
489.057,246.575,179.337,203.144
478.446,237.008,177.851,206.800
464.517,232.005,172.320,205.499
455.105,228.580,173.316,188.161
443.558,233.950,159.157,186.430
435.407,235.344,142.205,184.963
431.503,237.862,128.440,187.000
424.516,240.008,116.646,190.276
425.299,242.320,108.349,193.113
427.408,248.754,99.375,193.914
421.149,251.253,100.324,200.444
415.487,246.919,105.973,194.438
409.192,253.981,113.283,200.329
395.373,254.941,124.343,201.265
393.462,248.688,126.997,202.278
395.684,240.747,125.725,208.400
399.225,231.160,124.606,200.622
401.600,229.115,122.953,196.061
410.529,227.879,120.931,193.141
425.527,226.781,112.460,193.776
430.478,230.792,106.450,193.302
427.267,235.343,114.491,195.656
423.815,232.162,112.780,196.404
424.386,232.965,105.128,202.092
423.649,234.248,103.525,201.860
419.243,239.330,109.383,209.879
414.707,238.817,121.077,207.925
405.556,248.387,133.016,197.656
392.796,265.043,137.028,202.064
384.857,264.282,140.200,205.123
377.838,253.643,138.919,189.350
368.455,254.678,131.644,177.470
365.341,261.359,123.540,172.884
361.628,264.362,121.570,178.065
349.589,266.940,130.091,174.643
334.573,270.042,152.338,165.463
326.684,275.365,173.816,156.337
330.568,271.474,183.574,162.265
331.740,277.213,191.365,163.965
331.366,264.950,194.817,168.845
335.469,260.718,197.748,170.347
336.292,261.898,195.297,173.644
350.428,264.088,189.838,180.502
358.068,263.806,181.836,191.983
372.689,266.233,166.192,213.029
389.450,264.532,157.588,225.792
408.726,265.171,145.156,232.999
426.707,258.986,127.954,233.439
455.264,249.699,108.506,230.706
474.045,246.111,115.043,219.988
478.357,251.913,131.080,207.835
480.130,255.721,152.940,196.262
475.503,260.104,169.871,189.680
476.315,257.630,183.073,188.364
481.072,251.598,191.487,194.280
478.642,255.595,200.786,190.804
485.498,257.498,201.940,190.428
486.336,256.676,200.482,193.287
495.696,248.576,189.316,199.967
501.900,250.273,176.566,203.344
510.905,247.014,156.337,211.706
524.486,256.705,135.535,214.041
536.400,256.073,118.922,219.133
551.588,257.209,114.703,222.722
545.120,255.735,119.929,221.602
546.079,255.438,127.756,217.824
555.638,247.227,132.349,206.851
566.241,243.881,135.218,198.814
578.494,245.336,136.975,195.825
585.671,244.770,135.388,195.883
594.618,247.139,130.161,193.155
605.519,243.567,122.279,193.052
613.337,248.073,112.084,195.027
618.488,251.951,113.958,194.867
631.699,250.840,120.397,194.441
639.948,252.828,137.581,199.334
630.472,252.889,151.474,199.967
627.815,254.586,160.795,198.596
639.087,260.910,167.806,204.580
644.651,263.480,163.454,217.147
650.092,264.232,158.386,220.364
658.680,252.974,160.950,197.209
649.813,256.276,141.194,196.349
650.815,257.967,119.465,204.286
656.236,249.993,105.244,201.643
655.313,242.088,101.237,186.964
647.967,245.927,110.026,171.951
636.742,252.614,122.628,160.352
633.044,249.534,137.372,153.746
626.977,247.576,149.404,151.757
622.165,248.453,155.105,160.939
618.585,244.036,161.813,162.234
618.441,246.172,159.748,173.584
624.513,242.819,153.469,185.743
631.496,241.821,144.115,192.497
639.773,238.194,132.603,197.397
648.152,240.379,114.821,203.346
665.218,241.097,101.374,210.615
668.157,243.594,90.663,215.768
662.445,245.573,104.492,214.076
654.469,232.252,121.452,191.770
636.818,238.644,132.020,179.682
625.269,234.807,143.625,162.088
611.556,239.619,149.156,153.063
600.654,244.608,141.488,154.895
596.605,239.811,141.650,147.789
588.485,241.842,135.823,142.893
579.089,237.264,118.971,149.797
572.914,231.874,102.764,156.313
559.689,228.404,102.060,151.856
542.493,228.861,114.254,148.282
530.758,234.630,130.245,145.413
520.730,235.303,145.923,146.897
516.323,241.867,155.202,160.067
509.489,242.229,163.838,165.053
508.266,248.736,166.380,168.592
523.755,241.110,158.761,172.345
512.206,234.767,155.786,172.720
514.745,236.764,144.467,176.479
523.591,237.676,124.535,191.373
538.543,240.682,109.084,205.473
550.114,242.292,102.181,214.367
546.765,246.089,114.162,217.518
536.285,247.434,128.534,218.478
525.539,248.468,137.069,212.579
515.095,246.895,140.338,197.906
503.881,251.906,137.407,194.055
495.090,249.062,137.474,187.850
486.057,251.665,136.958,174.075
476.267,251.137,133.109,164.999
470.438,254.032,120.734,160.868
465.997,256.057,107.184,158.407
459.865,249.948,100.817,155.600
452.519,253.715,110.319,149.930
440.971,259.467,119.777,157.786
434.172,258.829,135.888,144.763
418.828,275.958,153.843,147.896
407.127,255.760,166.330,150.628
393.057,256.561,174.655,162.810
392.130,256.358,179.684,177.787
389.923,259.086,179.848,196.474
390.715,256.169,176.328,207.091
403.445,250.989,170.323,214.168
418.992,243.238,157.468,218.777
425.948,239.908,145.733,224.029
440.722,240.521,129.020,226.689
445.963,230.430,122.596,219.490
451.868,237.789,127.277,205.653
454.141,242.736,133.990,198.314
452.381,242.601,142.418,193.025
447.252,233.620,149.422,184.015
444.540,230.313,149.887,183.415
443.146,223.444,148.290,176.576
444.997,221.909,146.787,168.139
442.583,226.420,134.023,164.733
441.439,227.434,126.254,161.989
433.617,238.915,129.166,164.785
437.974,243.456,131.504,168.373
454.364,232.503,135.730,161.838
453.366,235.970,145.259,170.255
450.800,234.671,154.772,172.744
452.202,231.708,162.249,165.438
450.915,238.062,168.331,168.914
448.536,245.710,175.210,183.366
451.094,241.447,177.598,194.974
464.500,246.322,172.954,207.771
475.336,247.342,158.636,223.421
495.623,238.307,148.241,216.100
504.181,230.611,132.784,220.614
521.608,222.872,123.539,212.381
531.716,226.105,129.700,196.772
533.306,233.575,144.528,185.232
526.361,230.639,155.879,185.294
519.114,230.534,165.237,185.501
523.593,230.096,165.730,183.530
524.279,229.609,163.068,180.703
524.602,227.934,160.524,169.560
526.877,233.678,155.283,162.047
539.700,237.144,140.790,171.593
542.276,241.193,128.275,182.780
560.554,244.679,116.471,189.048
566.956,242.598,117.504,195.410
555.077,251.563,133.707,201.750
557.563,251.435,143.849,200.665
557.371,252.749,149.181,208.095
559.925,244.638,150.936,209.656
562.924,243.397,151.546,212.657
566.996,250.078,152.652,215.114
581.072,252.214,149.577,215.277
593.971,239.808,142.303,217.695
612.808,236.311,133.587,214.662
624.428,233.694,120.344,209.884
632.755,232.703,108.641,207.027
638.830,238.478,111.856,199.301
640.227,238.635,126.548,195.377
637.471,242.187,137.968,195.569
636.829,245.444,148.608,187.791
629.163,240.402,160.183,177.309
629.857,240.587,163.861,169.001
630.699,245.379,162.875,162.228
634.751,245.997,154.640,169.087
643.562,247.988,138.567,177.042
652.001,241.090,120.436,185.180
665.922,238.691,110.596,193.827
665.022,238.231,118.922,199.578
663.172,221.112,133.081,185.379
660.177,239.427,139.320,197.863
656.801,237.617,150.132,198.467
652.469,235.152,157.233,195.400
650.605,234.887,160.659,196.184
655.537,230.175,156.804,201.773
663.764,239.130,153.110,202.126
678.387,223.796,143.587,214.573
682.078,221.728,133.549,215.310
706.385,218.399,116.975,215.956
710.117,220.274,104.877,211.264
709.954,218.489,114.723,206.555
704.989,220.007,134.058,197.432
691.101,224.074,154.447,188.870
678.150,221.710,172.053,184.868
660.492,221.975,187.998,164.379
653.638,225.344,189.337,157.177
652.347,228.013,185.132,150.831
650.697,229.150,180.332,149.468
647.236,223.544,175.035,154.382
644.438,225.896,163.535,162.087
644.565,227.813,153.808,169.077
648.956,225.651,136.938,177.161
653.318,222.064,115.407,183.356
644.786,222.171,105.925,192.846
638.078,220.642,106.100,200.698
632.525,224.651,113.027,211.942
625.643,226.523,123.269,218.413
626.326,232.816,126.265,221.607
626.922,226.469,124.833,224.133
631.902,218.848,117.016,221.934
641.291,214.631,103.797,219.781
653.824,214.312,90.987,217.718
660.217,212.863,93.568,204.550
653.589,219.306,108.704,196.489
644.197,214.603,125.532,186.074
632.172,219.754,145.750,178.130
620.049,223.523,161.848,172.162
606.765,227.187,175.407,160.998
597.207,234.245,183.258,165.833
581.787,245.772,191.768,174.871
568.156,240.628,194.828,186.872
553.378,243.223,190.988,190.690
544.906,240.555,186.650,196.218
535.270,241.160,173.899,199.978
536.365,242.392,154.550,201.692
529.149,240.784,131.119,208.584
523.461,234.021,114.211,216.100
511.169,232.462,117.820,219.486
502.550,232.778,126.481,220.525
498.616,232.940,134.060,219.502
494.746,237.062,139.041,218.621
499.248,234.742,136.863,216.839
506.077,231.392,130.229,213.015
516.596,230.648,117.010,203.476
512.383,224.515,102.602,195.159
521.201,227.928,98.528,192.583
520.457,231.166,111.443,189.373
507.942,230.769,129.809,184.639
495.329,234.708,147.914,180.524
479.902,241.237,165.522,172.585
468.385,249.098,178.991,164.633
464.300,249.162,177.834,165.338
453.557,246.255,183.754,155.985
453.968,246.232,183.350,167.901
447.300,244.770,181.338,182.543
443.825,244.156,173.631,192.557
447.049,235.812,160.184,204.828
451.954,233.482,142.837,218.437
450.769,238.657,122.200,230.882
447.960,229.676,122.805,225.750
442.127,235.058,129.661,224.941
439.589,235.081,138.664,233.841
439.619,231.036,147.231,235.855
444.943,234.007,150.809,224.897
455.874,234.919,150.322,217.074
471.880,229.855,149.806,213.582
475.863,232.736,142.969,208.523
492.240,228.004,134.392,206.682
503.208,218.924,120.554,211.686
515.969,221.536,108.443,203.631
524.129,226.439,107.739,201.344
525.392,233.288,121.871,194.696
519.922,231.291,139.460,184.673
510.451,229.260,151.960,178.293
509.734,235.180,157.866,173.904
511.228,236.520,161.829,179.089
511.652,238.989,161.687,183.215
516.707,237.087,151.399,194.989
530.138,230.855,134.877,209.187
533.105,234.064,119.303,215.068
543.260,228.068,112.902,216.632
534.577,229.479,120.517,217.829
517.911,229.231,138.854,209.684
508.583,231.605,154.570,200.965
504.913,244.260,166.305,189.056
508.456,242.826,172.305,188.739
513.701,247.511,174.691,188.867
524.297,242.144,171.012,192.779
540.506,243.379,163.243,190.393
554.421,239.322,156.100,191.720
576.054,237.545,140.531,193.331
596.190,235.083,124.637,196.304
609.260,235.217,111.305,197.399
618.317,237.978,106.154,197.289
624.754,242.410,116.590,192.853
629.076,246.252,127.408,193.328
629.197,240.313,140.364,185.704
625.419,238.246,150.420,170.295
621.996,233.558,160.057,149.281
620.762,237.529,163.552,140.466
626.490,242.554,162.140,142.503
638.181,237.417,155.367,139.771
641.540,233.242,146.636,148.123
653.275,235.611,126.979,157.985
666.265,241.309,116.716,171.832
668.597,234.085,119.768,172.869
653.906,231.751,130.153,178.457
654.467,242.599,138.949,188.408
661.140,233.940,147.064,199.720
663.764,232.305,153.046,206.691
663.604,231.263,152.036,215.331
669.169,220.550,133.656,226.361
685.983,216.790,132.693,223.618
705.155,204.576,116.866,217.667
716.820,207.328,118.541,209.329
716.053,203.698,136.632,192.109
713.425,203.600,155.079,175.351
706.139,212.880,168.648,174.945
697.650,209.184,178.112,168.212
697.181,208.498,180.315,167.210
694.987,204.245,185.687,157.762
692.835,203.582,186.753,146.508
691.720,202.384,185.510,135.393
691.601,206.321,185.031,134.394
694.557,205.657,176.330,144.363
702.010,209.619,164.272,159.764
713.231,206.541,142.841,176.836
723.225,200.278,127.506,196.292
708.604,204.166,124.855,206.577
713.532,204.269,123.121,213.801
704.453,205.561,129.791,211.852
704.680,200.371,135.786,216.937
702.337,202.671,146.015,220.549
705.555,200.649,148.788,222.419
707.442,195.453,144.824,220.827
714.834,194.251,137.417,218.648
726.954,191.651,127.560,210.673
726.152,188.488,121.043,198.700
716.424,188.585,118.612,190.739
711.035,197.291,130.308,177.564
700.215,204.760,144.616,176.612
690.607,212.214,156.636,177.050
682.293,214.425,167.511,170.730
675.498,218.156,165.076,184.413
669.286,213.355,160.054,178.034
664.905,209.833,159.804,160.823
661.197,214.965,159.792,154.315
658.012,215.383,157.429,140.421
656.420,219.512,143.963,141.801
652.830,221.337,126.388,143.653
638.203,229.532,127.785,148.509
648.175,222.219,124.232,159.846
642.592,209.342,130.513,145.873
622.715,220.313,138.587,152.342
610.478,225.982,140.437,166.812
604.706,232.809,142.989,188.324
610.639,230.489,147.460,204.523
620.555,232.224,146.216,215.146
622.931,228.978,135.431,217.068
621.904,219.251,122.654,217.687
621.407,212.068,114.000,207.292
613.002,210.949,121.649,191.402
603.181,219.878,137.888,173.931
588.021,229.192,153.263,164.004
569.164,227.129,166.509,157.562
552.643,223.731,175.478,161.919
540.655,218.002,177.818,152.684
528.668,215.833,172.366,142.973
522.783,218.296,168.644,137.104
519.907,220.769,165.133,132.283
515.252,226.589,158.860,135.361
520.374,229.263,144.404,144.212
517.646,233.501,123.959,155.607
525.933,228.249,113.439,168.938
507.907,212.639,126.811,171.227
499.181,217.018,141.689,170.126
488.994,217.625,155.667,165.787
480.189,234.304,163.121,188.200
476.718,229.922,169.993,198.856
473.288,238.015,173.133,208.428
481.114,237.496,164.696,212.985
492.970,217.760,151.853,215.673
502.992,213.681,133.110,215.892
508.109,207.314,120.128,206.633
508.266,205.424,121.775,193.718
507.016,210.595,132.045,181.000
499.391,216.090,141.622,172.674
494.228,218.204,148.088,164.882
488.285,207.987,150.310,166.408
482.987,208.169,150.730,162.022
476.960,206.286,149.652,153.199
475.115,206.714,147.149,148.884
478.306,208.569,144.082,146.801
482.258,218.488,139.835,144.635
484.042,218.236,124.303,150.569
487.004,215.798,124.934,151.298
486.529,217.091,133.210,153.165
479.447,215.337,147.616,159.346
472.976,215.044,166.562,160.081
465.536,219.867,183.579,160.027
453.751,222.272,199.857,162.790
448.207,226.091,209.016,162.227
453.739,235.435,209.497,165.595
469.557,235.818,195.393,171.750
493.227,232.562,170.539,191.550
511.426,218.278,148.810,191.244
527.483,222.954,133.591,199.426
537.619,224.457,139.222,196.195
535.122,230.170,151.080,188.228
529.877,236.660,164.609,180.841
530.101,242.299,170.114,175.323
529.865,237.976,166.876,176.836
536.348,235.829,158.801,176.815
548.132,227.927,146.495,172.717
555.932,227.921,130.819,167.714
570.471,228.891,116.973,160.284
580.310,236.097,112.924,150.518
580.305,246.091,129.911,140.804
571.899,248.636,142.957,146.629
567.709,243.190,148.501,158.437
587.147,234.248,160.198,152.844
587.526,236.239,165.371,146.757
591.218,240.307,167.640,150.209
594.642,240.720,165.950,158.156
600.999,244.790,157.315,183.238
617.977,242.611,146.482,196.904
637.398,243.935,136.669,201.456
657.032,243.996,125.098,204.285
669.278,246.159,115.756,209.300
676.326,243.447,129.829,201.243
671.798,237.660,147.167,193.949
664.926,236.609,157.789,179.223
658.082,243.980,162.274,169.905
650.499,247.491,164.952,160.718
641.664,248.843,157.471,154.759
637.218,251.553,145.517,148.278
639.269,249.808,126.460,150.170
641.606,245.467,109.059,155.176
641.845,241.317,107.156,153.812
628.057,248.810,121.431,144.006
622.363,258.580,137.572,133.490
615.927,254.800,152.120,134.137
615.763,245.918,160.976,139.090
613.663,241.002,169.704,139.146
621.675,244.846,165.961,155.332
631.262,237.871,159.853,171.108
646.343,229.133,148.695,171.205
658.321,232.258,136.946,170.320
683.418,241.801,117.925,184.062
703.840,237.155,114.376,179.202
708.733,242.716,108.763,182.666
700.641,242.483,121.167,180.343
689.235,242.399,137.964,184.255
678.246,241.368,148.333,189.690
668.448,237.900,161.705,181.581
659.249,243.956,169.647,175.683
647.966,247.331,165.087,162.100
642.585,243.591,162.718,146.270
636.370,246.513,145.054,145.171
631.319,244.194,124.297,151.894
630.620,236.472,112.002,152.384
621.596,234.572,115.908,149.866
606.297,248.535,130.235,143.384
599.129,247.714,143.341,139.445
596.401,243.762,151.902,139.362
589.841,240.818,159.097,145.977
586.174,236.482,160.612,152.314
586.335,240.619,157.872,169.162
597.423,234.198,145.372,184.515
607.026,232.418,128.447,196.075
618.834,234.824,110.280,205.417
621.924,233.745,105.412,203.655
617.139,237.643,109.873,201.158
612.517,239.352,122.268,195.432
609.438,239.399,129.443,192.420
601.749,241.411,145.693,189.663
588.946,243.180,163.053,182.206
