147.000,73.000,234.000,178.000
153.777,76.271,231.139,180.296
153.490,75.635,230.371,180.271
150.480,75.204,232.132,180.145
148.274,74.569,234.595,178.110
145.372,76.842,237.335,178.242
142.888,70.532,240.957,186.560
143.028,68.750,242.161,190.782
138.985,57.739,244.978,199.803
136.180,51.230,247.956,208.235
132.046,46.505,251.859,217.287
128.079,44.755,255.798,220.443
125.686,42.152,260.045,222.325
123.024,39.304,261.971,224.425
114.828,39.458,266.680,224.211
104.061,34.146,275.374,228.225
99.264,34.490,282.576,230.801
93.234,33.259,289.349,235.320
94.617,35.751,291.130,233.933
94.517,36.753,290.119,229.244
92.332,46.179,283.327,220.655
97.645,51.936,273.770,219.435
102.286,48.992,265.311,220.662
102.506,60.183,261.535,214.916
99.258,87.800,266.102,197.461
98.740,97.794,271.722,183.888
97.509,116.709,279.883,170.178
99.891,122.286,284.429,167.242
100.808,125.184,284.650,166.257
99.185,127.019,278.923,167.143
107.710,123.833,269.136,171.299
110.898,123.865,262.883,176.674
114.139,122.831,254.955,175.051
118.056,121.340,249.142,175.937
122.498,121.374,247.839,181.946
126.398,113.168,247.562,188.042
120.935,111.475,252.690,196.103
121.744,109.140,254.408,194.379
115.712,114.409,259.067,191.283
105.979,118.939,267.664,185.045
107.251,125.900,274.542,182.028
104.581,124.969,278.457,182.879
103.997,123.966,284.347,179.018
104.537,124.826,283.698,179.684
106.742,115.259,281.090,185.525
108.212,105.751,279.728,193.992
105.192,105.044,281.225,195.824
102.405,103.209,276.988,198.526
99.137,99.217,271.345,200.243
102.671,99.626,268.416,202.581
107.587,94.761,269.378,207.527
100.453,102.003,271.552,201.738
97.462,109.212,273.176,197.400
90.569,118.722,283.495,184.436
95.275,125.158,297.606,174.078
89.417,125.549,304.333,170.738
95.258,132.234,319.804,161.929
83.254,131.402,335.897,157.301
69.802,126.607,318.010,165.981
58.875,118.712,282.338,173.116
69.351,106.187,246.175,181.033
82.322,104.927,224.544,181.782
94.424,95.310,204.215,183.494
100.311,84.483,189.582,190.899
106.405,79.346,178.608,199.484
106.077,66.495,174.271,213.854
106.571,54.040,169.757,225.473
109.200,52.537,166.817,230.741
102.133,49.301,168.140,232.517
95.776,50.423,170.622,229.840
92.281,51.918,175.471,227.805
87.172,57.970,183.261,219.341
87.710,64.534,183.971,211.274
84.469,70.524,180.993,203.254
83.344,72.305,173.771,196.017
83.492,74.309,165.779,191.351
88.125,79.001,160.105,186.423
93.732,79.003,155.072,182.432
99.074,81.642,150.137,177.480
106.186,82.230,145.948,177.241
107.197,81.921,145.261,174.948
109.746,85.063,146.797,169.538
113.521,89.951,145.915,167.003
119.671,90.846,143.838,166.352
124.333,86.584,140.311,171.289
125.617,86.987,140.444,173.651
126.550,85.785,140.033,176.357
127.899,90.468,140.156,174.215
131.084,91.510,139.029,174.624
132.634,96.050,138.487,171.415
133.369,95.160,137.614,171.090
133.183,94.117,137.916,172.109
135.933,89.915,133.668,176.722
135.079,87.148,133.064,181.311
134.985,86.097,133.443,183.852
135.004,84.480,132.343,185.796
134.187,86.146,133.638,185.176
133.217,87.506,134.963,184.869
134.530,87.299,135.950,185.476
136.145,87.282,136.000,186.547
138.250,85.709,136.541,187.871
139.735,83.183,136.315,189.563
138.668,80.036,136.422,193.123
141.324,78.278,135.980,195.453
141.624,80.703,136.646,195.343
141.997,81.423,140.079,194.868
136.134,86.818,145.762,190.759
138.780,83.729,146.500,191.270
139.030,91.198,147.039,188.801
141.003,85.134,144.604,192.889
145.829,89.672,140.560,191.594
148.966,87.341,137.533,194.065
149.588,86.922,136.812,194.571
149.123,87.656,137.574,194.975
150.906,87.563,137.444,195.483
151.230,88.437,138.001,194.573
152.102,88.126,138.140,195.060
154.391,88.660,136.715,195.146
152.951,87.304,137.356,197.498
153.207,87.506,137.185,197.999
152.529,87.534,139.124,199.201
153.290,87.032,138.253,200.732
151.179,86.249,138.709,202.313
148.818,84.806,140.058,204.313
149.092,81.517,139.733,207.821
146.213,83.431,142.778,207.324
146.001,85.512,142.855,206.402
145.345,86.700,141.714,206.981
144.692,88.113,143.400,205.481
149.902,89.961,140.228,206.122
147.444,91.447,140.305,205.575
151.539,90.449,137.742,206.687
155.208,94.531,134.259,203.497
156.740,95.769,132.650,203.874
158.544,94.411,130.301,207.586
154.025,86.116,135.053,214.272
157.208,86.094,134.768,218.264
135.080,85.842,155.114,216.950
114.617,58.552,176.432,233.363
104.597,52.263,198.127,245.096
89.219,49.764,219.417,251.150
78.794,53.354,239.312,253.255
79.698,60.571,249.236,250.133
59.119,82.291,260.229,226.243
48.813,93.515,268.941,207.032
57.259,96.500,264.455,201.944
34.201,95.740,272.458,194.120
23.958,99.385,281.509,182.148
30.747,98.721,283.730,174.403
31.816,95.229,288.549,162.783
45.469,97.210,284.657,155.315
56.826,98.276,287.748,151.232
66.918,98.937,286.310,145.090
89.513,101.555,274.275,144.722
106.038,102.643,263.028,142.283
120.169,108.518,255.360,138.545
127.636,107.723,257.112,136.265
138.769,109.198,254.710,137.194
137.534,107.353,261.061,136.244
135.989,106.622,270.969,135.137
135.832,103.831,279.674,136.365
137.935,102.339,283.053,138.830
138.714,100.308,286.019,141.382
139.958,98.069,288.408,143.477
146.208,93.223,287.094,149.170
153.946,91.363,278.666,151.186
163.039,90.415,273.446,151.446
168.059,90.803,277.846,150.198
166.872,90.695,273.402,147.832
169.974,90.211,272.758,146.486
171.489,88.246,277.640,146.980
160.165,83.629,289.664,149.960
155.938,77.941,291.978,151.171
140.550,72.325,292.977,156.837
143.331,66.535,283.732,160.205
140.586,64.912,281.973,162.131
127.492,77.610,292.974,154.545
118.782,86.084,304.291,146.945
116.630,88.648,309.881,141.694
115.743,92.337,305.920,141.163
118.087,102.852,303.555,133.555
118.538,101.667,297.930,129.603
120.232,94.099,289.193,129.136
133.086,86.231,273.968,132.330
142.905,86.840,264.431,133.650
144.990,84.362,261.059,134.717
146.591,87.323,258.473,132.097
147.586,89.321,258.140,129.329
145.910,90.731,260.383,127.108
136.209,91.733,270.083,123.676
130.495,91.398,279.959,122.096
122.727,90.675,285.114,121.224
118.280,91.559,293.618,120.886
116.726,89.380,298.032,121.784
121.238,87.452,300.086,125.943
129.700,79.943,293.287,131.397
128.227,73.132,292.080,134.557
133.780,65.688,282.221,137.839
139.535,61.196,274.980,139.414
147.232,60.721,268.518,139.675
154.824,56.647,263.503,140.507
163.559,52.897,258.465,146.180
170.214,47.070,253.049,151.164
164.984,43.346,253.539,156.109
156.314,42.358,259.926,159.849
154.601,37.780,263.340,164.124
142.308,37.272,273.132,163.014
123.170,39.915,289.173,160.422
112.402,39.393,290.611,159.627
108.674,38.285,296.492,161.148
100.760,38.242,290.105,162.123
103.372,38.695,287.109,161.330
105.396,39.400,287.957,161.214
107.683,39.336,283.427,160.893
106.078,41.120,277.283,160.523
105.714,41.599,274.597,161.261
103.959,41.389,278.757,161.952
109.773,44.102,288.462,160.510
110.223,42.605,295.001,162.190
106.307,47.663,299.110,163.452
103.716,49.278,300.029,160.924
100.154,52.082,296.164,157.989
88.251,52.711,298.058,156.384
88.833,53.731,302.860,156.960
82.637,52.972,311.392,156.737
