193.000,82.000,226.000,147.000
187.973,89.427,232.475,144.801
181.159,89.711,238.635,140.949
174.340,89.668,244.057,138.830
167.810,94.859,248.053,132.756
162.012,91.539,253.229,131.766
155.244,90.388,257.372,130.800
151.507,89.094,261.409,128.743
148.759,90.548,261.270,126.344
143.456,91.079,263.719,124.145
141.717,90.983,265.553,122.333
139.601,93.193,264.155,121.025
142.001,89.925,261.257,121.446
144.251,87.727,261.212,121.278
148.023,86.841,258.194,122.136
150.588,86.442,256.914,121.895
153.430,85.845,257.399,121.904
155.817,88.691,257.164,119.273
156.994,92.092,257.736,116.278
160.163,90.541,256.291,115.250
161.460,89.558,255.146,115.477
162.574,85.687,254.529,118.989
158.882,84.757,251.947,120.427
158.537,82.984,251.102,122.739
155.287,83.137,250.337,123.963
148.254,85.011,250.219,122.744
144.909,87.313,249.455,121.106
139.458,89.251,248.251,119.427
133.090,91.485,249.049,118.580
129.824,91.607,246.655,119.792
125.937,90.333,243.823,119.319
121.935,88.877,244.512,120.663
117.959,87.375,242.994,121.781
116.840,84.736,240.002,123.595
114.523,83.367,238.419,123.822
113.905,82.200,236.094,125.237
114.201,82.808,232.574,124.738
113.977,81.304,230.792,125.958
113.611,82.599,228.081,125.653
112.442,82.077,226.658,126.526
112.789,79.587,224.658,128.247
111.698,78.126,222.676,130.084
111.044,75.596,221.995,132.669
111.597,74.823,218.745,134.455
112.183,72.687,216.856,136.295
113.270,72.006,213.560,138.108
112.925,71.104,210.397,139.884
115.303,72.816,206.105,139.861
117.944,72.246,203.014,142.639
120.022,72.171,198.555,143.614
121.658,71.588,193.203,145.594
123.538,74.228,186.643,146.323
124.558,73.373,181.196,147.934
125.617,73.531,174.953,148.655
128.038,74.131,169.062,149.806
130.477,73.049,164.546,150.841
133.591,74.242,162.651,152.756
136.440,73.781,160.800,153.336
139.997,74.792,160.751,153.685
143.745,70.250,160.862,157.201
146.809,71.119,161.400,158.868
148.848,68.994,162.705,161.061
151.521,69.493,164.354,162.791
149.744,69.546,169.318,164.315
147.523,70.656,176.633,164.790
143.256,70.547,185.648,165.726
137.267,71.580,197.025,165.750
131.264,73.613,208.576,164.900
125.857,82.350,218.031,158.203
123.024,82.827,229.897,157.921
119.693,87.921,240.393,152.838
116.968,96.880,249.266,146.789
113.470,95.045,257.728,149.466
108.039,90.989,266.783,155.026
103.153,95.181,274.862,155.823
97.699,99.589,283.382,154.251
94.807,92.584,293.710,159.893
93.250,87.921,300.425,164.120
94.826,78.345,307.249,170.852
96.126,80.619,314.539,168.954
97.810,76.093,320.570,170.270
101.946,71.566,324.832,172.200
105.171,75.187,330.149,167.699
107.132,67.401,336.035,170.572
108.246,68.242,341.487,168.738
109.921,74.533,345.327,162.873
109.774,81.133,349.499,156.659
116.798,80.188,350.606,153.920
119.645,80.661,353.049,151.136
122.828,75.475,355.864,152.572
122.174,81.259,357.704,148.309
117.197,76.994,360.481,149.654
106.919,80.577,362.124,147.479
100.618,84.603,364.711,145.627
93.856,72.502,367.426,154.858
97.796,71.641,365.268,156.805
101.678,79.490,364.949,150.618
105.029,80.315,363.527,148.429
111.626,81.551,358.706,146.179
113.064,81.799,354.749,144.672
118.160,72.885,351.051,148.856
119.929,69.656,346.878,151.488
123.848,65.921,344.971,154.123
130.953,68.615,339.624,151.358
137.882,65.945,334.730,151.120
141.547,63.885,329.799,151.835
146.782,70.129,322.361,148.291
152.894,72.088,314.971,147.575
157.803,72.815,307.879,148.102
160.188,72.678,302.416,149.652
169.653,68.001,294.430,153.244
178.353,68.327,281.391,154.648
182.549,71.075,271.838,154.752
189.173,76.101,262.365,151.524
196.564,66.534,252.925,158.205
203.263,82.533,241.192,148.346
214.536,73.175,230.014,151.181
221.458,72.089,217.633,151.139
229.764,75.142,206.472,148.614
237.026,84.348,197.633,141.648
249.404,66.941,184.965,149.878
259.047,78.895,176.604,144.958
273.740,69.701,170.429,148.107
281.181,67.869,167.884,149.992
289.709,73.996,167.855,146.346
289.416,69.459,171.483,148.502
288.934,72.560,180.073,146.899
288.919,66.731,187.626,149.826
287.000,61.775,194.564,154.336
284.768,62.148,204.834,154.505
281.048,61.724,209.933,154.898
277.888,70.053,216.397,147.489
274.878,73.193,223.867,141.942
273.725,72.221,229.282,139.960
271.615,59.096,236.414,148.040
269.933,66.356,240.848,145.044
268.920,65.389,246.188,144.171
266.106,65.874,251.142,143.789
263.908,63.598,255.150,144.500
261.117,61.487,258.328,144.782
258.742,63.784,260.290,143.130
255.767,63.652,261.857,142.747
253.038,66.415,264.753,141.249
249.459,69.712,267.028,137.869
246.984,65.649,266.914,140.181
243.031,68.819,267.094,138.028
239.150,68.630,261.256,137.603
237.727,73.598,260.196,132.863
238.460,77.419,261.586,127.113
237.546,73.748,261.834,127.785
233.064,75.611,261.844,127.592
234.033,80.304,262.009,125.637
230.495,78.932,264.039,126.232
226.576,85.408,267.608,123.316
222.969,83.915,268.457,122.198
219.548,84.925,269.036,120.955
217.574,86.366,268.463,119.784
212.272,82.939,268.770,120.656
208.546,81.945,269.217,121.650
206.753,82.247,269.705,121.311
201.656,81.526,273.579,121.199
198.783,83.836,276.474,118.833
192.519,80.897,279.595,119.820
193.795,77.801,275.615,121.893
191.325,77.590,276.030,123.399
190.657,79.993,276.252,122.669
185.112,81.168,278.398,121.040
190.043,79.262,272.201,123.166
184.688,78.658,275.373,124.388
183.651,78.088,273.742,125.485
187.841,75.409,268.195,127.286
180.385,73.960,270.357,128.560
183.809,72.822,266.352,129.489
183.005,71.566,264.237,131.133
179.100,70.630,265.258,133.014
175.992,68.555,265.478,134.934
173.803,70.627,265.626,133.916
169.947,68.712,267.306,135.208
167.016,74.114,266.825,131.851
166.504,70.937,264.836,132.601
163.482,71.988,264.355,132.482
163.757,68.313,262.390,135.389
162.314,70.691,259.633,134.023
160.850,73.330,257.160,132.972
158.560,74.804,256.101,132.090
154.859,74.717,254.810,131.791
153.044,76.213,253.676,131.286
151.016,73.237,252.522,133.397
149.486,74.357,250.598,133.550
147.251,72.983,249.548,134.380
144.564,75.303,248.234,133.274
142.076,70.300,248.634,136.981
138.100,71.021,247.460,138.933
136.017,73.372,247.647,137.435
133.580,73.518,241.481,137.432
135.103,72.576,239.071,138.169
131.782,72.920,238.670,139.236
130.211,72.359,235.227,140.517
129.679,72.002,234.944,141.742
126.639,71.390,232.496,142.141
126.820,72.254,229.351,143.373
125.927,71.038,226.458,144.036
124.814,71.883,222.605,144.569
122.827,72.355,220.717,145.291
120.885,72.679,219.326,145.366
118.834,72.741,214.568,145.371
118.287,73.048,212.146,146.018
116.584,71.581,208.747,146.261
115.172,72.695,205.530,146.310
114.089,72.062,200.653,147.913
114.953,70.432,195.776,149.452
116.048,72.086,192.284,149.266
117.024,73.128,186.708,148.920
118.517,69.829,180.891,151.370
120.212,69.692,175.626,153.469
121.093,68.519,170.924,155.652
124.919,67.937,166.018,157.087
127.903,69.824,164.412,157.792
129.781,68.886,163.288,158.062
134.037,66.452,163.354,160.162
137.785,66.294,164.357,160.755
140.711,65.936,164.176,160.896
141.761,66.905,165.393,160.399
141.988,63.037,165.849,162.371
141.145,62.004,168.218,164.256
141.801,58.896,169.807,167.298
139.021,58.684,173.222,169.683
135.981,59.215,177.712,171.566
130.594,58.748,185.351,173.700
124.126,59.493,193.897,174.047
117.782,59.267,201.865,174.948
111.208,61.312,211.243,175.472
105.822,67.674,220.752,171.572
101.531,74.651,229.000,165.949
95.443,82.216,238.768,159.844
92.504,93.205,249.922,149.164
87.036,96.306,258.037,145.446
83.431,96.074,266.591,145.144
81.156,91.094,274.123,149.653
80.101,85.420,279.553,156.344
80.360,82.990,287.113,160.031
78.067,75.513,292.503,166.898
75.725,80.961,298.346,164.944
76.142,75.108,303.572,168.590
73.716,70.984,309.536,171.804
70.675,70.328,315.423,173.099
68.077,73.370,321.701,171.622
65.412,70.833,327.448,173.586
65.448,75.337,330.837,171.444
64.668,70.827,334.518,174.683
63.361,77.935,338.331,171.756
61.665,76.409,342.626,174.183
61.657,76.393,346.807,175.657
64.093,77.924,350.485,174.788
64.996,76.678,354.016,175.716
66.360,81.227,357.660,171.863
70.750,80.903,361.018,172.826
72.281,81.878,364.589,172.500
73.572,84.830,366.161,170.571
73.176,79.756,372.653,173.635
68.121,83.349,376.042,170.315
70.788,81.945,380.673,168.845
73.503,82.139,384.930,167.480
74.125,77.660,390.831,168.650
71.554,91.588,390.548,158.992
71.571,77.404,395.521,167.582
73.667,80.984,391.627,168.679
69.185,85.330,393.257,167.918
69.559,91.136,390.129,166.015
69.618,92.374,386.806,166.806
67.760,93.087,385.139,167.617
74.968,82.959,380.598,175.958
75.525,97.476,379.003,167.063
79.089,94.671,376.683,169.911
80.257,100.516,373.861,167.219
77.165,92.395,376.978,173.306
77.406,91.987,374.954,175.859
73.516,97.384,372.177,171.955
70.888,84.168,371.371,180.630
65.604,78.823,369.881,183.236
66.288,81.432,366.800,179.863
74.344,72.432,362.945,185.281
83.015,68.549,358.396,184.588
86.636,67.528,355.787,174.937
102.175,58.280,348.000,169.901
111.882,57.372,341.471,167.771
121.804,58.039,335.518,167.688
124.720,62.195,330.202,168.041
127.145,64.868,322.142,172.034
128.616,77.769,314.081,169.807
130.790,74.659,307.176,174.436
139.557,72.910,299.423,175.644
148.106,90.706,293.944,160.967
157.511,88.201,284.387,152.851
162.775,103.196,274.697,141.723
168.438,108.256,264.613,135.079
172.686,119.214,255.037,128.466
176.920,118.419,246.578,124.544
182.052,108.900,235.043,124.718
191.764,108.756,225.627,127.434
202.446,109.764,220.049,130.306
215.748,116.852,217.842,133.286
223.249,101.810,213.731,152.976
229.289,110.437,215.036,160.389
236.730,86.169,212.653,179.311
239.935,81.636,214.305,186.858
245.062,81.808,215.278,184.528
248.734,66.651,213.319,188.150
242.471,74.721,210.504,180.773
239.593,54.155,204.354,187.389
244.927,52.515,201.449,189.199
232.654,62.921,211.181,181.270
232.006,77.848,222.246,173.494
213.212,95.878,244.325,163.924
203.447,94.298,253.089,165.142
189.648,105.819,267.186,157.244
178.776,119.651,281.681,145.518
183.248,91.653,285.365,160.177
186.254,83.929,289.228,173.122
186.035,97.943,295.181,166.792
188.456,94.494,301.971,163.545
200.120,89.548,303.139,161.123
208.304,90.153,305.431,158.694
215.950,82.989,305.481,163.809
219.899,89.642,309.446,160.652
226.031,91.225,310.375,162.379
223.650,86.218,312.733,167.697
232.707,92.047,313.095,165.939
233.125,86.940,317.785,170.304
217.110,88.094,315.203,172.225
222.135,94.647,328.440,171.147
220.672,95.927,327.101,170.923
207.663,88.235,329.563,169.240
193.296,114.895,337.176,150.118
182.052,117.398,341.390,139.603
185.327,112.708,345.871,136.720
159.679,109.042,333.483,136.988
156.952,122.027,327.488,130.096
170.445,114.023,317.069,135.384
177.157,103.075,319.909,147.047
188.130,104.211,328.150,152.219
196.569,103.806,328.465,158.864
199.917,99.619,329.278,170.204
194.171,111.306,336.582,172.051
195.177,119.381,342.407,166.756
183.726,124.700,346.399,157.574
173.862,118.870,339.409,155.644
167.908,112.378,339.264,153.375
173.189,114.100,334.972,154.250
177.092,112.322,336.919,154.022
175.691,103.409,328.426,154.936
187.783,105.980,339.035,145.900
190.992,111.693,348.716,137.579
189.674,108.609,354.008,137.078
185.556,106.834,357.930,139.371
188.784,105.068,359.973,146.638
188.524,93.759,360.296,162.362
185.711,108.465,359.415,166.595
184.156,114.744,360.346,171.600
176.570,121.680,359.534,172.151
168.177,129.335,365.111,166.445
164.808,114.203,364.103,175.821
166.163,96.321,368.002,182.431
164.740,97.556,375.285,178.680
164.090,105.201,378.321,169.276
162.359,88.659,378.159,178.764
158.591,71.561,372.694,192.906
155.261,86.433,372.430,198.199
146.876,88.358,378.525,202.557
140.259,87.425,385.140,208.691
130.605,92.018,388.824,210.240
128.750,96.050,388.649,214.046
121.233,97.261,381.316,223.950
107.744,108.569,380.286,217.807
86.095,114.627,392.567,213.595
