862.000,255.000,415.000,143.000
859.722,259.994,418.715,145.765
853.557,261.375,421.593,147.333
848.273,264.465,426.231,148.693
837.963,268.788,435.618,150.415
825.131,268.868,447.790,153.304
813.061,274.395,455.384,151.142
803.613,277.820,467.118,152.007
795.655,279.166,470.776,152.834
783.278,276.257,486.084,154.618
772.309,285.646,499.120,151.891
765.729,291.889,503.352,149.143
748.698,292.974,518.340,152.235
743.753,298.799,520.628,154.064
729.385,305.653,524.790,154.391
722.291,310.074,522.064,155.817
715.613,312.441,520.744,154.131
698.572,309.970,523.850,156.698
663.654,299.688,535.023,162.914
651.305,307.348,534.444,163.140
638.150,309.047,531.638,162.339
626.169,304.365,525.787,165.907
606.000,314.723,530.879,165.231
591.798,319.937,529.802,164.007
578.834,321.156,529.021,164.008
561.243,319.770,529.853,165.209
547.498,319.975,527.946,163.343
535.169,311.293,527.152,168.696
515.308,319.063,535.112,163.631
504.338,317.572,534.190,160.071
486.588,320.050,542.233,157.708
478.286,327.979,549.167,156.006
485.525,324.746,545.834,154.293
480.301,328.828,547.642,153.415
480.261,324.523,546.999,156.139
478.096,327.750,546.526,160.015
474.444,325.745,547.814,164.442
469.759,329.297,548.417,165.108
462.714,321.726,551.139,168.828
458.465,322.459,547.977,170.298
450.597,328.608,549.234,168.894
450.953,315.650,549.391,176.648
442.903,323.132,551.641,175.816
435.623,313.518,553.767,182.594
427.022,323.518,559.261,178.682
421.489,331.660,562.027,171.661
419.878,331.411,563.277,168.024
415.731,327.210,568.451,168.205
417.192,328.595,573.409,167.368
422.544,315.444,574.579,169.617
412.849,311.974,580.183,167.103
406.539,322.543,585.793,163.725
390.226,315.817,587.143,164.761
386.244,308.739,581.561,167.894
379.903,306.291,578.428,167.134
376.668,298.123,578.225,169.811
377.159,303.207,582.803,171.358
371.990,310.589,588.527,171.461
374.260,313.706,590.910,173.972
372.294,323.993,592.113,173.987
377.382,323.820,599.760,177.557
389.538,322.086,607.216,177.009
399.945,328.586,608.023,174.402
399.242,330.474,614.538,171.283
407.153,333.435,615.442,170.416
422.285,331.655,602.938,170.580
414.549,333.709,608.428,169.938
431.647,333.658,600.377,167.238
432.535,337.230,594.858,164.761
432.357,337.724,593.356,166.093
428.852,344.355,593.688,165.533
425.189,343.080,596.403,166.141
439.859,340.533,587.255,163.503
438.479,333.731,581.878,164.283
439.501,330.346,580.798,161.317
439.444,322.748,579.079,162.054
444.667,318.135,576.544,160.864
440.707,313.252,573.043,159.269
439.206,312.517,572.130,161.643
435.687,315.561,573.243,161.901
433.638,318.162,569.227,162.685
426.241,322.904,571.950,163.796
426.634,318.466,569.879,165.252
421.355,321.202,565.533,163.436
417.547,323.075,562.300,162.997
415.073,317.760,566.368,166.021
412.018,312.097,565.246,169.400
408.538,313.824,562.533,168.179
406.060,308.980,561.750,170.458
396.779,313.033,564.962,168.069
399.484,313.194,563.809,167.273
395.157,319.725,565.052,164.055
394.094,312.372,562.087,169.431
389.414,322.510,561.412,165.636
377.616,323.807,565.172,163.876
379.510,322.687,563.273,167.081
377.800,324.811,559.575,168.971
372.293,332.858,560.897,165.683
377.124,325.453,561.052,168.546
371.609,325.541,561.155,168.392
367.252,318.667,556.342,169.330
361.921,326.388,559.418,162.803
359.493,318.001,558.496,163.093
355.029,317.786,555.282,165.055
354.552,321.682,551.378,162.347
348.010,325.930,557.066,160.447
338.575,318.648,560.570,167.966
335.594,317.818,560.662,169.549
344.760,315.475,562.444,171.565
323.801,314.610,567.182,172.154
326.142,309.987,570.069,175.899
329.182,308.626,576.293,178.494
326.219,314.837,575.370,178.654
321.265,308.035,574.551,180.928
323.839,311.493,571.113,177.956
320.435,302.886,558.513,180.147
326.839,304.380,573.444,176.940
316.568,295.738,568.886,182.288
322.844,293.800,566.494,176.871
330.603,284.361,562.463,177.329
338.026,274.010,555.021,175.042
336.338,268.025,547.409,176.541
348.620,263.216,546.633,178.875
368.169,251.599,540.924,178.927
382.052,252.220,529.036,175.467
396.779,265.999,522.559,175.828
404.256,276.728,523.326,177.150
405.232,280.463,523.689,179.450
413.781,287.411,523.466,180.404
415.140,287.781,519.616,182.797
426.936,301.486,516.798,180.437
440.938,311.570,516.113,181.989
452.605,316.866,517.636,183.018
459.491,311.278,521.996,183.049
491.216,310.576,525.372,186.225
501.168,311.114,526.849,183.787
517.720,306.435,533.677,185.214
529.567,309.317,541.802,182.907
536.102,312.904,546.521,181.650
545.606,302.928,549.500,182.195
550.423,301.660,559.040,183.445
569.188,288.202,552.443,184.632
571.168,272.514,555.644,183.481
571.339,269.060,560.244,178.777
576.849,265.704,574.190,177.868
587.624,271.514,575.350,177.804
594.571,279.309,568.474,174.882
596.641,284.072,561.111,173.447
597.131,280.706,548.190,174.197
716.064,232.148,524.825,222.209
719.962,183.056,518.658,283.416
699.815,162.723,546.429,320.984
597.063,235.053,600.597,264.735
594.613,252.650,609.969,222.646
570.413,258.433,624.399,194.727
568.754,260.504,625.934,184.596
579.176,261.802,599.585,179.610
564.959,260.192,558.974,178.588
564.433,258.777,526.188,176.715
562.226,259.893,512.438,174.396
556.362,260.714,495.417,172.324
553.676,250.633,482.893,174.314
539.356,240.948,482.518,176.960
532.661,228.570,480.684,176.589
531.792,228.778,482.382,175.227
528.050,218.739,478.499,176.708
542.193,209.787,476.828,177.553
533.473,190.652,467.810,182.556
538.372,182.766,476.748,181.998
532.599,192.603,486.473,178.634
497.505,213.397,509.572,183.188
474.721,226.197,505.244,183.815
494.601,215.400,494.368,182.812
498.459,217.595,485.249,180.162
498.352,227.325,479.467,177.255
506.151,216.917,472.995,177.531
513.013,229.336,467.611,177.148
513.847,228.178,463.709,178.519
505.782,237.288,454.014,177.785
515.171,251.611,429.258,170.369
512.503,250.882,408.391,164.061
513.186,252.423,398.314,160.311
514.816,253.923,391.668,158.965
509.544,244.942,408.012,160.255
489.609,236.794,416.762,165.858
462.423,206.041,441.995,167.018
432.058,188.415,462.874,174.050
424.151,186.507,489.521,183.276
385.509,161.341,511.119,195.328
327.779,126.500,515.605,211.303
267.979,93.905,495.898,233.783
192.665,37.782,449.090,264.229
188.894,28.627,407.153,276.525
150.008,0.000,403.166,270.826
163.111,0.000,395.801,266.232
170.972,0.000,392.684,262.434
169.387,1.366,393.219,260.156
180.329,0.000,391.036,260.203
153.207,0.000,388.706,258.418
143.365,1.244,386.903,266.564
84.152,1.925,410.509,260.739
88.763,3.107,421.555,259.576
2.865,0.000,448.369,244.342
0.000,4.733,436.857,257.584
0.000,1.799,423.919,272.044
0.000,8.013,403.425,293.301
0.000,10.747,385.821,315.640
16.154,11.103,428.581,298.697
39.223,10.535,504.138,285.467
62.460,29.581,566.501,289.493
88.024,33.476,645.498,292.040
54.921,55.042,713.030,293.032
29.457,38.590,751.586,311.915
29.019,30.633,794.987,319.171
12.521,15.766,811.797,331.901
9.749,12.624,829.301,335.634
9.114,3.651,857.148,335.156
8.355,12.224,861.421,326.251
0.000,14.104,866.756,331.408
5.255,14.693,895.057,317.187
11.200,31.600,926.755,302.014
6.159,12.331,952.316,289.711
7.759,31.655,1004.493,275.718
24.335,13.849,1024.893,269.400
25.881,5.284,1034.434,262.017
22.492,15.438,1045.249,260.583
