825.000,218.000,238.000,198.000
824.902,221.460,240.496,195.123
822.027,221.307,245.457,193.821
820.745,219.092,247.153,194.727
822.726,220.469,245.195,192.461
824.009,218.998,245.114,193.394
823.460,215.356,247.642,195.919
827.679,217.471,244.861,194.513
828.999,214.304,245.336,196.266
831.768,215.690,245.201,196.280
834.349,215.440,245.470,194.723
830.515,215.090,248.790,195.119
833.987,212.365,248.418,196.363
830.520,214.230,250.821,196.403
834.894,212.682,248.897,196.395
835.392,212.178,249.241,196.460
831.410,205.145,252.717,201.081
833.224,207.070,252.184,198.464
833.336,206.387,252.996,195.792
828.696,205.276,256.891,196.585
829.278,200.765,256.452,198.716
829.741,197.383,255.299,201.267
829.171,198.865,256.707,200.779
828.176,199.498,258.639,200.197
832.060,194.406,255.057,202.672
825.020,194.321,260.538,203.693
827.135,192.321,261.885,203.070
824.345,194.772,265.078,201.196
824.090,194.778,267.026,200.711
827.990,192.619,265.195,201.859
829.849,190.736,264.536,203.213
832.482,191.460,267.913,202.990
833.003,190.628,266.918,204.758
832.100,193.048,272.929,205.039
833.342,189.569,269.850,208.260
833.262,193.567,273.238,204.734
831.339,195.847,276.228,202.823
834.647,191.106,279.020,206.873
833.207,189.572,279.185,208.796
833.329,189.454,282.702,209.960
835.676,190.912,282.221,208.993
832.201,191.426,285.330,209.065
837.364,192.689,285.455,210.329
833.847,189.403,285.320,212.677
835.366,190.662,286.094,212.578
834.598,193.380,290.172,210.473
832.205,193.212,285.916,211.311
834.793,194.513,288.368,211.201
834.901,194.375,288.264,212.490
832.852,196.050,291.034,212.603
830.200,196.274,295.703,212.117
829.931,194.735,299.158,214.732
827.617,194.387,303.394,215.966
829.104,194.214,302.930,216.446
829.647,193.494,300.584,217.217
831.228,194.933,301.263,216.406
830.754,193.861,299.248,217.338
832.059,192.905,299.743,219.522
833.975,193.738,299.881,219.992
828.768,194.819,303.298,218.630
833.862,194.520,299.777,219.654
834.254,194.497,304.192,220.623
826.716,195.912,310.559,220.210
828.299,194.771,306.748,220.148
826.970,196.522,308.368,220.435
821.071,194.322,309.600,221.751
821.820,197.493,313.992,218.231
818.085,196.500,316.745,220.005
818.921,193.007,322.759,223.020
814.428,192.045,326.401,224.951
811.553,193.960,327.956,224.338
804.844,194.724,329.753,223.628
808.041,191.001,335.590,225.640
806.104,191.367,338.342,225.348
802.664,192.592,340.383,225.798
798.567,195.136,338.577,223.904
798.492,196.904,341.042,224.605
799.945,200.210,337.879,224.635
802.772,200.731,343.849,225.093
805.233,199.102,350.056,225.251
799.145,199.347,353.928,228.527
808.387,198.058,345.590,230.049
811.397,197.185,345.032,229.276
810.338,198.759,348.058,231.203
809.967,202.278,355.522,228.832
817.029,202.232,362.708,228.681
812.797,203.130,359.332,229.508
816.208,206.677,365.191,228.370
819.401,206.032,357.101,228.136
824.751,206.812,358.493,228.502
824.282,209.939,360.332,227.162
825.506,210.333,352.947,227.097
831.080,216.356,353.055,223.939
829.798,215.547,348.929,224.509
835.610,216.410,352.994,222.509
834.729,215.328,351.466,224.306
831.773,216.959,345.551,225.557
832.135,217.267,350.876,221.319
828.959,220.188,347.730,219.673
826.326,220.734,346.515,217.576
820.960,220.354,348.749,215.310
824.145,223.892,349.576,213.881
813.599,229.984,352.404,210.991
809.496,230.190,355.676,211.488
801.851,233.477,359.273,208.990
798.715,231.252,349.201,210.558
797.900,234.647,347.659,206.352
795.644,236.011,343.574,205.863
794.301,235.505,345.698,204.179
791.542,237.667,352.021,201.688
784.647,238.254,351.941,201.509
783.748,238.504,356.194,199.512
790.156,236.877,347.292,198.033
792.202,236.899,349.951,195.638
788.740,233.064,347.527,197.905
786.720,236.724,339.293,195.020
793.311,235.203,338.204,195.214
795.433,236.795,333.102,193.043
801.043,238.237,329.900,190.505
803.538,240.209,323.292,189.164
803.738,240.290,321.429,189.266
807.093,241.074,310.181,188.718
815.235,239.645,301.747,188.218
817.783,240.249,294.810,187.525
824.318,241.310,286.598,185.809
830.439,244.314,290.654,182.637
838.639,247.227,292.780,179.072
836.482,244.078,290.902,181.225
835.082,244.016,287.338,181.260
833.308,247.536,279.361,179.468
837.113,250.117,277.957,177.415
837.616,254.415,277.002,175.687
835.540,258.756,282.992,174.975
835.660,259.799,277.697,174.415
834.145,263.828,269.669,172.675
839.385,265.823,262.573,170.619
842.492,266.001,262.105,169.307
842.573,266.092,262.477,168.503
848.522,265.003,259.172,169.019
845.761,267.060,251.009,167.503
854.004,268.314,247.886,164.152
851.675,268.091,246.194,164.438
855.329,268.634,244.814,163.286
856.328,270.310,244.056,161.913
859.607,270.001,242.246,160.923
859.175,270.845,237.847,160.502
857.623,270.069,239.023,159.389
855.370,271.886,237.415,157.981
853.628,271.399,239.776,157.294
851.555,269.440,236.383,158.008
858.609,271.135,237.708,156.367
850.259,271.136,234.756,156.459
852.731,271.483,235.899,154.270
851.098,269.969,234.413,155.003
849.101,270.880,239.785,153.626
846.573,271.020,234.079,154.229
842.336,270.738,232.979,153.050
844.118,272.717,229.889,151.481
840.292,272.504,235.100,150.937
842.159,274.324,232.614,149.298
842.131,275.688,233.868,147.807
838.426,272.634,232.510,147.010
837.027,273.832,231.342,145.689
839.386,272.478,226.261,146.000
835.222,271.733,226.499,145.779
832.118,270.607,226.035,144.525
828.080,270.409,232.887,142.209
832.657,267.144,231.828,141.712
829.622,266.828,235.389,140.019
828.600,266.855,228.922,140.458
827.242,264.822,224.703,140.926
830.272,266.641,226.223,139.418
826.505,266.713,219.947,140.155
831.250,264.926,220.215,140.822
831.728,265.460,221.657,141.195
831.254,264.153,220.712,142.454
834.581,265.213,219.835,141.549
833.178,265.252,221.123,142.073
829.556,264.867,222.930,143.077
832.195,264.455,220.637,142.400
833.509,264.260,221.998,142.259
833.776,264.772,222.253,142.312
833.803,264.303,222.802,142.790
833.367,263.480,222.702,143.539
833.343,263.308,225.139,143.791
836.850,261.830,227.501,144.300
832.556,262.384,219.040,146.028
838.486,261.317,223.339,145.933
836.946,260.736,223.196,147.051
837.554,261.489,228.074,145.603
835.651,259.232,225.708,147.649
836.229,258.843,229.271,147.351
831.757,259.308,229.093,148.304
834.330,258.346,229.527,147.602
835.137,258.602,230.278,148.339
832.159,258.071,232.936,149.218
834.959,256.242,232.611,150.013
834.159,257.000,234.071,150.820
836.700,256.737,235.182,150.819
836.992,255.211,235.867,152.054
834.416,257.162,238.223,150.835
839.071,256.393,239.705,151.394
836.693,256.186,244.309,153.214
832.471,254.531,244.329,154.234
833.986,257.117,243.735,153.013
829.387,255.913,246.387,152.515
831.539,255.338,249.137,154.054
829.448,256.480,253.209,153.877
828.394,258.298,259.888,152.718
829.364,254.639,260.020,153.929
823.069,255.862,257.979,154.871
819.243,256.384,253.167,154.224
825.923,256.350,253.922,153.372
826.136,254.247,250.106,154.116
825.053,256.582,251.861,154.234
823.445,256.140,254.540,153.326
827.842,252.877,250.673,155.419
830.318,254.489,250.110,155.659
827.292,253.695,249.750,157.288
830.065,252.321,248.402,157.681
826.120,253.527,249.091,157.864
831.178,253.086,252.250,157.434
829.276,250.730,256.235,158.671
833.821,250.918,258.736,158.871
829.248,249.800,252.340,160.814
835.406,249.503,247.224,160.534
833.743,250.274,246.015,161.063
840.683,248.740,250.323,161.061
838.687,250.660,251.676,160.343
841.152,249.876,253.785,160.845
839.526,247.453,257.334,162.211
837.551,246.937,254.605,162.617
842.096,247.729,249.788,161.736
843.660,248.798,255.301,160.327
838.525,246.883,253.099,162.139
844.048,246.113,256.771,162.681
842.787,244.836,257.649,163.561
842.700,243.896,258.730,163.652
842.537,244.606,256.155,163.122
844.146,243.942,254.160,164.780
843.987,242.270,260.982,165.441
846.062,241.046,257.876,167.405
839.981,240.116,250.784,168.723
834.778,242.318,248.705,168.406
838.281,244.327,255.858,163.582
840.915,242.324,255.833,164.866
832.202,242.342,258.279,166.780
829.649,243.518,262.506,165.057
825.323,244.129,263.290,164.760
825.433,244.803,268.060,163.366
822.035,241.458,263.621,165.312
828.645,240.686,262.959,167.831
817.333,237.407,264.458,172.066
818.311,242.886,262.003,168.144
812.196,242.839,271.175,165.635
803.967,240.103,271.422,167.679
809.007,237.972,274.376,170.269
806.099,238.774,276.702,171.874
797.941,240.283,273.448,171.117
805.343,240.311,278.222,171.191
797.452,239.326,278.428,174.093
791.436,241.715,271.498,173.865
791.849,241.541,279.536,172.733
791.799,244.343,285.209,169.679
781.936,240.514,286.022,172.156
785.362,238.094,274.724,175.369
778.831,242.515,276.654,174.525
774.968,243.448,279.297,173.281
778.680,239.902,285.470,173.885
773.413,237.065,273.925,177.376
775.224,239.744,279.029,176.384
769.666,239.818,282.413,176.836
764.537,240.585,283.609,175.979
764.797,240.261,288.095,176.407
764.064,240.855,295.793,176.168
761.906,238.050,291.066,179.039
758.658,233.396,278.952,182.695
756.401,242.147,279.252,179.678
751.803,241.053,276.899,179.810
756.443,238.634,287.177,179.260
751.294,238.418,278.115,181.278
746.213,238.595,269.824,183.164
747.862,237.474,267.086,182.408
745.948,236.934,265.433,182.972
749.832,238.926,269.705,181.789
742.199,235.846,261.902,185.099
746.814,235.700,266.313,185.258
741.552,239.888,266.234,183.990
744.246,238.359,269.112,184.110
739.468,237.307,274.066,184.605
732.418,231.733,272.485,189.143
740.117,235.252,279.220,186.562
728.706,233.402,274.931,189.900
722.069,235.944,282.575,189.359
721.089,232.750,285.595,189.873
718.530,230.889,286.933,192.303
714.756,231.081,296.663,191.510
701.531,233.011,289.149,193.361
705.706,233.513,298.523,191.089
710.948,230.915,312.590,191.747
692.565,233.347,295.530,194.188
693.223,233.242,311.629,190.127
694.304,228.340,327.552,192.202
681.392,230.303,322.129,194.689
678.968,227.608,311.420,196.474
671.834,233.703,306.087,194.375
665.971,234.476,300.083,193.638
665.478,235.740,302.606,191.571
661.207,234.607,308.521,191.722
653.363,234.399,302.798,193.039
662.466,236.045,307.411,189.629
657.674,234.375,315.032,193.183
647.966,229.614,309.209,197.437
646.091,231.623,306.247,198.912
640.351,231.877,308.319,198.070
636.970,231.927,306.469,198.781
637.600,231.217,306.563,198.617
632.674,227.230,306.779,200.950
634.758,225.618,300.876,205.096
636.446,225.092,308.460,204.813
633.636,222.796,309.802,206.446
628.343,225.937,319.610,203.698
625.040,226.592,328.659,201.029
622.534,225.731,333.719,201.535
621.541,221.142,346.786,204.498
619.479,215.988,347.531,210.105
616.104,216.739,355.392,211.259
607.883,214.748,347.410,214.109
614.165,213.860,352.991,214.238
609.539,213.253,367.021,213.540
600.690,213.036,367.335,214.560
594.883,209.596,376.193,217.470
591.427,207.156,384.921,220.892
581.681,208.282,390.583,221.153
577.067,203.454,387.580,225.553
575.468,206.314,386.396,224.549
567.906,204.572,380.888,227.210
567.406,204.339,389.369,227.056
566.110,208.308,399.207,224.180
553.348,207.456,394.437,226.220
552.190,205.108,403.089,226.787
547.674,206.240,402.672,229.373
546.205,207.479,402.925,228.634
544.875,206.041,417.115,229.173
546.444,204.056,421.867,230.961
547.465,202.343,437.139,231.938
538.428,202.356,454.648,231.964
534.532,203.887,465.010,232.163
528.149,203.898,463.029,235.729
521.935,204.895,459.211,237.353
528.088,202.522,471.939,238.484
533.042,205.407,496.631,238.076
510.621,207.389,489.001,240.255
523.913,201.185,503.303,242.914
514.409,203.370,513.244,242.501
512.093,202.804,522.485,243.626
500.837,201.679,499.776,248.339
513.125,202.403,511.592,245.218
510.683,205.392,514.626,243.886
504.951,202.102,519.088,246.387
495.070,202.668,515.498,245.547
489.722,205.827,506.139,245.737
491.023,203.072,510.706,248.210
483.103,202.698,521.180,248.545
494.103,196.091,538.285,249.513
483.036,199.094,548.413,250.714
477.316,196.137,530.467,255.547
474.299,202.964,509.528,252.552
480.120,204.095,507.693,249.415
477.187,196.782,494.449,254.047
473.671,202.594,496.962,252.711
471.011,203.888,495.199,248.663
471.425,209.346,507.659,244.360
474.899,210.862,528.352,241.165
