179.000,25.000,323.000,202.000
185.932,22.108,325.962,204.264
192.255,17.674,323.976,205.681
192.021,10.929,322.998,206.255
193.237,8.962,319.065,208.370
195.508,8.336,316.376,209.682
195.545,6.887,316.320,206.842
194.901,7.135,312.475,202.304
193.506,6.289,311.323,199.002
195.671,6.142,311.806,197.636
194.055,5.911,310.251,195.896
191.066,6.674,314.422,189.662
184.888,7.270,318.025,184.898
183.540,6.354,320.260,182.396
178.367,8.640,322.491,179.416
171.709,7.327,328.336,177.934
176.350,6.369,333.270,177.404
176.631,7.695,329.013,175.960
182.016,4.270,327.475,175.462
181.034,5.413,327.001,171.284
181.735,5.100,326.309,170.384
185.514,3.401,322.295,170.952
187.158,1.772,320.942,170.082
182.602,4.092,328.585,167.135
179.092,5.126,339.980,165.410
173.775,4.418,345.177,166.618
181.868,4.662,345.044,165.971
181.874,5.591,346.308,167.461
186.488,6.556,351.316,171.430
202.704,8.550,346.021,175.079
203.281,8.293,343.110,180.988
215.858,10.847,349.009,188.665
217.106,9.803,355.560,195.463
229.549,11.785,359.025,199.670
231.763,9.729,352.845,200.930
248.307,11.181,352.983,205.205
243.565,10.331,354.408,209.286
248.619,12.457,355.084,210.010
253.165,10.564,350.256,212.499
250.098,10.707,351.978,214.639
243.754,11.669,355.489,217.523
236.438,11.808,356.336,218.052
230.597,12.253,354.621,220.168
222.516,15.313,353.793,229.157
218.547,19.923,362.230,230.625
207.001,18.865,367.394,231.608
200.617,11.274,368.554,230.394
208.353,9.442,365.424,221.560
206.287,12.114,368.219,222.915
212.763,13.344,375.494,223.531
225.035,11.416,378.622,223.863
262.444,8.183,381.179,223.916
274.381,9.467,372.183,229.234
295.212,10.323,353.127,236.554
300.461,12.660,346.834,243.795
304.556,29.500,342.974,245.279
319.247,25.722,329.987,257.871
330.926,21.312,317.995,268.963
321.915,49.122,321.908,255.989
336.235,50.236,315.276,245.602
341.816,49.027,310.853,248.364
340.734,51.266,307.827,249.999
317.397,76.693,324.747,230.925
277.528,80.876,356.610,211.435
273.040,84.698,368.412,202.675
257.538,87.535,374.608,199.075
249.972,97.879,365.991,194.441
244.052,98.082,364.218,191.872
233.705,97.568,368.218,189.348
226.611,99.778,370.215,186.296
221.117,99.478,370.673,182.588
219.544,92.959,360.562,179.141
211.670,90.610,359.120,175.533
221.330,82.879,344.758,177.372
216.846,84.367,344.000,173.384
204.890,64.095,351.732,177.903
132.869,27.276,320.647,208.380
142.494,26.911,311.552,215.961
149.668,22.178,302.426,228.323
208.314,53.767,317.791,213.125
212.579,68.628,330.788,193.904
221.059,72.237,329.969,182.621
227.608,77.745,335.921,172.515
245.296,76.480,339.536,169.789
246.072,74.557,342.838,168.081
249.985,69.316,342.904,170.081
251.899,69.598,344.438,169.801
252.095,56.873,339.842,175.708
252.335,56.114,342.292,175.682
249.560,52.381,347.299,177.609
246.585,49.283,351.230,179.361
230.116,37.619,355.194,184.516
225.420,37.600,361.127,185.818
217.363,31.153,364.979,190.502
197.262,30.436,380.702,188.759
173.408,26.496,401.093,191.577
191.338,15.269,396.649,196.948
189.300,9.473,402.969,200.158
183.117,5.090,407.003,200.307
181.036,2.835,409.271,196.690
173.233,0.000,406.317,190.232
179.111,0.000,427.513,181.402
154.370,2.738,440.424,183.195
126.657,14.779,476.469,175.023
93.875,13.514,465.771,200.118
97.887,4.008,450.584,214.310
96.116,0.000,439.154,213.944
88.733,3.042,423.238,210.907
68.069,3.029,417.930,201.545
79.487,4.394,409.044,194.429
103.439,7.895,395.527,191.441
97.956,10.050,386.237,187.185
105.174,9.741,387.930,185.148
96.292,13.440,390.371,184.159
100.651,9.936,393.383,185.293
94.503,11.728,396.683,185.533
87.449,9.478,398.740,189.403
87.262,11.667,397.129,189.322
86.921,8.011,393.438,194.199
98.310,9.537,392.506,195.676
84.983,10.889,406.838,201.028
103.224,8.363,414.095,205.320
97.735,6.592,425.473,209.275
108.572,9.842,431.883,211.801
123.947,10.926,433.731,216.092
128.696,12.167,431.049,218.865
109.884,13.276,429.770,221.938
114.083,13.610,424.990,226.628
85.053,21.369,428.555,227.804
102.205,20.211,420.184,231.299
96.648,23.776,422.242,233.066
101.218,28.471,422.141,232.789
85.255,44.517,433.343,226.814
92.475,46.853,446.018,226.562
82.704,53.283,450.225,225.808
96.423,55.394,457.329,225.768
107.034,57.102,453.699,225.149
117.924,62.788,450.704,220.001
118.686,63.992,451.519,218.954
118.191,65.696,454.533,216.761
95.247,67.014,469.959,212.822
99.281,64.043,486.449,210.665
94.404,56.663,487.334,214.280
97.418,54.146,497.887,216.493
110.473,44.844,484.853,224.760
126.894,50.567,471.512,226.888
134.751,53.771,455.012,226.809
135.948,47.167,446.117,235.156
136.895,55.198,442.822,236.783
130.911,62.368,449.824,235.154
110.963,58.806,461.330,235.719
96.019,59.210,471.877,235.337
79.047,58.216,475.052,235.443
67.410,56.162,484.662,234.815
65.627,46.941,483.345,233.994
68.334,36.161,480.197,236.242
46.651,27.681,483.915,240.491
116.512,18.092,475.785,246.678
85.814,20.886,485.317,248.137
85.555,19.874,497.269,260.025
15.840,26.177,522.405,280.335
49.207,70.728,562.170,275.335
51.056,53.178,580.453,288.459
58.458,34.078,586.883,313.635
67.581,29.221,586.245,315.735
50.254,38.722,595.628,298.811
76.925,40.982,576.904,296.982
102.108,30.244,558.523,308.317
91.258,13.252,554.272,302.462
66.155,15.158,575.261,288.816
66.990,12.794,580.127,282.898
55.665,14.375,587.195,275.424
7.446,11.793,585.682,262.637
