62.000,134.000,26.000,36.000
63.268,133.710,26.471,36.378
62.218,134.210,27.075,36.446
62.304,133.327,27.327,35.444
63.383,131.805,27.412,35.198
62.373,132.367,27.915,34.474
62.947,132.341,27.878,35.340
62.482,132.941,28.448,35.797
61.948,133.002,28.678,36.509
63.551,134.099,27.867,37.384
63.874,133.294,27.682,37.146
63.316,133.795,27.730,37.798
64.023,131.904,27.558,38.175
63.840,132.976,27.613,39.062
62.948,131.519,27.909,39.016
64.333,133.599,27.591,38.952
63.854,134.921,28.340,38.137
63.257,135.238,28.530,37.974
63.561,135.960,28.429,38.011
64.379,135.377,28.139,37.859
64.088,135.284,28.393,37.536
64.335,133.985,29.003,36.830
64.826,134.287,29.334,37.874
64.693,134.343,29.570,38.575
65.816,134.213,30.972,38.751
63.962,135.072,30.302,39.593
63.952,134.741,30.104,39.560
65.005,135.085,31.274,39.958
65.080,134.932,33.070,39.988
64.213,134.660,33.701,40.348
65.137,134.179,32.923,41.141
65.524,134.258,33.673,41.497
65.943,133.873,35.616,41.384
66.908,134.746,38.050,41.134
65.421,135.984,36.781,40.999
65.764,135.431,35.906,41.084
66.571,136.054,35.934,40.241
66.383,135.945,37.052,39.271
65.901,135.476,37.597,38.955
69.519,136.001,41.395,36.922
68.316,136.741,41.578,37.139
67.592,135.977,42.760,36.982
69.400,136.797,43.205,37.379
69.216,136.536,42.882,38.517
69.071,135.996,42.856,39.477
70.874,135.390,43.233,38.607
71.535,135.813,42.547,38.377
71.077,135.222,42.873,37.784
73.901,135.846,40.648,38.246
75.941,137.082,38.535,39.018
75.873,136.355,37.415,39.934
77.606,136.759,37.050,39.902
78.272,136.328,36.102,41.545
78.889,135.725,35.764,41.660
79.689,134.607,35.592,40.166
80.563,135.816,35.319,38.727
80.617,135.881,35.273,38.323
81.349,135.365,36.443,38.627
81.491,136.054,36.875,39.908
81.856,135.592,36.995,40.206
84.167,136.749,36.823,42.633
83.536,136.667,36.225,42.690
83.870,135.821,36.479,41.488
84.462,136.949,35.922,42.507
86.936,136.620,35.633,43.047
86.198,135.926,35.484,42.826
88.215,136.921,34.747,44.620
88.682,137.068,34.912,45.467
88.826,136.574,34.979,45.772
90.744,136.884,35.569,45.392
91.066,137.005,35.611,45.745
90.460,136.814,35.619,45.765
92.855,135.665,36.445,45.164
92.394,135.950,36.476,45.796
92.395,136.070,36.451,46.336
95.479,137.029,36.394,45.995
95.260,138.084,35.546,45.455
95.569,138.413,36.480,45.014
97.492,137.161,36.780,43.021
98.078,138.140,35.878,42.845
96.946,138.204,34.586,42.956
99.686,138.352,33.354,45.992
99.775,138.758,32.424,47.507
99.809,138.163,32.495,47.994
100.889,139.010,33.289,47.601
102.123,139.479,34.004,48.067
100.899,139.123,34.500,47.797
102.381,137.579,35.691,46.412
102.098,137.081,37.151,45.272
100.674,136.829,38.112,43.607
103.627,138.451,37.809,47.258
104.049,137.797,41.815,47.371
103.533,138.176,44.038,47.705
104.800,137.092,47.256,47.681
104.783,137.867,48.577,47.452
102.881,137.250,49.650,47.293
102.343,137.439,49.981,47.898
102.007,137.140,49.975,47.674
101.494,137.955,49.832,48.932
101.416,136.804,49.352,49.775
101.807,137.046,49.161,50.905
101.321,137.603,49.058,51.740
100.345,137.780,50.636,51.170
100.309,138.084,50.942,52.149
99.266,138.010,50.568,53.018
100.708,136.268,51.756,52.167
99.959,136.971,52.593,52.549
99.325,136.644,52.844,52.667
100.521,137.086,53.117,52.811
100.846,137.551,52.705,52.912
99.441,136.428,52.264,52.617
101.167,137.726,52.255,52.344
102.431,138.540,51.537,52.442
102.989,137.560,49.922,51.635
104.126,137.297,48.807,52.609
104.849,137.010,47.608,53.659
103.305,136.386,46.804,53.759
104.055,136.086,46.758,53.217
106.303,136.247,44.962,53.363
103.592,136.250,44.747,53.134
105.449,137.334,44.856,54.538
103.785,135.722,44.908,54.141
101.875,135.316,45.110,53.802
101.631,133.799,45.951,54.518
103.350,132.923,43.991,56.351
101.792,132.715,43.074,57.151
104.064,131.861,42.825,57.715
102.845,131.958,43.046,58.713
100.293,131.450,43.229,59.013
99.811,131.257,43.265,56.390
99.033,131.025,43.115,56.672
96.797,130.941,42.906,58.275
93.130,129.176,45.477,57.245
91.511,129.363,46.359,57.912
88.363,129.548,45.866,59.861
88.890,129.602,45.721,59.171
88.825,129.826,45.243,59.501
86.302,130.269,44.635,59.873
86.158,129.431,44.560,59.141
83.931,128.075,45.271,58.045
80.798,128.399,45.713,57.897
81.510,127.122,47.450,56.241
79.238,127.656,48.456,57.185
76.724,127.426,48.950,57.484
75.849,128.847,50.287,56.560
76.607,130.291,50.531,57.280
74.086,130.525,49.579,58.451
74.459,129.114,48.663,59.728
73.979,128.286,47.851,60.537
73.118,127.397,47.238,60.780
76.625,127.695,48.370,61.056
75.903,127.381,49.582,59.428
75.581,127.345,50.564,59.308
80.119,130.288,50.992,59.600
81.336,129.279,52.978,59.984
81.632,130.096,53.754,59.791
85.211,127.327,54.173,54.853
87.919,127.096,53.472,52.729
89.100,128.133,53.226,51.048
94.858,127.692,53.381,55.647
100.434,128.341,53.404,59.764
103.710,128.069,53.181,61.304
109.416,128.824,52.422,61.481
115.142,129.071,51.790,60.611
119.556,129.361,50.517,60.049
127.344,127.374,49.641,58.104
132.639,127.456,49.260,57.503
137.368,127.474,49.302,58.077
144.905,128.316,49.860,61.670
149.766,127.772,49.467,63.759
154.146,127.309,49.408,65.562
162.831,129.489,50.578,64.527
167.375,130.805,49.110,66.252
171.856,130.719,49.631,66.496
178.107,128.889,51.200,66.081
184.604,127.054,53.291,66.820
187.743,127.072,54.506,68.457
195.296,126.051,58.512,69.300
199.889,128.564,61.583,68.146
202.627,128.889,64.760,67.356
209.223,129.492,65.496,68.141
213.120,129.186,64.893,68.782
215.253,128.864,64.500,69.277
219.336,127.833,63.935,72.996
223.213,127.256,63.711,75.562
223.335,125.548,64.645,77.224
229.425,125.858,64.591,76.056
235.551,127.961,62.800,74.812
236.139,127.199,62.503,74.218
241.860,129.593,62.286,74.458
244.799,126.874,62.097,75.036
246.365,127.236,62.797,75.650
250.141,122.892,64.344,76.274
251.373,122.118,65.573,78.660
251.275,122.495,65.250,80.938
255.727,121.447,66.808,81.805
255.557,122.158,67.239,83.173
255.354,122.290,67.264,83.805
256.782,121.534,69.729,83.759
257.568,121.104,72.552,83.791
256.911,122.313,73.571,84.654
260.425,122.414,74.590,87.093
264.306,123.736,72.241,88.907
264.149,122.886,70.933,88.516
267.766,122.761,69.661,87.199
275.427,125.474,66.333,86.471
274.690,126.389,65.509,85.746
280.416,128.905,63.339,83.529
279.539,128.848,64.406,82.471
278.944,128.392,64.827,81.758
286.152,126.249,71.238,79.645
285.919,127.436,73.684,80.152
283.618,127.286,75.315,80.222
287.020,127.825,76.807,80.786
287.602,127.887,77.742,81.396
286.647,128.363,77.420,80.850
293.062,129.027,77.867,81.590
293.804,128.678,77.939,81.640
292.208,128.272,77.759,80.632
293.634,128.271,77.726,84.171
296.366,128.697,78.363,86.948
293.565,126.933,78.806,86.837
298.820,128.662,77.422,86.669
299.345,129.612,76.621,88.356
297.066,129.197,75.675,88.824
303.949,129.746,77.082,89.301
304.291,128.872,79.255,90.092
302.394,128.750,78.603,91.016
304.841,126.444,80.840,90.873
304.872,125.928,81.036,93.310
301.966,126.682,80.753,95.253
306.627,127.114,82.092,93.417
305.571,130.035,83.328,92.595
303.118,130.142,82.801,91.968
305.589,131.703,82.721,89.831
308.058,133.440,82.895,91.654
305.644,131.692,82.103,92.909
304.961,130.871,84.617,94.641
303.130,130.267,87.123,96.208
300.190,130.565,87.521,96.791
304.213,131.548,87.936,96.796
308.431,134.540,87.490,95.559
305.048,134.911,86.953,96.590
305.828,134.742,87.245,94.785
304.999,135.518,87.332,95.703
300.507,135.007,88.073,95.613
308.455,132.656,89.178,97.979
307.263,131.697,89.418,98.779
304.041,131.069,89.848,100.145
305.466,131.696,89.938,100.482
304.410,133.041,89.892,100.573
301.749,132.621,89.136,101.014
306.509,134.127,87.521,102.345
306.409,134.852,85.840,103.864
303.309,135.225,84.751,104.686
305.405,132.936,83.211,105.940
306.678,133.664,80.811,109.875
303.437,133.243,79.372,111.141
305.548,134.355,77.276,108.699
304.104,136.504,76.949,105.484
300.673,136.962,76.572,103.680
304.629,138.565,76.502,103.325
303.077,137.922,77.121,103.812
299.800,139.062,76.883,104.136
300.148,134.938,79.637,106.376
299.112,135.593,80.642,109.235
295.812,134.976,80.094,111.138
298.647,137.088,81.793,109.603
297.364,139.760,82.710,108.522
293.625,140.262,82.912,108.214
294.547,139.756,83.837,105.309
295.911,139.935,84.106,110.216
292.119,138.757,84.021,112.056
292.270,136.687,84.939,116.138
289.567,134.004,85.794,119.475
285.872,133.929,85.617,120.946
288.307,133.313,88.372,122.309
285.871,133.737,88.821,124.306
282.044,134.092,88.383,123.919
280.808,131.864,91.832,122.272
279.121,130.744,92.006,123.916
274.781,132.403,92.213,123.890
277.123,127.978,96.119,125.779
275.852,127.523,97.857,130.028
271.308,126.391,98.891,130.682
271.526,126.622,102.082,129.359
273.165,130.357,104.437,126.864
268.519,129.967,104.692,128.189
269.570,134.565,108.020,122.622
267.231,135.270,109.982,119.528
262.459,135.886,110.858,118.710
262.656,131.660,115.992,122.471
258.658,131.745,119.261,127.533
254.051,130.201,120.329,130.180
253.307,132.828,123.224,130.766
253.536,134.728,123.416,134.202
248.835,134.206,123.896,135.689
258.023,134.709,128.616,136.972
255.757,132.643,130.626,135.873
249.932,132.011,132.142,136.673
251.709,127.484,136.002,140.136
255.213,128.608,139.017,144.707
250.186,128.285,139.587,144.889
252.888,130.961,141.897,141.248
250.015,135.078,146.607,138.587
244.733,136.922,147.622,137.364
253.295,139.032,153.220,137.054
254.433,135.614,154.857,133.728
247.971,137.984,155.176,135.872
248.085,133.057,156.776,136.102
244.540,132.156,158.664,140.668
238.015,132.382,160.027,142.850
240.911,131.785,170.171,141.573
243.566,134.444,171.724,142.071
238.480,134.919,171.013,143.456
252.767,138.131,168.296,145.328
259.223,136.207,169.866,143.054
251.772,137.818,169.761,141.742
256.309,131.228,172.302,136.907
257.252,132.995,173.382,139.751
251.604,134.053,174.672,140.690
263.782,132.793,171.582,147.557
262.960,132.545,171.365,149.862
256.910,133.028,170.602,150.260
262.303,135.756,173.666,153.363
260.971,135.256,172.840,155.005
253.786,133.772,173.239,156.157
265.649,132.934,168.000,163.152
265.508,131.306,164.706,163.726
260.078,131.557,162.521,165.433
263.435,133.460,158.627,169.651
269.202,135.924,152.487,168.780
264.697,136.690,151.022,168.015
271.429,141.004,145.056,168.653
271.243,139.701,142.062,166.406
267.848,139.496,140.053,165.984
273.640,134.090,136.880,162.198
273.292,132.212,134.286,159.705
269.328,132.017,132.847,160.167
274.634,133.712,130.222,169.879
272.787,132.491,129.039,177.533
268.676,131.149,128.587,182.412
277.596,138.016,121.147,181.165
278.738,143.107,116.318,183.954
277.326,140.702,114.028,187.019
279.005,141.853,108.407,191.605
281.996,137.488,102.995,198.171
281.380,135.911,99.742,201.580
280.587,136.549,99.518,209.293
279.902,135.738,99.227,215.054
277.265,133.466,99.943,215.617
287.090,139.168,96.283,217.314
288.955,139.424,94.101,214.117
289.480,140.177,91.789,213.187
285.158,140.868,94.669,206.550
281.088,140.411,96.948,203.300
277.782,141.068,98.124,203.698
269.970,132.688,101.268,206.517
268.364,132.240,103.266,218.252
265.618,128.616,104.493,221.530
262.627,130.329,107.550,227.062
256.098,132.214,111.138,224.324
252.531,131.366,112.467,224.307
251.832,131.374,117.509,221.707
245.051,136.088,127.828,215.396
239.469,139.364,133.002,214.414
222.702,133.474,131.582,214.346
219.660,130.569,130.881,218.291
215.312,128.377,130.814,221.461
210.431,128.903,134.799,225.500
203.691,130.111,138.404,229.570
194.823,127.295,142.136,232.942
182.122,132.330,143.074,230.933
174.929,132.749,143.518,230.533
169.279,131.899,144.154,231.391
