740.000,465.000,115.000,76.000
738.676,466.945,117.155,72.733
739.367,466.881,116.707,71.712
739.145,466.782,116.657,70.529
739.894,465.855,115.940,70.378
738.715,465.168,115.056,69.952
739.995,464.254,114.029,69.153
738.541,464.091,112.310,68.310
738.566,462.697,110.436,67.703
736.755,461.974,109.344,67.154
735.519,461.633,107.598,66.644
734.264,459.740,106.680,66.800
731.376,459.470,106.042,65.996
729.426,459.634,105.190,64.998
726.615,458.483,104.051,64.567
725.371,456.405,102.682,64.574
723.096,456.151,101.600,63.750
720.237,453.972,101.100,63.511
718.739,453.689,100.970,63.957
716.640,452.501,100.785,63.027
713.938,452.546,101.062,61.992
712.285,451.814,100.824,62.455
709.968,451.185,100.691,62.366
707.852,452.843,100.391,62.193
704.851,452.248,100.397,62.121
702.494,451.074,100.456,62.731
697.861,451.122,101.667,62.134
697.354,450.467,102.149,61.751
695.764,450.864,100.712,61.437
694.325,447.588,99.286,62.469
691.216,449.399,99.570,61.527
689.263,448.575,99.647,61.254
685.972,448.222,99.411,61.236
683.241,447.270,99.328,61.615
680.447,445.979,99.097,61.737
677.259,445.104,99.137,61.789
674.266,445.990,99.592,60.261
670.904,445.022,100.076,60.882
667.636,443.293,100.494,61.277
665.089,443.241,101.050,61.202
660.976,441.757,100.973,60.782
658.441,440.371,100.952,61.421
655.962,439.564,100.770,61.215
652.860,439.790,100.960,60.710
649.253,438.676,101.156,60.887
646.287,437.974,101.671,61.058
643.023,437.388,101.688,61.667
641.644,435.232,101.801,62.297
638.699,434.725,102.037,63.306
636.849,433.893,101.293,63.052
633.943,433.763,101.525,62.667
631.611,433.335,101.301,62.311
629.312,432.415,101.925,62.301
628.350,431.318,101.390,62.846
626.043,429.968,101.033,63.286
624.222,429.599,100.610,63.874
622.762,428.783,100.233,64.775
620.386,428.206,100.332,64.430
617.693,427.979,100.778,64.029
616.897,427.634,100.452,63.236
615.223,427.674,100.121,62.566
613.068,425.651,99.826,62.807
612.163,424.357,99.993,62.618
608.857,424.150,99.631,62.165
608.032,424.169,99.741,61.404
606.411,422.384,99.526,61.004
604.276,422.784,99.969,60.350
604.823,422.057,99.504,60.293
603.024,420.573,99.155,60.318
601.647,420.916,99.185,59.600
601.562,420.192,99.296,59.462
600.816,418.672,98.289,59.703
600.507,417.153,97.922,59.179
601.167,417.068,97.714,58.210
599.829,416.382,97.094,58.028
600.354,414.517,96.880,58.139
598.965,413.620,96.237,58.146
598.282,414.202,96.430,57.372
598.542,413.734,96.482,57.125
599.042,411.457,96.275,57.492
598.270,410.860,95.868,57.717
597.570,410.833,96.053,57.291
597.747,408.664,96.223,58.370
598.137,407.240,96.511,58.991
597.899,406.864,97.193,58.383
597.182,406.189,97.750,57.885
596.834,404.548,98.502,57.974
597.441,404.209,98.048,57.537
598.159,403.953,97.867,57.868
598.813,402.238,97.470,57.571
599.284,402.085,97.765,56.710
601.115,402.240,97.660,56.024
601.772,400.840,97.809,55.483
603.226,399.644,96.914,55.675
605.573,399.586,97.639,55.947
606.922,399.197,97.285,56.189
607.245,398.939,97.762,55.944
608.831,397.977,97.964,55.490
611.331,396.604,97.455,55.380
612.969,395.777,97.099,55.412
613.686,395.207,97.170,55.046
615.839,393.471,97.644,54.801
617.066,392.543,97.542,55.324
619.076,390.796,96.976,55.466
619.693,389.681,96.947,56.014
621.302,389.237,96.875,56.538
623.138,388.236,96.604,56.611
625.320,386.584,95.933,56.062
626.393,385.662,95.336,55.433
626.374,384.499,95.303,56.449
627.369,383.005,95.397,56.684
628.709,381.424,95.866,57.146
629.686,382.672,95.710,55.386
630.372,380.276,95.515,55.350
631.011,379.022,95.566,55.681
631.839,376.332,95.816,56.140
632.853,374.993,95.514,56.319
633.305,373.205,95.705,55.937
632.863,372.026,95.638,55.616
633.187,370.604,95.962,55.898
633.233,369.314,96.085,55.947
634.360,368.490,95.722,55.501
635.337,366.880,95.660,54.775
635.501,365.529,96.261,54.722
636.658,363.337,95.749,55.461
637.442,361.905,95.751,55.248
638.086,359.729,96.510,55.320
639.151,358.623,96.891,55.355
639.991,356.966,96.865,54.912
640.548,354.359,96.960,55.047
640.434,354.203,97.352,55.223
642.537,352.522,97.145,53.885
642.236,351.357,97.855,53.662
644.513,349.889,96.404,53.469
645.561,348.162,96.278,53.334
646.206,346.140,96.692,53.122
648.301,344.994,96.615,52.867
648.404,343.478,96.493,52.672
650.052,342.292,96.837,52.486
650.917,340.081,96.855,52.341
651.707,337.705,97.209,51.964
652.707,336.397,97.853,52.123
654.099,334.154,98.158,51.716
655.301,332.682,97.922,51.849
656.785,330.319,97.538,52.095
657.709,329.310,96.819,52.235
660.398,327.326,96.702,51.648
663.223,325.535,96.419,51.254
666.138,324.590,96.466,50.704
668.669,322.527,96.641,50.949
670.559,320.565,97.049,50.955
672.583,318.930,96.790,50.972
674.957,317.382,97.001,51.267
676.034,314.492,96.995,51.348
678.787,312.689,97.232,51.356
681.190,311.559,96.804,51.005
683.595,310.418,96.917,50.844
685.582,308.140,97.911,50.793
687.344,306.786,97.751,50.914
691.086,305.689,97.752,50.953
692.762,304.844,98.089,50.416
695.303,304.278,97.718,49.359
697.018,302.673,97.805,49.758
699.657,302.614,97.087,49.380
700.471,301.929,97.326,48.959
702.156,301.697,96.641,48.952
703.324,300.974,95.960,48.732
704.145,302.965,95.971,48.299
704.880,302.158,96.343,47.989
705.778,301.193,96.209,48.427
707.055,300.445,96.136,49.058
707.605,301.563,95.271,48.678
708.804,300.233,95.485,49.200
709.320,302.637,94.611,48.372
709.862,304.130,94.462,48.483
711.675,306.951,93.729,48.968
710.957,308.607,94.059,48.871
711.992,310.948,94.140,48.402
711.717,312.582,94.824,48.361
712.731,316.345,94.403,48.199
715.183,319.261,93.620,48.004
717.219,321.989,93.733,49.091
717.787,324.076,93.944,48.981
718.466,327.911,93.930,49.014
719.310,333.805,94.462,48.487
719.228,338.191,93.818,48.869
719.274,342.844,93.521,48.596
719.272,347.091,92.931,48.600
719.234,353.869,93.012,48.373
719.939,357.723,93.208,47.936
719.659,362.821,93.425,47.784
717.955,366.994,94.169,47.483
717.738,369.677,95.022,47.112
718.638,372.056,94.922,47.284
717.451,372.094,94.219,47.457
716.460,374.628,94.228,47.280
715.095,375.854,94.340,46.736
714.589,376.242,93.650,46.725
713.294,376.852,93.324,46.260
712.648,375.634,93.285,46.374
710.647,373.812,92.987,46.947
709.399,372.494,92.330,46.477
706.833,371.152,92.394,47.160
705.167,369.537,92.307,46.587
703.768,367.801,91.906,46.478
701.001,366.227,92.228,46.369
698.642,364.652,92.689,45.897
696.479,362.699,91.993,45.923
694.262,360.864,92.999,45.502
691.371,359.810,92.589,45.435
688.136,356.822,93.101,45.259
686.712,357.024,92.588,45.489
683.906,355.611,93.406,44.848
681.023,354.998,93.672,45.091
681.224,354.706,92.886,45.781
679.112,355.045,92.531,45.585
677.640,354.473,92.082,45.362
675.802,354.258,92.071,45.594
674.214,356.030,92.087,45.969
671.805,357.506,92.734,46.378
671.064,358.825,92.045,45.935
670.348,360.389,91.526,46.152
669.197,363.223,91.485,45.246
667.071,365.464,91.599,44.658
664.593,368.620,91.486,43.817
664.007,369.655,90.559,43.985
661.911,371.713,90.809,43.963
661.102,372.857,90.839,43.758
660.612,374.328,91.008,44.004
659.258,375.229,90.271,43.872
658.384,376.136,89.354,43.926
655.432,377.276,89.918,44.066
655.829,379.171,89.928,44.685
654.532,380.570,90.185,43.942
653.735,381.590,89.209,44.186
652.673,382.960,90.000,43.989
651.796,384.304,90.899,44.380
651.009,385.508,90.141,43.816
651.063,386.792,90.068,43.623
649.240,387.619,90.726,42.769
651.122,388.127,90.196,43.700
650.730,389.452,88.703,43.918
649.757,390.068,88.232,43.951
650.242,390.927,88.440,43.998
648.959,392.656,87.875,43.982
648.303,393.249,88.828,44.088
647.603,394.227,89.242,44.076
646.771,395.366,89.460,43.563
645.851,396.419,89.485,44.035
646.537,397.455,89.276,43.856
645.480,399.292,89.477,43.793
644.760,398.636,88.566,43.451
645.325,399.115,88.314,43.738
645.857,400.356,88.791,43.325
644.794,402.246,88.500,42.321
643.722,403.294,88.456,41.637
642.418,403.675,88.844,41.176
641.616,405.027,87.486,40.451
641.767,404.838,86.970,40.312
640.433,405.607,87.242,39.696
638.851,405.428,86.884,39.477
638.509,406.461,86.980,39.183
637.642,407.038,86.995,38.970
636.863,407.989,87.607,38.404
638.385,407.448,87.055,38.111
638.422,408.204,87.597,37.631
638.145,408.635,87.706,37.115
638.591,409.625,87.836,37.236
638.800,409.329,87.536,36.946
638.604,409.204,87.742,37.443
639.305,410.403,87.643,37.318
639.883,410.100,87.131,36.692
641.243,411.870,87.589,35.686
640.340,412.449,87.064,34.807
641.536,412.855,86.882,34.046
642.113,413.849,86.737,33.103
643.772,414.543,85.690,32.736
643.127,415.270,85.613,32.161
643.602,415.013,85.655,32.416
643.739,415.557,85.790,32.001
643.473,415.825,85.536,32.109
642.760,416.337,85.848,31.966
643.618,415.836,85.781,32.020
643.554,416.488,85.384,31.777
643.636,416.889,86.142,31.620
644.038,416.078,85.775,31.650
644.239,415.975,86.136,31.562
644.596,416.406,85.665,31.312
646.269,415.230,85.167,31.242
646.691,415.764,84.915,31.368
647.466,416.164,84.690,31.107
647.895,415.792,84.421,30.923
648.138,415.927,84.108,30.828
647.965,415.686,84.108,30.817
647.673,415.310,84.275,30.895
648.753,415.503,83.890,30.819
649.567,416.010,83.723,30.806
649.787,415.628,83.860,30.724
649.924,415.938,84.083,30.654
650.568,415.398,84.046,30.641
650.274,415.756,84.539,30.584
649.787,415.417,84.385,30.696
650.857,414.663,83.851,31.273
650.850,415.496,84.076,31.261
651.507,415.044,84.084,31.513
651.697,415.311,84.079,31.171
651.732,415.013,83.835,30.870
652.245,415.027,83.552,30.881
652.096,415.274,83.644,30.429
652.924,415.559,83.499,30.483
652.876,414.490,83.313,30.760
652.241,414.304,83.350,31.150
652.910,415.234,82.737,31.042
652.264,414.482,82.482,31.520
652.165,414.452,82.559,31.419
651.881,414.276,79.546,31.832
653.809,413.285,80.275,32.015
652.438,414.090,81.038,31.967
652.231,414.570,80.925,31.909
653.459,413.438,80.560,32.143
653.850,413.277,80.569,32.496
654.419,413.692,80.646,32.298
655.759,414.793,80.675,31.493
655.983,414.599,80.473,31.529
656.918,415.420,80.892,31.017
658.512,414.675,80.505,31.402
659.240,415.113,79.555,31.617
659.935,414.477,78.526,31.830
661.029,413.932,78.521,31.829
660.961,413.339,78.648,31.694
660.280,412.906,78.928,31.673
659.354,412.809,79.605,31.615
658.690,413.193,80.449,31.530
658.534,412.834,80.785,31.523
658.276,412.387,80.665,32.142
657.208,412.577,80.340,32.390
657.317,412.012,81.222,32.336
655.887,412.589,81.382,32.265
655.932,411.682,81.352,32.567
654.615,412.078,81.182,32.833
655.068,412.712,81.414,32.226
655.813,412.832,81.060,32.286
655.227,414.226,80.895,32.290
657.140,413.389,80.543,32.483
656.821,414.029,80.585,32.516
657.855,414.700,80.109,32.454
658.459,415.758,80.585,32.062
658.730,416.452,79.613,31.926
659.958,417.982,79.055,31.791
661.488,418.176,78.628,31.589
661.855,419.943,79.372,31.712
662.035,420.041,80.043,31.466
662.044,420.786,80.064,31.481
662.218,420.304,79.830,31.634
662.265,421.320,79.686,31.796
662.604,421.976,80.072,31.614
662.288,422.193,79.793,31.808
663.695,422.985,79.175,31.966
663.045,424.384,79.508,31.467
665.763,424.091,78.529,30.878
664.789,425.414,79.083,30.596
666.310,425.522,79.010,30.654
667.237,426.501,78.416,30.448
669.409,427.129,78.119,30.629
670.350,428.513,77.955,30.780
670.547,428.365,77.974,31.019
671.344,429.415,77.851,31.406
671.789,428.707,78.179,31.908
673.218,429.902,77.870,32.165
673.621,431.391,77.967,31.916
675.817,430.693,77.606,32.305
676.161,431.937,77.745,32.525
676.560,431.656,77.629,32.835
678.180,431.929,77.214,32.982
677.488,433.232,77.871,32.424
679.972,433.681,77.259,32.261
680.800,433.347,77.161,32.796
682.641,434.189,77.040,32.829
683.504,435.016,77.461,33.297
685.127,435.424,78.239,33.438
686.623,436.131,78.922,33.564
688.642,436.940,79.196,33.981
688.411,439.054,80.842,33.815
689.438,440.523,83.222,33.384
693.204,441.333,82.174,33.971
695.476,442.272,82.558,34.515
698.182,443.372,83.059,34.768
700.788,445.187,83.534,34.781
703.743,445.885,84.136,35.433
704.679,446.333,85.672,36.244
707.521,448.783,85.974,35.821
709.374,450.370,87.629,35.955
712.013,452.914,88.307,36.574
715.061,453.321,89.604,37.461
717.729,454.035,91.034,37.727
720.543,455.607,91.868,38.417
723.271,457.421,92.765,39.360
726.413,458.110,94.027,40.274
728.923,460.001,95.606,40.316
731.556,462.211,97.046,40.568
734.999,462.603,98.367,41.281
737.816,463.753,100.016,41.964
741.252,464.954,101.898,42.725
744.122,467.433,103.414,43.650
747.990,469.873,104.111,44.109
751.650,471.636,105.182,44.025
756.094,473.522,106.449,43.953
758.817,475.930,107.783,44.324
760.817,477.021,108.155,44.408
763.700,476.736,109.671,44.483
764.025,476.911,109.186,44.753
765.388,477.113,109.469,44.753
766.698,477.596,109.313,43.864
766.702,477.163,110.211,43.042
767.144,477.223,110.427,43.587
767.528,475.708,110.674,43.174
767.976,475.745,110.452,43.777
768.256,475.557,110.245,44.056
770.141,474.000,109.648,44.068
770.438,473.178,109.428,43.801
770.488,473.624,109.501,43.475
770.126,472.176,109.488,43.367
771.304,472.622,108.853,43.305
771.423,471.296,109.066,43.182
771.116,471.585,109.019,43.204
771.145,469.996,108.824,43.258
771.343,468.955,108.451,43.492
770.989,469.262,108.427,43.697
770.599,468.199,108.348,43.439
770.490,468.938,108.202,43.069
769.584,467.728,107.658,43.094
769.367,467.097,107.197,42.928
768.617,466.346,108.084,43.174
767.741,464.780,107.910,43.232
767.239,464.199,107.694,43.062
766.376,463.054,107.323,43.117
766.407,461.860,107.327,42.581
765.843,460.878,106.968,42.688
765.708,461.024,107.303,42.420
765.576,460.318,107.401,42.029
766.157,459.321,107.280,42.160
765.342,459.217,107.206,42.234
765.573,458.369,107.099,42.243
765.830,458.151,106.421,41.797
765.655,456.537,106.451,41.681
766.676,457.044,106.285,41.685
766.838,457.510,106.237,41.791
767.536,456.464,106.078,41.836
767.404,455.592,106.110,42.456
767.720,455.455,106.084,42.810
767.502,455.985,106.051,42.972
767.056,455.826,105.779,42.704
766.338,456.110,105.903,42.905
766.117,455.998,106.140,42.897
765.122,456.398,106.008,42.621
763.658,457.185,106.134,42.749
763.776,457.739,106.466,42.715
763.161,458.466,105.773,41.889
762.517,459.648,105.963,41.839
762.236,459.766,105.814,41.790
761.771,459.207,105.140,42.127
761.815,459.999,105.615,42.412
761.794,459.205,106.955,42.438
760.176,460.053,105.611,42.355
760.150,459.429,105.129,42.001
759.357,460.178,104.861,42.378
759.273,460.360,104.949,42.293
758.858,459.608,104.829,42.003
759.292,460.737,105.180,41.678
759.473,460.628,104.974,41.812
759.076,459.913,105.212,41.875
758.828,459.777,105.229,41.776
758.238,459.133,105.271,41.468
757.827,459.351,105.422,41.830
756.238,459.418,105.438,41.372
756.435,457.422,105.107,41.589
756.287,458.204,104.550,41.825
755.474,458.004,104.432,41.711
754.697,457.633,104.325,41.165
755.215,457.666,104.789,41.133
753.738,457.286,105.069,40.990
751.752,457.876,105.438,41.121
752.501,457.661,105.140,41.231
750.494,458.023,104.448,41.596
749.445,458.016,104.009,41.572
748.171,458.278,103.820,41.662
747.754,457.694,104.238,41.565
745.902,458.783,104.464,41.514
744.165,458.686,104.282,41.478
743.258,458.445,104.145,41.648
741.560,458.962,104.151,42.383
740.415,458.051,104.085,42.591
738.167,459.132,104.593,42.428
736.797,459.882,104.181,42.662
734.874,459.813,104.455,41.999
732.982,460.335,104.748,41.433
731.428,460.913,104.570,41.245
728.488,462.642,104.852,40.474
726.032,462.610,104.947,39.870
722.331,462.621,105.173,40.032
719.196,463.505,106.009,40.009
716.304,464.278,106.928,39.692
714.918,464.254,105.530,40.001
713.994,464.928,103.336,39.750
712.182,466.599,103.387,39.090
708.865,466.311,102.782,38.765
706.033,466.023,102.342,38.759
702.826,466.621,102.025,38.937
700.274,466.815,101.994,39.215
696.451,467.464,101.791,39.161
693.626,467.090,101.922,39.479
689.801,468.565,102.421,39.236
686.282,468.669,102.597,39.406
682.983,468.780,102.181,39.804
679.468,469.478,102.230,39.855
676.186,469.610,102.801,40.067
672.952,469.578,103.168,40.304
669.639,469.199,102.767,40.119
667.084,469.705,101.949,40.438
664.456,469.772,102.277,39.968
660.988,469.800,101.596,39.909
658.313,469.421,101.441,40.310
654.658,469.425,100.497,40.783
651.821,469.153,100.956,40.730
648.816,469.197,101.099,41.344
645.699,470.008,101.253,41.303
643.223,469.680,101.344,41.003
639.658,469.854,101.756,40.981
636.768,469.091,102.109,41.300
632.771,468.988,101.961,41.409
628.951,468.803,102.279,41.226
625.209,468.719,102.216,41.419
621.570,468.522,102.428,41.672
618.167,468.662,102.767,41.738
615.118,467.925,102.408,41.619
611.781,467.950,102.190,41.584
611.757,467.736,101.994,42.148
607.676,467.633,102.173,42.031
600.332,467.087,102.030,41.777
597.403,467.825,101.755,41.291
595.441,466.997,101.203,41.478
591.871,466.798,101.569,41.425
589.760,465.514,101.448,41.760
588.800,465.822,101.812,41.858
588.052,465.404,101.881,41.615
588.289,464.605,102.286,41.584
587.818,464.288,101.972,41.651
588.993,463.524,102.102,41.881
590.949,463.959,101.950,41.930
593.186,463.012,101.377,42.098
596.187,462.413,101.002,42.032
597.280,463.000,101.128,41.822
600.853,462.787,100.757,41.424
604.388,463.549,101.306,41.048
607.855,462.953,101.424,41.099
611.845,464.070,102.434,40.809
615.077,464.657,102.935,40.984
618.211,464.722,103.138,41.814
621.313,464.946,104.263,42.306
623.761,466.511,105.675,42.396
623.956,467.190,108.368,43.169
625.056,467.089,110.598,44.058
625.883,468.490,112.051,44.642
626.098,468.625,113.401,45.713
627.840,469.904,114.370,46.856
627.657,470.053,115.492,47.517
627.511,471.703,117.146,48.188
627.979,472.928,119.638,48.758
627.112,474.274,121.207,49.738
627.050,474.704,122.701,50.540
625.911,476.416,124.398,51.124
625.042,477.899,125.827,51.593
624.338,479.015,126.989,51.854
623.248,479.715,127.845,52.698
621.967,481.149,129.415,53.343
620.288,482.133,130.685,53.865
618.925,483.320,132.495,54.318
618.495,485.150,133.402,54.680
616.532,485.543,135.419,55.026
614.245,484.919,136.723,55.487
612.914,485.574,137.745,55.701
612.401,485.173,138.300,56.203
612.455,484.875,138.070,56.008
613.125,484.918,137.978,55.865
612.555,485.424,137.687,55.904
613.459,484.705,136.888,56.454
614.475,484.474,136.621,56.760
615.347,484.891,136.884,56.359
616.791,484.453,138.838,56.337
618.154,483.979,141.346,56.388
619.796,483.253,145.120,56.600
620.425,482.275,149.437,57.370
617.571,482.135,150.793,57.966
616.373,481.225,147.607,59.004
615.807,480.677,145.859,59.936
614.143,479.323,142.675,60.751
612.268,479.881,141.057,60.931
610.586,477.332,139.291,61.627
608.543,478.083,139.372,62.137
606.297,478.779,139.844,62.697
601.736,477.817,139.493,63.036
598.682,477.810,138.743,62.865
594.220,478.190,137.412,62.589
591.046,478.056,137.761,62.924
586.898,478.306,137.481,63.253
582.640,480.130,138.167,62.394
577.752,480.441,138.749,62.372
571.935,481.456,141.073,61.937
567.062,481.169,142.207,62.330
562.345,482.045,143.243,62.957
556.310,485.233,144.372,61.296
549.881,487.456,145.845,60.725
544.579,488.961,146.746,60.225
539.229,489.483,147.346,60.615
533.929,492.034,148.453,60.612
527.242,493.359,150.241,59.944
520.837,493.771,151.592,60.011
515.778,496.096,151.858,59.232
510.121,496.635,153.209,60.273
504.137,497.782,154.353,60.834
497.927,497.420,154.748,62.186
491.445,498.025,156.108,62.864
486.269,498.905,157.147,63.520
479.667,498.315,158.393,64.841
474.377,498.727,159.458,66.397
466.970,498.728,160.478,67.017
460.478,498.722,162.296,68.076
452.503,498.172,163.672,68.464
445.884,497.530,164.861,69.095
438.047,497.439,167.051,68.887
431.835,497.792,168.738,68.535
426.608,497.432,170.280,67.513
424.461,494.517,169.518,67.544
423.383,489.801,168.185,67.873
420.689,482.315,167.904,67.672
423.954,473.868,164.513,67.795
427.080,465.945,161.964,68.447
429.595,456.438,161.382,69.684
433.740,448.446,160.768,69.643
436.361,438.795,159.614,70.193
445.052,430.260,157.389,70.528
447.224,420.201,159.316,71.184
455.059,413.521,160.105,70.477
460.638,404.844,161.819,71.264
467.349,397.127,162.375,71.564
475.763,389.788,163.064,70.923
485.537,383.828,162.690,70.143
495.640,380.236,161.857,68.927
503.507,378.773,160.814,68.246
511.804,375.996,160.836,68.387
519.391,373.165,160.872,68.506
525.883,372.050,160.719,67.549
535.234,369.797,159.914,67.655
543.116,367.990,159.990,68.422
550.145,366.617,160.064,68.274
556.700,365.394,159.789,68.015
561.052,364.984,158.874,68.178
563.553,363.439,157.727,68.960
562.827,362.180,156.881,69.804
563.350,360.528,156.311,70.410
563.048,359.677,155.385,71.313
563.435,357.775,154.565,72.229
564.588,357.805,153.411,72.356
564.506,357.079,153.032,72.939
564.972,355.715,151.703,73.140
564.488,355.400,150.975,74.099
564.428,354.994,150.687,75.022
563.800,354.013,150.269,74.435
562.779,352.872,150.837,74.845
562.684,352.395,150.417,75.432
561.638,351.278,151.521,76.108
560.752,351.155,151.774,76.416
559.073,349.732,152.391,76.826
557.533,347.442,152.822,78.760
557.611,346.115,151.579,80.902
555.878,346.131,152.213,81.311
557.913,345.132,151.101,82.425
558.133,344.264,149.596,83.347
557.354,346.957,149.643,82.462
556.816,346.921,149.807,81.873
555.473,347.266,151.016,82.248
555.135,347.292,150.378,82.299
555.097,345.186,150.000,82.713
554.156,345.909,150.369,83.943
554.042,345.406,150.018,84.790
553.999,342.746,150.398,85.262
553.139,343.442,150.561,87.209
553.915,341.857,150.473,87.355
553.809,341.337,150.490,88.562
553.858,339.567,150.654,89.546
555.242,337.887,150.033,90.919
555.683,336.100,149.815,92.551
556.983,335.258,149.908,93.875
559.148,333.163,150.137,95.197
560.579,333.078,150.284,94.733
561.489,332.043,150.234,95.078
563.197,330.505,150.383,95.832
565.647,330.357,149.825,96.666
567.892,329.291,148.635,97.855
570.094,327.347,147.472,98.870
572.523,327.716,146.475,99.007
575.576,326.908,144.351,99.884
579.143,326.681,142.480,100.468
581.909,326.040,140.294,101.167
584.825,325.648,138.671,100.992
587.030,325.595,136.918,101.165
590.353,326.241,135.726,101.123
591.327,326.136,133.551,101.781
593.733,326.000,131.995,102.234
594.588,326.649,130.309,102.209
596.755,327.099,128.664,102.417
598.165,328.071,127.322,102.336
599.578,327.814,126.090,102.101
601.294,328.879,124.347,102.012
602.314,330.013,123.199,101.953
603.865,330.345,121.622,102.106
605.207,330.908,120.010,102.470
607.285,329.726,118.363,103.143
609.967,328.961,116.637,104.235
610.471,329.540,116.425,104.074
611.742,328.174,115.349,105.097
616.438,329.470,112.209,104.835
616.879,330.368,110.463,104.705
618.012,330.058,108.791,105.172
620.100,328.370,106.638,106.348
620.763,328.623,105.541,106.057
621.460,329.754,104.280,105.277
622.859,329.279,102.552,106.011
624.397,329.550,101.178,106.201
625.872,329.795,100.124,105.935
626.780,330.063,98.803,105.938
628.375,330.022,97.082,106.201
629.833,330.195,95.771,106.193
629.777,330.863,94.701,106.212
631.153,330.746,93.920,105.807
631.676,330.083,92.908,105.088
632.957,330.561,91.969,104.641
633.732,330.716,90.882,104.038
635.010,331.507,89.901,102.482
636.166,331.660,88.846,102.258
635.760,330.242,88.099,102.504
636.860,330.390,87.485,102.216
636.076,328.904,86.840,103.365
636.629,326.519,86.426,104.177
636.833,325.205,85.903,105.258
636.087,323.585,85.688,105.672
637.600,323.883,84.776,105.828
635.165,322.494,84.861,106.210
632.039,320.720,84.418,106.269
631.343,320.984,84.350,106.158
622.878,315.818,83.836,106.796
617.754,313.076,83.294,106.947
617.327,312.693,82.953,107.002
607.469,308.796,82.460,107.620
607.355,308.684,82.348,107.160
604.409,306.708,82.003,106.649
597.682,303.553,81.726,106.078
597.773,304.454,81.593,105.063
596.293,302.875,82.001,104.823
595.581,298.621,81.762,105.730
596.249,298.772,80.964,105.731
597.172,298.319,80.753,105.803
600.839,295.001,80.386,106.069
600.595,295.231,80.348,106.197
602.510,294.418,80.011,106.231
605.163,293.384,79.321,106.128
607.124,292.963,78.851,106.227
609.473,292.940,78.525,105.599
611.786,291.158,78.660,105.466
614.212,289.375,78.521,106.022
616.800,288.054,78.055,106.536
619.564,287.971,77.407,106.801
622.501,286.582,76.808,108.170
623.304,286.039,77.255,108.742
625.742,285.560,77.160,108.505
627.786,285.494,77.201,108.212
629.613,285.629,77.335,107.647
631.188,286.012,77.353,107.223
633.805,287.178,77.186,106.850
635.413,288.107,77.495,106.475
636.616,288.494,78.471,105.994
639.342,289.779,78.041,106.053
641.336,289.330,78.023,105.811
642.883,289.287,77.713,105.595
644.594,289.415,77.665,105.725
646.620,289.488,77.542,106.117
648.610,290.317,77.357,106.073
651.143,289.970,76.996,106.505
652.760,290.429,77.884,106.264
656.421,289.154,77.671,106.109
660.216,290.619,77.650,106.123
663.543,289.893,77.858,106.053
668.087,291.551,78.063,106.136
673.663,289.676,77.720,106.118
677.506,292.043,77.633,106.227
680.359,290.860,77.848,106.390
684.497,291.923,77.664,106.860
687.352,291.314,77.173,107.892
689.469,291.809,77.801,108.204
690.662,292.704,77.840,108.356
692.440,292.371,77.783,108.316
694.883,293.775,78.438,108.430
696.576,295.967,78.087,107.503
698.024,296.237,78.275,107.497
698.094,298.794,78.694,106.098
697.946,299.611,79.183,105.306
696.318,299.877,78.871,105.302
692.880,299.228,78.996,105.516
688.211,301.914,79.225,105.315
683.752,301.677,80.532,105.007
678.924,302.053,81.223,104.900
675.009,301.695,81.741,104.900
671.708,302.786,81.955,104.090
667.455,303.593,82.286,104.880
662.959,303.783,82.830,105.262
659.819,305.099,83.050,104.375
656.584,305.530,83.200,104.098
655.439,305.502,83.085,104.256
654.029,306.143,83.169,104.249
653.560,306.165,82.951,104.163
653.763,307.516,82.845,105.004
654.576,307.940,83.601,103.769
654.587,308.856,83.699,103.906
655.576,308.691,84.091,104.227
656.587,309.039,83.616,104.707
657.127,309.581,84.115,104.327
657.676,311.431,84.589,103.625
658.486,311.141,85.306,103.013
659.684,311.298,85.410,102.726
663.248,312.612,86.362,102.377
666.804,312.477,86.604,102.001
668.818,313.427,87.132,101.414
672.145,313.525,87.576,101.471
675.397,313.675,88.409,101.959
677.923,315.586,88.814,101.878
679.900,314.014,89.254,102.126
679.191,314.876,89.836,103.859
680.090,315.001,90.876,103.185
680.077,316.516,91.334,103.488
681.575,317.277,91.451,103.701
682.985,316.884,91.849,103.744
683.652,318.360,92.207,102.714
683.904,319.306,93.041,102.462
681.106,321.265,96.245,102.902
679.346,321.226,99.025,102.816
677.260,321.224,102.256,102.926
676.568,322.374,104.205,102.445
678.225,321.934,104.271,102.430
681.768,322.281,103.612,102.864
682.801,321.449,102.141,103.285
685.420,322.149,101.062,102.966
686.796,322.553,100.656,102.803
688.245,321.906,100.177,103.353
690.209,321.980,100.461,103.428
691.108,321.543,100.596,104.565
691.029,321.674,100.847,105.544
691.602,320.762,101.659,106.640
691.793,319.558,102.113,108.057
693.938,317.691,102.353,109.263
693.509,316.490,102.781,110.113
694.435,315.424,102.960,111.075
695.078,318.304,103.470,109.330
694.779,319.432,104.689,108.263
696.693,320.536,105.157,106.709
698.755,320.946,105.710,106.490
699.639,320.593,106.433,106.194
700.429,321.293,106.848,105.836
702.194,320.750,108.166,106.249
703.498,320.830,108.608,106.323
704.137,322.180,108.470,106.807
704.261,322.206,108.064,107.047
705.456,321.536,108.681,107.884
706.073,324.066,108.664,107.573
706.296,325.551,109.228,107.165
707.661,325.366,109.408,107.211
708.401,326.343,110.095,106.950
708.275,328.719,110.716,106.727
708.296,329.034,111.260,105.960
709.035,330.115,111.896,105.872
709.266,332.820,112.000,105.790
710.146,334.874,112.062,105.554
709.823,336.598,112.807,104.669
710.482,337.373,112.775,104.803
709.953,337.948,113.263,105.529
710.266,337.918,113.622,105.843
712.278,338.412,113.639,106.711
711.907,339.483,114.588,106.737
713.835,340.038,114.866,107.244
715.351,339.395,115.729,107.297
718.502,335.098,118.485,109.958
721.388,335.586,119.547,112.269
725.063,335.068,119.952,113.772
725.405,339.515,120.341,111.797
728.017,341.226,121.132,109.466
729.740,342.262,120.900,108.283
730.841,345.862,120.499,105.929
731.384,346.059,120.716,105.104
731.459,345.675,121.208,104.561
731.441,345.882,122.016,103.662
730.028,345.840,122.432,103.612
728.293,345.456,122.705,103.777
727.314,345.983,122.921,103.993
723.291,344.252,123.273,105.083
720.509,344.161,123.224,105.214
715.565,344.892,123.082,105.077
710.410,343.971,123.406,104.805
704.575,343.410,123.591,105.011
699.786,344.205,123.629,104.293
693.563,345.012,124.229,103.802
687.892,343.810,124.749,104.027
683.214,343.245,125.417,104.389
678.301,343.545,126.145,104.449
674.369,342.855,126.848,104.854
670.331,341.940,127.314,105.114
667.654,340.009,129.378,106.353
663.853,341.624,130.121,105.885
660.210,341.998,130.570,105.968
657.262,343.949,131.488,105.063
654.180,344.250,131.205,104.624
651.719,343.998,131.690,104.920
649.486,344.573,132.303,105.437
645.715,344.724,132.567,106.210
642.942,344.245,133.286,106.670
640.140,344.068,133.523,106.985
639.077,344.008,133.677,107.248
636.695,344.369,133.195,107.515
635.023,345.060,133.330,107.373
633.160,345.691,133.007,107.849
630.846,346.096,134.071,107.380
629.243,347.141,135.035,107.937
625.589,346.227,135.833,108.464
623.617,347.056,136.417,108.762
620.220,347.429,138.520,109.311
618.142,347.104,139.943,109.877
614.501,346.444,141.078,110.831
611.434,346.397,142.568,111.535
608.945,346.954,143.650,112.306
606.700,348.193,144.767,111.512
604.841,348.415,145.343,110.770
601.437,348.211,146.096,110.878
598.462,347.153,147.831,112.220
596.356,348.297,147.942,112.373
595.240,347.350,147.353,113.986
593.316,343.965,147.426,116.859
592.481,345.784,146.606,116.136
592.151,343.283,145.481,119.222
590.363,340.966,146.022,122.090
588.537,349.844,147.241,116.724
586.269,353.834,147.557,114.421
584.615,354.611,148.289,112.445
583.312,358.063,148.579,110.066
582.785,356.445,148.967,109.073
582.429,358.790,149.404,108.449
580.840,358.358,150.868,108.103
581.616,358.608,151.788,108.256
581.694,358.459,153.531,108.958
582.217,358.454,155.191,109.183
581.925,358.329,156.564,109.526
583.354,358.070,157.491,109.516
586.688,359.891,156.891,109.942
588.450,359.053,157.556,110.389
590.914,359.855,157.730,110.164
592.663,361.849,158.080,109.711
595.665,360.749,157.455,110.263
597.547,361.299,156.774,111.014
598.632,361.327,157.923,111.535
597.007,360.873,159.653,112.111
595.427,360.885,162.172,112.404
584.064,358.776,172.664,111.797
584.315,359.118,175.610,113.610
578.404,356.012,182.064,115.854
568.468,351.092,190.435,120.243
562.946,344.808,196.161,125.690
565.877,340.587,195.338,130.894
573.807,335.916,189.981,136.364
579.198,330.769,183.000,140.783
583.997,328.057,177.538,145.076
587.051,322.667,172.951,149.487
587.291,321.278,169.615,153.402
586.360,319.194,168.130,155.909
584.598,314.477,167.535,159.866
581.593,310.890,168.672,163.724
577.810,309.750,171.518,164.672
572.462,321.440,174.055,156.577
566.393,327.555,176.513,149.783
558.949,341.170,175.237,138.936
550.456,350.700,174.756,128.604
543.939,359.048,173.902,120.345
537.674,362.855,173.568,114.099
532.387,366.096,172.128,109.811
526.347,365.653,171.452,108.512
519.059,364.808,171.400,107.948
513.335,365.936,171.671,107.232
507.968,365.245,172.819,107.560
503.175,364.803,174.270,107.745
498.233,365.844,176.066,107.301
496.235,365.932,176.049,106.843
493.697,365.013,176.086,106.731
494.182,365.830,176.900,106.812
492.643,367.740,178.269,107.350
492.114,367.907,178.430,107.472
491.879,368.221,178.246,107.718
491.943,368.120,178.300,107.706
491.471,369.150,178.452,107.906
490.495,369.168,179.300,108.099
491.220,368.864,179.636,108.509
490.590,368.967,180.887,108.856
492.385,370.629,181.358,109.685
493.133,370.172,181.557,109.727
494.262,369.835,182.355,110.371
494.956,369.846,182.928,109.618
495.590,369.051,183.498,109.798
496.465,369.820,183.147,110.289
496.365,369.358,183.575,110.726
497.295,368.733,184.252,111.872
499.031,368.815,184.463,112.642
500.899,367.107,185.596,113.621
504.854,369.445,186.309,113.525
504.763,368.529,187.531,113.588
509.159,369.555,187.413,113.111
509.935,367.932,188.183,113.462
510.701,367.141,188.100,114.037
513.520,367.141,187.799,114.176
514.828,368.601,187.819,113.341
516.540,371.096,188.884,110.842
517.444,372.479,189.204,109.368
518.736,374.843,189.761,107.733
518.307,376.313,190.426,107.664
517.386,376.258,190.589,107.899
517.634,375.371,189.914,108.462
514.509,375.373,190.682,109.121
513.052,376.133,191.945,110.383
510.830,376.840,191.822,110.273
507.100,377.021,192.164,110.128
505.510,376.803,191.877,110.520
501.884,377.821,192.402,109.232
496.700,379.967,192.509,108.406
492.304,381.475,193.303,108.819
484.588,380.614,194.759,109.684
478.590,380.690,195.854,111.097
478.879,379.458,192.422,113.403
473.538,383.020,192.061,112.969
465.311,384.189,193.657,113.321
461.428,383.675,195.152,113.389
457.701,385.237,195.339,114.991
456.501,387.735,195.415,113.117
456.788,387.814,193.069,114.564
454.218,390.675,193.293,113.177
451.458,392.877,196.095,111.870
449.826,394.893,197.191,109.995
450.048,395.381,198.041,108.553
448.351,397.326,197.482,109.211
448.601,397.433,197.500,109.873
448.597,400.378,197.805,109.355
448.117,399.956,198.479,108.120
447.485,400.997,199.879,109.250
447.458,399.415,201.107,112.346
447.733,396.326,203.284,114.889
449.447,395.865,203.343,117.303
449.727,395.484,204.382,119.317
452.066,400.390,202.759,116.930
454.503,396.699,203.513,118.997
456.402,402.394,205.070,116.435
457.840,402.642,205.801,115.557
459.910,406.376,207.554,114.743
462.008,409.254,208.302,113.858
462.925,408.195,206.232,112.848
464.693,413.465,205.436,110.330
468.025,413.773,206.659,108.597
469.782,415.510,206.967,107.491
469.877,414.903,207.093,108.040
470.264,415.876,208.392,108.141
470.764,415.615,208.453,109.196
472.868,416.183,207.032,109.180
474.000,420.627,206.728,108.036
472.203,419.058,207.623,107.669
472.795,421.772,209.188,108.095
471.486,424.910,209.583,107.566
468.845,425.773,208.897,107.829
467.618,425.676,209.584,107.432
464.560,427.467,209.593,109.382
456.058,431.267,209.243,107.393
452.228,430.271,208.734,107.087
449.652,434.343,208.582,106.347
446.401,433.405,208.776,106.566
443.040,433.626,209.034,106.718
437.644,438.319,210.635,106.433
436.524,435.050,210.044,108.204
431.706,441.229,210.836,106.648
431.386,437.422,209.853,109.026
430.220,440.279,209.355,109.467
430.584,438.554,209.912,110.041
429.302,439.868,209.254,109.058
428.842,444.035,210.619,107.768
427.570,444.791,211.013,107.830
427.122,445.532,210.342,108.325
426.662,446.370,210.786,108.350
425.938,445.749,211.172,110.172
425.925,444.948,212.088,110.449
425.937,444.345,213.328,112.125
427.934,444.094,212.659,114.095
429.881,442.297,212.278,116.401
430.292,440.415,212.996,118.455
431.998,441.640,212.872,118.009
434.474,445.608,213.773,116.524
436.159,446.323,214.218,116.373
439.169,445.928,214.263,116.624
441.009,447.676,214.269,115.815
443.545,448.851,215.976,114.372
445.170,450.322,217.135,113.753
451.377,449.482,215.834,111.961
455.568,452.082,215.585,111.069
461.313,450.393,215.486,110.386
465.270,449.787,215.897,110.895
470.552,449.773,215.945,109.637
470.395,449.652,215.988,109.751
477.042,449.526,216.231,109.066
485.554,450.789,217.380,107.397
489.063,450.918,217.688,108.291
492.299,451.037,218.298,108.299
493.543,451.099,219.008,108.269
493.628,450.101,219.473,108.831
493.539,449.973,220.160,109.515
493.248,451.007,220.683,108.935
494.598,450.515,220.374,109.374
494.180,450.212,220.504,109.629
495.387,448.747,220.990,110.717
494.254,448.922,221.713,110.805
494.285,447.859,221.638,111.270
495.147,449.080,222.202,111.538
495.917,447.633,221.929,111.968
495.632,448.525,222.388,110.945
495.677,449.731,223.051,110.562
495.840,447.958,223.384,110.763
494.950,450.111,224.204,110.301
495.506,448.714,223.626,110.595
495.852,450.306,223.380,109.820
495.723,449.376,222.653,110.029
495.829,449.912,222.057,108.981
495.910,451.052,222.382,108.311
492.163,451.278,222.006,107.313
492.864,451.547,220.951,107.125
490.974,453.076,221.771,105.703
488.056,453.259,222.780,105.038
486.808,452.936,224.570,105.309
484.298,450.087,225.389,106.397
484.447,449.574,224.842,107.885
484.114,449.187,223.375,108.644
480.793,448.916,223.943,108.152
477.962,446.386,223.317,109.918
475.938,445.225,222.634,110.598
474.559,445.811,221.679,110.157
472.654,444.590,222.375,110.543
470.242,444.540,223.194,110.272
470.001,443.564,223.466,111.083
465.855,441.686,226.342,111.743
460.976,434.963,231.123,115.368
464.255,436.641,228.998,117.375
465.585,433.452,228.112,119.165
465.328,429.889,226.796,120.744
466.809,429.224,225.842,120.376
467.876,427.774,226.037,121.107
471.032,428.263,226.777,120.424
473.041,432.219,225.773,117.617
472.771,430.333,225.948,116.718
474.941,438.251,227.870,110.815
477.805,439.584,227.068,107.995
480.770,435.360,228.600,106.482
479.905,436.628,229.142,105.609
483.270,433.395,228.190,105.628
483.501,434.040,228.936,104.489
486.892,429.680,229.949,106.186
486.671,427.403,230.259,107.999
489.068,427.284,231.766,107.321
489.438,425.665,230.751,107.559
492.473,424.755,229.892,107.320
494.523,427.410,230.203,105.052
497.171,424.734,228.860,104.995
501.232,423.971,229.961,105.114
504.781,422.962,229.543,104.398
508.083,423.043,229.435,103.554
511.047,421.915,229.990,103.112
513.774,420.674,230.401,103.863
516.859,417.653,230.985,105.024
520.940,417.280,230.928,105.679
523.043,415.114,230.434,105.489
526.758,414.752,232.041,105.218
528.286,415.752,232.100,104.562
533.331,413.813,232.373,103.432
536.961,414.095,232.734,103.071
540.549,412.285,233.216,103.994
543.918,411.720,231.337,103.660
543.252,410.210,232.503,104.135
540.644,408.681,234.256,105.927
538.107,403.240,234.515,110.662
532.441,405.124,233.973,111.119
525.695,407.846,233.961,109.283
526.451,408.441,233.418,108.218
517.549,410.946,233.636,107.056
500.425,415.221,232.484,104.096
489.214,421.965,234.071,99.488
479.409,419.914,234.613,98.865
470.277,421.263,235.220,98.271
460.979,420.714,235.363,99.028
452.909,421.127,234.738,99.271
444.224,421.557,234.972,99.401
437.468,422.450,234.492,100.047
431.251,425.744,234.340,99.084
425.348,424.658,234.875,98.615
420.989,422.908,234.865,99.925
416.295,424.958,235.885,100.203
411.908,425.257,236.279,99.156
408.461,425.980,236.210,98.057
404.224,430.116,237.211,94.454
402.093,432.409,239.613,91.720
398.421,431.776,237.897,90.983
396.400,432.750,238.453,90.132
395.640,431.368,236.958,90.387
394.833,431.365,236.970,90.013
393.625,431.173,237.633,90.148
393.706,429.242,236.893,91.045
392.618,428.615,236.725,91.867
391.987,428.583,237.558,91.970
392.422,427.126,237.686,92.753
392.447,426.687,237.502,92.715
392.656,426.945,237.420,93.332
392.637,426.764,237.021,93.213
394.542,425.392,236.035,93.859
393.609,426.734,236.744,92.646
394.102,425.600,236.663,93.064
395.735,424.853,236.728,93.544
395.253,423.219,237.971,94.096
397.965,420.562,237.304,95.751
401.011,419.821,237.279,96.121
405.169,419.348,234.947,94.976
411.210,420.185,229.591,93.178
408.916,420.577,231.852,90.381
407.825,419.612,233.353,90.177
407.890,420.015,233.519,89.955
412.509,416.346,231.914,91.645
414.607,415.151,231.163,92.891
415.874,412.770,229.417,94.087
420.501,411.465,227.930,94.826
420.430,411.766,227.197,93.370
423.368,410.545,224.666,92.380
425.662,410.635,222.535,91.214
430.563,408.056,220.448,91.379
431.534,407.782,220.188,90.562
436.171,406.118,217.503,91.216
439.913,405.152,217.326,90.902
443.508,404.157,216.882,90.365
446.776,403.029,216.157,89.582
448.883,403.088,215.676,87.975
451.071,404.037,214.765,85.795
453.190,406.336,213.031,82.705
454.346,406.438,211.893,81.423
457.256,405.948,213.497,80.644
458.770,406.805,215.991,79.398
459.953,404.735,217.501,80.237
462.606,407.340,218.756,79.436
460.122,406.707,214.756,78.177
460.815,407.148,206.568,77.459
462.522,406.778,203.370,76.571
463.157,407.201,200.569,75.617
463.769,407.026,199.286,74.896
464.274,407.257,198.269,74.768
464.454,406.146,195.276,74.797
466.861,403.479,191.493,74.140
469.169,406.325,189.468,72.220
472.088,402.379,188.028,72.996
475.216,401.769,186.375,72.869
477.833,400.715,184.766,72.740
480.953,398.634,183.241,73.355
483.964,399.178,181.960,72.686
489.333,395.596,179.931,73.237
492.808,397.894,178.769,71.951
496.872,395.048,176.629,72.341
502.209,395.836,175.095,70.450
507.281,394.472,173.960,70.083
510.566,393.155,172.523,69.458
509.836,394.910,171.474,68.432
515.078,394.489,170.295,66.949
524.092,392.105,168.508,66.463
527.879,390.901,166.169,65.774
532.317,390.239,165.178,65.117
534.815,390.640,164.151,64.166
538.612,387.917,162.984,64.866
543.001,389.655,161.891,63.751
546.434,389.428,160.933,62.622
550.416,389.521,159.202,61.625
552.568,386.506,157.402,61.902
556.248,387.672,155.974,60.211
560.857,386.551,154.746,60.534
563.390,386.044,153.953,60.303
567.301,386.394,152.818,59.354
570.919,386.718,152.282,58.388
574.378,387.424,152.413,57.870
578.646,385.865,151.571,58.198
584.016,384.736,150.725,58.617
588.544,382.619,151.193,59.407
593.434,383.244,150.768,58.269
597.584,381.238,150.104,59.206
602.094,379.979,150.247,59.522
606.641,379.365,150.573,59.128
609.076,379.392,151.364,58.941
614.161,379.458,150.723,58.637
617.867,376.076,150.427,60.401
621.533,374.634,150.211,60.911
625.978,372.997,150.857,61.930
629.395,372.418,151.022,63.080
634.161,371.697,150.813,63.012
638.550,370.746,151.450,62.849
643.184,371.407,151.677,62.442
649.026,371.277,156.134,61.496
652.823,367.918,157.936,62.863
655.681,368.776,156.437,62.626
660.382,367.362,156.174,62.750
664.023,367.818,155.125,62.613
664.637,367.468,154.088,62.719
665.219,367.558,153.866,62.288
664.267,366.138,154.313,63.255
661.521,365.179,153.636,63.974
658.143,364.654,151.958,64.844
654.827,365.225,151.657,64.369
651.518,367.247,151.325,62.898
647.291,366.552,150.860,63.680
642.480,367.565,151.995,63.560
637.615,366.690,151.627,64.038
630.519,369.169,152.014,63.329
626.118,368.851,150.895,63.846
620.739,369.326,150.915,63.772
615.528,368.784,150.116,63.779
608.307,369.236,150.411,63.151
603.054,371.004,150.513,62.266
596.148,370.871,150.561,62.363
588.870,372.038,150.457,61.798
581.555,373.309,150.406,61.530
573.484,373.274,150.428,61.977
563.665,374.013,150.558,62.272
554.695,374.931,151.384,61.922
545.508,376.490,150.134,61.687
536.467,377.582,149.501,61.955
526.126,378.891,150.347,61.442
514.971,381.142,152.017,60.867
507.098,381.652,152.123,60.587
499.753,381.685,151.780,60.951
494.256,382.085,151.027,60.860
491.528,380.696,150.943,61.158
491.321,379.399,151.255,61.665
491.278,378.058,151.980,61.979
492.720,377.115,151.737,63.079
495.569,374.877,151.793,63.505
500.207,372.881,152.596,64.767
502.599,371.617,153.071,65.105
507.365,369.932,153.404,65.066
511.410,368.146,154.302,65.048
516.581,364.912,154.999,65.629
524.404,359.731,154.621,68.241
531.945,357.120,154.887,68.426
540.961,357.065,155.512,67.535
552.718,353.773,154.598,66.377
563.970,351.239,153.452,65.851
574.809,347.912,153.266,66.215
584.998,345.715,152.715,66.149
594.700,343.119,151.867,66.215
601.684,342.293,151.970,64.829
610.774,341.055,150.585,64.154
615.907,338.252,152.116,64.052
623.978,335.970,151.842,64.948
631.587,334.483,151.538,65.006
637.065,332.648,151.418,65.551
643.981,330.563,151.382,65.602
650.257,328.260,151.854,66.069
657.538,326.608,152.308,66.480
663.171,322.624,152.370,67.146
669.595,320.556,151.895,68.124
674.562,319.424,152.703,68.645
678.925,318.072,153.174,68.466
682.706,316.927,153.074,68.133
686.403,315.350,152.686,67.657
689.822,314.682,152.270,67.614
690.261,315.314,151.835,67.801
690.465,314.652,151.948,68.031
689.754,314.695,151.811,68.049
688.434,314.997,151.452,68.199
686.983,315.381,151.681,68.221
684.367,316.284,152.008,67.475
681.632,316.276,152.165,67.751
678.575,317.223,153.201,67.992
676.296,317.223,153.032,68.137
676.945,317.178,153.435,68.251
673.857,318.165,156.383,67.445
671.390,319.207,158.147,66.986
671.178,319.016,160.393,66.808
667.859,319.673,162.897,66.649
667.301,319.479,163.547,66.742
666.395,319.493,164.046,67.075
666.410,319.387,163.905,67.327
663.288,319.619,164.046,68.497
660.991,320.040,162.854,69.254
659.264,321.451,160.347,69.016
659.718,321.954,157.853,68.843
658.252,322.371,155.818,68.569
656.435,323.754,154.468,68.035
655.553,323.763,154.322,68.237
656.143,323.754,153.223,68.832
655.087,324.282,152.954,68.431
654.702,325.215,151.729,68.386
653.862,325.372,151.241,67.664
653.709,326.110,151.824,67.696
653.011,326.900,150.813,68.402
652.862,326.780,150.027,68.942
651.011,326.959,151.059,68.778
649.115,326.848,151.857,68.945
648.656,327.410,152.387,69.202
648.143,327.881,151.798,69.989
648.304,327.862,150.850,69.974
649.115,328.199,151.473,70.151
649.950,328.251,152.015,70.199
650.672,328.804,152.579,70.068
653.213,328.318,152.444,69.762
653.829,328.612,152.837,69.483
654.185,329.131,154.050,69.109
655.895,329.387,154.481,69.221
656.799,329.466,154.635,69.111
659.004,329.672,153.732,69.180
659.701,329.771,153.865,70.132
661.256,330.758,153.822,70.179
661.453,330.965,153.870,70.303
662.550,330.660,154.430,70.462
663.808,331.501,154.925,70.390
665.077,332.114,155.172,69.901
667.151,331.715,154.615,69.704
668.404,331.838,154.356,70.277
669.149,332.398,154.401,71.033
669.969,332.976,154.204,71.167
670.885,333.824,154.076,70.924
671.026,333.198,154.611,70.266
671.173,334.744,153.708,70.973
669.928,334.955,154.211,71.596
667.979,336.100,154.135,72.360
665.815,336.259,154.535,73.053
664.523,337.853,153.937,73.039
661.171,337.720,154.903,73.262
658.024,339.374,155.535,73.323
656.449,340.249,155.456,74.011
652.777,340.055,155.339,75.173
649.659,341.968,155.246,75.131
646.298,344.130,154.488,74.594
640.870,345.166,154.775,75.407
637.629,345.773,153.900,75.814
631.284,347.539,153.901,75.846
627.574,349.995,153.055,75.505
619.925,350.965,154.033,75.103
615.224,352.488,154.473,74.649
611.065,354.213,153.482,74.772
604.780,355.007,153.353,74.997
599.967,358.030,152.791,74.670
593.140,360.778,154.233,73.745
588.349,362.428,154.146,73.847
584.187,364.127,154.025,74.012
579.678,365.301,153.467,73.188
574.938,366.965,153.215,73.505
572.813,367.960,152.475,74.119
568.944,369.076,152.733,73.503
567.658,370.573,152.024,73.387
566.544,371.226,150.945,73.310
564.083,372.146,151.774,73.205
562.320,372.882,151.834,73.292
560.628,373.369,152.833,72.636
559.688,373.940,152.499,72.933
558.526,375.151,152.765,72.822
557.267,376.010,152.909,72.551
555.037,377.057,152.499,72.389
552.469,377.779,152.778,72.023
550.220,379.985,152.484,71.516
545.289,379.993,153.396,71.733
542.179,381.219,153.392,71.382
538.807,381.889,153.340,71.673
535.213,383.108,153.395,71.450
532.600,384.881,152.703,71.387
529.354,385.666,152.561,71.407
524.315,386.637,153.015,70.528
520.823,387.413,153.111,70.486
519.284,387.838,152.081,70.196
514.376,388.925,152.240,69.967
512.266,391.254,151.338,70.657
510.431,391.401,151.569,70.442
508.130,390.697,151.781,70.005
504.634,392.034,153.330,69.585
505.298,392.032,153.202,69.131
505.464,391.961,152.948,69.786
504.900,392.715,153.366,69.964
503.494,391.201,153.665,70.428
503.258,391.572,153.320,70.763
503.275,390.780,152.983,71.292
503.723,389.269,152.882,72.977
504.415,388.392,153.659,73.705
506.201,386.793,155.232,74.122
507.774,386.982,157.476,73.218
510.523,384.604,158.182,73.988
513.314,383.923,158.341,75.084
515.983,381.881,158.896,76.615
515.134,380.137,158.713,75.125
518.968,379.526,158.214,75.575
518.740,379.319,158.391,75.824
524.008,378.653,156.174,76.712
519.369,373.160,154.993,75.364
523.253,372.975,153.928,74.647
525.503,370.304,152.799,73.507
527.722,368.514,152.325,73.645
529.603,364.706,152.789,72.342
532.545,360.954,152.614,72.246
534.731,356.590,153.461,71.434
540.455,353.144,151.235,73.369
541.132,349.789,151.894,72.914
547.137,345.398,151.142,73.139
550.007,340.371,151.492,72.869
554.259,335.862,149.834,73.649
557.128,330.989,149.708,73.784
563.651,326.346,150.645,74.921
567.558,322.113,150.931,74.804
573.641,317.942,150.412,73.690
579.510,313.801,150.366,73.423
586.214,309.877,150.654,73.089
591.129,306.093,150.147,73.457
595.818,305.826,150.289,73.017
603.757,303.672,151.234,72.478
608.862,301.269,150.881,72.407
615.084,300.412,150.304,71.962
619.826,298.765,150.172,72.241
625.772,298.653,148.933,72.574
630.999,297.097,148.526,73.690
635.290,296.609,148.637,73.675
639.734,296.684,148.085,73.774
643.793,296.054,145.897,73.031
643.914,296.268,146.592,72.235
644.973,297.782,146.794,72.288
642.911,297.595,148.192,71.828
644.181,297.658,147.721,72.002
642.034,299.035,149.095,71.382
642.618,300.021,149.087,72.210
641.227,299.332,149.930,71.913
641.235,301.258,150.251,71.846
641.306,302.486,150.284,71.120
642.494,303.157,149.124,70.837
637.727,302.675,150.989,70.052
636.655,305.405,151.074,70.559
635.854,306.811,150.637,70.246
634.209,307.061,150.369,70.499
635.076,307.313,150.399,70.859
633.474,309.000,154.578,69.204
628.768,309.851,158.385,68.648
627.045,311.114,160.350,69.373
623.318,310.396,163.919,70.440
621.581,310.264,167.126,71.684
617.748,309.891,170.261,72.573
615.546,309.491,170.672,73.883
612.987,308.722,169.549,76.876
609.829,309.248,168.638,77.995
606.442,311.167,169.970,78.201
603.648,311.600,171.286,78.585
600.274,313.176,173.513,80.687
595.092,316.049,176.975,81.116
591.839,316.488,178.957,82.306
590.675,317.081,180.113,83.132
588.259,318.221,181.794,84.205
584.313,319.118,185.008,85.033
580.296,319.810,187.642,86.706
576.899,320.929,190.488,88.323
570.299,320.341,195.477,90.602
570.099,321.373,196.861,92.555
565.986,323.274,201.463,92.814
564.929,323.199,203.832,94.582
562.763,324.795,208.275,96.254
563.711,325.493,210.433,97.793
563.062,324.645,213.964,99.666
557.436,325.118,220.052,101.946
558.812,325.681,222.989,103.916
560.199,325.609,226.726,105.396
560.620,326.802,229.405,109.118
559.443,327.309,235.009,109.882
562.451,329.018,237.919,111.467
564.255,328.572,241.242,113.580
568.477,329.364,244.263,115.048
572.288,329.559,247.212,117.267
579.675,329.035,249.053,118.008
581.911,329.113,254.155,120.339
593.667,329.130,255.855,122.500
599.428,329.995,258.253,123.574
603.648,329.937,262.691,124.895
612.759,329.663,266.444,126.616
622.754,330.711,267.155,128.185
629.595,330.475,269.953,130.295
637.553,331.224,271.630,131.833
640.688,332.253,276.073,132.548
647.759,334.348,280.491,133.680
655.524,333.060,282.526,135.375
661.569,334.350,288.400,138.286
670.853,336.856,290.065,141.372
682.952,334.495,289.146,143.531
691.150,338.741,293.821,144.876
698.056,335.755,297.128,147.406
706.881,342.528,301.918,148.936
715.426,340.532,305.013,150.178
730.341,345.608,305.583,152.369
735.303,342.882,309.192,154.737
751.895,348.649,305.923,158.350
752.457,350.427,311.076,159.388
759.696,348.616,312.351,161.025
763.253,354.811,315.519,158.883
768.942,354.145,315.885,160.371
768.023,359.321,320.144,158.441
774.627,358.993,318.158,158.524
780.426,362.143,314.823,158.015
784.002,365.727,309.744,159.430
780.544,365.899,309.192,158.496
781.720,372.341,307.695,157.927
778.397,370.705,307.597,158.784
781.094,376.664,306.202,158.717
779.996,375.630,305.874,161.478
776.994,380.839,307.556,161.839
774.152,381.015,309.131,163.086
775.585,385.451,306.922,163.148
770.523,387.691,308.103,163.300
769.314,390.101,306.166,163.945
767.577,391.456,305.918,164.431
766.267,392.953,300.659,166.485
763.124,394.335,300.128,166.531
757.636,395.946,300.307,169.238
756.314,398.014,298.128,168.946
753.390,400.117,295.231,169.256
748.765,400.499,293.366,170.592
745.791,400.535,293.646,170.820
742.283,402.469,291.799,172.728
738.629,403.016,291.706,171.085
739.376,403.179,289.388,171.697
734.550,401.499,289.371,172.097
732.939,400.230,290.220,173.119
733.518,398.277,288.582,174.659
732.500,394.623,286.870,174.066
734.382,391.045,284.397,174.179
737.068,383.663,281.626,174.366
730.604,380.475,282.649,171.677
727.608,369.905,281.977,171.561
719.476,362.331,280.522,171.294
719.157,353.953,276.047,170.617
718.180,346.030,271.771,169.716
709.633,338.942,271.521,167.168
705.126,331.758,267.802,165.214
695.793,327.144,267.841,162.881
693.302,319.367,264.170,162.835
685.014,315.243,264.170,159.046
679.521,308.827,262.263,158.419
672.744,305.577,261.608,156.568
674.009,302.274,257.694,155.786
668.385,299.678,257.040,154.183
667.050,296.651,253.843,151.804
665.665,292.831,251.522,151.765
663.584,291.025,248.146,150.885
660.356,289.362,246.923,149.142
657.340,286.444,245.877,148.671
655.973,283.741,243.640,149.126
652.291,281.735,243.586,148.485
646.630,281.029,245.072,148.091
638.302,279.960,247.142,148.186
641.467,278.190,245.322,147.032
639.819,276.839,242.842,148.149
637.178,276.242,242.787,146.954
631.856,276.717,244.504,146.074
635.123,276.593,242.937,145.959
634.792,275.376,241.940,146.359
631.826,273.448,243.604,146.774
634.462,273.856,243.299,146.358
630.090,270.937,243.376,148.021
631.576,269.114,244.169,147.852
630.581,266.816,244.382,147.911
630.625,265.471,245.188,148.227
631.309,263.419,243.354,150.083
632.646,263.345,243.899,149.192
629.550,263.816,244.999,148.929
625.723,263.642,248.616,148.640
623.684,264.254,251.578,148.192
624.933,263.690,251.969,148.477
625.056,264.799,252.560,148.295
623.213,265.123,253.722,148.557
621.970,265.344,255.137,148.282
620.607,266.616,256.276,148.356
621.076,264.871,256.512,148.459
619.992,265.347,256.753,148.641
616.474,266.304,257.048,149.074
619.804,267.103,258.152,149.518
612.186,268.539,258.332,149.613
618.183,268.214,258.682,149.473
617.064,271.498,258.734,149.487
612.194,271.134,258.794,149.508
619.261,272.378,258.918,149.495
616.415,271.838,258.999,149.483
614.476,271.764,259.027,149.478
615.753,275.544,259.028,149.478
617.029,274.230,259.046,149.479
613.651,275.856,259.047,149.479
616.516,276.210,259.051,149.480
612.402,280.535,259.053,149.479
620.735,276.205,259.048,149.485
604.772,285.597,259.048,149.485
386.719,96.434,246.246,151.320
398.533,94.692,220.534,148.972
404.431,92.467,207.373,148.098
406.053,89.922,201.989,145.969
