423.000,234.000,103.000,318.000
436.961,249.634,105.339,307.307
440.059,255.065,105.558,294.557
442.909,256.016,108.815,284.162
443.952,258.534,109.074,281.235
437.357,264.097,114.937,263.539
435.106,274.817,115.362,251.633
433.655,284.207,107.448,244.394
435.714,288.562,98.070,240.945
436.755,295.284,89.720,235.803
438.726,294.738,85.576,233.831
438.888,305.669,83.962,224.825
432.855,302.130,82.704,216.715
425.187,285.810,78.258,223.198
410.015,285.008,78.140,206.327
409.147,290.973,77.241,190.560
414.463,307.898,73.205,177.263
414.452,321.862,66.116,169.967
414.301,330.455,60.161,174.171
413.293,330.174,58.041,175.282
405.365,328.742,55.505,172.564
394.739,331.246,59.283,168.355
394.159,332.266,62.562,163.604
381.188,331.774,66.292,156.962
378.567,336.463,69.998,153.478
375.767,337.307,64.533,151.624
374.117,342.395,62.660,149.618
374.286,351.318,58.511,151.486
373.269,349.697,56.365,152.480
372.929,350.944,54.163,146.046
373.028,353.519,55.830,134.463
372.006,355.123,55.367,127.166
369.962,357.651,52.928,125.284
376.316,366.729,48.764,139.873
377.752,365.093,48.841,147.214
373.490,363.060,48.674,145.369
377.457,367.818,51.110,144.195
377.716,366.847,53.045,139.022
380.020,368.593,58.647,141.828
375.138,365.450,59.990,136.295
375.460,365.621,59.790,132.883
384.931,368.688,62.295,134.787
386.649,367.001,59.550,137.507
383.825,358.766,62.727,130.743
387.076,371.159,56.045,136.620
386.930,369.885,52.774,140.070
388.481,368.666,52.044,142.029
382.194,368.194,52.988,144.022
376.029,364.251,56.449,133.754
378.507,365.857,54.247,124.655
380.536,368.596,50.506,121.517
382.562,382.150,47.455,128.759
382.164,381.955,46.440,135.432
376.397,380.424,50.039,131.770
378.466,384.761,52.504,133.322
375.960,382.260,58.380,125.570
373.211,388.749,61.909,131.761
372.053,389.477,60.194,135.724
371.730,389.936,60.660,135.856
375.998,387.554,58.775,132.691
383.308,391.254,54.536,138.211
390.947,388.689,51.020,138.738
392.069,388.763,55.289,141.227
390.753,381.690,59.605,133.878
390.488,382.391,60.676,129.705
398.390,389.401,59.208,142.833
404.251,391.179,56.557,147.391
408.374,397.627,59.710,140.528
410.851,406.095,60.141,141.725
409.604,408.534,62.882,140.683
408.876,407.830,64.161,141.611
399.327,413.201,68.668,138.189
402.280,416.950,68.685,135.188
417.115,423.033,63.235,139.678
431.377,426.421,57.112,142.355
440.437,424.859,57.276,131.902
441.346,426.610,55.564,126.236
450.341,435.196,55.338,120.208
460.799,439.094,56.986,112.268
472.507,440.357,52.262,107.978
482.570,436.972,48.461,110.670
492.940,444.012,49.197,107.438
498.260,452.671,50.246,103.626
499.292,452.131,50.740,101.356
510.904,456.714,50.004,99.752
520.299,464.663,49.314,105.506
533.523,459.855,47.092,112.796
544.650,450.891,45.398,112.487
549.324,445.745,46.611,106.357
549.026,447.341,46.996,104.221
552.287,452.544,55.631,96.588
548.896,456.069,59.842,93.117
544.293,458.565,64.939,92.090
548.672,465.628,59.994,95.274
535.413,444.654,66.142,96.849
541.221,450.474,77.365,94.624
507.371,419.175,86.100,92.213
529.258,438.175,78.801,102.709
557.739,467.117,94.225,90.415
558.997,456.172,96.852,90.151
553.516,442.135,93.257,93.327
552.485,439.352,92.188,97.610
559.193,396.146,80.124,120.615
557.211,374.986,79.855,132.976
542.674,361.606,85.394,144.127
522.354,373.317,92.348,148.627
522.616,357.461,99.064,153.663
519.760,352.494,102.680,159.050
512.694,337.050,104.720,161.189
505.003,329.230,103.341,163.970
507.096,323.540,101.368,164.570
508.036,292.463,98.365,178.557
511.734,243.663,95.600,204.123
512.061,232.149,95.588,223.284
512.117,191.614,91.177,247.386
517.212,168.158,94.164,260.035
523.224,143.416,92.152,270.508
523.139,107.117,90.018,280.739
521.675,82.492,87.577,281.250
522.614,83.524,85.741,281.234
526.055,66.619,95.069,269.729
526.136,58.573,105.497,257.733
528.925,58.008,112.411,252.851
528.154,56.414,117.735,248.278
530.344,46.272,121.238,235.220
529.797,53.292,119.889,225.972
525.572,38.999,119.283,221.229
518.082,26.743,121.371,225.965
513.139,31.217,124.239,229.921
511.977,41.923,125.188,232.751
498.833,2.729,136.624,217.405
502.286,0.000,141.618,208.784
492.310,1.905,150.787,196.946
497.205,14.822,154.000,187.129
493.264,48.886,160.974,167.864
499.819,51.028,161.172,157.258
537.798,43.177,154.419,160.065
538.532,42.784,152.502,160.305
541.656,43.711,143.270,170.941
572.298,73.569,135.926,172.086
576.800,72.085,133.834,181.832
579.218,89.915,136.634,202.876
577.283,109.871,133.713,220.087
574.796,105.942,135.776,229.948
578.433,122.543,131.087,235.804
590.186,152.651,135.249,235.540
604.178,174.229,139.103,232.106
604.577,190.732,124.896,235.358
609.261,202.902,113.900,242.277
