0.03410244
0.03958893
0.04377437
0.03937745
0.05047059
0.04637194
0.03612947
0.03592229
0.03610396
0.03690982
0.03365707
0.03222799
0.04156017
0.04800034
0.04157877
0.04243755
0.03555465
0.03443456
0.03889275
0.04124880
0.04133654
0.05077958
0.04858994
0.04404902
0.04326439
0.04012990
0.03314018
0.03294897
0.03385854
0.03170300
0.03256655
0.03305912
0.04977250
0.04288888
0.03604364
0.03533006
0.03314686
0.03339601
0.03475165
0.03466296
0.03630257
0.03318787
0.03224611
0.03692722
0.03295016
0.03228378
0.03611660
0.04841352
0.05013514
0.04517269
0.04212856
0.03355789
0.03283429
0.03196287
0.03251386
0.03367877
0.03340244
0.03300595
0.03140020
0.03644586
0.03267288
0.03763700
0.05493879
0.04502606
0.05084181
0.03599453
0.03464961
0.03467202
0.03417969
0.03441143
0.03806257
0.04592538
0.03299093
0.04027605
0.04353380
0.03968859
0.03524184
0.03597903
0.03875732
0.04112148
0.04342055
0.04536414
0.03712082
0.03617573
0.03593779
0.03725052
0.04594207
0.03840876
0.03780079
0.03958178
0.03751945
0.03639793
0.03703117
0.03480220
0.03356147
0.03440309
0.03415680
0.03208852
0.03324771
0.03420258
0.03283858
0.03640461
0.03333545
0.03228545
0.03731871
0.03503442
0.03620815
0.03606033
0.03992462
0.05062628
0.03270364
0.03229833
0.03315735
0.03211737
0.03254509
0.03555846
0.04150820
0.04853487
0.03910089
0.05115008
0.04254627
0.03780746
0.04990768
0.04009128
0.03975439
0.04099655
0.04135633
0.04752421
0.04664207
0.03111458
0.04110479
0.03131127
0.04023266
0.03457284
0.03576112
0.03430796
0.04082990
0.03156853
0.03187060
0.03164744
0.03359461
0.03570199
0.03135276
0.03186440
0.03292537
0.03176284
0.03180957
0.03167319
0.04469824
0.03800726
0.04423285
0.04153752
0.04376435
0.03391147
0.04530478
0.04002380
0.04564261
0.04216909
0.03353477
0.04039001
0.03944969
0.03318787
0.03361511
0.03303456
0.04557705
0.04772234
0.04675961
0.04321957
0.03765583
0.03465652
0.03703952
0.03808284
0.03854609
0.03519750
0.03919077
0.04092789
0.05344701
0.03323317
0.04422402
0.04090190
0.04110765
0.04040623
0.03715110
0.03528047
0.04112148
0.05000067
0.04390812
0.05033350
0.04165769
0.03685045
0.03704858
0.03770018
0.04171491
0.06951094
0.03975940
0.04098845
0.03526068
0.03601718
0.03630495
0.04005599
0.03644991
0.03862119
0.03645062
0.03452182
0.03868937
0.03610158
0.05128360
0.03609180
0.03702497
0.03463221
0.03254151
0.03435111
0.03187394
0.03568411
0.03301644
0.03237605
0.03419423
0.03306270
0.03692317
0.03202724
0.03259873
0.04275584
0.04997826
0.04639482
0.04553747
0.04476333
0.04509425
0.03762627
0.03499913
0.03492498
0.03827524
0.03784585
0.03659225
0.03129172
0.03268766
0.03548169
0.03517008
0.04104948
0.04618239
0.04345012
0.04162335
0.03160977
0.03160906
0.03294230
0.03268838
0.03332496
0.03361869
0.03648424
0.03602409
0.04764533
0.03161407
0.03484797
0.03753710
0.03865862
0.04361653
0.04433012
0.03761601
0.03778243
0.03173256
0.04545116
0.04069614
0.03994966
0.04705143
0.04079533
0.05304265
0.03754973
0.03469324
0.03417420
0.03592682
0.04407573
0.04414535
0.03107738
0.03413749
0.03035045
0.03216910
0.03116941
0.03446841
0.03140759
0.03165627
0.03814125
0.03631258
0.03895187
0.03695631
0.03464866
0.04065824
0.03657079
0.03244448
0.03289747
0.03254008
0.03366256
0.03850245
0.03317499
0.03286529
0.03603315
0.03346515
0.03185034
0.03586698
0.03701830
0.03685665
0.04127502
0.03802967
0.04507184
0.04419398
0.03223586
0.04147148
0.03476596
0.03349853
0.03239393
0.03236246
0.03126955
0.03353763
0.03360987
0.03177881
0.03348565
0.03552294
0.03690743
0.03775549
0.03541517
0.03773260
0.03532171
0.03497767
0.03248119
0.03428054
0.03343749
0.03503036
0.03701758
0.03341889
0.03242898
0.03283358
0.03262305
0.03642845
0.03558755
0.03593683
0.03563738
0.03672385
0.03987741
0.03795862
0.03241467
0.03069925
0.03163886
0.03133583
0.03307247
0.03216410
0.03160024
0.03247738
0.03510237
0.03148103
0.03618336
0.03523993
0.03437448
0.03446317
0.03391600
0.03168344
0.03232598
0.03644896
0.03124809
0.03208661
0.03066635
0.03296232
0.03127337
0.03517795
0.03125763
0.03318501
0.03595352
0.03509593
0.03810906
0.03499389
0.03307295
0.03730083
0.04454875
0.05091715
0.04502392
0.04514885
0.04446054
0.03473258
0.03076887
0.03062320
0.03186393
0.05084419
0.04581785
0.04457450
0.05017614
0.04452705
0.04621983
0.04547644
0.04963994
0.03253651
0.04550743
0.04720545
0.03925729
0.04844308
0.04112148
0.04632521
0.04060054
0.04371190
0.03968382
0.03418326
0.03079271
0.03103209
0.03174877
0.04120922
0.03988504
0.03267908
0.03536057
0.03462601
0.03618264
0.03477621
0.03453875
0.03175998
0.03202653
0.03163004
0.03219652
0.03422928
0.03143311
0.03167152
0.03258395
0.03639078
0.03373551
0.03504252
0.03666925
0.03710508
0.04244542
0.03437805
0.03236914
0.03163671
0.03259492
0.04459023
0.04383302
0.04387808
0.03635883
0.03454590
0.03436160
0.03158879
0.03670573
0.05282950
0.05368972
0.04625893
0.05349946
0.03338599
0.03195024
0.03324866
0.03282642
0.03666782
0.03232121
0.03277206
0.03291774
0.03865719
0.03977227
0.03578496
0.03668857
0.04506731
0.03452325
0.03482604
0.03671718
0.03434396
0.03347397
0.03375506
0.03408694
0.03587699
0.03242207
0.03351307
0.03516984
0.03813624
0.04392385
0.04377866
0.04168487
0.04402828
0.03387022
0.03452563
0.03752637
0.03326893
0.03260112
0.03464866
0.03320622
0.03839707
0.03298950
0.04290390
0.04872584
0.03729367
0.03727913
0.03459740
0.04751730
0.05099368
0.04796028
0.03495598
0.03337908
0.03625274
0.04499435
0.04062223
0.04261851
0.04508805
0.04682112
0.03988838
0.03894019
0.03817654
0.03651333
0.03620124
0.03960180
0.03795648
0.03577614
0.03700066
0.03749776
0.03850675
0.03731942
0.03848505
0.04363823
0.03703213
0.03589511
0.04076743
0.03498673
0.03993964
0.03392005
0.03272271
0.03747487
0.03331518
0.03287292
0.03352904
0.03639150
0.03661966
0.04163074
0.03555870
0.03381824
0.03257442
0.03225780
0.03231311
0.03370523
0.03278351
0.03348589
0.03911209
0.04493690
0.03247094
0.03455234
0.03688216
0.04535770
0.03750134
0.04065275
0.03401423
0.03625059
0.03974700
0.03921103
0.03983068
0.04070354
0.03967214
0.04254675
0.03854799
0.03887725
0.04510379
0.04732442
0.04609060
0.04329848
0.04277062
0.05048156
0.03361154
0.03300023
0.03529525
0.03685403
0.03707600
0.03453183
0.03395367
0.04146981
0.04886389
0.04455400
0.04515195
0.03381848
0.03460407
0.03319073
0.03459263
0.03481770
0.03990531
0.03384471
0.03541327
0.03444791
0.03314805
0.03954411
0.03798509
0.03710413
0.03807664
0.03659034
0.03446269
0.03587794
0.03394365
0.03300333
0.03205109
0.03418708
0.04486704
0.05987334
0.04931927
0.04580021
0.04636073
0.03727293
0.03378630
0.03239727
0.03320384
0.03394699
0.03341055
0.03186560
0.03860617
0.03668690
0.03484297
0.03317928
0.03410959
0.03625417
0.04127026
0.03819585
0.03931713
0.03661394
0.03411531
0.03341198
0.03458071
0.04873800
0.03469610
0.03320885
0.03395748
0.03328109
0.03837132
0.03645587
0.03675556
0.03833055
0.03784537
0.04243994
0.03813577
0.03473115
0.03309941
0.03235388
0.03545547
0.03432631
0.03366613
0.03323674
0.04441857
0.04284334
0.03714633
0.03353477
0.03464603
0.04228425
0.03716207
0.03736472
0.04571366
0.04073405
0.04437947
0.04924107
0.05056930
0.03347516
0.03176188
0.03488064
0.03450131
0.03284264
0.05364394
0.04545259
0.05360126
0.05056238
0.04786110
0.04995251
0.04806161
0.05361152
0.04480076
0.04719901
0.04325247
0.04150653
0.03656840
0.04452991
0.04784584
0.04386067
0.04274011
0.04490399
0.04506135
0.04351735
0.05156088
0.04874134
0.04551029
0.04732251
0.04036903
0.04695702
0.06310487
0.04861021
0.04694033
0.04697275
0.05005169
0.04653883
0.04760551
0.03679752
0.03629208
0.03581882
0.03772426
0.04255676
0.04409766
0.04123092
0.04238009
0.03647065
0.04192519
0.03752136
0.03738117
0.03611660
0.03821397
0.04058623
0.04011917
0.03335071
0.04354882
0.04071331
0.05191207
0.04870844
0.03699350
0.03640842
0.03781247
0.03951526
0.03535724
0.03713298
0.04039383
0.03689885
0.03989553
0.03944802
0.04228330
0.04595256
0.04261208
0.04592538
0.04192328
0.04329395
0.04263520
0.04202580
0.04870224
0.04241109
0.04028177
0.03201818
0.03431487
0.03700638
0.04543233
0.03646708
0.03597307
0.03403759
0.03499746
0.04808998
0.04575896
0.04562068
0.03928137
0.04768538
0.03799510
0.03525281
0.03571296
0.04386139
0.04163742
0.03832078
0.03737187
0.03821349
0.03738928
0.03583574
0.04127121
0.04574919
0.03750920
0.03589416
0.03310966
0.03456116
0.03422618
0.03397560
0.03373122
0.03731346
0.03836250
0.03642535
0.04050040
0.03715110
0.03928566
0.03489208
0.03357649
0.03915119
0.03368115
0.03296423
0.03705406
0.03233576
0.03311300
0.03337312
0.03770614
0.04162860
0.03827953
0.03855371
0.03705311
0.03431416
0.03388166
0.03971219
0.03418279
0.03647518
0.03411150
0.03325891
0.03340983
0.03330112
0.03316998
0.03954339
0.03888512
0.03795052
0.03817773
0.03737354
0.03887701
0.03487444
0.03372431
0.03383899
0.03439641
0.03414178
0.03428960
0.03326869
0.03422213
0.03413391
0.03365302
0.04256678
0.03446722
0.03797555
0.03832150
0.03817391
0.04426146
0.03805566
0.03449249
0.03689885
0.03343725
0.03452015
0.04582477
0.04399180
0.03932214
0.03421783
0.03520250
0.03581429
0.03955793
0.04374051
0.03890061
0.03778505
0.03729868
0.03409815
0.03814387
0.03553247
0.03473425
0.03818822
0.03518534
0.03358150
0.03495216
0.03452086
0.03445983
0.04238677
0.03880143
0.04105401
0.03914809
0.03953528
0.03864717
0.03536487
0.03486323
0.03628421
0.03453422
0.03415871
0.03459120
0.03316808
0.03211665
0.03203487
0.03378654
0.03279805
0.03379369
0.03406501
0.03692341
0.03572083
0.03774548
0.03780746
0.03802299
0.03934836
0.04758739
0.04804015
0.04908752
0.05539131
0.04865122
0.04043007
0.03569484
0.03499937
0.03743219
0.04564428
0.05145645
0.04591322
0.04615045
0.04694867
0.04991126
0.03198504
0.03144050
0.03211093
0.03567863
0.03181052
0.03564405
0.03158450
0.03246379
0.03160429
0.03644967
0.04131055
0.03538847
0.03639007
0.03619218
0.03934431
0.04066777
0.03872061
0.03926134
0.03173018
0.03550458
0.03170633
0.03215909
0.03210068
0.03182912
0.03226423
0.03341770
0.03322959
0.03246403
0.03178906
