0.05811882
0.05975699
0.05468845
0.06115770
0.06392741
0.04981446
0.05503130
0.05218911
0.04965281
0.04971623
0.06295228
0.05919480
0.05137610
0.05569911
0.05059075
0.05689383
0.06355071
0.06331277
0.06030226
0.05261374
0.05206561
0.05469131
0.05405045
0.06042624
0.06212711
0.06060219
0.06802893
0.05912542
0.05669141
0.05399847
0.05394006
0.08152032
0.07376266
0.05494714
0.05492330
0.05410480
0.06453729
0.07489204
0.06799984
0.06170130
0.05439401
0.06358504
0.07135081
0.07165384
0.06038404
0.06844068
0.06356525
0.05613399
0.04940987
0.05068660
0.06270385
0.06935382
0.05719423
0.05029774
0.05078626
0.05041432
0.05016065
0.05215216
0.07307196
0.06901264
0.05144739
0.05199695
0.05251336
0.05169439
0.05343556
0.05353570
0.05790091
0.06365418
0.05760026
0.05354762
0.06428099
0.05832362
0.05569911
0.05394220
0.05947542
0.06447530
0.06209064
0.05625129
0.05333972
0.05284858
0.06380153
0.06861782
0.06769800
0.06218219
0.07843184
0.07114744
0.06851864
0.05860376
0.05672121
0.05961967
0.05840921
0.07260633
0.06722856
0.05918837
0.05517125
0.05956197
0.05824614
0.05574393
0.06563711
0.07406831
0.09081316
0.06336474
0.05501270
0.05326891
0.05243206
0.05490375
0.05197763
0.05510211
0.07086658
0.06380892
0.05862713
0.05728722
0.05371594
0.05663753
0.05265546
0.05127573
0.07590795
0.06237817
0.08210588
0.06567454
0.05461383
0.05480456
0.05566263
0.05344772
0.05527353
0.08970833
0.07276297
0.05711317
0.05935574
0.05851460
0.05243611
0.05446935
0.05158591
0.05992842
0.08001852
0.08585119
0.07794571
0.06923985
0.05683613
0.05540252
0.05750442
0.07998276
0.08165002
0.05882525
0.05644155
0.06041121
0.05665779
0.05673432
0.06682444
0.06818151
0.07933593
0.07032824
0.05392623
0.05287623
0.05259657
0.05423903
0.05210662
0.05746388
0.06677580
0.05826759
0.06193852
0.06038833
0.05235648
0.06336355
0.07111764
0.06651020
0.06578469
0.06028414
0.04923153
0.05144143
0.05146432
0.05342031
0.05149412
0.05074739
0.05316567
0.06035519
0.06316948
0.06126332
0.05205798
0.05489063
0.05684042
0.05315995
0.05294728
0.06200218
0.07263875
0.06379533
0.05282068
0.05218029
0.05430269
0.05477166
0.05903459
0.05717182
0.05244851
0.06079626
0.06144094
0.05654502
0.05004573
0.05220795
0.04867649
0.04969907
0.05040050
0.04993582
0.05404043
0.06527376
0.05991316
0.04955530
0.06697941
0.05310321
0.05532360
0.06955624
0.05807137
0.06050825
0.06268358
0.06837654
0.05809450
0.05330539
0.05115771
0.05714107
0.06397414
0.06618619
0.05707502
0.06401396
0.06127119
0.05807662
0.06104398
0.06545162
0.08144045
0.08219361
0.10490131
0.06314969
0.06673551
0.06718349
0.06353831
0.10476899
0.09500027
0.08224702
0.08316827
0.08275533
0.06482601
0.07015133
0.07890344
0.09724069
0.06615043
0.07788491
0.06623530
0.06555390
0.06464219
0.06618905
0.07841134
0.08359289
0.06526732
0.06748295
0.07495666
0.08977771
0.08374071
0.07856202
0.09702849
0.07940125
0.07563186
0.07422829
0.06247187
0.07704568
0.08104253
0.08939695
0.09634733
0.07187200
0.07119012
0.07223439
0.08152175
0.08434701
0.07592487
0.06702542
0.07360864
0.06862521
0.08317304
0.07140899
0.08572078
0.08496523
0.08607960
0.08446670
0.07099771
0.07029581
0.06875777
0.07275796
0.08387780
0.08052278
0.07320261
0.09020209
0.06998396
0.06715131
0.06763315
0.07887530
0.07590342
0.07494807
0.06334424
0.06502390
0.05888462
0.05708551
0.05668426
0.06312799
0.06383872
0.05596614
0.05242658
0.05394459
0.05080891
0.05067134
0.04923725
0.05222464
0.05803728
0.05871463
0.06795716
0.07390761
0.08286405
0.06038404
0.06076527
0.06415820
0.07302570
0.07465076
0.06677341
0.05796504
0.07629824
0.05988622
0.06003141
0.06149840
0.06995177
0.07703495
0.07276201
0.07453084
0.05769968
0.05186892
0.05502248
0.05343747
0.06154776
0.06640768
0.06192684
0.05409026
0.05611277
0.05708528
0.05894971
0.06419587
0.05064058
0.06094861
0.06334376
0.05605197
0.05522990
0.05943704
0.05955052
0.04793715
0.04637194
0.04698968
0.04510760
0.04528666
0.05892205
0.06105661
0.06141829
0.05892444
0.06441021
0.05777907
0.04161048
0.04006553
0.03923273
0.04213309
0.05343771
0.05771470
0.05336189
0.05885768
0.04273272
0.04039264
0.04011869
0.03908491
0.04055691
0.04449177
0.04533696
0.04623818
0.05066419
0.04645705
0.05368185
0.04148817
0.04116106
0.03920674
0.05238271
0.05214596
0.05919671
0.05152416
0.04096079
0.04237247
0.04246545
0.04189110
0.04675388
0.05026889
0.05403471
0.05503488
0.06110382
0.05232191
0.05360103
0.05534244
0.05292249
0.05298591
0.05409026
0.05840158
0.06460834
0.07588935
0.07138348
0.06865430
0.05847859
0.05371737
0.06167054
0.07473874
0.06704140
0.05535650
0.05646896
0.05680561
0.05613804
0.05704832
0.05604506
0.05651712
0.06617546
0.06965494
0.05699062
0.05392385
0.05817175
0.07662463
0.05621624
0.05881405
0.06181931
0.07332587
0.07421780
0.05524516
0.05389524
0.05111885
0.04824162
0.05094910
0.04593611
0.04338098
0.04470873
0.04676533
0.05226970
0.05181813
0.05668211
0.04675913
0.04646873
0.04884291
0.04866481
0.05402851
0.05214548
0.05740833
0.07841158
0.07212210
0.06629848
0.07046986
0.06383324
0.05218792
0.06035161
0.05106449
0.05874825
0.06066418
0.05569363
0.04936647
0.04936099
0.04775333
0.04918623
0.04931450
0.04707265
0.05033231
0.05317950
0.05452800
0.05473161
0.05491018
0.06706667
0.04744363
0.04285479
0.04161572
0.04427934
0.04085875
0.04625273
0.04602575
0.04274297
0.03973079
0.04434848
0.04015732
0.04404354
0.04050756
0.04360127
0.03990293
0.04235387
0.04528546
0.05064631
0.04530764
0.04062867
0.03968525
0.04489493
0.04714680
0.04273558
0.03836846
0.04159570
0.03865027
0.04257202
0.04498672
0.05637383
0.05125809
0.04117346
0.04082704
0.04093385
0.04006052
0.04073763
0.04053330
0.04052043
0.04107308
0.04252672
0.04915977
0.04806376
0.04992867
0.04448891
0.04383230
0.04893303
0.04427361
0.04453349
0.04588747
0.04499412
0.04582524
0.05634689
0.09154415
0.08199191
0.05432415
0.05446291
