0.06588316
0.04093361
0.03882194
0.05504346
0.04854250
0.04958129
0.04115963
0.04166389
0.04293251
0.04718089
0.05371356
0.03209233
0.03479266
0.03532481
0.05019903
0.06664801
0.04774570
0.04169226
0.04349446
0.03623819
0.03605318
0.03504395
0.03224516
0.03278518
0.03257203
0.03299332
0.03203917
0.03243494
0.03403926
0.03281474
0.03203797
0.03355026
0.03144503
0.03052950
0.03352499
0.03764677
0.04211688
0.03459382
0.03547907
0.03242493
0.03161240
0.03206921
0.04098868
0.03557658
0.03224254
0.03099942
0.03136683
0.03160763
0.03620100
0.03298426
0.03653479
0.03586459
0.03756666
0.05103278
0.04575419
0.04541659
0.05087781
0.04537344
0.03900361
0.03368831
0.03806472
0.03544164
0.03669119
0.03592849
0.04503083
0.03251505
0.03213000
0.03162837
0.03186798
0.03792620
0.03531814
0.03364325
0.03616786
0.03190637
0.03205490
0.03684759
0.03653049
0.04724050
0.03747058
0.03314328
0.03364754
0.03505468
0.03202772
0.03531504
0.03214788
0.03250098
0.03239036
0.03332186
0.03843379
0.04513717
0.03921008
0.04505491
0.04593039
0.04940939
0.05444503
0.03440261
0.03505230
0.03339672
0.03332305
0.03785563
0.03389478
0.03478789
0.04943323
0.05324721
0.04908371
0.04871082
0.04720831
0.04745317
0.03361011
0.03651071
0.03156924
0.03212595
0.03158545
0.03318381
0.03204060
0.03330207
0.03480434
0.04599762
0.03908038
0.03986168
0.04060888
0.04892969
0.04562354
0.03097868
0.03170633
0.03241372
0.03216338
0.03177619
0.03384233
0.04126620
0.03741002
0.04556036
0.04287434
0.04923439
0.04000354
0.04732013
0.04718375
0.03277016
0.03560066
0.03255534
0.03923225
0.03310156
0.04074574
0.03815293
0.03968310
0.04027867
0.03671002
0.03499818
0.05112123
0.05719686
0.04522204
0.04978919
0.04785824
0.04106975
0.04105282
0.03823280
0.04244423
0.04222560
0.04040670
0.04944754
0.04131651
0.03651047
0.03704405
0.03689694
0.03756356
0.03709292
0.03607774
0.03614950
0.03618360
0.03553295
0.04736733
0.04101181
0.04128909
0.04244089
0.03703570
0.03937793
0.03868628
0.03703165
0.03638124
0.03556848
0.03659964
0.03678155
0.03668404
0.03579545
