0.04005647
0.06911349
0.05229092
0.05380535
0.04931211
0.04910851
0.05021501
0.04731798
0.05388379
0.04462910
0.05441022
0.05006886
0.05257010
0.05952048
0.06139064
0.06433678
0.05207372
0.04473543
0.04521418
0.06108022
0.04342365
0.05310702
0.06470966
0.05842829
0.06153250
0.04417968
0.05338979
0.04872203
0.05582833
0.04882956
0.05182433
0.05889630
0.06870723
0.06337881
0.05052257
0.05002213
0.04434013
0.05319142
0.05089879
0.06763053
0.05886865
0.05941582
0.05190468
0.05479503
0.04425573
0.04130316
0.04170704
0.04942298
0.04835749
0.05421495
0.04794335
0.04601216
0.04206967
0.04795074
0.04339266
0.04555464
0.04681230
0.04275131
0.04111910
0.04627347
0.05217147
0.04873133
0.05565238
0.04109502
0.04348588
0.04473281
0.04069710
0.04654551
0.04300714
0.04725575
0.05237293
0.06377292
0.05549502
0.05972266
0.04315090
0.04067779
0.04926014
0.04248142
0.04328203
0.05103827
0.04492664
0.09713817
0.08192658
0.04656863
0.06395268
0.06605172
0.05107856
0.05026841
0.04571342
0.05449677
0.04608679
0.06085253
0.05575061
0.07003880
0.07207823
0.04981613
0.05133963
0.05423594
0.04924393
0.04633617
0.05707812
0.06140041
0.06160069
0.06062961
0.06509471
0.06042767
0.04634595
0.04398966
0.04964113
0.04336166
0.07285666
0.05696034
0.06240201
0.05746603
0.05328846
0.03996134
0.04033494
0.03918481
0.04079676
0.04607892
0.04019284
0.03917241
0.03919148
0.04315400
0.05861163
0.06071401
0.04884720
0.04719090
0.06474781
0.05857372
0.05658698
0.04865837
0.06076789
0.05382252
0.04582834
0.04548717
0.05019164
0.04413605
0.03789973
0.04015088
0.04375553
0.04893398
0.04360795
0.04422188
0.03906369
0.04720879
0.04960632
0.04946303
0.04891086
0.04575300
0.04900360
0.04210019
0.05550146
0.04212332
0.04239202
0.05025601
0.04737997
0.05570436
0.04499507
0.05175924
0.05197620
0.06152582
0.05968976
0.04337120
0.04167295
0.04221010
0.07216358
0.05764604
0.04866743
0.04352427
0.04950595
0.04428005
0.05181766
0.05021238
0.04779506
0.04512930
0.04787588
0.04806352
0.04968643
0.05879784
0.04178548
0.05330420
0.04492569
0.04806161
0.04834962
0.04282951
0.04413986
0.04732537
0.04657197
0.04937291
0.04567719
0.04455853
0.04448771
0.04346585
0.05012107
0.04247856
0.04388094
0.04269552
0.04199123
0.04229617
0.06770921
0.06227040
0.06970024
0.05807638
0.05757117
0.05655503
0.04743648
0.04427838
0.03998804
0.05072522
0.04894400
0.06023455
0.05616474
0.04158616
0.04247475
0.04011059
0.03910279
0.03928924
0.04097605
0.04290724
0.04151535
0.04356170
0.04640770
0.04557037
0.05077195
0.04360318
0.03991199
0.03969574
0.04589367
0.03931308
0.03961849
0.04273319
0.03964972
0.03974771
0.04057384
0.04651880
0.05151701
0.04836321
0.04255247
0.03984141
0.03819942
0.04173493
0.04907489
0.04280066
0.03898978
0.03965592
0.03852344
0.04128623
0.05682659
0.04857826
0.04385662
0.03912139
0.04015422
0.03862953
0.03838301
0.04237199
0.04181767
0.03852415
0.04111743
0.04028082
0.04506612
0.04404879
0.05223227
0.05366611
0.03907847
0.03846741
0.03931212
0.03863311
0.03992677
0.03924918
0.04022241
0.03896260
0.03970385
0.03784680
0.03908634
0.04205871
0.04586649
0.04506326
0.04518056
0.04278660
0.04003501
0.04937029
0.03986335
0.04724264
0.05218625
0.03776288
0.03866076
0.04142857
0.04462838
0.07258987
0.06194544
0.05204535
0.03981900
0.04055953
0.04361248
0.04403853
0.03865576
0.04572463
0.03839016
0.05010986
0.05246043
0.04522347
0.05055928
0.04057002
0.04249668
0.04588866
0.04661036
0.04018259
0.04612660
0.05001283
0.04494858
0.04550982
0.04646993
0.05047011
0.04207277
0.03855848
0.04632735
0.05810142
0.06393194
0.05735135
0.03937459
0.03976202
0.04199505
0.06347513
0.04869652
0.04660177
0.04000783
0.04157996
0.05144286
0.04330850
0.04184198
0.04587173
0.03991604
0.03970957
0.04425883
0.05328202
0.05293632
0.05346107
0.05255461
0.05813050
0.03990126
0.04090214
0.04004526
0.04418802
0.04458141
0.03930736
0.04506016
0.04763103
0.05447769
0.04694057
0.04036498
0.04192829
0.04141235
0.04013228
0.04843950
0.04434657
0.04423451
0.04733419
0.04555559
0.05695915
0.05388761
0.05291486
0.05233622
0.04571080
0.04127955
0.04515791
0.04091120
0.04485297
0.04637218
0.04483986
0.04693079
0.03961539
0.03788948
0.03922415
0.04716277
0.04092193
0.04161572
0.04747534
0.05112362
0.05654740
0.04946160
0.05156040
0.03802133
0.03805661
0.03832316
0.04189515
0.04273939
0.04220462
0.04542279
0.04497552
0.04969549
0.05397034
0.04446602
0.03969121
0.04453397
0.04887843
0.04011631
0.03937578
0.04102111
0.03968501
0.04984808
0.04507089
0.04623652
0.04803419
0.04015660
0.04814887
0.04435515
0.04236436
0.04566598
0.04379129
0.04618096
0.04580021
0.04646134
0.04517722
0.05993652
0.04932213
0.04110217
0.04101229
0.04467344
0.03870678
0.03836751
0.04392791
0.04987049
0.04528666
0.04456425
0.04666042
0.04547644
0.05817580
0.05202079
0.03947783
0.04568553
0.04390693
0.05158281
0.04558325
0.06386375
0.04557753
0.04016495
0.03893113
0.03843284
0.04069686
0.03971386
0.04249096
0.03968906
0.04067349
0.04513502
0.07261610
0.04221249
0.04498363
0.04453754
0.05128884
0.05223131
0.05749464
0.05334139
0.05465221
0.04841161
0.05070806
0.05392814
0.03816915
0.03771591
0.04011583
0.04219151
0.04220223
0.05624104
0.05465651
0.04458475
0.05027795
0.04318070
0.04254746
0.05165648
0.04724574
0.04261565
0.03930640
0.04475212
0.04293823
0.03979611
0.04413486
0.04444575
0.04818988
0.06931067
0.05666399
0.04318094
0.04101634
0.04402518
0.05524755
0.04888749
0.04252195
0.05085421
0.05419731
0.04964161
0.04565525
0.04209089
0.04096055
0.04053044
0.04044294
0.03926730
0.04310727
0.04111147
0.04100275
0.04049039
0.03997016
0.04749823
0.04633284
0.04777431
0.04874229
0.04790187
0.04661226
0.04345369
0.04409838
0.05044532
0.04498959
0.04180598
0.04332685
0.04586411
0.04747200
0.04784346
0.05251360
0.04622293
0.04346967
0.04297256
0.04954243
0.04861689
0.04418945
0.04272866
0.04951477
0.04865766
0.05307078
0.10053253
0.06008148
0.05751324
0.06640530
0.05968881
0.04588223
0.04834294
0.04488730
0.04354978
0.04650068
0.05936766
0.05645251
0.05679607
0.06575012
0.05086565
0.04599714
0.04420853
0.05510306
0.06250143
0.05251694
0.05262971
0.04919457
0.06409621
0.05257154
0.06398535
0.04491425
0.04601622
0.04650497
0.05689096
0.05319643
0.05434418
0.04771829
0.05370235
0.06432462
0.05674458
0.05286932
0.04356432
0.04780078
0.05129385
0.05203128
0.05047894
0.05956793
0.06111383
0.05089450
0.04422474
0.04334998
0.05429411
0.06080818
0.05145288
0.04998541
0.06105065
0.04987526
0.05023336
0.04689169
0.05219340
0.04924321
0.04339361
0.04326200
0.05067229
0.05391860
0.04962659
0.05001998
0.04258418
0.04126859
0.05099010
0.04317522
0.04463315
0.04496431
0.04638553
0.07949138
0.05696630
0.05928779
0.06037593
0.05863190
0.05639768
0.05489707
0.05480027
0.05827379
0.06088018
0.05542874
0.08945394
0.07755947
0.07467127
0.05957055
0.04932213
0.06189179
0.05362844
0.05527306
0.06027126
0.06682658
0.06075168
0.05378437
0.05920005
0.04863334
0.07000470
0.04659057
0.04786634
0.04736304
0.04832435
0.05990720
0.05655003
0.05524111
0.05313230
0.05228496
0.04842329
0.05574870
0.05724955
0.04859900
0.04946375
0.05278993
0.05510473
0.06843472
0.05827069
0.06642056
0.05935359
0.04641628
0.05108070
0.05239916
0.05383325
0.05441999
0.05333114
0.05311298
0.04763246
0.04762030
