0.07557917
0.03376865
0.03838849
0.03924084
0.04143572
0.04082942
0.03347063
0.03075099
0.03428125
0.03543186
0.03162837
0.03489852
0.03688860
0.03923893
0.03653693
0.03527188
0.03393888
0.03428459
0.03591514
0.03186679
0.03123760
0.03194332
0.03312564
0.03857017
0.03577137
0.03342652
0.03299212
0.03595114
0.03291845
0.03638244
0.03506494
0.03506827
0.03320909
0.03183126
0.03119683
0.03239250
0.03214645
0.03193498
0.03171635
0.03079057
0.03130412
0.03126693
0.03606963
0.03180027
0.03261495
0.03506351
0.04357147
0.04034448
0.03504634
0.03237438
0.03278255
0.03222036
0.03132176
0.03301549
0.03328824
0.03103447
0.03194666
0.03356314
0.03233624
0.03209400
0.03461981
0.03578138
0.03485060
0.03495502
0.03465748
0.03287220
0.03121233
0.03224111
0.03254914
0.03169513
0.03122687
0.03250146
0.03167915
0.03123832
0.03144622
0.03316903
0.03590035
0.03521943
0.03488684
0.03405976
0.03139329
0.03583932
0.03156710
0.03193879
0.03097248
0.03579378
0.03544903
0.03482294
0.03159738
0.03344321
0.04438281
0.03993535
0.04054379
0.04146266
0.03541780
0.03606558
0.03589749
0.03441381
0.03545856
0.03508806
0.03676319
0.03520679
0.03474998
0.03556919
0.04006290
0.04062176
0.03507161
0.03400540
0.03268862
0.03112388
0.03232312
0.03339314
0.03189039
0.03240132
0.03387618
0.03127933
0.03197765
0.03422737
0.03543687
0.06769323
0.03580594
0.03160787
0.03930235
0.04717565
0.03921819
0.04224563
0.03184986
0.03398275
0.03127623
0.03193569
0.03207970
0.03529310
0.03909349
0.03505826
0.03951454
0.03689718
0.03366709
0.03875756
0.03171086
0.03111863
0.03211975
0.03204393
0.03550839
0.03155923
0.03580976
0.04686713
0.04009676
0.03498936
0.03164816
0.03245091
0.03331447
0.03287315
0.03245974
0.03834891
0.03516865
0.03407121
0.03462720
0.03561139
0.03603840
0.03597975
0.03613257
0.03222132
0.03248978
0.03266311
0.03209734
0.03378320
0.03062129
0.03094554
0.03235555
0.03861952
0.03436518
0.03518248
0.03577852
0.03392673
0.04052639
0.04350328
0.04237843
0.03966522
0.04422045
0.03789592
0.04353333
0.03239894
0.03230214
0.03398275
0.03182793
0.04768968
0.04779387
0.05632544
0.04496765
0.03230810
0.03200769
0.03246856
0.04644728
0.05222821
0.04457831
0.03445625
0.03106952
0.03462243
0.03601098
0.03586793
0.03796339
0.03404403
0.03281879
0.03112984
0.03283834
0.03670406
0.03199029
0.03226972
0.03209758
0.03243613
0.03197193
0.03197956
0.03444767
0.03951573
0.03548193
0.03575301
0.03233600
0.03203511
0.03328204
0.03227162
0.03239632
0.03431296
0.03370690
0.03554797
0.03406763
0.03452492
0.03783107
0.04826593
0.04753613
0.04836726
0.04192781
0.03297639
0.03113937
0.03221464
0.03069687
0.03061175
0.03133273
0.03548861
0.03568816
0.03651023
0.03491998
0.03456545
0.03425097
0.03194404
0.03245521
0.03209066
0.03185415
0.03228188
0.03342748
0.03158426
0.04886436
0.03437853
0.03438497
0.03603792
0.03543949
0.03670454
0.03166008
0.03175449
0.03362012
0.03328776
0.03233218
0.04171872
0.03252983
0.03272581
0.03217840
0.03644347
0.03675556
0.04269743
0.03740311
0.03361440
