0.06061029
0.08590984
0.08175349
0.05504489
0.07551265
0.06604838
0.05316234
0.05820251
0.06603742
0.06590343
0.05393267
0.07566738
0.07075238
0.06990337
0.07001495
0.05010128
0.04793739
0.04855847
0.05076718
0.06775999
0.06935525
0.05539298
0.06078792
0.06020236
0.07597470
0.06922269
0.07788634
0.07264209
0.07737994
0.06113815
0.05569839
0.05312896
0.06140065
0.06115270
0.05957270
0.05035758
0.05046940
0.05394554
0.05025077
0.05754876
0.06837535
0.05871272
0.07772470
0.07713580
0.05361462
0.05538869
0.06520724
0.08509421
0.06474257
0.05926967
0.05537653
0.05660081
0.05658579
0.07578111
0.06216383
0.05827594
0.07285261
0.07394385
0.05902910
0.05218673
0.05629706
0.08460331
0.07168531
0.05670595
0.05536747
0.05530095
0.05384493
0.05975580
0.06016111
0.06683993
0.06944513
0.05738282
0.06440425
0.05431724
0.04833317
0.04674578
0.05340624
0.05435395
0.07086635
0.06696320
0.05226398
0.06202984
0.06399488
0.07633495
0.06692839
0.06623125
0.06593895
0.05939102
0.06328154
0.05647302
0.06164289
0.06750512
0.06968498
0.07028556
0.07283568
0.05407047
0.05220079
0.05486274
0.06165361
0.06545424
0.06919837
0.05740643
0.05365658
0.05327487
0.05841184
0.05323505
0.05257440
0.06480980
0.06532669
0.06404185
0.05883980
0.05128932
0.05185223
0.05245972
0.05382442
0.05083799
0.05301905
0.04900503
0.05553341
0.06081390
0.04933262
0.05073285
0.05452251
0.04948568
0.05344629
0.05182743
0.11918712
0.06152415
0.05927467
0.06773591
0.05402160
0.05829191
0.06390786
0.08534741
0.07407737
0.07185674
0.07548213
0.05380607
0.05449581
0.05485082
0.07034302
0.06636238
0.08739948
0.08325720
0.05684423
0.05724239
0.05684876
0.05537701
0.05492711
0.05677605
0.07334185
0.09139681
0.07504725
0.07472944
0.06095839
0.05134082
0.04862189
0.04732275
0.05579972
0.05997205
0.06445980
0.05360579
0.05288625
0.06057525
0.05622053
0.05691957
0.08976650
0.06555772
0.09510779
0.09124637
0.06136632
0.05869293
0.06062508
0.05836535
0.05293465
0.05804229
0.05986047
0.06267595
0.08136082
0.06899619
0.06259465
0.05726933
0.05947661
0.05988264
0.07849193
0.09450197
0.08573699
0.08590555
0.05848956
0.06280041
0.05995965
0.08189702
0.08044147
0.06454873
0.05688882
0.05563259
0.06606460
0.05875540
0.05777550
0.06449795
0.07217216
0.06350136
0.06788063
0.06158614
0.06112647
0.09485459
0.08544183
0.07360649
0.06386185
0.06077433
0.06102061
0.06235242
0.06036639
0.05746150
0.07260990
0.06718898
0.07536793
0.07289147
0.05645800
0.05297899
0.05199075
0.07017112
0.08371043
0.09311485
0.08611822
0.05930352
0.06137967
0.05779052
0.08821630
0.08261895
0.05704975
0.06986070
0.08674073
0.05299091
0.05139780
0.05077004
0.06558657
0.06573486
0.06589341
0.06995535
0.04979610
0.04985762
0.05515122
0.05419159
0.05475497
0.07310438
0.06796265
0.05980039
0.05823827
0.05872369
0.05971742
0.05790949
0.05756688
0.06282496
0.07074738
0.06843257
0.05929589
0.05453014
0.05431938
0.05493498
0.05297685
0.05432224
0.05923700
0.06482720
0.06616735
0.06226540
0.05738258
0.05674601
0.08101416
0.06053615
0.05717158
0.07323027
0.08559895
0.07790422
0.07675266
0.07729530
0.06488180
0.05760121
0.05893278
0.05276155
0.05829668
0.06153250
0.05264258
0.04977894
0.05456424
0.05385590
0.05708170
0.05809450
0.05699706
0.07699513
0.07345819
0.05781341
0.05931091
0.06263137
0.05976057
0.06119442
0.06862807
0.07324576
0.05855441
0.05094481
0.05390978
0.05244255
0.05837750
0.06715894
0.07148027
0.06922507
0.05731463
0.08289742
0.07204437
0.05909348
0.05841470
0.05836749
0.06692481
0.07609582
0.06423879
0.07121301
0.08071256
0.05213237
0.05141163
0.05001903
0.06874108
0.06978202
0.05776787
0.05530548
0.06005955
0.05619597
0.05630255
0.06693268
0.07521772
0.07586622
0.06250715
0.06038857
0.05879855
0.05484295
0.05634761
0.05328202
0.05627513
0.06333113
0.06364942
0.05619216
0.05606508
0.05599213
0.05661654
0.05958915
0.06526566
0.05502343
0.05897570
0.05768490
0.06627440
0.06248999
0.06016707
0.06442356
0.06621170
0.06500483
0.05483675
0.05532670
0.05450630
0.05176520
0.05163288
0.05537415
0.07094884
0.09310913
0.07795191
0.07724571
0.05962753
0.05214810
0.05659795
0.05824828
0.06482816
0.07711220
0.07791758
0.07639050
0.05735469
0.07419300
0.05852365
0.06430721
0.06821823
0.05155826
0.05002093
0.05457187
0.05176115
0.05498338
0.05468678
0.09069061
0.09515190
0.05487943
0.07123303
0.05660653
0.05635071
0.06637788
0.05793071
0.06954217
0.06997085
0.06634951
0.06175613
0.05660582
0.05485535
0.05696964
0.05456758
0.05298519
0.07325578
0.07343745
0.05688930
0.08316779
0.06744099
0.05509400
0.05771637
0.07329130
0.06687570
0.05615902
0.05976748
0.05631089
0.05604935
0.05987549
0.05809498
0.08642793
0.07058740
0.06394076
0.05515242
0.05273223
0.06822085
0.05330873
0.05317998
0.05380774
0.05490541
0.05904698
0.06013870
0.08055544
0.07339215
0.05679131
0.05718637
0.05985618
0.05695081
0.05860186
0.05544209
0.05409241
0.07559299
0.09810042
0.05406117
0.05102682
0.05049801
0.05144143
0.04788947
0.05051231
0.04908228
0.04876614
0.05993223
0.06039691
0.06190300
0.05421853
0.05336308
0.05309677
0.05438638
0.05335665
0.05175114
0.05110621
0.05144191
0.05468178
0.05923462
0.06422544
0.04790878
0.04780817
0.04867148
0.04705048
0.04782271
0.04752231
0.04795003
0.05065536
0.06225657
0.05751419
0.05242825
0.05602431
0.04963446
0.04905581
0.05051517
0.05176258
0.05415177
0.05654049
0.06075811
0.06140566
0.05705953
0.04882812
0.05576110
0.05184603
0.05215168
0.05251765
0.06229138
0.06544733
0.06258965
0.05611396
0.06018209
0.05952382
0.05787587
0.06789470
0.06192660
0.06409240
0.07509756
0.07297707
0.05428290
0.05673003
0.05310845
0.05269170
0.05198026
0.05236435
0.05590630
0.08497596
0.06502604
0.05656838
0.06048775
0.06068683
0.06024885
0.06021786
0.07707286
0.08758664
0.08242011
0.06443858
0.06384587
0.06215477
0.05949616
0.06488228
0.06956935
0.06503916
0.05333114
0.05192089
0.05422592
0.05871177
0.05749106
0.06929350
0.07552457
0.09011936
0.08211422
0.07891059
0.08410907
0.07683516
0.05740333
0.05867767
0.06169271
0.08474398
0.09861636
0.05359960
0.05249596
0.05070686
0.05255938
0.05564046
0.06073141
0.06699061
0.07095313
0.05628943
0.05746603
0.05635381
0.05565333
0.06845260
0.05625725
0.06422806
0.06985116
0.06836629
0.05938745
0.06672907
0.08616209
0.06105280
0.05594087
0.05833006
0.05519199
0.06631327
0.07874465
0.05884767
0.05966854
0.06171060
0.05891776
0.07055473
0.06381321
0.08553457
0.10861397
0.08410978
0.06032014
0.06332135
0.06127405
0.06036639
0.06193185
0.06061530
0.08321238
0.08466601
0.08776951
0.06274056
0.06479573
0.06292748
0.06841660
0.06763411
0.08498836
0.07996774
0.09590316
0.06891036
0.07189107
0.06593800
0.06355381
0.06652904
0.07437992
0.07748508
0.06665325
0.06038427
0.06375623
0.05896235
0.06497812
0.08203912
0.08710957
0.09709811
0.08348036
0.06767344
0.07064486
0.06955242
0.09122133
0.07183552
0.09011745
0.08028746
0.06000304
0.05794191
0.05802822
0.06973505
0.06570601
0.05672574
0.06130147
0.06783509
0.07401156
0.08921218
0.08521318
0.08858299
0.09391952
0.06746006
0.07793903
0.07596850
0.06900167
0.08014894
0.09421587
0.07943487
0.05919909
0.06224704
0.09390974
0.07058501
0.05666852
0.05907893
0.06240320
0.05918026
0.06020427
0.07059383
0.07346892
0.06776929
0.06473923
0.06192780
0.06130648
0.06691146
0.07485509
0.06322789
0.07406354
0.07368922
0.06468844
0.05785060
0.05664110
0.05795455
0.05406666
0.06929350
0.09762883
0.07616210
0.07010365
0.09785223
0.09800673
0.07173896
0.06334162
0.08729649
0.09468937
0.07044196
0.09360766
0.09358621
0.06423450
0.05935884
0.08425975
0.07901168
0.07589388
0.07636166
0.07760668
0.07654357
0.06042910
0.06306028
0.07530212
0.07655740
0.07141733
0.06346464
0.06137657
0.06058383
0.06066799
0.06106758
0.06817055
0.07613134
0.06710148
0.05375481
0.05402660
0.06068540
0.06026912
0.05758524
0.06394029
0.07429075
0.08569360
0.08752179
0.06037498
0.07866001
0.06881952
0.06350183
0.07354474
0.08209229
0.10603356
0.06894422
0.05949783
0.06114721
0.06061912
0.05718803
0.06063509
0.06900930
0.06228733
0.05603480
0.05176878
0.05514908
0.06023264
0.05770922
0.07218742
0.08339810
0.08524323
0.06955051
0.05739546
0.05939722
0.06021428
0.05965924
0.06085753
0.05974317
0.06434774
0.06952214
0.06949615
0.07324862
0.05728292
0.05403948
0.07372427
0.06068778
0.07446098
0.07143307
0.07697368
0.06077170
0.06288767
0.06206059
0.06839395
0.08317423
0.07608294
0.05602288
0.05699944
