0.03182983
0.03136754
0.03153801
0.04199672
0.03517461
0.03587556
0.03418207
0.04599571
0.04876757
0.04719639
0.04482412
0.03808498
0.04464316
0.03953671
0.03789806
0.04109430
0.04113626
0.03618073
0.03544545
0.03523922
0.03706622
0.03728747
0.03763747
0.03540635
0.03493404
0.04008651
0.04475451
0.04598165
0.03899670
0.04493117
0.04777718
0.04340243
0.04907012
0.04360962
0.03917241
0.03165054
0.05435157
0.05136585
0.03761196
0.03882861
0.03188252
0.03184962
0.03201342
0.03217316
0.03118300
0.03201485
0.03336883
0.03180814
0.03148007
0.03563929
0.03053832
0.03127074
0.03715396
0.03581142
0.03645039
0.03511810
0.03436923
0.03515959
0.04715300
0.03586864
0.03356314
0.03169465
0.03421807
0.03442430
0.03129864
0.03258324
0.03209472
0.03329325
0.03667021
0.03421426
0.03459144
0.03341341
0.03826761
0.04515147
0.04184151
0.03562403
0.03340054
0.03044033
0.03285432
0.03109169
0.03529835
0.03375959
0.04179478
0.04410625
0.04041839
0.04102659
0.03326893
0.03152108
0.03142190
0.03160119
0.03659034
0.03145123
0.03319883
0.03194714
0.03229213
0.03245640
0.03518510
0.03451586
0.03466082
0.04005194
0.04364467
0.04536510
0.04368806
0.04363871
0.03322744
0.03243661
0.03215384
0.03572035
0.03090596
0.03595257
0.03891540
0.03570986
0.04136038
0.03572965
0.03145790
0.03085709
0.03275061
0.03342867
0.03516841
0.03128219
0.03103900
0.03085303
0.03076959
0.03108597
0.03007388
0.03061318
0.03294134
0.03327966
0.04102898
0.04587793
0.04556751
0.05479574
0.03538418
0.03791809
0.03436852
0.03587723
0.03508258
0.04388952
0.03510451
0.04523349
0.04350662
0.03404093
0.03509283
0.04151773
0.04698992
0.03864145
0.03196430
0.03597689
0.03082609
0.03311872
0.03599906
0.03176904
0.03078723
0.04149961
0.03694320
0.03481007
0.03435397
0.03498483
0.03081703
0.03242040
0.03224063
0.03551579
0.02985191
0.03170323
0.03126168
0.03068233
0.03145814
0.03058767
0.03196764
0.03368115
0.03499842
0.03684855
0.03976226
0.05894685
0.03524947
0.03330469
0.03205180
0.03143764
0.03228283
0.03576326
0.03044939
0.03154159
0.03138375
0.03128099
0.03004575
0.03119230
0.03588772
0.04350281
0.04353023
0.04060411
0.05419827
0.04848981
0.03674912
0.03483462
0.03447318
0.03476763
0.03856778
0.03562808
0.03974438
0.03444314
0.03534794
0.03753662
0.03426909
0.04057550
0.04581213
0.04059625
0.03960061
0.04078984
0.04018474
0.04762912
0.04080081
0.04061031
0.04933333
0.03568721
0.03942752
0.03485060
0.04703689
0.04663539
0.03943825
0.04955935
0.05085874
0.03258395
0.03731537
0.03482223
0.04999113
0.05051613
0.03362489
0.04371858
0.04225183
0.04106283
0.04177737
0.03933239
0.04274321
0.04333234
0.03268743
0.03196359
0.03326249
0.03231335
0.03487539
0.04367781
0.03860688
0.03403258
0.03592229
0.03471994
0.03606868
0.03502393
0.04061770
0.03178048
0.03252554
0.03206205
0.03269649
0.03295231
0.03318858
0.03228760
0.03251672
0.03559637
0.03861618
0.03285289
0.03372717
0.03678536
0.04173660
0.03581810
0.03593135
0.03322434
0.03186488
0.03279328
0.03334188
0.03517509
0.03203082
0.03597522
0.03260088
0.03312945
0.04433012
0.03598809
0.03630090
0.04205632
0.04566789
0.04232335
0.04125810
0.04219127
0.04412460
0.04173779
0.03885484
0.03368402
0.03367305
0.03255558
0.03644109
0.03691173
0.04026246
0.03714705
0.03689265
0.03181863
0.03527403
0.03681350
0.03332734
0.03309679
0.03284192
0.03451228
0.03536892
0.04223776
0.03913999
0.03830218
0.03874946
0.03747511
0.03874254
0.03447795
0.03788662
0.04380178
0.03393745
0.03426981
0.03464890
0.03375530
0.04009271
0.04052877
0.03841519
0.03903031
0.03934693
0.03826070
0.03530931
0.03488398
0.03609776
0.03869891
0.04496741
0.03912115
0.03612208
0.03405905
0.03774667
0.04105854
0.03889489
0.06634665
