0.05566597
0.03326917
0.03456831
0.03256321
0.04062104
0.03242159
0.03581476
0.03653049
0.04256964
0.03365040
0.03523135
0.04068470
0.04081488
0.03206968
0.05236816
0.04126143
0.04215312
0.04989767
0.04070807
0.04687452
0.03298855
0.03308201
0.03330231
0.03292751
0.04413152
0.04865956
0.03605580
0.03839707
0.04936314
0.03538561
0.03189492
0.03274345
0.03481460
0.03310251
0.03784919
0.04008579
0.04316401
0.04112482
0.03676462
0.03697729
0.03862810
0.03657532
0.03932858
0.04441309
0.03727221
0.03843141
0.03911090
0.04104209
0.03645992
0.03415251
0.03265071
0.03448963
0.03865194
0.04379964
0.04409671
0.04706550
0.03615928
0.03508544
0.03917837
0.03505850
0.03865933
0.03442073
0.03281498
0.03208590
0.03442931
0.03194308
0.03187561
0.03226876
0.03704333
0.04321766
0.03673553
0.04184175
0.04734612
0.03294873
0.03247499
0.03461838
0.03251314
0.03348327
0.03907919
0.04689026
0.03969669
0.03333974
0.03306270
0.03212762
0.03726864
0.03223610
0.03294539
0.03248906
0.04533124
0.03690553
0.03444195
0.04211617
0.04758692
0.04099298
0.03498244
0.03691006
0.03530622
0.04022884
0.03542876
0.04029632
0.03690171
0.03756142
0.03674006
0.04335666
0.04368663
0.03557849
0.03486586
0.03441024
0.03868437
0.03331065
0.03424525
0.04769993
0.04128480
0.03835392
0.03631783
0.03491640
0.03799009
0.03713179
0.03783059
0.03695989
0.03763485
0.03977394
0.04347920
0.05151439
0.05308557
0.05304670
0.04964280
0.04840112
0.04065132
0.04239345
0.04641151
0.04594493
0.06734490
0.06321502
0.05184770
0.05015731
0.04925799
0.05157995
0.05519247
0.05025387
0.05640721
0.06420255
0.06248426
0.05782175
0.05409789
0.05591154
0.05845165
0.06096411
0.05687356
0.06325293
0.07558584
0.07113528
0.05824375
0.06022048
0.05929375
0.05868053
0.06159043
0.05576205
0.05755424
0.07169628
0.06527495
0.05319428
0.05373788
0.05213833
0.05225730
0.04991722
0.04989195
0.05306625
0.05618048
0.05245256
0.05518937
0.04281235
0.04170442
0.04039359
0.04050303
0.03840303
0.03710413
0.04319048
0.04065919
0.03928447
0.03853989
0.03760552
0.03543305
0.03747892
0.03294063
0.03224945
0.03323650
0.03320360
0.03379679
0.03119516
0.03581119
0.03611350
0.03616691
0.03538632
0.03346062
0.03218079
0.04476547
0.03305292
0.03176451
0.04526472
0.04126096
0.04054570
0.04281735
0.04377604
0.04240298
0.03661275
0.04508018
0.04650044
0.04903936
0.03637624
0.03617001
0.03554225
0.04140925
0.03710866
0.03733277
0.03909826
0.03743505
0.04213166
0.04576063
0.03733492
0.04252601
0.03702235
0.03690362
0.03596830
0.04244304
0.03170896
0.03201413
0.03354454
0.03151917
0.04695797
0.03737783
0.04020500
0.03641081
0.03909349
0.03560233
0.04018211
0.04067969
0.04532456
0.03669786
0.03471231
0.03476453
0.03472590
0.03674388
0.03541851
0.03991032
0.03973174
0.03507423
0.03222227
0.03195238
0.03211856
0.03089380
0.04252768
0.03152752
0.03357315
0.06415248
0.03972149
0.06117177
0.03691840
0.03303766
0.03245306
0.03185940
0.03033352
0.03501606
0.03539395
0.03512073
0.03714705
0.03616238
0.03459287
0.03433251
0.03624964
