0.08321500
0.11092758
0.10657024
0.11224484
0.13841152
0.10332775
0.10179567
0.09994531
0.11241341
0.12392616
0.09372997
0.09318948
0.09160113
0.12283874
0.10307646
0.09099150
0.09310746
0.08851695
0.10534143
0.11045408
0.08648014
0.09192467
0.09103179
0.09424448
0.11806917
0.11529660
0.08727908
0.11555696
0.11920953
0.11265039
0.08153439
0.08028650
0.08042574
0.11505246
0.10305953
0.08067012
0.12707329
0.07951927
0.08416986
0.10793567
0.07923579
0.08079648
0.08805275
0.07845330
0.08704352
0.10391951
0.08327270
0.09275794
0.08267736
0.08130097
0.09815979
0.11763000
0.09421325
0.08372617
0.09622955
0.08600187
0.11232257
0.08816123
0.08478165
0.08025718
0.08103180
0.08794045
0.10485339
0.10528708
0.10417366
0.10547853
0.11349773
0.10133266
0.10249448
0.07270551
0.07100248
0.07240939
0.07392168
0.08813214
0.09845901
0.07966495
0.07637310
0.07599211
0.07539582
0.09030747
0.10616040
0.08381963
0.06950903
0.07263470
0.07225442
0.06966376
0.07054472
0.08769774
0.09160519
0.09541488
0.06996417
0.07742047
0.07520747
0.09753132
0.08911467
0.06106687
0.05988979
0.08666968
0.07786417
0.08534670
0.06187916
0.07666278
0.08380985
0.07204437
0.07777810
0.08595562
0.07751179
0.05172849
0.05421901
0.05611634
0.08242631
0.07164526
0.05752444
0.05466652
0.06840658
0.06681657
0.06037331
0.07710791
0.05777287
0.05744863
0.05758309
0.05652571
0.05815101
0.06333065
0.06875896
0.05803299
0.05138111
0.05245161
0.05825663
0.05805302
0.05549359
0.06588411
0.06126428
0.05063629
0.04863429
0.04928279
0.05057168
0.04741454
0.04677939
0.05281854
0.05201077
0.05017591
0.06006980
0.05654025
0.04389334
0.04660106
0.04472208
0.04813099
0.06096649
0.06153274
0.05485606
0.05592990
0.05709815
0.04555440
0.06230521
0.04813981
0.05333209
0.05272937
0.06295514
0.05112004
0.04884338
0.04690719
0.05064344
0.05878925
0.08364272
0.06346965
0.05264330
0.04813814
0.05457592
0.04722261
0.04574895
0.06206036
0.04962993
0.05020595
0.04359746
0.04215646
0.04339051
0.04224014
0.04432201
0.04483271
0.05029345
0.04834342
0.04960299
0.04660964
0.04819369
0.04749751
0.04276299
0.04400063
0.04330325
0.04778409
0.05110121
0.05199432
0.05412650
0.04595184
0.04889321
0.04826164
0.06559849
0.05885649
0.05551696
0.04457569
0.05059075
0.04868388
0.04599476
0.06177807
0.05386782
0.04876637
0.05774641
0.06857109
0.04879999
0.06083870
0.05631733
0.04734635
0.04903698
0.05182695
0.08319592
0.06621170
0.05769205
0.04902291
0.05315614
0.05425715
0.05040169
0.05308986
0.05003667
0.04673266
0.05966830
0.07854414
0.06865883
0.06911182
0.07246757
0.06221056
0.05945301
0.07108092
0.05071878
0.05732965
0.05145288
0.05475998
0.05327845
0.06502962
0.05881643
0.05237794
0.05496788
0.05716443
0.05049515
0.05573964
0.06442332
0.06233430
0.05141664
0.05078650
0.05404472
0.04950190
0.05118608
0.06497335
0.07536101
0.06816912
0.08361912
0.05853248
0.05191731
0.05592036
0.05150223
0.06183505
0.06042743
0.05138683
0.05491138
0.05049944
0.06301355
0.06190896
0.09320974
0.06794262
0.04994059
0.05477142
0.06259084
0.07024693
0.05269265
0.04951453
0.05133557
0.06555700
0.05896449
0.05843949
0.04968286
0.06545186
0.08388400
0.06406736
0.06591511
0.06487179
0.05353951
0.04622269
0.04603338
0.07234502
0.04631996
0.07108569
0.07627153
0.06310010
0.06959724
0.07649088
0.05101776
0.05335712
0.05824351
0.05016041
0.04605794
0.07305765
0.06584096
0.05436516
0.05520034
0.06776071
0.05981612
0.05911613
0.05208182
0.04333568
0.05171204
0.05517006
0.04775286
0.04283333
0.04222894
0.04314232
0.04636621
0.04361749
0.04245520
0.04182315
0.05147719
0.04158759
0.04483747
0.04237127
0.05282044
0.06453252
0.04381514
0.04202461
0.04184651
0.04048204
0.04081011
0.03934121
0.04375386
0.04652214
0.06367540
0.05933642
0.05907178
0.04399395
0.04121327
0.03858781
0.04143167
0.04018354
0.04341483
0.04429531
0.04337573
0.04058623
0.03981400
0.04204941
0.05121684
0.08405280
0.05711102
0.04008961
0.04037023
0.04544997
0.04153752
0.06179261
0.04580879
0.06128812
0.04699206
0.04277992
0.10816407
0.06703258
0.03868437
0.03923607
0.03704119
0.03927231
0.03744197
0.03855586
0.04096985
0.04084444
0.04066777
0.03924656
0.03623819
0.03960419
0.03694773
0.03809381
0.03696299
0.03942037
0.05115509
0.03951311
0.03719783
