0.03885102
0.04627323
0.04054213
0.04633260
0.03965235
0.05169702
0.03896713
0.05883598
0.05642033
0.05647206
0.05736780
0.06118822
0.05758905
0.05691528
0.05730081
0.05564094
0.05920577
0.03498125
0.04269075
0.03720593
0.03779364
0.04216409
0.03864837
0.03626680
0.04007363
0.03870201
0.03377533
0.03769946
0.03348064
0.03364396
0.03774810
0.04043102
0.04920912
0.04967451
0.05544138
0.03838944
0.03366184
0.03721333
0.04129314
0.03877211
0.03870344
0.03847957
0.03526759
0.03457594
0.03930473
0.03673816
0.03484845
0.03431749
0.03482699
0.04419541
0.03833437
0.03793621
0.03902793
0.04044628
0.03422737
0.03997660
0.03809381
0.03405356
0.04334760
0.05110908
0.03986573
0.03792429
0.03960490
0.04453588
0.03930211
0.03935862
0.03700018
0.03552246
0.03758812
0.03713059
0.03527808
0.03537488
0.03783584
0.03706288
0.04129148
0.04251838
0.04728079
0.04266906
0.05144906
0.06473255
0.04298472
0.03897429
0.04261923
0.03674316
0.03754044
0.04544330
0.04396653
0.04733014
0.04482603
0.03839493
0.05395246
0.06346321
0.04132009
0.04684520
0.04085827
0.04624128
0.04635096
0.04482627
0.04230595
0.03967428
0.04784322
0.04029012
0.04379511
0.04162502
0.05078220
0.04507995
0.04618764
0.04931760
0.03934073
0.03952193
0.04410291
0.03921056
0.04499698
0.04400349
0.03847980
0.04009366
0.04324460
0.04931569
0.03928256
0.05357909
0.04851127
0.04517436
0.04021645
0.03932142
0.04497409
0.04008198
0.03778577
0.03911710
0.04816556
0.03919959
0.04706788
0.04631352
0.04218554
0.04280210
0.03798580
0.04037285
0.04585648
0.03954387
0.04033732
0.03977776
0.04600978
0.04333901
0.04394650
0.04279709
0.04661632
0.03918958
0.03795815
0.04313040
0.04240537
0.04638553
0.04302025
0.04283547
0.04461288
0.04103541
0.03745890
0.03730845
0.03897214
0.04231715
0.04346108
0.04004335
0.03954673
0.03796959
0.03600192
0.03818226
0.03525662
0.03734875
0.03489137
0.03863597
0.03987122
0.03882122
0.04009891
0.03926849
0.03521585
0.04162002
0.03749967
0.03956866
0.03754568
0.03800941
0.04935598
0.04201937
0.03643537
0.03406167
0.03319097
0.03398442
0.03343487
0.03377748
0.03508949
0.03601384
0.04140997
0.03799343
0.03717279
0.03593731
0.03356266
0.03560591
0.03464603
0.03455949
0.03496432
0.03467512
0.03965592
0.03596401
0.03761005
0.03513312
0.04056168
0.03166294
0.03227186
0.03185940
0.03223348
0.03409982
0.03210640
0.03491926
0.03311706
0.03604674
0.03668261
0.03502798
0.03531528
0.03084707
0.03297901
0.03421211
0.03131056
0.02979994
0.03556585
0.02959085
0.03715086
0.03463936
0.03445411
0.03321338
0.03640151
0.03576159
0.03268623
0.03359270
0.02824187
0.02797079
0.03015232
0.03011441
0.02997208
0.03641891
0.03584647
0.03376579
0.03480673
0.03336835
0.02905250
0.02976251
0.03087711
0.03240967
0.03116727
0.02959991
0.02823257
0.03031182
0.03200698
0.06748819
0.04103255
0.04434037
0.04503536
0.03496003
0.03499436
0.03730297
0.03514361
0.03905487
0.04613996
0.04856229
0.04428792
0.04930305
0.04691887
0.03123951
0.03287983
0.03684402
0.04107809
0.03579235
0.03772020
0.03458762
