0.05033636
0.03955102
0.03703046
0.03538799
0.03690553
0.03631258
0.03641319
0.03699136
0.03704405
0.03751183
0.03733850
0.03762412
0.03686810
0.03603077
0.03593445
0.03599072
0.03532624
0.03548265
0.03448009
0.03545880
0.03905392
0.03660893
0.03615856
0.03556538
0.03537345
0.03473735
0.03651500
0.03474712
0.03416824
0.03840804
0.03487635
0.03813219
0.03754854
0.03595400
0.03518081
0.03612900
0.03552389
0.03661203
0.03817916
0.03618622
0.03560972
0.03807211
0.03647494
0.03449178
0.03575134
0.04003835
0.03390408
0.03554273
0.03561616
0.03665566
0.03722405
0.03641653
0.03583622
0.03674555
0.03658843
0.04460096
0.03788424
0.03810501
0.03754330
0.03864431
0.03885984
0.03863573
0.03819966
0.03880095
0.03815055
0.03846407
0.03890252
0.04005075
0.03767204
0.03960466
0.03920031
0.03774309
0.03784919
0.03820848
0.03897762
0.03867221
0.03960609
0.03733516
0.03849292
0.03752780
0.03833699
0.03686380
0.03640079
0.03663588
0.03701854
0.03606343
0.03706884
0.03504229
0.03459930
0.03830791
0.03506494
0.03475571
0.03412557
0.03528166
0.03453350
0.03471923
0.03411984
0.03572536
0.03596282
0.03504801
0.03969359
0.03667808
0.03575778
0.03499866
0.03564000
0.03510714
0.03537250
0.03544641
0.03660870
0.03552365
0.03544092
0.03460908
0.03478742
0.03525949
0.03435469
0.03504848
0.03541899
0.03549814
0.03511643
0.03519583
0.03616905
0.03559065
0.03460336
0.03682518
0.04022455
0.03560448
0.03634095
0.03565335
0.03492355
0.03538561
0.03534746
0.03599262
0.03553414
0.03783798
0.03628302
0.03496027
0.03749681
0.03707170
0.03597379
0.03540230
0.03853846
0.03659296
0.03695965
0.03470922
0.03531432
0.03515291
0.03531456
0.03509855
0.03523493
0.03439665
0.03688860
0.03634906
0.03570700
0.03530049
0.03552938
0.03515863
0.03618121
0.03597951
0.03664064
0.03927231
0.03579259
0.03650117
0.03720140
0.03589392
0.03593993
0.03528571
0.03556514
0.03517962
0.03654790
0.03817010
0.03702879
0.03653669
0.03548360
0.03656673
0.03456378
0.03575063
0.03572702
0.03564620
0.03667021
0.03504753
0.03851366
0.03522277
0.03676963
0.03665757
0.03544593
0.03578877
0.03502226
0.03470373
0.03520107
0.03515244
0.03468490
0.03486133
0.03593779
0.03550982
0.03524780
0.03443670
0.03799796
0.03494668
0.03436518
0.03439045
0.03520751
0.03557825
0.03396678
0.03505683
0.03364062
0.03499889
0.03456593
0.03749228
0.03865743
0.03826523
0.03724337
0.03798103
0.03787041
0.03531408
0.03744411
0.03759933
0.03943157
0.03680134
0.03856063
0.03844094
0.03758907
0.03610682
0.03742623
0.03782225
0.03704643
0.04001904
0.03818321
0.03766584
0.03581595
0.03819871
0.03765488
0.03947663
0.03887105
0.03784704
0.03613567
0.03630805
0.03901744
0.03787541
0.03904796
0.03958082
0.03736806
0.03568816
0.03949189
0.03839159
0.04062915
0.04010487
0.03868127
0.03650045
0.03859591
0.04056215
0.04252648
0.04060841
0.05576062
0.05490780
0.05726862
0.05664730
0.05326629
0.05320859
0.05438137
0.05519962
0.05437350
0.05393052
0.05363274
0.05123234
0.05296850
0.05211711
0.05241561
0.05171204
0.05321193
0.05204153
0.05320048
0.05385494
0.05272889
0.05331349
0.05454493
0.05380559
0.05473042
0.05282593
0.05592108
0.05718708
0.05661583
0.05700517
0.05551195
0.06153655
0.04652953
0.04265690
0.04398751
0.04142618
0.04223466
0.04298186
0.04203796
0.06520033
0.05576539
0.05312777
0.05792975
0.06701446
0.05831361
0.05802226
0.06500602
0.05724263
0.05911326
0.09662080
0.05576253
0.05787110
0.04187799
0.04072285
0.04063034
0.05337262
0.05328989
0.05382442
0.04170442
0.04692554
0.05529618
0.05505276
0.05948567
0.04993248
0.04407573
0.04380894
0.04132032
0.04192829
0.04298615
0.04156923
0.05521464
0.06060958
0.05553436
0.05707502
0.05366278
0.06148243
0.05503511
0.05542350
0.05501509
0.05473661
0.06133223
0.04609704
0.04812765
0.04712915
0.04640627
0.06196284
0.05027175
0.05253839
0.05293298
0.05235767
0.04063749
0.04363728
0.05961704
0.04738188
0.05174994
0.04813147
0.04390502
0.05009699
0.05357409
0.05553627
0.04792571
0.04051828
0.04019070
0.04655623
0.04914498
0.04860759
0.05416107
0.04204440
0.04797459
0.04544544
0.04231668
0.04220390
0.04085040
0.04183555
0.04465008
0.04984546
0.05452871
0.04796004
0.04164982
0.04087830
0.04088426
0.04031062
0.04391408
0.04046845
0.04641819
0.04914165
0.06690836
0.05561280
0.04484463
0.04410267
0.04370427
0.04495931
0.04416537
0.04614234
0.05332327
0.05343342
0.05222988
0.04680037
0.04601765
0.04769540
0.04974198
0.04718041
0.04712486
0.05544353
0.05850172
0.05692601
0.04993987
0.04971027
0.04928923
0.04819798
0.05259061
0.05048132
0.05599141
0.05534267
0.05246139
0.04847646
0.04799604
0.04797816
0.04955053
0.04843187
0.05333352
0.05693197
0.05808163
0.05039907
0.04685307
0.04598880
0.04722023
0.04494309
0.04745722
0.04657388
0.07057524
0.06608009
0.05152488
0.04539895
0.04683328
0.04494929
0.04205704
0.04422665
0.04363656
0.05789995
0.05868840
0.05523229
0.05038214
0.05071473
0.05120206
0.04913354
0.04877973
0.05089927
0.05139232
0.05209041
0.04699278
0.04403329
0.03904867
0.04078007
0.04019856
0.04060030
0.03972220
0.04188418
0.04853296
0.04899621
0.05045462
0.04861283
0.04058528
0.04129314
0.04087830
0.04101181
0.03845453
0.03921294
0.04405069
0.05320311
0.04693580
0.04533100
0.04134822
0.04023290
0.04141116
0.04085708
0.03951097
0.03998756
0.03789067
0.05069828
0.04682159
0.04549742
0.04307318
0.04053187
0.04041290
0.03940940
0.03977895
0.04052091
0.04191017
0.04837418
0.04756784
0.04720759
0.04483962
0.04243660
0.04198098
0.04239130
0.04551482
0.04128814
0.04021788
0.04468632
0.05203605
0.05286455
0.05148864
0.05267739
0.05426168
0.04470778
