0.05443645
0.03282976
0.03114080
0.03138113
0.03464985
0.03626394
0.03561091
0.03328896
0.03236389
0.03202939
0.03198266
0.03125429
0.03103733
0.03232241
0.03187370
0.03465867
0.03599072
0.03583765
0.03441715
0.03271866
0.03317499
0.03151774
0.03260589
0.04539108
0.03303647
0.03648567
0.03650641
0.04421830
0.03875995
0.03147960
0.03190255
0.03150177
0.03302741
0.03266072
0.03259754
0.03665066
0.03580332
0.03567982
0.03558207
0.03171420
0.03217316
0.03166056
0.03211927
0.03076100
0.03259516
0.03148985
0.03421307
0.04116225
0.03566265
0.03538728
0.03199244
0.03311491
0.03153896
0.03173423
0.03294373
0.03156447
0.03513670
0.03515434
0.03504992
0.03581834
0.03089285
0.03203678
0.03173494
0.03151131
0.03514051
0.03224444
0.03539181
0.03472161
0.03552794
0.03611732
0.03110290
0.03263569
0.03173923
0.03267717
0.03177190
0.03159189
0.03220105
0.03536034
0.03516293
0.03500986
0.03584599
0.03195953
0.03437543
0.03292680
0.03121734
0.03151298
0.03278875
0.03134394
0.03168106
0.03555799
0.03555894
0.03570843
0.03551817
0.03344011
0.03172302
0.03242993
0.03039050
0.03104663
0.03170943
0.03163028
0.03487778
0.03297234
0.03327632
0.03621173
0.03657079
0.03420806
0.03190565
0.03255224
0.03205371
0.03209281
0.03191566
0.03221250
0.03239775
0.03237510
0.03487515
0.03483415
0.03555822
0.03518271
0.03290343
0.03930521
0.03190660
0.03177166
0.03303981
0.03105021
0.03163099
0.03322649
0.03569055
0.03516889
0.03672314
0.03531432
0.03304958
0.03237939
0.03279495
0.03269219
0.03337526
0.03460956
0.03203368
0.03258395
0.03673387
0.03569269
0.03501511
0.03547907
0.03208518
0.03219056
0.03290033
0.03282499
0.03206515
0.03326201
0.03219652
0.03373003
0.03652024
0.03639269
0.04242516
0.03466916
0.03338671
0.03308392
0.03319144
0.03233576
0.03293324
0.03171515
0.03276515
0.03473496
0.03507733
0.03490973
0.03737497
0.03178763
0.03053546
0.03231382
0.03066134
0.03354573
0.03111482
0.03179860
0.03247404
0.04028320
0.03602457
0.03600121
0.03517199
0.03383589
0.03177691
0.03316355
0.03293586
0.03301549
0.03506446
0.03289127
0.03185582
0.03278089
0.03513861
0.03489137
0.03718901
0.03532028
0.03200865
0.03138304
0.03260398
0.04018760
0.03758621
0.03187633
0.03281617
0.03262711
0.03552747
0.03524256
0.03570986
0.03622675
0.03269410
0.03153443
0.03062391
0.03218174
0.03118682
0.03300953
0.03247786
0.03374577
0.03602052
0.03446579
0.03568459
0.03544331
0.03211761
0.03241563
0.03366256
0.03112531
0.03229260
0.03298211
0.03111577
0.03311038
0.03553462
0.03516316
0.03691053
0.03352642
0.03311348
0.03171420
0.03243947
0.03270721
0.03214622
0.03272223
0.03277397
0.03183031
0.03589988
0.03472805
0.03623343
0.03655553
0.03053021
0.03301120
0.03167486
0.03280759
0.03255987
0.03094673
0.03250837
0.03175926
0.03416491
0.03376341
0.03580070
0.03520322
0.03277159
0.03357410
0.03229785
0.03133249
0.03362870
0.03184581
0.03054929
0.03234172
0.03539133
0.03464651
0.03503871
0.03637099
0.03270102
0.03344274
0.03215909
0.03281403
0.03282857
0.03319383
0.03059006
0.03170276
0.03343010
0.03522420
0.03635621
0.03528070
0.03430700
0.03363419
0.03131676
0.03193545
0.03264189
0.03344178
0.03147674
0.03101468
0.03250909
0.03661776
0.03590655
0.03604269
0.03501606
0.03180575
0.03131747
0.03263521
0.03195262
0.03079605
0.03202868
0.03120160
0.03179240
0.03267002
0.03635859
0.03612328
0.03651381
0.03461838
0.03244972
0.03339577
0.03195238
0.03327346
0.03191543
0.03311086
0.03085470
0.03196573
0.03747201
0.03595042
0.03560686
0.03499222
0.03274131
0.03231478
0.03331828
0.03372335
0.03197622
0.03190660
0.03167081
0.03162932
0.03198195
0.03432798
0.03629446
0.03609204
0.03391743
0.03156137
0.03289461
0.03282881
0.03207517
0.03289294
0.03090310
0.03199220
0.03314614
0.03413892
0.03561234
0.03598380
0.03621674
0.03364444
0.03243351
0.03178549
0.03117466
0.03236151
0.03335166
0.03305149
0.03329062
0.03335905
0.03576112
0.03549099
0.03577614
0.03576064
0.03325295
0.03142858
0.03168893
0.03208470
0.03092647
0.03204298
0.03298426
0.03213263
0.03080559
0.03387499
0.03558159
0.03577471
0.03542852
0.03418732
0.03133154
0.03336501
0.03248549
0.03109479
0.03073859
0.03303337
0.03195357
0.03250003
0.03391862
0.03613448
0.04178476
0.03570414
0.03311849
0.03226972
0.03322816
0.03227878
0.03182101
0.03154826
0.03168583
0.03163958
0.03388906
0.03437209
0.03542018
0.03366923
0.03480816
0.03224874
0.03217459
0.03065038
0.03241897
0.03198552
0.03102064
0.03210473
0.03293371
0.03314328
0.03538322
0.03486896
0.03429770
0.03630209
0.03168106
0.03209996
0.03300095
0.03112531
0.03108716
0.03154302
0.03220868
0.03213930
0.03668261
0.03731275
0.03902745
0.03704286
0.03185558
0.03156424
0.03232002
0.03254080
0.03243208
0.03234196
0.03185773
0.03168917
0.03208280
0.03514433
0.03567982
0.03663182
0.03611445
0.03230143
0.03205299
0.03184676
0.03360748
0.03220987
0.03097272
0.03164291
0.03082585
0.03105116
0.03533936
0.03549886
0.03401780
0.03488636
0.03175449
0.03150249
0.03289270
0.03202438
0.03275847
0.03174067
0.03158665
0.03205204
0.03243160
0.03329706
0.03242850
0.04031754
0.04559255
0.04176593
0.03762436
0.03136778
0.03177023
0.03131175
0.03325486
0.03169560
0.03216362
0.03325701
0.03200722
0.03508806
0.03558373
0.03419209
0.03495502
0.03512549
0.03180814
0.03185153
0.03163099
0.03231454
0.03208447
0.03144336
0.03095937
0.03157663
0.03351665
0.03519940
0.03503990
0.03473711
0.03425694
0.03121257
0.03272986
0.03212690
0.03200865
0.03544641
0.03277349
0.03185320
0.03230739
0.03341031
0.03505826
0.03412032
0.03502011
0.03397965
0.03270173
0.03161097
0.03293490
0.03142619
0.03200936
0.03065658
0.03238273
0.03143382
0.03132749
0.03571320
0.03553963
0.03442860
0.03553295
0.03146291
0.03199482
0.03213096
0.03105783
0.03247309
0.03277850
0.03167415
0.03234386
0.03250074
0.03332019
0.03493285
0.03451681
0.03396726
0.03534222
0.03280568
0.03230309
0.03156161
0.03213000
0.03265858
0.03196478
0.03335500
0.03167033
0.03112721
0.03457880
0.03580976
0.03540182
0.03518987
0.03210521
0.03156471
0.03342056
0.03267002
0.03270102
0.03206420
0.03113866
0.03133392
0.03159738
0.03452182
0.03411412
0.03592253
0.03521037
0.03214145
0.03349447
0.03133583
0.03120995
0.03192306
0.03159714
0.03116250
0.03348947
0.03314424
0.03755045
0.03539824
0.03528309
0.03433585
0.03129506
0.03247380
0.03263140
0.03301120
0.03217793
0.03156877
0.03239536
0.03099799
0.03273535
0.03215790
0.03578401
0.03453088
0.03547359
0.03538704
0.03248835
0.03217578
0.03284073
0.03232455
0.03171706
0.03232002
0.03090811
0.03216982
0.03406024
0.03620052
0.03466964
0.03499389
0.03335047
0.03221154
0.03324604
0.03174448
0.03316736
0.03513527
0.03345537
0.03144360
0.03215432
0.03201675
0.03525400
0.03452134
0.03461409
0.03591681
0.03355026
0.03240895
0.03219032
0.03301716
0.03268123
0.03137159
0.03223157
0.03060961
0.03155828
0.03632689
0.03526950
0.03441882
0.03639936
0.03266621
0.03153658
0.03237605
0.03185678
0.03353047
0.03224039
0.03146386
0.03089547
0.03108549
0.03670573
0.04089618
0.04253483
0.04158497
0.03980517
0.03250599
0.03274179
0.03192234
0.03107643
0.03200603
0.03168797
0.03205681
0.03694248
0.04427099
0.04101992
0.03931737
0.03349018
0.03215432
0.03270721
0.03168893
0.03154325
0.03240299
0.03230381
0.03276777
0.03618383
0.03878117
0.04263783
0.03746700
0.03332376
0.03203559
0.03329682
0.03137541
0.03255415
0.03195667
0.03125215
0.03528833
0.03478026
0.03490639
0.03622723
0.03975773
0.03269434
0.03519177
0.03161740
0.03235722
0.03197384
0.03277445
0.04081225
0.03731585
0.03624916
0.03691721
0.03735018
0.03188515
0.03213501
0.03135753
0.03166032
0.03225279
0.03229856
0.03132558
0.03237700
0.03478551
0.04402447
0.03280592
0.03630137
0.03072906
0.03215170
0.03120494
0.03126955
0.03091764
0.03069782
0.03135133
0.03132701
0.03503704
0.03531480
0.03548121
0.03547478
0.03490210
0.03242564
0.03246903
0.03250194
0.03198981
0.03161168
0.03125119
0.03173852
0.03541207
0.03373003
0.03585672
0.03511453
0.03926444
0.03387737
0.03162336
0.03162003
0.03310633
0.03371930
0.03254628
0.03177691
0.03103256
0.03161502
0.03546619
