0.06478167
0.06060076
0.04911852
0.04643559
0.04742002
0.05042458
0.04863572
0.05563712
0.05958605
0.04983735
0.04512262
0.04624367
0.04498529
0.04432607
0.04875517
0.04866290
0.05174589
0.05324817
0.05389643
0.04645777
0.04520273
0.04409242
0.04549313
0.04564571
0.04598284
0.05520844
0.05321050
0.05183482
0.07233930
0.04604864
0.04533029
0.04496264
0.04662800
0.05304670
0.06326795
0.06364703
0.05734420
0.04518199
0.04487348
0.04501891
0.04492617
0.04519463
0.05303025
0.05371094
0.05321717
0.04967690
0.04709029
0.04825807
0.04487967
0.04654670
0.04628491
0.04507017
0.05507350
0.05869651
0.05659294
0.05195785
0.04918361
0.04711604
0.04775143
0.04803300
0.04938364
0.05443168
0.06159234
0.05784893
0.04943991
0.04980850
0.05018044
0.05090714
0.05121851
0.05221987
0.06619334
0.06276631
0.05935669
0.05168796
0.05401635
0.05296087
0.05492663
0.05378747
0.06333089
0.06294632
0.06225443
0.05301404
0.05646324
0.05373788
0.05213761
0.05371094
0.05606771
0.06429434
0.06969857
0.05572104
0.05331230
0.05476618
0.05445099
0.05216908
0.05225134
0.05779195
0.06778359
0.06150174
0.05208921
0.04849291
0.04737759
0.04792905
0.04734135
0.04753804
0.05684495
0.05899692
0.05485868
0.04804754
0.04573631
0.04642439
0.04731345
0.04640436
0.04536796
0.04983759
0.04848480
0.05357623
0.05868101
0.05490732
0.05036807
0.04669333
0.04495239
0.04750156
0.04918265
0.04682946
0.04413271
0.04351425
0.05096221
0.05316019
0.05015326
0.05355573
0.06349158
0.04470825
0.04525137
0.04321671
0.04382324
0.03985453
0.04733038
0.04979253
0.05163598
0.04669642
0.04320598
0.04239774
0.04115105
0.04103303
0.04175067
0.04020619
0.04323435
0.04732680
0.04771614
0.04521251
0.03891683
0.03925371
0.04081750
0.03924656
0.04024553
0.03947520
0.03909659
0.04058886
0.04328561
0.04252958
0.04298711
0.03904510
0.03852940
0.03769112
0.03618884
0.03714514
0.03747463
0.03638053
0.03757787
0.03962064
0.04001737
0.04089785
0.03912067
0.03801775
0.03515792
0.03521919
0.03472543
0.03502941
0.03575325
0.03632236
0.03507900
0.03598118
0.03582144
0.04005694
0.04104781
0.04079628
0.03867912
0.03601050
0.03596425
0.03660417
0.03611159
0.03609991
0.03540349
0.03573108
0.03570199
0.03883028
0.04642940
0.03942466
0.04057169
0.03669262
0.03781843
0.03711700
0.03880477
0.03720641
0.03703570
0.03766012
0.03758478
0.03708744
0.04180455
0.04209924
0.04198790
0.04089165
0.03811336
0.03949714
0.03973150
0.03991866
0.03881931
0.03981256
0.03920126
0.04468060
0.04603648
0.04557490
0.04440022
0.03952837
0.04002881
0.04140830
0.03945184
0.03962135
0.03746867
0.04135656
0.05002761
0.04811215
0.04716802
0.04662323
0.03975201
0.04442692
0.04399467
0.04495811
0.04529309
0.04523778
0.04060221
0.04006505
0.04746509
0.05174112
0.05236697
0.04735804
0.04054809
0.04758501
0.04501629
0.04309034
0.04272652
0.04190588
0.05495501
0.06944513
0.05950427
0.06029177
0.06154203
0.05416703
0.04729438
0.04630661
0.07203102
0.11513662
0.05313826
0.05117655
0.05382538
0.04518676
0.04605865
0.04617357
0.04564071
0.04357719
0.05397367
0.05636811
0.05790782
0.04718304
0.04998207
0.05156779
0.04898715
0.04787445
0.04844785
0.05342293
0.05793452
0.05695534
0.04743290
0.04771042
0.04757881
0.04787421
0.04774451
0.04295135
0.04685879
0.05126929
0.05464244
0.05334616
0.04553246
0.04386377
0.04499269
0.04539919
0.04359508
0.04281402
0.03927779
0.04235411
0.04892492
0.05117536
0.04948783
0.04750967
0.04279494
0.04378891
0.04324317
0.04261422
0.03847361
0.03744602
0.04531360
0.04896641
0.05004597
0.04739070
0.04190087
0.04299140
0.04235482
0.04270744
0.04176712
0.04125810
0.04765415
0.04693937
0.04833388
0.04795766
0.04143023
0.04168367
0.04129314
0.04190350
0.04131317
0.04073644
0.04185414
0.04034138
0.04456282
0.04617596
0.04727340
0.05250359
0.04125524
0.04091072
0.04066944
0.03965712
0.04056001
0.04117203
0.03640366
0.04551721
0.04665422
0.04667091
0.04824948
0.04047179
0.04143882
0.04246998
