0.02152705
0.03569007
0.03322268
0.03499770
0.03440833
0.03437543
0.03191113
0.03143024
0.02999139
0.03201270
0.03118467
0.03153872
0.03270841
0.03186178
0.03055739
0.03183055
0.03436208
0.03409815
0.03365374
0.03367376
0.03369331
0.03227139
0.03048682
0.03102517
0.03044486
0.03150964
0.03204441
0.03035426
0.03047490
0.03060579
0.03343630
0.03050876
0.03374720
0.03377485
0.03406096
0.03390169
0.03393078
0.03141832
0.03268337
0.03106070
0.03506374
0.03120589
0.03129387
0.03057098
0.03276205
0.03092122
0.03069139
0.03443241
0.03389549
0.03516865
0.03317881
0.03496981
0.03108811
0.03011227
0.02982640
0.03104424
0.03231144
0.03035450
0.03069472
0.02985191
0.03051710
0.03085518
0.03096461
0.03050351
0.03225803
0.03444409
0.03459287
0.03351140
0.03489327
0.03422236
0.03730416
0.04251409
0.03074718
0.03099442
0.03245854
0.03149390
0.03130436
0.03032494
0.03128719
0.03190899
0.03097963
0.03570223
0.03334880
0.03503299
0.03305078
0.03427052
0.03327847
0.03171444
0.03015995
0.03151369
0.03106189
0.03137422
0.03078747
0.03068948
0.03256154
0.03074813
0.03045774
0.03109598
0.03562665
0.03388739
0.03317952
0.03396630
0.03427458
0.03105998
0.03083992
0.03218699
0.03203344
0.03041434
0.03159189
0.03557706
0.03101158
0.03102732
0.03137684
0.03416729
0.03325176
0.03494668
0.03525472
0.03425956
0.03213239
0.03141212
0.03032279
0.03146935
0.03145146
0.03165865
0.03056288
0.03188586
0.03158832
0.03147984
0.03157949
0.03140378
0.03564620
0.03459144
0.03393102
0.03504443
0.03509355
0.03110766
0.03205967
0.03048134
0.03235149
0.03508878
0.03114510
0.03048897
0.03169870
0.03084016
0.03145623
0.03122544
0.03330112
0.03371358
0.03368258
0.03561425
0.03300095
0.03384662
0.03033948
0.03207326
0.03318334
0.03171539
0.03120232
0.03183198
0.03233838
0.02979016
0.03137589
0.03040504
0.03433609
0.03398037
0.03382969
0.03407907
0.03500438
0.03157163
0.03184104
0.03461242
0.03183556
0.03210616
0.03162074
0.03025460
0.03079128
0.03025174
0.03171968
0.03132963
0.03341842
0.03536868
0.03473520
0.03502226
0.03586507
0.03551841
0.03138685
0.03187990
0.03486609
0.03393579
0.03096628
0.03100514
0.03165579
0.03134656
0.03172493
0.03046679
0.03091788
0.04073691
0.04105449
0.03913093
0.04505825
0.04267097
0.03666997
0.03274751
0.03256083
0.03131557
0.03162336
0.03242469
0.03379965
0.04362631
0.03528214
0.03230143
0.03435612
0.03622723
0.03609085
0.03559065
0.03731322
0.03419352
0.03234577
0.03302956
0.03280330
0.03146482
0.03288436
0.03431034
0.03250289
0.03331876
0.03363729
0.03264499
0.03636241
0.03693795
0.03706574
0.03775668
0.04150796
0.03414178
0.03297782
0.03327274
0.03235650
0.03389931
0.03285003
0.03490210
0.03331685
0.03545451
0.03799391
0.03841662
0.03883195
0.03813624
0.03744936
0.03452826
0.03326750
0.03459907
0.03496480
0.03470802
0.03671718
0.03569174
0.03538775
0.03566957
0.03505278
0.03599000
0.04260588
0.04103041
0.04117537
0.04230499
