0.05716848
0.03242278
0.03328896
0.03177834
0.03739023
0.03458071
0.03531313
0.03430367
0.03291535
0.03219914
0.03152204
0.03231502
0.03300571
0.03283691
0.03447461
0.03503537
0.03454566
0.03551340
0.03276229
0.03148413
0.03302217
0.03273129
0.03227735
0.03321099
0.03240228
0.03179336
0.03488541
0.03850937
0.03497767
0.03461409
0.03315568
0.03460956
0.03850603
0.03241754
0.03176928
0.03091764
0.03157091
0.03252292
0.03141809
0.03611302
0.03382540
0.03603339
0.03488803
0.03126335
0.03307343
0.03148293
0.03253818
0.03201914
0.03579330
0.03195882
0.03265214
0.03407884
0.03407454
0.03478599
0.03433418
0.03142881
0.03333139
0.03163958
0.03106689
0.03226399
0.03167844
0.03147531
0.03191948
0.03455997
0.03374982
0.03468299
0.04028034
0.03435016
0.03152990
0.03152871
0.03103161
0.03108239
0.03090143
0.03128028
0.03243995
0.03221011
0.03333402
0.03499007
0.03509951
0.03480029
0.03263068
0.03116107
0.03181672
0.03207755
0.03229713
0.03171492
0.04419613
0.03436089
0.03267765
0.03538561
0.03428030
0.03389502
0.03545594
0.03090572
0.03068781
0.03198218
0.03224182
0.03164506
0.03102589
0.03204441
0.03182578
0.03197908
0.03499246
0.03483033
0.03592086
0.03532553
0.03205109
0.03223300
0.03207326
0.03213787
0.03108311
0.03209615
0.03277206
0.03137207
0.03129768
0.03392744
0.03578877
0.03491759
0.03313470
0.03094149
0.03138423
0.03254294
0.03129697
0.03107166
0.03174710
0.03071976
0.03329992
0.03425431
0.03464079
0.03407884
0.03511071
0.03304124
0.03153396
0.03061199
0.03256845
0.03152466
0.03181982
0.03251171
0.03133106
0.03158689
0.03456593
0.03576779
0.03419042
0.03889918
0.03385043
0.03176451
0.03131127
0.03321981
0.03180361
0.03110743
0.03146744
0.03167868
0.03092146
0.03178954
0.03435469
0.03417850
0.03417516
0.03406835
0.03200531
0.03092957
0.03118467
0.03404069
0.03082275
0.03109479
0.03253174
0.03062749
0.03087139
0.03461742
0.03451943
0.03546596
0.06588030
0.03394794
0.03242040
0.03239727
0.03161383
0.03196001
0.03247499
0.03179860
0.03140163
0.03410745
0.03472567
0.03427815
0.03524184
0.03542161
0.03116155
0.03193259
0.03161311
0.03135848
0.03265190
0.03077221
0.03238654
0.03306627
0.03566575
0.03591251
0.03438187
0.03497219
0.03147078
0.03348303
0.03115320
0.03087568
0.03202963
0.03127575
0.03061676
0.03217721
0.03338599
0.03449297
0.03504252
0.03521800
0.03315473
0.03169465
0.03215814
0.03152180
0.03163981
0.03179312
0.03112888
0.03135395
0.03201151
0.03478599
0.03561568
0.03485990
0.03444982
0.03200746
0.03269649
0.03183770
0.03287673
0.03184152
0.03085971
0.03253770
0.03114939
0.03549600
0.03585792
0.03633237
0.03865433
0.03258276
0.03248858
0.03155661
0.03283834
0.03165841
0.03204036
0.03236604
0.03149366
0.03364515
0.03576016
0.03545690
0.03468275
0.03518748
0.02795029
0.03163743
0.03175950
0.03228736
0.03111362
0.03146148
0.02900171
0.03660107
0.03363395
0.03535986
0.03480768
0.03484941
0.02877951
0.03065872
0.03112006
0.03133011
0.03129339
0.03174305
0.02859902
0.03228283
0.03217769
0.03517747
0.03465366
0.03536749
0.03451538
0.03172421
0.03192973
0.03155422
0.03975916
0.03415489
0.03257895
0.03145003
0.03241563
0.03450513
0.03561544
0.03514981
0.03559232
0.03309608
0.03159308
0.03183913
0.03154945
0.03308821
0.03205919
0.03165960
0.03182149
0.03171730
0.03464437
0.03494310
0.03435779
0.03534961
0.03491926
0.03200817
0.03263855
0.03182960
0.03205919
0.03564596
0.03691411
0.03164506
0.03568292
0.03630185
0.03434420
0.03388691
0.03187084
0.03064728
0.03104615
0.03214788
0.03102493
0.03164625
0.03270817
0.03188658
0.03154492
0.03156614
0.03558254
0.03521848
0.03618860
0.03603363
0.03194714
0.03191233
0.03169870
0.03075480
0.03121114
0.03141928
0.03201962
0.03180146
0.03499556
0.03596354
0.03614068
0.03607416
0.03116298
0.03204203
0.03182983
0.03136063
0.03199506
0.03192806
0.03165150
0.03217936
0.03192258
0.03442955
0.03554988
0.03524208
0.03505850
0.03260851
0.03338075
0.03099704
0.03106952
0.03222823
0.03147221
0.03152514
0.03145409
0.03172588
0.03326130
0.03506780
0.03418756
0.03445411
0.03516889
0.03175783
0.03219366
0.03158903
0.03194261
0.03186822
0.03247261
0.03320599
0.03306079
0.03184962
0.03491735
0.03527498
0.03489375
0.03428841
0.03240514
0.03119564
0.03186440
0.03236461
0.03187084
0.03081846
0.03130913
0.03230214
0.03496838
0.03536320
0.04098821
0.03538942
0.03220701
0.03123140
0.03129745
0.03247070
0.03181624
0.03258967
0.03314686
0.03275490
0.03243637
0.03255439
0.03482819
0.03420806
0.03402424
0.03537154
0.03198695
0.03227830
0.03098035
0.03199053
0.03194857
0.03154230
0.03227687
0.03259873
0.03215456
0.03588486
0.03524470
0.03399849
0.03456450
0.03196025
0.03175354
0.03117633
0.03175664
0.03210306
0.03124070
0.03136444
