0.07148719
0.11091280
0.07349944
0.07364058
0.07150078
0.07189727
0.08183765
0.08921862
0.07430363
0.07275343
0.07252049
0.07318902
0.07992005
0.10258102
0.08317518
0.07098413
0.07127500
0.07109141
0.07315421
0.08796215
0.08489728
0.07467437
0.07280254
0.07222867
0.07252502
0.07929301
0.08925986
0.07919359
0.07169461
0.07253718
0.07606173
0.07226896
0.08902621
0.08901620
0.07223558
0.07330203
0.07265735
0.07231951
0.08459759
0.09396863
0.07177806
0.07274318
0.07289791
0.07241917
0.07301068
0.08818102
0.08636332
0.07079840
0.07230020
0.07280421
0.07042122
0.07849121
0.08297133
0.07349896
0.06825709
0.06571412
0.06615305
0.06501865
0.06840372
0.08604217
0.07925344
0.06705952
0.06822538
0.06669116
0.06761432
0.07295156
0.08366323
0.08438993
0.06927562
0.06901145
0.07117391
0.06773782
0.07299232
0.08330727
0.07827520
0.06784773
0.06757689
0.06673121
0.06554818
0.07141066
0.08580637
0.07846689
0.06558609
0.06689572
0.06621003
0.06690526
0.07469916
0.08137465
0.07863879
0.06765318
0.06663728
0.06719637
0.06691408
0.06936836
0.08131075
0.07983541
0.06438017
0.06479788
0.06460309
0.06377053
0.06317854
0.08328128
0.09973598
0.07819891
0.06458020
0.06473064
0.06423712
0.06453919
0.07026792
0.07756782
0.07701421
0.06292272
0.06299305
0.07036376
0.07097840
0.05749774
0.06790614
0.06528020
0.05859113
0.05408859
0.05141330
0.04999590
0.05157804
0.04943013
0.05503917
0.05642056
0.05594945
0.05161476
0.04986119
0.04852176
0.04831290
0.04910183
0.04946685
0.05866694
0.05872130
0.05898547
0.05119061
0.05172610
0.05392480
0.05545068
0.06052947
0.06111002
0.06555557
0.08044314
0.07688403
0.06354976
0.06475687
0.06381249
0.06472230
0.06466389
0.06708598
0.07895136
0.07942200
0.06480432
0.06349564
0.06597400
0.06455660
0.06803536
0.07807469
0.07654977
0.06199431
0.06542110
0.06381822
0.06465745
0.07054043
0.07943106
0.07505512
0.06363702
0.06402254
0.06446075
0.06467509
0.07285905
0.07909727
0.07453036
0.06252193
0.06264830
0.06435299
0.06407785
0.06715488
0.07869053
0.07488346
0.06027675
0.06279302
0.05598092
0.05492234
0.05521441
0.06355071
0.06135917
0.05706906
0.04954600
0.05089808
0.05046892
0.04782343
0.04832077
0.04916596
0.05666280
0.05586123
0.05519223
0.04522395
0.04428840
0.04486823
0.04355717
0.04300547
0.04239392
0.04296422
0.04945755
0.04955435
0.04882431
0.05022025
0.04205179
0.04246140
0.04260969
0.04290962
0.04324770
0.04287148
0.04045701
0.04401350
0.04659939
0.04635310
0.04507995
0.03902864
0.04045486
0.03931689
0.03919077
0.03993726
0.03986621
0.04076290
0.04436088
0.04535365
0.04479647
0.04273939
0.03868151
0.03941536
0.03992200
0.03926134
0.03974938
0.03822231
0.04285312
0.04469562
0.04294658
0.05079341
0.04007316
0.04117680
0.04289842
0.04190063
0.04270172
0.04167438
0.04341865
0.04892492
0.04988098
0.05019736
0.04380774
0.04300284
0.04374313
0.04226136
0.04227304
0.04064369
0.04456639
0.04906464
0.04936600
0.04763889
0.04309583
0.04142880
0.04302287
0.04142427
0.04305339
0.04269314
0.04271007
0.04297996
0.05130911
0.05020666
0.05116296
0.04945445
0.04400897
0.04653144
0.04390979
0.04427171
0.04212284
0.04082680
0.04173923
0.04789972
0.04584765
0.04711294
0.04292583
0.04070044
0.03986764
0.04061842
0.04050756
0.04039717
0.03983808
0.04125381
0.04524326
0.04545498
0.04558516
0.04339957
0.03931570
0.04095817
0.03915477
0.03946972
0.04025006
0.04061604
0.04073381
0.04261756
0.04523444
0.04530835
0.05006814
0.03934908
0.03950953
0.04006314
0.03985524
0.03937340
0.03921795
0.03914928
0.04164648
0.04444051
0.04572606
0.04498839
0.04096270
0.04158664
0.04317379
0.04299903
0.04374194
0.04337454
0.04414344
0.04343700
0.04996681
0.05109406
0.05163193
0.04722762
0.04393601
0.04296947
0.04360628
0.04351258
0.04255533
0.04422140
0.05101514
0.05130172
0.04990697
0.04891348
0.04255295
0.04445481
0.04471946
0.04568434
0.04476881
0.04510522
0.04826355
0.05738378
0.06011009
0.05944395
0.05214667
0.05360103
0.05453730
0.05370760
0.05559659
0.05908751
0.06473136
0.06749868
0.05659699
0.05724168
0.05882525
0.06022263
0.06254196
0.06303525
0.07210088
0.07342529
0.06173635
0.09000039
0.06299520
0.06408358
0.06887245
0.07953525
0.07585955
0.06313896
0.06360126
0.06257915
0.06153822
0.06034827
0.07049370
0.07252693
0.06922388
0.05968809
0.06077027
0.05996203
0.05825496
0.05504394
0.06304646
0.06300735
0.06420660
0.05459023
0.05905628
0.06311297
0.06743288
0.07463169
0.07704616
0.08555102
0.07872415
0.06753802
0.06594825
0.06584811
0.06736040
0.07928443
0.07813025
0.06710529
0.06376314
0.06622505
0.06341958
0.06621003
0.06516385
0.07997131
0.08122420
0.06563997
0.06538177
0.06583953
0.06642914
0.06465340
0.07205558
0.07965994
0.07638597
0.06755233
0.06854010
0.06738663
0.06772828
0.08355904
0.08580780
0.09169531
0.06859660
0.06602788
0.06873655
0.06802964
0.07530451
0.08183050
0.07698464
0.06790781
0.06682277
0.06442475
0.06516886
0.08094382
0.08015871
0.06950855
0.06881380
0.07029939
0.07558107
0.08249545
0.10256314
0.08864450
0.07064939
0.07027960
0.06717944
0.06659222
0.08101273
0.07565522
0.05865598
0.05640769
0.05521059
0.05422664
0.05131149
0.05536580
0.06021094
0.06130838
0.05441856
0.04967976
0.04912615
0.04800177
0.04650855
0.04428649
0.04496670
0.04686952
0.04597044
0.04482174
0.04397559
0.04013538
0.03722715
0.03799415
0.03763199
0.03976035
0.04203701
0.04069614
0.04835939
0.05387759
0.05747700
0.05296254
0.04972029
0.05000162
0.05058384
0.05004644
0.05138588
0.05237174
0.05862641
0.06079364
0.05899572
0.05654693
0.05762219
0.06066608
0.06100750
0.06556511
0.07481718
0.10201550
0.06965899
0.06765294
0.06774998
0.06956506
0.07460046
0.08329892
0.07841086
0.06758785
0.06633878
0.06825662
0.06903124
0.08324218
0.08430362
0.06635046
0.06833839
0.06806970
0.06849194
0.06715131
0.08546996
0.08425164
0.07054996
0.07298064
0.07258606
0.07270646
0.09218502
0.08945513
0.07178831
0.07135773
0.06932449
0.06932855
0.07870197
0.08479190
0.07211733
0.06688523
0.06641126
0.06489825
0.06733727
0.08000684
0.07888293
0.06556344
0.06360865
0.06437111
0.06396914
