0.06147075
0.03499699
0.03397202
0.04236293
0.03780007
0.03511667
0.03677177
0.03786850
0.03973055
0.05193782
0.04207063
0.04146743
0.04886413
0.03972721
0.05131936
0.04055858
0.03654385
0.03538966
0.03632164
0.03089309
0.03245997
0.03296113
0.03285742
0.03199935
0.03523946
0.03365231
0.03891563
0.03609681
0.04401112
0.03461719
0.03561378
0.03559995
0.03680968
0.03642368
0.03725266
0.04503560
0.03865433
0.03712034
0.03351283
0.03434396
0.03370738
0.03449917
0.03653407
0.03388619
0.03612471
0.03780270
0.04221272
0.03662157
0.03368402
0.03376198
0.03326035
0.03431010
0.04732060
0.03717113
0.04521775
0.04119778
0.04323506
0.04359937
0.03957319
0.03629518
0.03683448
0.03534079
0.03604555
0.03991032
0.04048562
0.05227542
0.04189658
0.03537107
0.03470850
0.03430462
0.03602266
0.03361940
0.03568196
0.03957772
0.03786445
0.03831434
0.03645945
0.03405261
0.03436923
0.03480816
0.03492427
0.03512216
0.04111791
0.03988457
0.04602933
0.03916430
0.03569818
0.03510928
0.03447556
0.03834701
0.03401780
0.03492403
0.03883457
0.05337453
0.04443407
0.03683352
0.03609467
0.03734851
0.03611875
0.03575492
0.03519559
0.03463149
0.04240203
0.03983188
0.03947091
0.03933120
0.03550148
0.03459239
0.03514934
0.03487325
0.03440857
0.03527927
0.03530025
0.03977036
0.03961778
0.04166722
0.03725243
0.03480148
0.03405404
0.03477407
0.03517413
0.03538060
0.03566098
0.04259467
0.03790855
0.03848386
0.03802538
0.03811979
0.03682566
0.03743672
0.03889322
0.03683352
0.03699088
0.03709221
0.04033804
0.03895330
0.03983831
0.04146266
0.04204369
0.03891134
0.03640676
0.03608584
0.03962374
0.03681731
0.03548670
0.03606868
0.03551316
0.03606200
0.04085922
0.04105711
0.03940868
0.03769779
0.03612924
0.03628206
0.03655767
0.03556013
0.03592134
0.03634048
0.03857470
0.04026985
0.03866029
0.04607797
0.03579116
0.03615880
0.03703976
0.03518629
0.03615880
0.03595138
0.03404379
0.03847837
0.04009962
0.04036784
0.04018307
0.03692937
0.03530574
0.03570294
0.03581595
0.03493667
0.03553915
0.03605151
0.03892183
0.03912258
0.03882647
0.04036570
0.03400588
0.03483987
0.03532386
0.03408575
0.03560162
0.03456044
0.03531790
0.03819871
0.04976177
0.03987551
0.03587389
0.03383541
0.03406024
0.03623486
0.03466082
0.03479958
0.03460503
0.03789902
0.04220104
0.03641200
0.03853846
0.03279614
0.03423405
0.03609991
0.03434992
0.03345203
0.03282666
0.03369403
0.04368687
0.03847218
0.03859258
0.03702211
0.03459740
0.03472638
0.03475165
0.03425074
0.03337193
0.03591824
0.03529549
0.04183269
0.03865981
0.03756094
0.03931618
0.03538418
0.03565311
0.03418636
0.03493977
0.03497934
0.03495002
0.03468704
0.04783416
0.04263330
0.04006505
0.03829145
0.03599787
0.03661561
0.03529358
0.03623056
0.03408170
0.03594470
0.03746033
0.04030538
0.04937911
0.04894304
0.03452253
0.03468084
0.03579092
0.03612065
0.03609300
0.03505492
0.03516912
0.03850627
0.04161739
0.03947854
0.03915977
0.03489876
0.03348374
0.03659797
0.03698111
0.03535986
0.03373027
0.03513670
0.03601432
0.03937244
0.04183364
0.03728652
0.03604794
0.03436804
0.03369665
0.03439927
0.03528643
0.03477335
0.03375220
0.03574300
0.03524375
0.04037523
0.03893614
0.03855133
0.03704238
0.03461170
0.03997898
0.03530121
0.03537583
0.03484941
0.03521943
0.03339291
0.03769946
0.03841090
0.03801537
0.03543973
0.03446579
0.03395176
0.03406787
0.03357649
0.03327680
0.03541470
0.04386449
0.03707480
0.03712010
0.03589034
0.03404689
0.03467536
0.03509355
0.03474569
0.03509140
0.03427291
0.03904939
0.03631830
0.03643847
0.03576136
0.03435469
0.03330803
0.03127956
0.03768063
0.03585792
0.03646040
0.03392601
0.03520083
0.03529572
0.03645587
0.03349972
0.03164744
0.03360987
0.03091431
0.03181577
0.03273058
0.03203869
0.03301454
0.03527832
0.03524899
0.03446555
0.03506708
0.03562093
0.03175616
0.03357029
0.03174305
0.03236914
0.03172827
0.03241420
0.03509784
0.03464437
0.03507566
0.03621984
0.03236365
0.03174758
0.03170395
0.03185916
0.03264022
0.03218532
0.03329182
0.03238654
0.03685093
0.03578305
0.03617454
0.03389287
0.03246021
0.03147388
0.03218293
0.03297758
0.03185344
0.03267956
0.03250504
0.03561497
0.03416753
0.03586340
0.03372908
0.03044271
0.03314209
0.03220415
0.03293228
0.03217459
0.03148770
0.03328633
0.03350234
0.03669477
0.03542352
0.03424978
0.03286529
0.03114867
0.03353477
0.03306460
0.03130460
0.03311801
0.03165054
0.03387189
0.03472733
0.03536892
0.03582025
0.03671169
0.03248668
0.03337860
0.03478265
0.03375697
0.03206277
0.03284478
0.03354263
0.03324127
0.03660917
0.03818965
0.03659129
0.04026628
0.03358626
0.03333116
0.03484488
0.03337526
0.03538394
0.03552318
0.03477597
0.03760839
0.03756261
0.03752327
0.03691721
0.03442240
0.03435469
0.03478432
0.03438687
0.03381538
0.03778458
0.03565907
0.03773618
0.03795290
0.03850985
0.03790236
0.03457713
0.03498578
0.03504300
0.03493309
0.03424263
0.03444147
0.03400087
0.03524137
0.03935480
0.03755569
0.03854609
0.03547382
0.03436661
0.03413701
0.03387499
0.03369498
0.03457189
0.03303504
0.03541207
0.03567886
0.03780723
0.03686738
0.03811789
0.03519177
0.03478408
0.03418303
0.03372169
0.03287697
0.03373361
0.03229356
0.04154086
0.03641009
0.03706551
0.03686929
0.03357673
0.03348780
0.03381419
0.03389716
0.03196812
0.03331470
0.03278804
0.03373599
0.03730154
0.03687763
0.03709769
0.03421474
0.03412843
0.03329396
0.03353906
0.03772759
0.03419542
0.03428388
0.03795648
0.03791475
0.03677940
0.03741455
0.03175354
0.03188205
0.03225923
0.03190207
0.03210545
0.03198910
0.03208280
0.03140593
0.03688550
0.03434777
0.04774952
0.03951931
0.03226066
0.03230214
0.03246093
0.03270102
0.03219891
0.03170133
0.03348565
0.03344154
0.03585291
0.03477073
0.03605032
0.03397250
0.03188968
0.03315258
0.03425360
0.03268552
0.03351355
0.03488255
0.03333306
0.03821087
0.04617357
0.04534674
0.04539776
0.03489542
0.03452492
0.03396201
0.03573728
0.03495312
0.03329968
0.03315854
0.03528428
0.04784036
0.04666138
0.04006577
0.03493142
0.03403831
0.03410673
0.03412938
0.04004288
0.03454494
0.03470659
0.03713131
0.03550482
0.03582191
0.03538513
0.03162789
0.03274274
0.03388882
0.03323245
0.03236175
0.03262901
0.03118968
0.03635049
0.03557301
0.03500772
0.03309417
0.03209496
0.03234673
0.03219724
0.03291273
0.03141809
0.03103709
0.03194499
0.03278971
0.03513169
0.03552651
0.03535247
0.03469181
0.03177738
0.03364062
0.03202128
0.03213763
0.03282142
0.03202891
0.03235459
0.03318834
0.03693295
0.03612423
0.03543210
0.03245831
0.03203487
0.03298759
0.03258872
0.03163695
0.03271317
0.03256774
0.03275633
0.03186584
0.03487706
0.03559232
0.03524208
0.03611898
0.03288865
0.03195381
0.03225660
0.03232241
0.03097987
0.03247190
0.03201628
0.03334618
0.03422666
0.03507853
0.03670859
0.04076171
0.03512788
0.03259563
0.03304553
0.03400373
0.03320384
0.03247261
0.03271699
0.03414917
0.03746414
0.03560519
0.03657722
0.03576446
0.03328657
0.03354383
0.03349042
0.03322244
0.03181434
0.03191161
0.03324819
0.03359723
0.03554821
0.03714085
0.03636765
0.03586555
0.03423977
0.03309250
0.03251243
0.03255510
0.03174496
0.03143668
0.03336382
0.03239226
0.03621054
0.03685331
0.03455114
0.03530550
0.03611064
0.03121305
0.03351378
0.03133488
0.03250742
0.03075504
0.03320694
0.03264475
0.03588152
0.03607941
0.03512073
0.03376675
0.03158331
0.03240776
0.03288770
0.03178144
0.03158236
0.03221321
0.03207684
0.03572536
0.03637886
0.03579831
0.03487897
0.02965808
0.03110313
0.03233862
0.03228831
0.03233957
0.03144836
0.03336859
0.03303647
0.03297949
0.03604698
0.03552246
0.03966713
0.03380084
0.03228378
0.03193259
0.03182101
0.03213358
0.03178692
0.03283930
0.03265429
0.03305912
0.03618741
0.03462958
0.03445554
0.03535414
0.03148437
0.03178859
0.03267431
0.03229880
0.03254366
0.03294587
0.03185391
0.03502631
0.03526711
0.03613639
0.03471851
0.03258896
0.03328848
0.03303409
0.03157496
0.03222418
0.03188467
0.03207970
0.03227711
0.03217459
0.03122950
0.03630280
0.03526855
0.04099989
0.03532815
0.03288460
0.03047848
0.03273153
0.03268862
0.03209281
0.03141832
0.03139758
0.03135276
0.03457952
0.03691649
0.03551841
0.03522825
0.03273773
0.03197932
0.03164268
0.03201199
0.03133035
0.03294277
0.03265977
0.03423643
0.03226471
0.03401351
0.03643370
0.03481197
0.03494763
0.03343463
0.03141809
0.03137517
0.03211212
0.03242683
0.03205800
0.03091359
0.03124094
0.03441095
0.03603888
0.04248333
0.03634405
0.03359389
0.03334451
0.03383350
0.03303194
0.03191066
0.03251743
0.03345275
0.03265667
0.03583765
0.03594661
0.03650999
0.03652573
0.03303838
0.03342652
0.03448725
0.03352189
0.03350139
0.03245974
0.03268862
0.03307581
0.03338361
0.03664422
0.03655720
0.03677082
0.03647232
0.03431034
0.03257179
0.03281188
0.03383803
0.03339243
0.03404975
0.03446603
0.03478861
0.03764939
0.03662014
0.03613806
0.03514171
0.03351951
0.03304601
0.03390861
0.03349781
0.03425002
0.03396726
0.03267694
0.03457642
0.03859282
0.03769112
0.03655076
0.03411818
0.03392100
0.03424621
0.03368807
0.03365159
0.03367805
0.03321195
0.03418207
0.03788686
0.03712511
0.03631735
0.03708458
0.03477311
0.03340340
0.03376412
0.03324032
0.03553343
0.03390789
0.03296328
0.03402662
0.03854966
0.03759599
0.03655553
0.03735447
0.03429294
0.03319240
0.03550911
0.03338337
0.03487206
0.03485608
0.03311992
0.03445125
0.03903008
0.03850770
0.03947616
0.03555250
0.03479767
0.03353548
0.03320003
0.03188086
0.03345871
0.03414273
0.03340220
0.03660059
0.03522229
0.03466058
0.03558707
0.03359914
0.03167295
0.03629851
0.03287578
0.03244209
0.03309894
0.03344297
0.03152895
0.04385471
0.03349376
0.03493452
0.03454328
0.03537369
0.03489757
0.03228188
0.03209019
0.03233123
0.03261709
0.03251791
0.03268361
0.03200340
0.03350449
0.03551817
0.03564453
0.03662562
0.03688002
0.03219938
0.03271270
0.03272629
0.03219986
0.03278279
0.03163338
0.03242970
0.04273081
0.03335261
0.03498578
0.03934240
0.03899670
0.04218197
0.03383732
0.03120422
0.03178263
0.03190470
0.03124428
0.03229260
0.03295827
0.03629518
0.03528619
0.03559232
0.03481388
0.03144407
0.03281999
0.03208280
0.03170466
0.03258300
0.03234529
0.03239322
0.03221202
0.03309655
0.03521895
0.04197168
0.04235435
0.04543877
0.03234076
0.03212929
0.03263450
0.03245759
0.03169727
0.03287554
0.03171301
0.03292584
0.03703332
0.03709865
0.03471947
0.03511620
0.03259826
0.03113317
0.03231788
0.03295350
0.03388143
0.03414273
0.03523660
0.03438473
0.03426385
0.03694820
0.03590608
0.03675723
0.03706813
0.03215146
0.03315496
0.03402472
0.03302360
0.03368998
0.03195405
0.03179693
0.03111243
0.03583026
0.03530526
0.03618884
0.03550744
0.03203988
0.03213358
0.03276825
0.03259397
0.03263330
0.03281999
0.03167367
0.03273320
0.03555989
0.04192114
0.03515077
0.03621030
0.03283262
0.03225207
0.03243375
0.03180432
0.03195572
0.03099060
0.03189421
0.03261471
0.03172469
0.03460431
0.03553629
0.03613138
0.03449225
0.03167152
0.03203344
0.03260612
0.03175282
0.03123093
0.03085828
0.03193021
0.03227806
0.03649664
0.03692889
0.03549838
0.03521705
