0.02870607
0.03322196
0.03294563
0.03245950
0.03385615
0.03922987
0.04093838
0.03174591
0.03113270
0.03198171
0.03014970
0.03067350
0.03240728
0.03205061
0.03195786
0.03972101
0.03384233
0.03085566
0.03339195
0.03568125
0.03361845
0.03235459
0.03191686
0.03107381
0.03124189
0.03135371
0.03444457
0.04050970
0.03217888
0.03224874
0.03109527
0.03512526
0.04298353
0.04147673
0.04369116
0.03578353
0.02996993
0.03106833
0.03163528
0.03065491
0.03412390
0.03180814
0.03020906
0.03085017
0.03110385
0.03185678
0.03233504
0.03617287
0.04162383
0.04303670
0.04166555
0.03144360
0.03182578
0.03204465
0.03089833
0.03160977
0.03205633
0.03213573
0.03187919
0.03001904
0.03064680
0.03153801
0.03572917
0.04738402
0.04207349
0.04048967
0.03070378
0.03224039
0.03231287
0.03132868
0.03109694
0.03084207
0.03044677
0.03043461
0.03187251
0.03203535
0.03156042
0.03564882
0.03898573
0.04239225
0.04250574
0.03771257
0.03114033
0.03140044
0.03424907
0.03177190
0.03103614
0.03020620
0.03787732
0.03582001
0.03524375
0.03221869
0.03189635
0.04188681
0.04128647
0.04315805
0.03858733
0.02971935
0.03160644
0.03113008
0.03056288
0.03097248
0.03041434
0.03291273
0.03231978
0.03154230
0.03338027
0.03287458
0.03493404
0.03360629
0.03379464
0.03420305
0.03322864
0.03157949
0.03058743
0.03016782
0.03520226
0.03168750
0.03212476
0.03216720
0.02972722
0.03036833
0.03244090
0.03091621
0.03414059
0.03429127
0.03355789
0.03427386
0.03418326
0.03462529
0.03207779
0.03402591
0.03152227
0.03125858
0.03105974
0.03125095
0.03150725
0.03115726
0.03087568
0.04384565
0.03259134
0.03450346
0.03362989
0.03434992
0.03495407
0.03331137
0.03156376
0.03169084
0.03125119
0.03129864
0.02974463
0.03438449
0.03047705
0.03140855
0.03306866
0.04335642
0.03153729
0.03412628
0.03392053
0.03494906
0.03432846
0.03323460
0.03300977
0.03058767
0.03144765
0.03113842
0.03119802
0.03190541
0.03095150
0.03056884
0.03199720
0.03234649
0.03059745
0.03371501
0.03895640
0.03427005
0.03488231
0.03454041
0.03152466
0.03208399
0.03111553
0.03172374
0.03192496
0.03069210
0.03048754
0.03073788
0.03072572
0.03029537
0.03128910
0.03369713
0.03331423
0.03305483
0.03344345
0.03420162
0.03376937
0.03213143
0.03177977
0.03053308
0.03213191
0.03122139
0.03056169
0.03591895
0.03177381
0.03112531
0.03276515
0.03539395
0.03447843
0.03399801
0.03559232
0.03420377
0.03045654
0.03085756
0.03127599
0.03076553
0.03336692
0.03093624
0.03201389
0.02982712
0.03149033
0.03081775
0.03077197
0.03166986
0.03328323
0.03435969
0.03440690
0.03534961
0.03353786
0.03972578
0.03208351
0.03282237
0.03117085
0.03110147
0.03041124
0.03121114
0.03168941
0.03039265
0.03124547
0.03434634
0.03476357
0.03575015
0.03671193
0.03432608
0.03358126
0.03213143
0.03155375
0.03099704
0.03242588
0.03144717
0.03089476
0.03173661
0.03102684
0.03192258
0.03106713
0.03048515
0.03546190
0.03379250
0.03341699
0.03430057
0.03371811
0.03207016
0.03078055
0.03131270
0.03094769
0.03188682
0.03133440
0.03300691
0.03133035
0.03194833
0.03151870
0.03354335
0.03345180
0.03451419
0.03316855
0.03470969
0.03218436
0.03051949
0.03074646
0.03036165
0.03120804
0.03072858
0.03128982
0.03042030
0.03094649
0.03198957
0.03207874
0.03394747
0.03430057
0.03362846
0.03504181
0.03399229
0.03283358
0.03142023
0.03109741
0.03070569
0.03168678
0.03269267
0.03101778
0.03125215
0.03103518
0.03106117
0.03221774
0.03265309
0.03585076
0.03337622
0.03411603
0.03474140
0.03205991
0.03081083
0.03182507
0.03085852
0.03031206
0.03121424
0.03065419
0.03080225
0.03217936
0.03139448
0.03592372
0.03384995
0.03485847
0.03641844
0.03450894
0.03440928
0.03342533
0.03253984
0.03129220
0.03278518
0.03079915
0.03044438
0.03176332
