0.02624345
0.04632735
0.05033135
0.04711294
0.05546141
0.05508375
0.05571508
0.05226469
0.04712653
0.04702783
0.04713488
0.04808164
0.04440451
0.04814100
0.04656243
0.05365229
0.05271268
0.05479455
0.04478574
0.04827070
0.05079842
0.05458093
0.04921460
0.04908466
0.05552983
0.05376720
0.05394363
0.04795980
0.04715157
0.04643559
0.04585671
0.04560566
0.04539847
0.04633236
0.04748821
0.05529737
0.05345297
0.06023550
0.04469109
0.04689646
0.04698277
0.04657888
0.04587150
0.04590607
0.04606342
0.05144835
0.05419040
0.05355072
0.05233479
0.04517984
0.04682875
0.04645824
0.04692817
0.04509473
0.04624796
0.04945135
0.04816198
0.05314922
0.05524063
0.05401278
0.04644251
0.04484677
0.04585958
0.04501176
0.04483581
0.04703498
0.04697800
0.04769540
0.05137777
0.05304313
0.05481744
0.05556273
0.04526973
0.04392338
0.04204845
0.04072905
0.04628778
0.04531384
0.04688811
0.05341101
0.05431056
0.05354643
0.04548812
0.04582834
0.04541421
0.04547143
0.04604983
0.04839134
0.04582047
0.04647374
0.05099797
0.05379128
0.05471277
0.05459142
0.04631448
0.04566503
0.04627943
0.04640102
0.04703426
0.04614782
0.04994678
0.05167794
0.05964613
0.05584621
0.05266690
0.04684424
0.04616690
0.04732871
0.04610944
0.04610801
0.04676914
0.04891872
0.05382919
0.05469871
0.05350995
0.04538822
0.04644966
0.04602265
0.04968238
0.04581237
0.04516172
0.04728413
0.05571580
0.05428958
0.05512118
0.05232453
0.04600048
0.04744673
0.04566646
0.04528236
0.04572558
0.04595232
0.04546618
0.04655266
0.05991745
0.05439448
0.05530214
0.04875088
0.04638028
0.04624796
0.04492617
0.04622960
0.04598403
0.04674149
0.04852271
0.05324841
0.05334616
0.05362105
0.04703259
0.04601455
0.04664326
0.04941559
0.04651761
0.04644632
0.04741216
0.04818535
0.05705786
0.05609894
0.05514169
0.04842091
0.04854226
0.04770064
0.04654288
0.04628587
0.04633951
0.04674244
0.05076933
0.06040859
0.05479503
0.05407953
0.04621363
0.04814672
0.04608512
0.04684043
0.04589295
0.04560089
0.04713130
0.04943919
0.05456138
0.05489254
0.05325580
0.04499483
0.04572868
0.04598403
0.04538774
0.04964828
0.04673862
0.04655814
0.04889870
0.05299306
0.05525899
0.05259585
0.04537439
0.04661417
0.04695654
0.04505348
0.04549646
0.04608202
0.04570651
0.05139232
0.06537247
0.06255865
0.04922724
0.04624557
0.04488063
0.04672313
0.04651713
0.04534864
0.04531431
0.05637836
0.05377293
0.05484462
0.05099607
0.04610944
0.04659724
0.04554844
0.04584074
0.04505682
0.04590845
0.04924750
0.05617523
0.05542397
0.05302477
0.04556894
0.05411983
0.04681993
0.04574680
0.04464388
0.04424834
0.04511833
0.04549789
0.04811740
0.05301762
0.05297041
0.05370378
0.04579353
0.04531884
0.04431081
0.04625940
0.04494214
0.04511833
0.04591274
0.04808259
0.05239391
0.05279613
0.05284023
0.04416800
0.04509616
0.04487062
0.04911470
0.05016661
0.04887462
0.04839873
0.05438232
0.05486584
0.05287218
0.04564643
0.04527712
0.04572582
0.04564095
0.04573226
0.04526186
0.04524612
0.04606867
0.04923487
0.05479074
0.05529237
0.05375028
0.04696155
0.04552674
0.04689765
0.04497623
0.04512286
0.04478693
0.04637671
0.04861283
0.05987668
0.05779433
0.05701351
0.05762982
0.05587959
0.04829836
0.05058742
0.05025792
0.05179358
0.04749203
0.06266451
0.05952430
0.05781031
0.04797935
0.04943562
0.04832864
0.04825807
0.04917836
0.04855132
0.05069351
0.05840087
0.06638265
0.05816483
0.04861856
0.04887843
0.04968214
0.05025578
0.05357170
0.05047607
0.04948020
0.05860496
0.05874920
0.05975652
0.04615474
0.04530001
0.04725313
0.04528189
0.04555154
0.04567814
0.04414535
0.04999208
0.05438352
0.05449891
0.05348134
0.04580879
0.04638600
0.04629207
0.04458952
0.04470038
0.04828763
0.04789734
0.05398989
0.05273056
0.05407023
0.05770063
0.04726148
0.04574156
0.04653168
0.04552078
0.04314804
0.04210854
0.04615808
0.05064535
0.05472565
0.05463290
0.05339241
0.04615808
0.04987836
0.04812145
0.04580951
0.04580283
0.04539371
0.05443430
0.05360126
0.05320263
0.05196595
0.04507327
0.04714680
0.04641652
0.04545283
0.04495120
0.04592943
0.04524899
0.05333257
