0.02827907
0.03000975
0.03078365
0.03038335
0.03359413
0.03030157
0.03359413
0.03353167
0.03590441
0.03313375
0.03379488
0.02974439
0.03158331
0.03326178
0.03166080
0.03211546
0.03476834
0.02965522
0.03157997
0.03186417
0.03438425
0.03605676
0.03383064
0.03354645
0.03410125
0.03108215
0.03119659
0.03021765
0.03157640
0.03377342
0.02998948
0.03415060
0.03112531
0.03137231
0.05426598
0.03672600
0.03497910
0.03435779
0.04224348
0.04164243
0.03659844
0.03205132
0.03110409
0.03304410
0.03019929
0.02986908
0.03095078
0.03161669
0.02975607
0.03265786
0.03036594
0.03324938
0.03340006
0.03494167
0.03494120
0.03429651
0.03103423
0.03033447
0.03091645
0.03140783
0.03163171
0.03135061
0.03167748
0.03069067
0.03041244
0.03125215
0.03396201
0.03419662
0.03281403
0.03335190
0.03308129
0.03262234
0.03249002
0.03159142
0.03159976
0.03136945
0.03955841
0.03142452
0.03094459
0.03142285
0.03143978
0.03078365
0.03517461
0.03417182
0.03471613
0.03335953
0.03305721
0.03068233
0.03174758
0.03020597
0.03159118
0.03054905
0.03113008
0.03132319
0.03167963
0.02977514
0.03245306
0.03449845
0.03488994
0.03403497
0.06140161
0.04485011
0.03442121
0.03182316
0.03502250
0.03158760
0.03215384
0.03072238
0.03160954
0.02985120
0.03047013
0.03072095
0.03136516
0.03204203
0.03528500
0.03292990
0.03378868
0.03439045
0.03476167
0.02946830
0.03120708
0.03102374
0.03227258
0.03032923
0.03232741
0.03334880
0.03235769
0.03003335
0.03169799
0.03453493
0.03414106
0.03567433
0.03494048
0.03309369
0.03066683
0.03045750
0.03118491
0.03003240
0.03238463
0.03082252
0.03084731
0.03111410
0.03066945
0.03123236
0.03112030
0.02964163
0.03382468
0.03368902
0.03360534
0.03437829
0.03446245
0.03218865
0.03091121
0.02952051
0.03028011
0.03112674
0.03132415
0.03151202
0.03130937
0.03117609
0.03257155
0.02994323
0.03348708
0.03328729
0.03429961
0.03463936
0.03510046
0.03346753
0.03109765
0.03184986
0.03045297
0.03240442
0.03151751
0.03118014
0.03172159
0.03068233
0.03065681
0.03786445
0.03598380
0.04207301
0.04228950
0.04273796
0.03628111
0.03098869
0.03028941
0.03146672
0.03087187
0.03179979
0.02988076
0.03111839
0.03076053
0.03033519
0.03185868
0.03310704
0.03451324
0.03494406
0.03600287
0.03366280
0.03296304
0.03125668
0.03071356
0.03047490
0.03127337
0.03180099
0.03095722
0.03148341
0.03041792
0.03233099
0.03524590
0.03487086
0.03623295
0.03374672
0.03513932
0.03355765
0.03178501
0.03014183
0.03191662
0.03269076
0.03049636
0.03119779
0.03045177
0.03064585
0.03270817
0.03102612
0.03584218
0.04350233
0.03421211
0.03452873
0.03317118
0.03385329
0.03232360
0.03124166
0.04331970
0.03705478
0.03273678
0.03286099
0.03196883
0.03270698
0.03045249
0.03226352
