0.06067848
0.04482412
0.04797816
0.03730249
0.03620291
0.03647828
0.03724980
0.03637886
0.03874254
0.03731990
0.03917551
0.04124022
0.04338408
0.04260492
0.03884864
0.03824949
0.03910351
0.03736019
0.03779078
0.03688264
0.04074574
0.04090929
0.04051852
0.03621411
0.03784037
0.03623915
0.03615832
0.03705502
0.03620505
0.03681684
0.03826427
0.04034615
0.04039264
0.04046988
0.03515530
0.03622603
0.03580213
0.03703356
0.03443432
0.03573179
0.03603816
0.04556274
0.04415274
0.04693913
0.04520106
0.04629254
0.03459477
0.03288507
0.03399420
0.04524207
0.03280187
0.03601193
0.03614974
0.03666925
0.03728414
0.03404427
0.03393316
0.03552437
0.03390789
0.03523540
0.03431678
0.03351617
0.03835487
0.03789163
0.03836846
0.03756404
0.03503251
0.03396630
0.03441954
0.03288031
0.03283691
0.03244400
0.03233385
0.03273177
0.03647447
0.03606892
0.03616095
0.03606319
0.04376912
0.03447914
0.03586149
0.03590679
0.04027176
0.03527141
0.03529954
0.03529072
0.03907895
0.04054475
0.04052854
0.04027581
0.03537297
0.03409576
0.03480291
0.03411555
0.03524280
0.03551030
0.03560209
0.03517985
0.03553748
0.03597450
0.04479790
0.04732156
0.03833723
0.03447223
0.03541708
0.03465533
0.03523183
0.03499317
0.03602886
0.03686070
0.04182363
0.03993011
0.03989816
0.04456830
0.05072474
0.03134203
0.03184843
0.03206587
0.03233337
0.03226995
0.03172851
0.03070235
0.03604627
0.03477597
0.03552389
0.03609776
0.03217697
0.03102040
0.03183722
0.03297687
0.03230309
0.03216076
0.03209734
0.03160453
0.03177643
0.03550410
0.03440714
0.03626108
0.03550315
0.03338170
0.03156710
0.03350711
0.03082442
0.03174233
0.03169918
0.03223825
0.03256559
0.03175139
0.03380966
0.03482842
0.03629708
0.03498387
0.03631735
0.03307819
0.03647876
0.03356504
0.03058815
0.03240824
0.03324080
0.03263593
0.03250480
0.03306890
0.03441811
0.03559852
0.03519940
0.03543353
0.03138018
0.03215766
0.03171325
0.03141713
0.03235674
0.03158712
0.03096795
0.03362226
0.03214169
0.03430438
0.03531861
0.03501415
0.03435445
0.03311443
0.03250766
0.03283095
0.03181386
0.03133965
0.03059888
0.03144312
0.03226209
0.03338838
0.03386045
0.03695726
0.03670287
0.03807306
0.03682232
0.03377032
0.03302145
0.03458428
0.03335047
0.03368258
0.03444433
0.03265476
0.03318238
0.03519559
0.03722024
0.03760242
0.03816056
0.03895831
0.03537130
0.03309345
0.03439999
0.03392839
0.03337002
0.03299809
0.03363299
0.03352427
0.03462100
0.03732681
0.03828549
0.03674746
0.03700876
0.03251481
0.03320909
0.03405666
0.03208733
0.03347945
0.03408408
0.03281665
0.03282762
0.03579140
0.03503633
0.03517437
0.03568506
0.03512144
0.03105187
0.03296351
0.03168583
0.03241825
0.03267312
0.03194070
0.03158879
0.03387594
0.03330970
0.03264046
0.03483319
0.03482413
0.03501439
0.03603482
0.03414226
0.03230333
0.03251696
0.03214478
0.03138828
0.03101039
0.03252959
0.03178024
0.03331757
0.03217030
0.03656125
0.03606510
0.03581572
0.03509259
0.03278232
0.03165674
0.03081250
0.03268409
0.03236270
0.03243685
0.03364205
0.03114033
0.03138208
0.02986789
0.03561807
0.03465462
0.03629112
0.03614593
0.03089356
0.03180671
0.03208971
0.03080678
0.03327250
0.03126407
0.03146386
0.03205681
0.03341436
0.03574777
0.03626561
0.03568602
0.03545499
0.03506160
0.03336549
0.03281474
0.03321743
0.03334379
0.03834057
0.05231714
0.03548431
0.03580451
0.04092813
0.03984261
0.03966713
0.03935289
0.03536010
0.03573513
0.03577018
0.03628325
0.03869271
0.03633618
0.03667641
0.03887773
0.04293966
0.04180098
0.04515171
0.03567243
0.03529453
0.03583384
0.03538585
0.04042649
0.03651142
0.03929996
0.03538799
0.04684091
0.04072905
0.04042792
0.04108238
0.03673697
0.03991055
0.03611994
0.04510236
0.04021001
0.03669071
0.03629589
0.03918719
0.04263830
0.04113889
0.04097676
0.03680491
0.03722239
0.03668499
0.03846669
0.03555918
0.03551388
0.03582025
0.04538107
0.05340099
0.03438330
0.03630996
0.03232002
0.03635001
0.03528214
0.03909731
0.03569269
0.03539181
0.04822946
0.03876805
0.03887200
0.04071283
0.04084253
0.04603958
0.03589582
0.03494668
0.03641796
0.03457046
0.03502560
0.03543353
0.03517962
0.03700066
0.03820825
0.04177785
0.04070258
0.04033852
0.03614092
0.03620005
0.03595376
0.03927064
0.03658080
0.03557920
0.03504634
0.04152012
0.03487253
0.04038000
0.03940725
0.04677320
0.03989959
0.03578830
0.03532195
0.03614831
0.03766799
0.03707433
0.03822947
0.03559160
0.03831458
0.04003358
0.04109693
0.04028869
0.03502607
0.03483033
0.03513813
0.03626966
0.03446722
0.03573680
0.03571248
0.03601670
0.04097891
0.03977370
0.04398203
0.03586626
0.03506279
0.03568459
0.03627181
0.03494406
0.03475833
0.03606272
0.03578067
0.04076529
0.04194498
0.04035163
0.03917193
0.03588963
0.03515887
0.03620338
0.03609180
0.03532243
0.03337479
0.03150487
0.03609204
0.03958511
0.04255128
0.04083133
0.04156184
0.03570032
0.03787899
0.03660083
0.03578901
0.03617358
0.03756905
0.03856015
0.03695655
0.04269409
0.04080534
0.04264688
0.04117060
0.03647900
0.03696561
0.03681660
0.03587222
0.03641343
0.03556442
0.03539896
0.03635025
0.03405285
0.03944683
0.04633474
0.04203296
0.03788304
0.03694177
0.03678989
0.03597164
0.03669930
0.03693247
0.03645658
0.03803635
0.04905200
0.05397296
0.04810023
0.05039787
0.03633165
0.03685570
0.03613544
0.03610396
0.03670239
0.03733635
0.03986883
0.04656148
0.04127789
0.04224730
0.03713417
0.03663278
0.03675747
0.03751087
0.03564262
0.03834200
0.03537440
0.03486633
0.03955388
0.03948832
0.03964043
0.04124737
0.03526545
0.03404021
0.03690982
0.03572345
0.03526139
0.03491926
0.03445101
0.03460836
0.03460479
0.03763700
0.04163861
0.04110622
0.04134345
0.03856730
0.03694630
0.03582597
0.03343463
0.03348780
0.04547739
0.03428721
0.03594255
0.04361939
0.03979683
0.03818130
0.03668261
0.03505445
0.03562403
0.03437757
0.03536701
0.03468132
0.03513765
0.03534460
0.03600025
0.04185247
0.03985786
0.04044223
0.03942847
0.03434420
0.03487945
0.03459477
0.03546000
0.03795624
0.03525758
0.03446937
0.03713417
0.03884459
0.03873897
0.03921556
0.04069948
0.03563452
0.03816915
0.03537822
0.03463387
0.03547573
0.03438115
0.03437042
0.03467917
0.03452992
0.03690910
0.04959321
0.04061484
0.03827286
0.03431296
0.03391576
0.03301787
0.03129125
0.03201485
0.03181958
0.03250909
0.03341556
0.03599930
0.03515863
0.03511024
0.03646374
0.03117466
0.03265762
0.03145576
0.03459549
0.03221822
0.03185534
0.03058839
0.03132319
0.03237677
0.03524852
0.03450346
0.03609419
0.03628945
0.03465509
0.03293920
0.03301835
0.03095698
0.03332639
0.03370523
0.03391480
0.03298211
0.03548694
0.03704667
0.03805947
0.03735304
0.03496170
0.03355718
0.03432226
0.03428793
0.03332615
0.03308415
0.03419542
0.03416157
0.03394485
0.03575730
0.03863811
0.03800774
0.03897357
0.03716707
0.03516817
