0.05539250
0.06330943
0.07341385
0.07132292
0.05238748
0.05301785
0.05347514
0.05471420
0.05287552
0.06179881
0.06923819
0.06571388
0.05430126
0.05472422
0.05672908
0.05868983
0.05657363
0.06630731
0.06593013
0.05582261
0.05676007
0.05578327
0.05695271
0.05599737
0.06815434
0.06698394
0.06502295
0.05760789
0.05536175
0.05503607
0.05530238
0.05551600
0.05859256
0.05864072
0.06943488
0.07079744
0.05809236
0.05906796
0.05951858
0.05809927
0.05717278
0.06579447
0.07038164
0.06763816
0.05940437
0.06033516
0.05737638
0.05948067
0.05721331
0.06565762
0.11384749
0.07763171
0.06213474
0.06317043
0.05970454
0.06017137
0.06239009
0.08705950
0.08531022
0.06344795
0.06188798
0.06550288
0.06240654
0.06189346
0.06848812
0.07623529
0.07295513
0.06285667
0.06333137
0.06503415
0.06542134
0.07129145
0.07022691
0.08296967
0.08154249
0.06876945
0.07065082
0.07266498
0.07192802
0.07282233
0.09076476
0.09517646
0.07504892
0.07814741
0.07681632
0.07760477
0.09358311
0.09257126
0.07394624
0.07414818
0.07470083
0.07788253
0.09195852
0.09208679
0.07445216
0.07441592
0.07476330
0.07513237
0.08136582
0.09698153
0.10716510
0.07761908
0.09623766
0.08099127
0.08553386
0.10333204
0.08516788
0.07798958
0.08155990
0.07940221
0.08956265
0.09907818
0.07818556
0.07848573
0.07760406
0.07612586
0.09510088
0.09017038
0.07349491
0.07238483
0.07282782
0.07292724
0.09140563
0.09081459
0.07147074
0.07287383
0.07252407
0.07165170
0.07422900
0.08857417
0.08455420
0.07390356
0.07327175
0.07349420
0.07473445
0.08499503
0.09100103
0.08185720
0.07336712
0.07182169
0.07144499
0.07675529
0.13358617
0.07711077
0.07073784
0.06991935
0.07292151
0.07505369
0.09065866
0.08844995
0.07587242
0.07436371
0.07698607
0.07710361
0.09565473
0.09228587
0.08164382
0.07905412
0.08077550
0.07782149
0.08937287
0.09944797
0.07837439
0.08070564
0.07886887
0.08351326
0.10486460
0.09667873
0.08581400
0.07975817
0.08214593
0.08178091
0.10256529
0.09903622
0.08915997
0.07893324
0.07821727
0.10230422
0.09739256
0.07609224
0.08105922
0.10092831
0.10045028
0.11730099
0.11488986
0.07518578
0.07997751
0.09037328
0.09893656
0.07890725
0.08025360
0.07584953
0.08460593
0.10248637
0.09244847
0.08016133
0.07983589
0.07654142
0.09125614
0.10419178
0.08116817
0.08614802
0.07897186
0.08169198
0.10755777
0.09431171
0.08636045
0.08638692
0.08476806
0.08868361
0.10272169
0.07868528
0.07767177
0.08039927
0.08045459
0.09951138
0.09771609
0.07996154
0.07909608
0.08012867
0.08570170
0.09881806
0.08481622
0.08469009
0.07783484
0.07740021
0.08643603
0.09464574
0.08039451
0.07809734
0.07571673
0.07893634
0.09162092
0.09654474
0.08095312
0.08047819
0.07950902
0.08345270
0.09856272
0.09216762
0.08310103
0.07951927
0.07785606
0.09300518
0.08645487
0.07068038
0.07228780
0.07215047
0.07532978
0.09051156
