0.02116251
0.03388906
0.04534554
0.04485798
0.03230286
0.03334117
0.03177786
0.03136230
0.03608179
0.03648591
0.03632569
0.03526950
0.03562188
0.03289104
0.04430985
0.04252696
0.03359008
0.03152919
0.03184366
0.03031540
0.02863050
0.03214812
0.03300261
0.03556681
0.03681374
0.03587508
0.04022145
0.03398180
0.03369522
0.04282618
0.03187466
0.03463674
0.03226781
0.03093386
0.03428316
0.03211880
0.03228235
0.03854632
0.03514099
0.04275179
0.04419661
0.04484749
0.04242778
0.04491520
0.04695320
0.03353786
0.03121519
0.03298926
0.03029275
0.03203130
0.03177619
0.03527880
0.03499651
0.03586841
0.03512096
0.03596759
0.03537703
0.03167462
0.03094244
0.03222775
0.03140831
0.03325319
0.03210926
0.03866267
0.03329539
0.03328705
0.03232956
0.03401828
0.03623009
0.04283500
0.03932405
0.03415465
0.03290749
0.03189921
0.03139567
0.03100491
0.03254223
0.03159451
0.03353953
0.03243947
0.03202820
0.03314638
0.03412199
0.03559232
0.03466630
0.03595519
0.03543949
0.03397131
0.03295231
0.03306913
0.03200507
0.03217649
0.03455305
0.03425288
0.03181601
0.03333354
0.03629684
0.03539920
0.03489733
0.05108404
0.05303335
0.03562665
0.03245163
0.03445339
0.04912162
0.03181577
0.03154397
0.03892064
0.03594422
0.03515124
0.03464746
0.03645349
0.03086782
0.03540063
0.03244591
0.03299308
0.03659487
0.03030324
0.03107834
0.04054523
0.03334236
0.03260946
0.03266191
0.04000998
0.03802466
0.03581858
0.03674722
0.03266692
0.03174520
0.03277755
0.03257155
0.03234553
0.03379631
0.03161359
0.03190732
0.03373432
0.03235745
0.03685713
0.03670406
0.03643322
0.04252768
0.03654623
0.03419614
0.03304338
0.03284407
0.03273821
0.03314042
0.03507495
0.03240609
0.03177595
0.03833342
0.03666067
0.03651142
0.03799415
0.03674126
0.04115796
0.03439260
0.03291130
0.03288198
0.03363824
0.03352189
0.03415704
0.03269744
0.03287816
0.03400350
0.03820825
0.03745246
0.03642607
0.03725243
0.03838706
0.04062581
0.03289914
0.03314757
0.03307247
0.03391886
0.03272676
0.03489423
0.03278446
0.03184223
0.03218579
0.03515577
0.03590012
0.03730035
0.03673339
0.03601623
0.03186941
0.03157282
0.03571987
0.03274727
0.03250408
0.03180909
0.03196454
0.03156948
0.03602791
0.03625584
0.03686786
0.03574252
0.03655601
0.03594494
0.03697205
0.03249884
0.03332329
0.03379107
0.03257561
0.03345132
0.03832865
0.03509951
0.03340602
0.03736830
0.03785491
0.04214931
0.03656673
0.03773522
0.03433371
0.03229928
0.03189945
0.03207445
0.03229880
0.03206801
0.04152298
0.03529215
0.03830314
0.03778934
0.03650737
0.03698206
0.03674173
0.03667521
0.03442192
0.03538680
0.03343892
0.03523707
0.03375196
0.03360748
0.03301525
0.03478837
0.03289771
0.03644085
0.03610706
0.03677177
0.03616929
0.03619480
0.03403115
0.03410292
0.03235435
0.03355598
0.03418565
0.03302002
0.03358650
0.03237820
0.03666663
0.03739285
0.03744006
0.03865838
0.03686571
0.03516626
0.03258276
0.03812361
0.03350258
0.03360629
0.03315520
0.03340173
0.03300381
0.03223920
0.03531218
0.03758955
0.03659391
0.03745651
0.04147863
0.03533459
0.03283095
0.03202915
0.03288579
0.03235602
0.03111839
0.03261352
0.03218722
0.03124285
0.03223181
0.03631020
0.03654313
0.03492880
0.03673148
0.03722072
0.03322482
0.03331327
0.03400302
0.03259039
0.03258109
0.03313112
0.03245354
0.03109622
0.03131533
0.03537941
0.03696632
0.04073954
0.03583264
0.03630233
0.03459072
0.03226662
0.03290820
0.03131342
0.03329730
0.03198791
0.03347969
0.03222346
0.03493547
0.03578973
0.03619051
0.03553653
0.04051971
0.03498888
0.03178978
0.03237343
0.03279090
0.03284860
0.03383446
0.03271103
0.03210592
0.03353477
0.03161216
0.03609419
0.03360415
0.03530025
0.03520942
0.03610110
0.03465199
0.03450608
0.03276849
0.03094840
0.03481197
0.03107762
0.03260803
0.03524780
0.03103995
0.03289223
0.03354979
0.03392673
0.03618193
0.03659439
0.03617001
0.03773093
0.03360295
0.03245139
0.03695416
0.03221083
0.03219318
0.03131127
0.03312397
0.03387904
0.03131104
0.03207803
0.03463984
0.03716636
0.03629589
0.03444147
0.03925109
0.03083563
0.03125930
0.03285933
0.03310609
0.03232574
0.03208017
0.03199601
0.03391528
0.02828312
0.02978945
0.03584456
0.03406405
0.03422070
0.03583574
0.03830004
0.03058171
0.03227401
0.03082705
0.03090906
0.03188586
0.03082180
0.02970600
0.03121305
0.03151059
0.03149152
0.03306127
0.03681922
0.03800297
0.03427386
0.03530407
0.03872323
0.03242731
0.03471589
0.03216624
0.03321195
0.03145218
0.03251648
0.03153777
0.03245163
0.04130745
0.04004908
0.04102993
0.04103613
0.04032755
0.05484509
0.03268576
0.03452849
0.03257704
0.03245473
0.03162360
0.03202486
0.07079268
0.04281211
0.06103706
0.03465462
0.03168964
0.03154540
0.03174829
0.03311253
0.03970838
0.03299427
0.03131032
0.03331614
0.03465176
0.03439951
0.03431439
0.03405356
0.03647947
0.03362250
0.03187346
0.03632665
0.03082180
0.03167915
0.03585482
0.03378820
0.03073478
0.03121638
0.03026748
0.03197575
0.03021169
0.03345013
0.03478026
0.03593969
0.03517413
0.03480268
0.03288555
0.03086925
0.03241992
0.03158498
0.03262687
0.03471923
0.03213978
0.03119922
0.03127146
