0.05926895
0.05783534
0.05282855
0.04654837
0.04693127
0.04773211
0.04617333
0.04418039
0.04522824
0.04549289
0.05098796
0.05485582
0.05398321
0.04984522
0.04650736
0.04458404
0.04611135
0.04486847
0.04750371
0.05388188
0.05247641
0.05284047
0.04625821
0.04521465
0.04588127
0.04636383
0.04539680
0.04875207
0.05297923
0.05482912
0.04827595
0.04576778
0.04533362
0.04491925
0.04490066
0.04565310
0.05569792
0.05249929
0.05063272
0.04524684
0.04606462
0.04595590
0.04497075
0.04582381
0.05389428
0.05126762
0.05004048
0.04555368
0.04405499
0.04312444
0.04287720
0.03994823
0.04253888
0.05176830
0.05271411
0.05506182
0.05494690
0.04078603
0.04057121
0.04021025
0.04070592
0.04122448
0.04727817
0.04596233
0.04554772
0.04001093
0.03944016
0.04069257
0.04207063
0.03990889
0.04025936
0.04388452
0.04784298
0.04618573
0.04610729
0.04009795
0.04148889
0.04066300
0.04058838
0.04105139
0.04018688
0.04239726
0.04616690
0.04676032
0.04591227
0.04090667
0.04132414
0.04009032
0.04009533
0.04044771
0.04216576
0.04309201
0.04751801
0.04704165
0.04797506
0.04136014
0.04184937
0.04106593
0.04204011
0.03858447
0.04185963
0.04649472
0.04843855
0.04756212
0.04491234
0.04145193
0.04277277
0.04188681
0.04193521
0.04136109
0.04179382
0.04185796
0.04718399
0.05463624
0.04992318
0.04554868
0.04233909
0.04276180
0.04142213
0.04167438
0.04264903
0.04258060
0.04192352
0.04917502
0.04837275
0.04932117
0.04184103
0.04226422
0.04359961
0.04104042
0.04175448
0.04189134
0.04101801
0.04131699
0.04826617
0.04815340
0.04820848
0.04275084
0.04141307
0.04108548
0.04229474
0.04231501
0.04107881
0.04223013
0.05051446
0.04909873
0.04983664
0.04503798
0.04178309
0.04180932
0.04348063
0.04169178
0.04312158
0.04057288
0.04459262
0.04714680
0.04752731
0.04645777
0.04172540
0.04232073
0.04169250
0.04160023
0.04195809
0.04179907
0.04405022
0.04837155
0.04786825
0.04649949
0.04234791
0.04238105
0.04184079
0.04141426
0.04240870
0.04216433
0.04168367
0.05592752
0.04871678
0.05045891
0.04106236
0.04228663
0.04297829
0.04203057
0.04166603
0.03838801
0.04074860
0.04625511
0.04947543
0.04977202
0.04635358
0.04329395
0.04258752
0.04143834
0.04117775
0.04242873
0.04175925
0.04587936
0.05026293
0.05060410
0.04698300
0.04302764
0.04339266
0.04374528
0.04285431
0.04284406
0.04277968
0.04905963
0.04997253
0.04945636
0.04717469
0.04725766
0.04371047
0.04397249
0.04265523
0.04292297
0.04400778
0.05379677
0.05400181
0.05809855
0.04951096
0.04370046
0.04388237
0.04461002
0.04361367
0.04407763
0.04672885
0.05143261
0.05166984
0.04816413
0.04386711
0.04504919
0.04384637
0.04397416
0.04351544
0.04496908
0.05590320
0.05105281
0.05165195
0.04498792
0.04324222
0.04386401
0.04370117
0.04426670
0.04491901
0.04956317
0.05137229
0.05216074
0.04756451
0.04495573
0.04449201
0.04425621
0.04431748
0.04576468
0.04641533
0.05378079
0.05314589
0.05201793
0.04389977
0.04434395
0.04442310
0.04406595
0.04499435
0.04738045
0.04678679
0.04438424
0.04428554
0.04661965
0.04534054
0.04572558
0.04525542
0.04568243
0.04522181
0.04611254
0.04862309
0.05269289
0.05339456
0.04955959
0.04613471
0.04551578
0.04741240
0.04712224
0.04671359
0.04934096
0.05528259
0.05394506
0.05151629
0.04622293
0.04580879
0.04585314
0.04844832
0.04630899
0.05221438
0.05581450
0.05542278
0.04705381
0.04646921
0.04644489
0.04781079
0.04754663
0.05044556
0.05533648
0.05545235
0.05128884
0.04787350
0.04836798
0.04633904
0.04828811
0.04908061
0.05208135
0.05515838
0.05543876
0.04892159
0.04875517
0.04887414
0.04735231
0.05010319
0.04831648
0.05818844
0.05642390
0.05563879
0.04799557
0.04817319
0.04778552
0.04759574
0.04782629
0.05530119
0.05548120
0.05666637
0.04898143
0.04893637
0.04820108
0.04950714
0.04817200
0.05308390
0.05820417
0.05825830
0.04962111
0.05104661
0.05042577
0.05074096
0.05452871
0.05168748
0.05813289
0.06042552
0.05541801
0.04973269
0.05178571
0.04965997
0.05093312
0.05144525
0.06179309
0.06093335
0.05834150
0.05168509
0.05144882
0.05247641
0.05257940
0.05205631
0.05551243
0.06348848
0.06407166
0.05361557
0.05239868
0.05278420
0.05506253
0.05315971
0.05765295
0.06357670
0.06433105
0.05251193
0.05476141
0.05300784
0.05354333
0.05444932
0.06756377
0.06532478
0.06268740
0.05463052
0.05445623
0.05551291
0.05453897
0.06098795
0.06698108
0.06694865
0.05544996
0.05544114
0.05815935
0.05460858
0.05641055
0.06258416
0.06483841
0.06511545
0.05450463
0.05548239
0.05498910
0.05506754
0.05495524
0.06801677
0.06667280
0.06169987
0.05695820
0.05730319
0.05808830
0.05720687
0.06707406
0.06861234
0.06568980
0.05714345
0.05752683
0.05789113
0.05736375
0.06219554
0.06977224
0.07027936
0.05861926
0.06006956
0.05956984
0.05996728
0.06010985
0.07062721
0.07347560
0.06402230
0.06181598
0.07508302
0.06024075
0.06240678
0.07571554
0.07622266
0.06300020
0.07108593
0.07820082
0.06146264
0.06177735
0.07786107
0.07651806
0.06392479
0.06325102
0.06319237
0.06386876
0.07123232
0.07974958
0.07584071
0.06611037
0.06746936
0.06634450
0.06702495
0.08281851
0.08285046
0.06635571
0.06682324
0.06826878
0.06731176
0.07215619
0.08372617
0.08010459
0.06886888
0.06849337
0.06892085
0.07088470
0.08686757
0.08543777
0.07091951
0.06922865
0.07177615
0.07578349
0.08884358
0.08323169
0.07184315
0.07215810
0.07309842
0.07526064
0.08854747
0.08509946
0.07331204
0.07276559
0.07355356
0.08254123
0.09167957
0.08894610
0.07386923
0.07491994
0.07466364
0.07501864
0.10876393
0.07535720
0.07524681
0.07389593
0.07583618
0.09508896
0.09588242
0.07885265
0.07818770
0.07763195
0.07973528
0.09582138
0.09257746
0.08077693
0.07843471
0.07947206
0.08894944
0.09647512
0.08097863
0.07960510
0.08129787
0.07843900
0.09209418
0.10216403
0.08041549
0.08131456
0.08090496
0.08498621
0.10002875
0.08671284
0.08015895
0.08113217
0.08051276
0.09927368
0.10140419
0.08088303
0.07921648
0.08121753
0.08588052
0.10175467
0.08613825
0.07976890
0.08062363
0.08184171
0.10084677
0.09834790
