0.06434965
0.06151557
0.04677582
0.05552268
0.04443598
0.04527640
0.04505348
0.07166624
0.05041671
0.05027986
0.05022073
0.04379082
0.04370332
0.04329157
0.04284930
0.04499841
0.04712319
0.05252242
0.05486536
0.05356717
0.04927087
0.04676437
0.04632998
0.04576921
0.04476285
0.04629230
0.04982066
0.04867911
0.04655671
0.04244614
0.04176378
0.04204941
0.04715347
0.04236531
0.04521370
0.05246854
0.05166817
0.05170202
0.04799390
0.04685736
0.04647946
0.04604459
0.04553413
0.04539251
0.04521942
0.05082321
0.05019236
0.05061436
0.04424381
0.04540014
0.04412985
0.04401183
0.04353285
0.04442191
0.04356170
0.04651570
0.05246758
0.05541348
0.05146909
0.04686642
0.04751587
0.04588890
0.04668283
0.04660797
0.04971170
0.05794168
0.05643940
0.05498266
0.04957461
0.04945493
0.04694390
0.04581141
0.04507780
0.04665875
0.05727911
0.05309796
0.05224490
0.04582930
0.04653287
0.04667807
0.04866004
0.04784155
0.04702950
0.04846025
0.05645633
0.05484557
0.05397153
0.04553437
0.04527378
0.04437852
0.04414058
0.04405880
0.04499173
0.04262877
0.04467249
0.05038047
0.04950595
0.05058646
0.04183316
0.04250622
0.04412961
0.04486179
0.04352880
0.04339623
0.04441905
0.04881167
0.05061626
0.05023170
0.04474998
0.04442787
0.04352593
0.04272270
0.03870749
0.04156995
0.04650044
0.04817295
0.04682207
0.04480958
0.04182529
0.03983045
0.04024053
0.03906035
0.03762579
0.03702092
0.03696132
0.03992939
0.04243207
0.04204464
0.04129624
0.03676462
0.03610659
0.03760409
0.03633904
0.03569913
0.03665662
0.03656483
0.03807831
0.04046893
0.04033589
0.04021692
0.03795362
0.03495741
0.03498507
0.03569961
0.03552961
0.03561640
0.03415227
0.03329229
0.03726816
0.03689933
0.03796649
0.03701305
0.03497481
0.03267050
0.03348327
0.03530765
0.03281164
0.03402853
0.03435779
0.03282785
0.03325152
0.03726792
0.03887343
0.03625321
0.03624725
0.03437138
0.03421378
0.03353357
0.03105760
0.03171539
0.03305817
0.03255630
0.03221631
0.03259826
0.03581834
0.03545880
0.03666306
0.03889847
0.03491426
0.03491664
0.03437829
0.03540134
0.03284383
0.03345728
0.03302598
0.03458357
0.03435802
0.03705573
0.03741813
0.03627872
0.03759551
0.03729057
0.03323603
0.03351760
0.03239107
0.03154898
0.03315115
0.03259182
0.03478336
0.03279781
0.03679800
0.03669500
0.03719592
0.03930306
0.03529739
0.03483939
0.03352427
0.03445697
0.03435993
0.03615212
0.03668785
0.03693414
0.03810120
0.04364657
0.04320335
0.04468465
0.04475641
0.03860641
0.03951263
0.03800726
0.03980160
0.04551864
0.04737973
0.04147100
0.04879117
0.04943848
0.04991555
0.04296613
0.04327178
0.04265451
0.04261732
0.04551792
0.04509282
0.04540658
0.05374956
0.05331779
0.05405426
0.04601216
0.04540586
0.04484487
0.04513288
0.04515791
0.04566789
0.04684210
0.05868626
0.06076050
0.05858016
0.05624413
0.06009483
0.05700397
0.05976224
0.05938673
0.06636715
0.07203984
0.07007551
0.05823135
0.06219053
0.06548071
0.07049894
0.06288576
0.07557607
0.07569599
0.06822968
0.06588697
0.06234598
0.06241035
0.06197238
0.06136394
0.07320595
0.07105017
0.06420016
0.06106257
0.06474757
0.06403875
0.06184316
0.06094217
0.06561828
0.07354116
0.07206726
0.06003141
0.06114602
0.06087041
0.06322265
0.06443572
0.07720041
0.07853222
0.06887746
0.06711531
0.06901526
0.06877398
0.06894660
0.08359909
0.07688737
0.06358075
0.05847049
0.05664563
0.05727267
0.05635190
0.05644965
0.06916261
0.06782699
0.06218076
0.05497241
0.05280805
0.05440474
0.05426240
0.05367494
0.05676341
0.06331825
0.06155705
0.05492043
0.05293918
0.05279684
0.05309391
0.05395985
0.05439234
0.05992818
0.06221724
0.05969644
0.04813862
0.04933357
0.04711390
0.04540730
0.04534364
0.04458714
0.04456091
0.05171704
0.04903746
0.04788184
0.04174280
0.04050684
0.03984904
0.03897238
0.03812456
0.03762627
0.03691769
0.03710413
0.03968096
0.04141998
0.03954554
0.03950977
0.03542495
0.03496885
0.03386807
0.03387666
0.03631377
0.03594017
0.03594804
0.03691578
0.04135990
