0.05825567
0.06836605
0.07702684
0.08870006
0.07175040
0.07285285
0.08101892
0.08657551
0.11267471
0.07753205
0.07772923
0.07994342
0.08430052
0.09953904
0.08484244
0.08235025
0.08138442
0.08506775
0.10445881
0.08791900
0.07941914
0.08542204
0.08176398
0.10333419
0.09917498
0.08224297
0.08222365
0.08268476
0.10756278
0.10303378
0.08346772
0.08603358
0.08604217
0.10181117
0.10882688
0.08862948
0.08638000
0.09309483
0.11777735
0.10610962
0.09395289
0.09395576
0.09778166
0.11865830
0.09382319
0.09229064
0.09334493
0.12177539
0.10758257
0.09611678
0.09692812
0.10217619
0.12871623
0.09966874
0.09935260
0.10021329
0.11924434
0.12011242
0.10274839
0.10411668
0.11000299
0.13148665
0.10416555
0.10432577
0.11878037
0.13699722
0.10381079
0.10094380
0.11317921
0.15859604
0.11015940
0.10721421
0.10809588
0.14905167
0.11732244
0.11000705
0.11201000
0.14431572
0.11452365
0.11209846
0.11388254
0.14664650
0.11836743
0.11444545
0.11615396
0.13295054
0.13869810
0.11618233
0.12136650
0.13792109
0.14928198
0.12380743
0.12655044
0.16293454
0.12677860
0.12448668
0.15874791
0.14395928
0.12473655
0.12254262
0.16243553
0.12416005
0.13039017
0.14251232
0.14507604
0.12580609
0.12097788
0.15032077
0.13884664
0.12553835
0.12797856
0.16092229
0.12529945
0.12565804
0.13049865
0.15657663
0.11660409
0.11749649
0.15336490
0.12261581
0.11632681
0.12268639
0.15807891
0.12645268
0.11181664
0.12962270
0.14856720
0.12721944
0.11781192
0.13560724
0.13342237
0.11546373
0.11907673
0.15655899
0.11774087
0.11880851
0.12987232
0.14598489
0.11777377
0.11815214
0.13067460
0.14332247
0.11666250
0.11824369
0.12878036
0.15050888
0.11732125
0.11813664
0.13056183
0.15491748
0.12113404
0.12020564
0.12589717
0.15146708
0.11949444
0.12238073
0.12972713
0.14486718
0.12109375
0.12029624
0.13400984
0.15222931
0.11865354
0.11840796
0.14471269
0.17495108
0.12067151
0.12422729
0.14233708
0.14220786
0.12810707
0.12320018
0.14348578
0.14960456
0.13142037
0.12596869
0.17477703
0.12618399
0.12594485
0.13229465
0.16069722
0.12427425
0.12486339
0.14003515
0.14715123
0.12791371
0.12660527
0.14154720
0.15468383
0.12897611
0.12931561
0.14723396
0.14636588
0.12718248
0.12875175
0.15115047
0.14718771
0.13060427
0.12861562
0.16734147
0.13132429
0.12991738
0.14049721
0.16938996
0.13054967
0.12968063
0.13400054
0.16732597
0.12900758
0.13043880
0.14458728
0.15237474
0.13004494
0.13366246
0.14132333
0.14934731
0.12752461
0.12812352
0.14892626
0.14840603
0.12579894
0.12795401
0.16849661
0.13340187
0.13067603
0.13883018
0.16264224
0.12600946
0.12864447
0.14480639
0.16161561
0.12910271
0.12928796
0.13009763
0.17163515
0.13709998
0.13049054
0.12972069
0.16596794
0.12997246
0.13139343
0.14180827
0.16046548
0.12812448
0.13048816
0.14369631
0.14828396
0.13266754
0.12969804
0.16919041
0.13028240
0.12814069
0.13437366
0.16707253
0.12728000
0.12551308
0.12522125
0.14650702
0.14109445
0.12315989
0.12336993
0.15764403
0.12042570
0.11773777
0.11245537
0.16144300
0.12273812
0.12326598
0.12422442
0.16404557
0.12477160
0.12494540
0.12627363
0.16090798
0.12534404
0.12376595
0.11677003
0.16059089
0.12544107
0.11942244
0.12390423
0.15817404
0.12208581
0.12051153
0.12419987
0.15852118
0.12310290
0.12285948
0.12608767
0.15866137
0.11909699
0.12064934
0.11965895
0.12884283
0.15007401
0.11598873
0.11141825
0.12441826
0.14493728
0.11380959
0.11440778
0.11631179
0.14900804
0.11607504
0.11202264
0.11661220
0.11453485
0.14565730
0.11683846
0.11185908
0.11188245
0.14875770
0.12122798
0.11371899
0.11300969
0.14368081
0.12741733
0.11519074
0.11601138
0.13373303
0.13590360
0.11719728
0.11498237
0.12932301
0.14784122
0.11993241
0.12078094
0.13946486
0.14340806
0.12389421
0.12171078
0.14247823
0.13656878
0.12272573
0.12052107
0.14390087
0.13375115
0.12172961
0.12041903
0.13784909
0.14541459
0.12099743
0.12233019
0.14226151
0.13568664
0.11943579
0.12120390
0.14124727
0.13533568
0.12141848
0.12307215
0.16449380
0.12167120
0.11765265
0.11700511
0.13142705
0.14326024
0.11811972
0.11813045
0.12631345
0.15211630
0.11758161
0.12682486
0.11966610
0.15250301
0.11792994
0.11816359
0.11850119
0.15187097
0.12640691
0.11541343
0.11607265
0.13328195
0.13920164
0.11907005
0.11780214
0.13165069
0.14331651
0.11660266
0.11606669
0.13149118
0.14546347
0.11654401
0.11705613
0.12639022
0.15188742
0.12247515
0.11722088
0.12460160
0.15226030
0.11687016
0.11877155
0.12842536
0.14625216
0.11728287
0.11839056
0.13339591
0.14087868
0.11843085
0.11470056
0.15216279
0.12212181
0.11698341
0.11523533
0.15143418
0.11904597
0.11436296
0.11346889
0.12640953
0.14721799
0.11761761
0.11633873
0.13502145
0.13716507
0.11817050
0.11606598
0.13492179
0.13759828
0.11744714
0.11676836
0.13150096
0.13950920
0.11723757
0.11518693
0.13264823
0.13756180
0.11806417
0.11487412
0.13124323
0.13915229
0.11366248
0.11392999
0.12864304
0.14665842
0.11778688
0.11572790
0.13789225
0.13113260
0.11437821
0.11803985
0.15318871
0.11818719
0.11432767
0.11874032
0.14958715
0.11552310
0.12714195
0.12799907
0.13977313
0.11213708
0.11154294
0.12608123
0.14220262
0.11255074
0.11129189
0.12428522
0.14503360
0.11985874
0.11277819
0.12446094
0.14232588
0.11138296
0.10992599
0.11921835
0.13813424
0.10850191
0.10869098
0.11477089
0.14136171
0.10939264
0.10864353
0.11530375
0.13722467
0.10521960
0.10394025
0.10868979
0.13440514
0.10515594
0.10541534
0.10268235
0.12984133
0.10484552
0.10331726
0.10321617
0.12087560
0.13342857
0.10202456
0.10059857
0.10347939
0.14512563
0.10189605
0.10220003
0.10159874
0.12501884
0.12333179
0.10260439
0.10077953
0.12378716
0.11905265
0.10481715
0.10532188
0.10790658
0.13586736
0.10585403
0.10482430
0.10794044
0.13622260
0.12258124
0.10323167
0.10522604
0.13524199
0.10638809
0.10215759
0.10417056
0.13262630
0.11552000
0.10380650
0.10089350
0.11208820
0.13186407
0.10302973
0.10519958
0.12335658
0.13066864
0.10544395
0.10184216
0.10728908
0.13420415
0.10484767
0.10256839
0.10608673
0.13483500
0.13708043
0.10251737
0.10186148
0.13642526
0.11540604
0.10353351
0.10086799
0.10984492
0.13355041
0.10553122
0.10062885
0.08900809
0.13034105
0.11665249
0.09991193
0.10454822
0.10755420
0.13184404
0.10501504
0.10262728
0.10194540
0.11530352
0.13135624
0.10233927
0.10196447
0.10085416
0.11807156
0.12184000
0.10181642
0.10201645
0.11368918
0.13160276
0.10277414
0.10253811
0.10605478
0.13440347
0.10736132
0.10260773
0.10203123
0.10881710
0.13133383
0.10629439
0.10361147
0.10445523
0.14402819
0.11459446
0.10291505
0.10232568
0.13466120
0.12407327
0.10219145
0.10274291
0.11003137
0.12945390
0.10257435
0.10191631
0.10830402
0.13427472
0.10497785
0.10442281
0.10377622
0.13574624
0.11094975
0.10436487
0.10437751
0.11730671
0.12865019
0.10723853
0.10220385
0.10492468
0.13620424
0.11336660
0.10868335
0.10902166
0.12223649
0.14033294
0.11271667
0.10875678
0.11527109
0.14617157
0.11278296
0.11336637
0.11462045
0.14467168
0.11402082
0.11461592
0.11769819
0.14786339
0.11454892
0.11571813
0.12828851
0.14765453
0.11423588
0.11383486
0.12609267
0.14606237
0.11671305
0.11515379
