0.06309199
0.05041385
0.05207062
0.04993248
0.04910111
0.04917026
0.05495143
0.05690074
0.05931425
0.05044866
0.05107260
0.05037975
0.04994655
0.05005455
0.04983187
0.05683017
0.05675220
0.05505443
0.04877687
0.04786420
0.04834414
0.04701328
0.04666090
0.04886389
0.05156064
0.05082917
0.04683232
0.04471755
0.04335046
0.04453874
0.04508138
0.04386997
0.04332232
0.05044532
0.04877806
0.04831886
0.04466152
0.04109073
0.04093385
0.04075861
0.04186344
0.04195380
0.04225802
0.04531407
0.04576492
0.04601336
0.04525256
0.04178500
0.04166842
0.04175925
0.04069233
0.04016161
0.03985667
0.04053426
0.04571247
0.04414725
0.04480696
0.04339814
0.03864360
0.03830791
0.04010344
0.03817606
0.03849745
0.03747559
0.03834724
0.04359818
0.04350114
0.04328275
0.04057741
0.03711390
0.03785348
0.03705764
0.03673601
0.03654671
0.03663325
0.03712010
0.03870463
0.04132652
0.04105496
0.04305744
0.03889298
0.03557491
0.03606606
0.03717279
0.03690481
0.03816891
0.03719807
0.03723001
0.04469347
0.04685640
0.04058957
0.04051948
0.04072595
0.03510857
0.03633451
0.03584743
0.03666520
0.03618932
0.03617787
0.03540969
0.04211044
0.03845000
0.04039478
0.04022741
0.04184389
0.03597999
0.03631973
0.03620887
0.03614902
0.03563190
0.03609037
0.03555536
0.03561473
0.04005098
0.04039884
0.04000044
0.04176426
0.03631139
0.03518963
0.03525352
0.03634858
0.03415179
0.03514075
0.03536367
0.03673887
0.03606391
0.03984070
0.03921747
0.03975701
0.03740692
0.03572893
0.03553867
0.03594255
0.03689027
0.03662562
0.03654718
0.03707218
0.03850627
0.04153323
0.04017568
0.03937840
0.03916454
0.03329277
0.03462958
0.03427577
0.03364301
0.03217793
0.03256035
0.03346658
0.03367949
0.03367639
0.03864884
0.03925371
0.03861380
0.03917050
0.03565025
0.03547430
0.03659797
0.03849435
0.03804350
0.03756833
0.03736496
0.03741026
0.03796434
0.04483461
0.04407144
0.04381132
0.04259133
0.03910756
0.03781295
0.03864670
0.03790021
0.03824878
0.03997588
0.03944612
0.03981614
0.04563546
0.04509974
0.04454947
0.04093862
0.03915715
0.03994823
0.03872323
0.03806829
0.03744864
0.03792000
0.03647017
0.03602743
0.03977704
0.04139304
0.04095817
0.04162025
0.03714204
0.03769350
0.03812528
0.03692651
0.03632355
0.03666377
0.03587174
0.03931546
0.04192328
0.04195428
0.04214525
0.03803396
0.03662562
0.03469133
0.03588986
0.03578520
0.03466821
0.03318739
0.03367114
0.03778768
0.04110575
0.04205132
0.04061770
0.04215598
0.03736830
0.03718138
0.03694725
0.03681612
0.03783607
0.03692436
0.03691030
0.03658724
0.03830862
0.03879976
0.03923678
0.03822279
0.03729033
0.03540015
0.03615785
0.03519273
0.03479600
0.03595042
0.03591156
0.03464794
0.03634477
0.03999329
0.04117966
0.04137230
0.04074407
0.03692937
0.03631163
0.03585887
0.03640056
0.03512239
0.03609848
0.03631377
0.03688002
0.03847814
0.03907442
0.03865504
0.03991556
0.03471828
0.03546071
0.03496552
0.03551269
0.03573847
0.03633738
0.03600812
0.03564262
0.03589916
0.03490591
