0.02408338
0.03684664
0.03549194
0.03624153
0.03360748
0.03571439
0.03795648
0.03504992
0.03514647
0.04918122
0.03721905
0.04710436
0.04701424
0.05024242
0.03597212
0.03774881
0.03459454
0.03356171
0.03631473
0.03583741
0.04788566
0.03410983
0.03666568
0.04386473
0.04847741
0.04830170
0.04393482
0.03630829
0.03464675
0.03531599
0.03756142
0.03320646
0.03424668
0.03340220
0.03492141
0.03678918
0.03796053
0.03740191
0.03754449
0.03730321
0.03371429
0.03492904
0.03529358
0.03422046
0.03304911
0.03498912
0.03481603
0.03431368
0.03464961
0.03521371
0.03866529
0.03798676
0.03908730
0.03830624
0.03353548
0.03382802
0.03479123
0.03629994
0.03476071
0.03363633
0.03449821
0.03538036
0.03381276
0.03536296
0.03805470
0.03707433
0.03749895
0.03738475
0.03475213
0.03205967
0.03505468
0.03508759
0.03387594
0.03948689
0.03358674
0.02949333
0.03029943
0.03053904
0.03656673
0.03762412
0.03855133
0.03699017
0.03732276
0.03185081
0.02979136
0.03353286
0.03580952
0.03315139
0.03414989
0.03254867
0.03577757
0.03248692
0.03341198
0.03006816
0.03677487
0.03723502
0.03664374
0.03749013
0.03196526
0.03165460
0.04648805
0.03251648
0.03450608
0.03375220
0.03346324
0.03403282
0.03535128
0.03440809
0.03317904
0.04280257
0.04454684
0.04590368
0.04490471
0.04590154
0.03825450
0.03816533
0.03590703
0.03387833
0.03526330
0.03456306
0.03439260
0.03502917
0.03798270
0.04033446
0.03931713
0.04126954
0.04039383
0.04626942
0.03693342
0.03834844
0.03724504
0.04062319
0.03794360
0.03985214
0.04107904
0.04263806
0.04397726
0.04440331
0.04342484
0.04052114
0.04015827
0.03942752
0.04046154
0.04131317
0.04202890
0.04140925
0.04565263
0.04876328
0.04957891
0.04882741
0.04560781
0.04120350
0.05120516
0.04814291
0.04164815
0.04364419
0.04214144
0.04541063
0.05228519
0.05119324
0.05262017
0.04902148
0.04437208
0.04579639
0.04504418
0.04415441
0.04522657
0.04486489
0.05026746
0.05230236
0.05219316
0.05194688
0.04708004
0.04535818
0.04524469
0.04540348
0.04479170
0.04444742
0.04753089
0.05241632
0.05138111
0.05028653
0.04451561
0.04304290
0.04156494
0.04181957
0.04052567
0.04319763
0.04448009
0.04176831
0.04659772
0.04870629
0.04666948
0.04771280
0.04185772
0.04019570
0.04034233
0.03957033
0.04038143
0.03802013
0.03909135
0.03743720
0.04223013
0.04417348
0.04289436
0.04549098
0.04188728
0.03920102
0.03853345
0.03852487
0.03829241
0.03827214
0.03898740
0.03853583
0.03794241
0.03845716
0.04270196
0.04159045
0.04320741
0.04156947
0.03900909
0.03693962
0.03914475
0.04048085
0.03714800
0.03788400
0.03845263
0.03854036
0.03985143
0.04467487
0.04497695
0.04443550
0.04412794
0.04139328
0.03989911
0.03817296
0.03946376
0.04018784
0.03882909
0.03891397
0.03884983
0.04084539
0.04285812
0.04186487
0.04340744
0.04198503
0.03845048
0.03705621
0.03681350
0.03833079
0.03738236
0.03829741
0.03857875
0.03711486
0.03766680
0.04436851
0.04393411
0.04601216
0.04537940
0.04323864
0.04039025
0.04167104
0.03998470
0.04162788
0.04178166
0.04105663
0.04078865
0.04099727
0.04920745
0.04746652
0.04768682
0.04563212
0.04163504
0.04139853
0.04161692
0.04148674
0.04144430
0.04571962
0.04277301
0.04953980
0.04678202
0.04773498
0.04662585
0.04040694
0.04064155
0.04071188
0.04000235
0.04075336
0.04864407
0.04457664
0.03892851
0.04042196
0.03952241
0.03839135
0.04045987
0.03902841
0.03829288
0.04022646
0.04121065
0.04178190
0.03949571
0.04220748
0.04271936
0.03865314
0.04182291
0.04903984
0.04486609
0.03948784
0.03930426
0.03928232
0.03929019
0.04030180
0.03803539
0.03795862
0.03893733
0.03779006
0.03769088
0.03761601
0.04389763
0.04335380
0.04524779
0.04255557
0.04059696
0.03823996
0.03890014
0.03784728
0.03976750
0.03837681
0.03752327
0.03851843
0.03865290
0.04076576
0.04412746
0.04432440
0.04239607
0.04330492
0.03875709
0.03723669
0.03919673
0.03763080
0.03811908
0.03792834
0.03716874
0.03724551
0.03825688
0.03776693
0.04007006
0.04434109
0.04259872
0.04281402
0.04184484
0.03824759
0.03828549
0.03878260
0.03781366
0.03794074
0.03819084
0.03767395
0.03794432
0.03683543
0.04205251
0.04989147
0.05113482
0.04997849
0.04260731
0.03717446
0.03786731
0.03788853
0.03730917
0.03728628
0.03740549
0.03599191
0.03612947
0.03802609
0.04834890
0.04118299
0.04038787
0.04241014
0.03860784
0.03626060
0.03669953
0.03668571
0.03480983
0.03558564
0.03613257
0.03672814
0.03631568
0.03961110
0.04090738
0.04147768
0.04054332
0.04013896
0.03754163
0.03658462
0.03630137
0.03620172
0.03798485
0.03378105
0.03405547
0.03653169
0.03443265
0.04152226
0.04267287
0.03992796
0.04156327
0.03899336
0.03796458
0.03747702
0.03726435
0.03781176
0.03699660
0.03670454
0.03235340
0.03592968
0.03734732
0.04294395
0.04189897
0.04109478
0.04221916
0.03819966
0.03840590
0.03684998
0.03791690
0.03739834
0.03769302
0.03773355
0.03745580
0.03814483
0.03628874
0.03638673
0.03611946
0.03655672
0.04124236
0.03996587
0.04015708
0.03904223
0.03765368
0.03427696
0.03584456
0.03445816
0.03467321
0.03620768
0.03696871
0.03580570
0.03669453
0.03602123
0.03922772
0.04026031
0.03926325
0.04076934
0.04032755
0.03549027
0.03833055
0.03736472
0.03997493
0.03802061
0.03832197
0.04096961
0.03662562
0.03547120
0.03932595
0.04235387
0.04111743
0.04179835
0.04167008
0.03725338
0.03794360
0.03919315
0.03819036
0.03777194
0.03837538
0.03710008
0.03812599
0.03775644
0.04149771
0.04408908
0.04350948
0.04392242
0.04257321
0.03913569
0.03843689
0.03777623
0.03717542
0.03783488
0.03831458
0.03806186
0.04011869
0.03928447
0.04246998
0.04389143
0.04234147
0.04341960
0.03738475
0.03711247
0.04022169
0.03708935
0.03660250
0.03474283
0.04033709
0.03559828
0.03770995
0.04025245
0.04030871
0.04008007
0.04105067
0.03775644
0.03500485
0.03610992
0.03433084
0.03526855
0.03450608
0.03562951
0.03444552
0.03408575
0.03548455
0.03916502
0.03819084
0.03895712
0.04024553
0.03680038
0.03480148
0.03565121
0.03603339
0.03394747
0.03433275
0.03452611
0.03385139
0.03383994
0.03559542
0.03384590
0.03865480
0.03831506
0.03897500
0.03755522
0.03890705
0.03121710
0.03705835
0.03433657
0.03373909
0.03578925
0.03428268
0.03344846
0.03326654
0.03577304
0.03544855
0.04027128
0.03997636
0.03842282
0.03884912
0.03396416
0.03393221
0.03498101
0.03603482
0.03705835
0.03437042
0.03368998
0.03493667
0.03534007
0.03576541
0.03985023
0.04049706
0.04023004
0.04103470
0.03830290
0.03472614
0.03602266
0.03529477
0.03814816
0.03609610
0.03648043
