0.03371263
0.05499339
0.05821466
0.05275297
0.06261539
0.05109954
0.04266858
0.04445314
0.04514503
0.04495049
0.04899216
0.05058599
0.05027795
0.04427242
0.04624891
0.04381347
0.04256940
0.04194736
0.04222727
0.04371619
0.04403234
0.04680252
0.04884171
0.05010176
0.05022526
0.04324865
0.04377413
0.04457331
0.04233408
0.04184175
0.04184532
0.04617119
0.04345798
0.04793167
0.05021095
0.05018473
0.04959440
0.04614472
0.04321599
0.04306436
0.04186440
0.04235721
0.04257321
0.04304957
0.04614711
0.04973602
0.04862523
0.05343199
0.04281521
0.04302073
0.04245210
0.04165769
0.04330468
0.04139256
0.04369998
0.04311442
0.04582691
0.04902577
0.04916239
0.04919696
0.05295658
0.04731464
0.04184413
0.04260421
0.04091334
0.04306364
0.04077959
0.04811430
0.04819107
0.04828763
0.04885793
0.04734206
0.04162264
0.04240370
0.04184318
0.04214287
0.04172206
0.04247284
0.04156113
0.04689670
0.04979753
0.04880381
0.04868865
0.04370427
0.04442334
0.04167509
0.04220939
0.04215789
0.04254580
0.04206371
0.04156351
0.04300404
0.04901838
0.04882646
0.04912329
0.04777431
0.04186893
0.04221773
0.04199052
0.04256725
0.04291010
0.04473686
0.04242730
0.04465842
0.04853415
0.04945135
0.04968357
0.04291773
0.04196596
0.04204202
0.04166365
0.04547524
0.04101467
0.04238558
0.04214311
0.04488945
0.04988265
0.05036044
0.06237817
0.05904078
0.04224348
0.04265857
0.04248548
0.04181838
0.04152679
0.04224706
0.04175806
0.05016494
0.04905820
0.04815030
0.04875040
0.04168367
0.04295897
0.04241633
0.04197931
0.04334927
0.04228759
0.04297519
0.04264522
0.04477167
0.04994059
0.04872298
0.04867721
0.04454350
0.04183626
0.04255891
0.04353356
0.04295993
0.04414463
0.04011536
0.04137921
0.04407716
0.04534626
0.04477978
0.04402351
0.04154372
0.03668857
0.03804445
0.03579545
0.03595257
0.03512859
0.03432369
0.03425550
0.03454447
0.03340793
0.03686953
0.03685308
0.03625894
0.03676105
0.03605199
0.03331518
0.03182387
0.03288531
0.03171420
0.03200746
0.03114939
0.03108573
0.03135967
0.03109980
0.03283453
0.03092456
0.03448892
0.03485274
0.03489494
0.03443360
0.03424072
0.03285813
0.03147244
0.03142619
0.03099608
0.03208303
0.03232789
0.03176022
0.03222203
0.03183413
0.03205991
0.03016067
0.03131866
0.03353214
0.03423858
0.03463387
0.03422427
0.03463626
0.03490448
0.03209448
0.03090882
0.03155255
0.03159308
0.03055668
0.03095388
0.03099275
0.03057647
0.03041744
0.03162479
0.03057265
0.03395033
0.03482342
0.03411794
0.03497291
0.03396416
0.03236771
0.03116393
0.03143382
0.03119540
0.03007984
0.02812696
0.02975273
0.03395653
0.03052521
0.03240871
0.03126168
0.03865504
0.03411269
0.03429580
0.03438663
0.03381085
0.03192568
0.03110003
0.03212094
0.03091931
0.02753377
0.02959442
0.03073978
0.03195381
0.03180552
0.03300118
0.03405285
0.03571105
0.03594732
0.04991722
0.04314756
0.03403163
0.03324842
0.03243685
0.03120613
0.03103495
0.03339911
0.03271818
0.03183842
0.03218102
0.03254843
0.03164792
0.03436184
0.03560185
0.03570294
0.03459311
0.03592086
0.03269815
0.03262568
0.03157520
0.03140330
0.03107047
0.03101301
0.03292727
0.03035617
0.03121734
0.03225660
0.03122425
0.03160119
0.03565669
0.03476858
0.03456235
0.03481483
0.03514171
0.03137040
0.03002763
0.03154016
0.03169727
0.03058147
0.03227496
0.03019214
0.03156352
0.03131533
0.03072405
0.03113389
0.03290248
0.03482175
0.03381658
0.03878999
0.03448486
0.03334761
0.03141809
0.03063512
0.03095961
0.03109241
0.03115201
0.03090310
0.03044462
0.03164697
0.03095603
0.03111839
0.03169847
0.03281140
0.03621912
0.03443861
0.03382659
0.03542781
0.03449035
0.03089786
0.03275108
0.03328300
0.03277493
0.03180051
0.03422880
0.03362393
0.03651476
0.03748465
0.03705621
0.04024053
0.04731321
0.05111122
0.05540872
0.05493069
0.05190611
0.05370450
0.05652618
0.05790639
0.06089163
0.06282210
0.08100009
0.07752514
0.06790781
0.06527567
0.06501031
0.06531072
0.06452250
0.06597948
0.07950306
0.07778668
0.06998086
0.06502676
0.06284213
0.06450272
0.06325698
0.06697106
0.07790375
0.07754469
0.07196617
0.06415987
0.06483960
0.06243753
0.06409407
