0.05511284
0.03242922
0.03777766
0.03589296
0.03589845
0.03427505
0.03586864
0.03172421
0.03362393
0.03091359
0.03433609
0.03131723
0.03261018
0.03212595
0.03173351
0.03733516
0.03658605
0.03518939
0.03397036
0.03624368
0.03324056
0.03191638
0.03212667
0.03309393
0.03127813
0.03234625
0.03297424
0.03165865
0.03776670
0.03657436
0.03531361
0.03552651
0.03741932
0.03397989
0.03236008
0.03201914
0.03323531
0.03259110
0.03581572
0.03201318
0.03167224
0.03333640
0.03470635
0.03843093
0.03558159
0.03669834
0.03221130
0.03290224
0.03406000
0.04168248
0.03437614
0.03395534
0.03303528
0.03339434
0.03648233
0.03506160
0.03573704
0.03612638
0.04059386
0.03630662
0.03894234
0.03618264
0.03466225
0.03623343
0.03588319
0.03902721
0.03270268
0.04026532
0.03480959
0.03586745
0.04318142
0.03927445
0.03529143
0.03319907
0.03657246
0.03526092
0.03506541
0.03593874
0.04759622
0.04220533
0.04886222
0.04886866
0.03772640
0.03448629
0.03629279
0.03518915
0.03447700
0.03702950
0.03629684
0.04193950
0.03930092
0.04339981
0.04120374
0.04179096
0.03906035
0.03776288
0.04179263
0.03838468
0.03700829
0.03714037
0.03937006
0.04395747
0.04198718
0.04238868
0.04251051
0.03680873
0.03724837
0.03701353
0.03745174
0.03920746
0.03610921
0.03685474
0.03669858
0.04206109
0.04517269
0.04211593
0.04192686
0.03804207
0.03889918
0.03552032
0.03335738
0.03475046
0.03437567
0.04088879
0.03802133
0.03947783
0.03814602
0.03866887
0.03974819
0.03478122
0.03923869
0.03610325
0.03435206
0.03612018
0.03602052
0.03870034
0.03754640
0.03898787
0.03812575
0.04486966
0.03635716
0.03579640
0.03471351
0.03595304
0.03546476
0.03714752
0.03652382
0.04271698
0.04028273
0.04049206
0.04007077
0.05121684
0.04199696
0.03769541
0.03667474
0.03660917
0.03690124
0.03850675
0.04247189
0.04532647
0.04687977
0.04617500
0.04016614
0.04144478
0.04131699
0.04109526
0.03975701
0.04210854
0.04155064
0.04367352
0.05906296
0.04119444
0.04000640
0.04080081
0.03970551
0.03880787
0.04035139
0.04029489
0.04070592
0.04122305
0.04197073
0.05574822
0.04840589
0.05033565
0.04339743
0.04345918
0.04310608
0.04176068
0.04451609
0.04332161
0.04728532
0.05362105
0.04939842
0.04921412
0.04124117
0.04332161
0.04336143
0.04285145
0.04600883
0.04078102
0.04322743
0.05006480
0.04590297
0.04567051
0.04106808
0.03965592
0.03993464
0.03945017
0.03917241
0.04011655
0.03902006
0.04044557
0.04804277
0.04811025
0.04941344
0.05036807
0.04324269
0.04322720
0.04466987
0.04369712
0.04375601
0.04436421
0.04813576
0.04810238
0.05158997
0.05276346
0.05026388
0.04409909
0.04324389
0.04291272
0.04566550
0.04190612
0.04131818
0.04122663
0.04570389
0.04664707
0.04758215
0.04721069
0.04420590
0.04212904
0.04336667
0.04210305
0.04266691
0.04443741
0.05001974
0.05173469
0.05205226
0.04706907
0.04440355
0.04249573
0.04360604
0.04180145
0.04129672
0.04206944
0.04730153
0.04838061
0.05384731
0.04670072
0.04265785
0.04333782
0.04200625
0.04176259
0.04224443
0.04238605
0.04955506
0.04796147
0.05534673
0.04765654
0.04584265
0.04152417
0.03958035
0.03866744
0.03618503
0.03917027
0.04256868
0.04712343
0.05117798
0.04679632
0.03825855
0.03851199
0.03691745
0.03948879
0.03945827
0.04193950
0.04325175
0.04861617
0.04454875
0.04848862
0.03733540
0.03768706
0.03675151
0.03780651
0.03686309
0.03749490
0.03601027
0.03851104
0.03962755
0.03832555
0.04371977
0.03726149
0.03590965
