0.03348851
0.04972625
0.04740024
0.05309677
0.04962897
0.04761291
0.04202962
0.04175091
0.04498577
0.04196262
0.04071045
0.04740667
0.04167914
0.04613447
0.04918361
0.05045748
0.04936838
0.04306889
0.04213500
0.04127169
0.04192829
0.04086709
0.04285669
0.04160285
0.04283071
0.05012751
0.05498481
0.04789710
0.04725051
0.04314041
0.04181910
0.04294062
0.04168725
0.04532290
0.04320979
0.04547477
0.04998755
0.05224800
0.05010414
0.04669642
0.04241848
0.04183745
0.04214120
0.04148602
0.04692173
0.04195452
0.04166555
0.04906583
0.04781246
0.04884815
0.04771996
0.04868674
0.04323602
0.04249310
0.04032636
0.04272509
0.04131055
0.03810287
0.04912496
0.04946971
0.04848647
0.04855227
0.04588580
0.04295111
0.04198408
0.04103971
0.04164505
0.04411268
0.04274869
0.04379272
0.04973793
0.05532098
0.05080462
0.04452634
0.04290915
0.04118919
0.04203701
0.04314923
0.04535985
0.04316592
0.04155779
0.04407620
0.05512881
0.04829144
0.04923701
0.04331064
0.04320216
0.04291177
0.04367733
0.04684663
0.04304147
0.04407644
0.04355073
0.06139827
0.05744028
0.04944444
0.04689026
0.04301953
0.04340553
0.04397035
0.04264402
0.04277515
0.04428005
0.04421020
0.04698300
0.05123687
0.05139112
0.04910922
0.04193139
0.04271364
0.04396248
0.04466367
0.04307008
0.04253030
0.04449368
0.04799795
0.05074811
0.05015016
0.05022144
0.04285002
0.04272747
0.04166436
0.04281116
0.04281640
0.04295635
0.04218531
0.04275870
0.05124187
0.04978347
0.04934621
0.04632330
0.04111099
0.04679561
0.04348397
0.04215789
0.04197073
0.04171658
0.04265809
0.04473352
0.05027223
0.05339694
0.04980183
0.04260921
0.04188418
0.04200840
0.04195929
0.04227209
0.04195547
0.04343748
0.04335928
0.04180908
0.05023789
0.05470896
0.04952455
0.04701424
0.04139113
0.04326320
0.04258895
0.04187822
0.04338574
0.04185700
0.04688549
0.05044031
0.05589199
0.05100107
0.04774761
0.04392481
0.04255152
0.04225111
0.04175591
0.04263473
0.04688048
0.04229546
0.04288816
0.04893970
0.04842138
0.04909301
0.04641914
0.04241133
