0.05723381
0.03229427
0.03151798
0.03399706
0.03535295
0.03573036
0.03206420
0.03234053
0.03352189
0.03255033
0.03251719
0.03480029
0.03255129
0.03366733
0.03667378
0.03508496
0.03578353
0.03328156
0.03115630
0.03253150
0.03140116
0.03323865
0.03151226
0.03259468
0.03198290
0.03628969
0.03488278
0.03623319
0.03182483
0.03277516
0.03130889
0.03500342
0.03232861
0.02926612
0.03991771
0.04039431
0.04021764
0.03611326
0.03473425
0.03520298
0.03605151
0.03573942
0.03437734
0.03409433
0.03963566
0.03958607
0.04043365
0.03644705
0.03417993
0.03510261
0.03703117
0.03559971
0.03627205
0.03749728
0.03975201
0.04008555
0.04199791
0.04043269
0.03544474
0.03837252
0.03543901
0.03483152
0.03996420
0.03947186
0.03884649
0.03860116
0.03516746
0.03540874
0.03649378
0.03517818
0.03505921
0.03213835
0.03686643
0.03958464
0.04013205
0.03918910
0.03495812
0.03543615
0.03481317
0.03501368
0.03542995
0.03260541
0.03313303
0.03503013
0.03558946
0.03457713
0.03570223
0.03134251
0.03133678
0.03277636
0.03153229
0.03071618
0.03268719
0.03247190
0.03149343
0.03682423
0.04096031
0.04377198
0.04451990
0.03487468
0.03147459
0.03230309
0.03269506
0.03217959
0.03313327
0.03117204
0.03133154
0.03541398
0.03551054
0.03453636
0.03503418
0.03358412
0.03261304
0.03267670
0.03188634
0.03092194
0.03393006
0.03178287
0.03325057
0.03368783
0.03565764
0.03510976
0.03633308
0.03320885
0.03174281
0.03147578
0.03088164
0.03095412
0.03234601
0.03289604
0.03182578
0.03267860
0.03304529
0.03552580
0.03502989
0.03388000
0.03344369
0.03125548
0.03125572
0.03197908
0.03116679
0.03062439
0.03178763
0.03202033
0.03208256
0.03644490
0.03573442
0.03430533
0.03450513
0.03183079
0.03113961
0.03159857
0.03309822
0.03168678
0.03226852
0.03104663
0.03200030
0.03206253
0.03298759
0.03539610
0.03571963
0.03540158
0.03293657
0.03164577
0.03188109
0.03215480
0.03109455
0.03129888
0.03225470
0.03180695
0.03228712
0.03562093
0.03469324
0.03449631
0.03586268
0.03282595
0.03254271
0.03179097
0.03088021
0.03158092
0.03201008
0.03078365
0.03117681
0.03230929
0.03455114
0.03494501
0.03377891
0.03556085
0.03311276
0.03108549
0.03171730
0.03272748
0.03063679
0.03010225
0.03131008
0.03183222
0.03082275
0.03308582
0.03473496
0.03476405
0.03655648
0.03447413
0.03163266
0.03193045
0.03166890
0.03263068
0.03220677
0.03154516
0.03264284
0.03178787
0.03100657
0.03288007
0.03512502
0.03451800
0.03367853
0.03592920
0.03202701
0.03235698
0.03158522
0.03214526
0.03187203
0.03035259
0.03025842
0.02797818
0.02793598
0.02971005
0.03516746
0.03511882
0.03476238
0.03454876
0.03102660
0.03225160
0.03134131
0.02866673
0.02961969
0.02804923
0.02942991
0.02843595
0.02820206
0.03375483
0.03431249
0.03445983
0.03437757
0.03474855
0.03249454
0.03153658
0.03141022
0.03220558
0.03190231
0.03304172
0.03186941
0.03240585
0.03620338
0.03651738
0.03663373
0.03662062
0.03615761
0.03395629
0.03408480
0.03388333
0.03237939
0.03343987
0.03297734
0.03257489
0.03104877
0.03112221
0.03129363
0.03252649
0.03376341
0.03574657
0.03381586
0.03437114
0.03402543
0.03158855
0.03214478
0.03213763
0.03213024
0.02988195
0.02774477
0.02756119
0.02795863
0.02815413
0.02789164
0.03469372
0.03484797
0.03483152
0.03582406
0.03302598
0.03161407
0.03156829
0.03182507
0.03077579
0.02879143
0.02820468
0.02794623
0.02868652
0.02962375
0.03846669
0.04221010
0.04330158
0.04095793
0.04099536
0.03360987
0.03249836
0.03295064
0.03298903
0.03420591
0.03379941
0.03516722
0.03534698
0.03650355
0.03725529
0.03389645
0.03392863
0.03510952
0.03289366
0.03408837
0.03491759
0.03310943
0.03454661
0.03546762
0.03773928
0.03711748
0.03755283
0.03442574
0.03468180
0.03302503
0.03268957
0.03296232
0.03420758
0.03310943
0.03319836
0.04110026
0.04228663
0.04022574
0.04120040
0.03059626
0.03933120
0.03529787
0.03456521
0.03129244
0.03209734
0.03140330
0.03190494
0.03343534
0.03622627
0.03464675
0.03623295
0.03595209
0.03644395
0.03240347
0.03223562
0.03108740
0.03409195
0.03368568
0.03431916
0.03341079
0.03389430
0.03640866
0.03534055
0.03725839
0.03630590
0.03416324
0.03372383
0.03496885
0.03464055
0.03302097
0.03472590
0.03522348
0.03954577
0.03835893
0.03845859
0.03818893
0.03464293
0.03581476
0.03483772
0.03571701
0.03560948
0.03479719
0.03404021
0.03594661
0.03787875
0.03619266
0.03412342
0.03503084
0.03169727
0.03201294
0.03245735
0.03471971
0.03168917
0.03203225
0.03122950
0.03345323
0.03660083
0.03446937
0.03529096
0.03518343
0.03281665
0.03179312
0.03092575
0.03189468
0.03227782
0.03230071
0.03088689
0.03126502
0.03140235
0.03214598
0.03758550
0.03487420
0.03353643
0.03125620
0.02950907
0.03330207
0.03197503
0.03296852
0.03126264
0.03192282
0.03105879
0.03102899
0.03315306
0.03334856
0.03609204
0.03580165
0.03691483
0.03763747
0.03551745
0.03351736
0.03530622
0.03393412
0.03398514
0.03276515
0.02993703
0.03315282
0.03614759
0.03654981
0.03591657
0.03376031
0.03441763
0.03099728
0.03270984
0.03095746
0.03064680
0.03140283
0.03142357
0.03284764
0.03367949
0.03497362
0.03492355
0.03565073
0.03379297
0.03163242
0.03180766
0.03244686
0.03162861
0.03080893
0.03219008
0.03279829
0.03305030
0.03607059
0.03481746
0.03388834
0.03561187
0.03112602
0.03150821
0.03236437
0.03139472
0.03299069
0.03125119
0.03212476
0.03144288
0.03591657
0.03522635
0.03462672
0.03638959
0.03534865
0.03221679
0.03251719
0.03192496
0.03155828
0.03152323
0.03096271
0.02871537
0.02947783
0.03088737
0.03512144
0.03500795
0.03380322
0.03470516
0.03182840
0.03283358
0.03108740
0.03220820
0.03274870
0.03135157
0.03192544
0.03397155
0.03681374
0.03526998
0.03600669
0.03454304
0.03168130
0.03143215
0.03209043
0.03136492
0.03182268
0.03303719
0.03159809
0.03142786
0.03285289
0.03803062
0.03816819
0.03732252
0.03693652
0.03350258
0.03387952
0.03426337
0.03399277
0.03409910
0.03269887
0.03393006
0.03347588
0.03339100
0.03697062
0.03604770
0.03610039
0.03599191
0.03123164
0.03389311
0.03178906
0.03198767
0.03270531
0.03069496
0.02985358
0.02981901
0.03564191
0.03494048
0.03581834
0.03694463
0.03435779
0.03170943
0.03231549
0.03221750
0.02921438
0.02967572
0.03044271
0.02934957
0.02964163
0.03740954
0.03671002
0.03616786
0.03627396
0.03274584
0.03303742
0.03316665
0.02967381
0.02991533
0.02959204
0.02897906
0.03301144
0.03555155
0.03603315
0.03423166
0.03502178
0.03278112
0.03606033
0.03290176
0.03230906
0.03144121
0.03262973
0.03205228
0.03145504
0.03231907
0.03445077
0.03596520
0.03618884
0.03670359
0.03152227
0.03125525
0.03229904
0.03226328
0.03267121
0.03326607
0.02859449
0.03049564
0.03061700
0.03503466
0.03541398
0.03772235
0.03459406
0.03351092
0.03366113
0.03557372
0.03517818
0.03315878
0.03237081
0.03246427
0.03630638
0.03609133
0.03505158
0.03532100
0.03092742
0.03236485
0.03173947
0.03186560
0.03129292
0.02934003
0.02877855
0.02879405
0.03377295
0.03483152
0.03483701
0.03579164
0.03502870
0.03213668
0.03189659
0.03282452
0.03152728
0.03349805
0.03238535
0.03179383
0.03342938
0.03690362
0.03592539
0.03617620
0.03634953
0.03251195
0.03243423
0.03360701
0.03202343
0.03239274
0.02898598
0.03208184
0.03227067
0.03463101
0.03528070
0.03483033
0.03749752
0.03385568
0.03390360
0.03677201
0.03493714
0.03362226
0.03371644
0.03445649
0.03439546
0.03458905
0.03899121
0.03794575
0.03841686
0.03776717
0.03489900
0.03442407
0.03514194
0.03447294
0.04267955
0.03813815
0.03485203
0.03450823
0.03920674
0.03938174
0.03813076
0.03847504
0.03570533
0.03605413
0.03566265
0.03585243
0.03569365
0.03546596
0.03494525
0.03735900
0.03713632
0.03698397
0.03787279
0.03472281
0.03283310
0.03149438
0.03243113
0.03186297
0.03150010
0.03290915
0.03458285
0.03588343
0.03523326
0.03616881
0.03499126
0.03744316
0.04372573
0.03217864
0.03270030
0.02973843
0.02798843
0.02916551
0.02927518
0.03522420
0.03428602
0.03702497
0.03586721
0.03123546
0.03353810
0.03344274
0.03357100
0.03081131
0.03071928
0.03106046
0.03096962
0.03736115
0.03684974
0.03779602
0.03855395
0.03377342
0.03452468
0.03265977
0.03406072
0.03165770
0.03219318
0.03149343
0.03340983
0.03565669
0.03569007
0.03574681
0.03449631
0.03075695
0.03295898
0.03191781
0.03292751
0.03272200
0.03238225
0.03193927
0.03401136
0.03540063
0.03467059
0.03547239
0.03618813
0.03125572
0.03175044
0.03212810
0.03233075
0.03226352
0.03133035
0.03108096
0.03285503
0.03893614
0.03659105
0.03606296
0.03925395
0.03195477
0.03419304
0.03398347
0.03449821
0.03452206
0.03568554
0.03633928
0.03577137
0.03795719
0.03888416
0.04014349
0.03975511
0.03848934
0.03502870
0.03642488
0.03437901
0.03386807
0.03464341
0.03341722
0.03667212
0.03813195
0.04215240
0.04017401
0.03563762
0.03676033
0.03701377
0.03560734
0.03611183
0.03495860
0.03465438
0.03467011
0.03579021
0.03619242
0.03361034
0.03706861
0.04709363
0.04535317
0.03820062
0.03383875
0.03128004
0.03239870
0.03302646
0.03269553
0.03291011
0.03405929
0.03978276
0.03866315
0.03753018
0.03712273
0.03394580
0.03373051
0.03532481
0.03244257
0.03374910
0.03251648
0.03293061
0.03487730
0.03890991
0.03677487
0.03752017
0.03721023
0.03354859
0.03273344
0.03262830
0.03367805
0.03426075
0.03324437
0.03357768
0.03345919
0.03386211
0.03888798
0.03901553
0.03967667
0.04113364
0.03794861
0.03738904
0.03652096
0.03718019
0.04005551
0.03590512
0.03245044
0.03963637
0.03883052
0.03948164
0.04027772
0.04448414
0.04221225
0.03793192
0.03724742
0.03636694
0.03683925
0.03827691
0.04212236
0.04165220
0.04253244
