0.05329609
0.03399372
0.03136921
0.03096461
0.03118348
0.03518939
0.03650403
0.03727245
0.03591347
0.03387690
0.03239202
0.04145575
0.03466678
0.03179574
0.03291583
0.03304338
0.03453112
0.03499222
0.03497934
0.03217864
0.03135657
0.03177547
0.03114271
0.03201222
0.03273177
0.03313351
0.02988482
0.03664207
0.03432393
0.03502679
0.03383350
0.03117943
0.03223038
0.03260279
0.03255892
0.03171659
0.03259325
0.03375363
0.03736639
0.04361463
0.04325080
0.03253627
0.03210878
0.03289270
0.03281093
0.03282404
0.03222966
0.03189826
0.03479242
0.03625560
0.03543520
0.03496146
0.03316665
0.03166723
0.03359866
0.03153658
0.03260541
0.03283858
0.03276467
0.03128171
0.03193974
0.03578758
0.03622890
0.03557682
0.03616524
0.03313541
0.03100228
0.03165364
0.03236556
0.03170133
0.03091002
0.03324795
0.03291106
0.03124976
0.03521752
0.03521681
0.03519011
0.03667068
0.03134584
0.03178048
0.03175306
0.03102636
0.03033280
0.03105164
0.02984285
0.03102279
0.02861905
0.02799368
0.03656864
0.03545403
0.03461003
0.03592849
0.03296304
0.03191996
0.03121805
0.03261137
0.03133488
0.03186893
0.03271556
0.03260064
0.03314972
0.03432775
0.03497601
0.03496289
0.03543115
0.03476286
0.03197765
0.03268719
0.03215647
0.03171563
0.03193712
0.03144193
0.03177357
0.03112030
0.03247190
0.03520083
0.03550744
0.03612924
0.03535438
0.03314495
0.03202534
0.03134727
0.03244734
0.03118396
0.03185225
0.03419518
0.03299570
0.03321075
0.03567553
0.03445292
0.03491640
0.03519964
0.02921367
0.03178144
0.03207445
0.03119826
0.03162146
0.03265452
0.03214359
0.03181434
0.03112817
0.03440332
0.03521419
0.03434348
0.03629088
0.03330922
0.03206182
0.03245354
0.03225303
0.03218603
0.02874804
0.03152776
0.03142262
0.03297782
0.03437567
0.03645968
0.03537178
0.03490114
0.03581285
0.03206706
0.03233671
0.03250575
0.03149343
0.03248477
0.03369856
0.03334069
0.03024769
0.03358030
0.03279161
0.03211451
0.03557754
0.03459072
0.03424096
0.03649282
0.03401470
0.03065300
0.03245926
0.03241181
0.03185511
0.03154397
0.03143525
0.03277946
0.02982068
0.02838087
0.03437090
0.03548789
0.03580451
0.03440094
0.03305078
0.03177309
0.03188610
0.03159857
0.03279853
0.02879667
0.02793550
0.03266573
0.03220868
0.03575087
0.03642297
0.03496051
0.03589058
0.03072429
0.03187108
0.03409481
0.03122497
0.03122067
0.03139567
0.03083110
0.03165555
0.03389001
0.03723598
0.03454018
0.03625226
0.03586674
0.03141260
0.03221965
0.03243423
0.03204298
0.03307676
0.03167033
0.03204751
0.03178644
0.03431416
0.03592587
0.03454351
0.03485489
0.03508711
0.03294587
0.03200173
0.03141522
0.03320026
0.03276634
0.03116083
0.03223944
0.03332138
0.03069615
0.03676319
0.03552651
0.03429770
0.03518057
0.03294659
0.03174305
0.03216863
0.03235984
0.03302622
0.03195333
0.03115869
0.03250670
0.03254223
0.03486037
0.03561354
0.03527808
0.03535318
0.03499508
0.03295946
0.03122020
0.03119278
0.03241897
0.03223324
0.03312945
0.03194666
0.03091049
0.03304291
0.03584743
0.03558922
0.03505254
0.03595352
0.03085041
0.03091192
0.03355384
0.03192163
0.03110886
0.03287029
0.03310466
0.03245187
0.03400540
0.03512096
0.03618336
0.03547406
0.03409004
0.03183126
0.03234196
0.03274584
0.03235674
0.03246784
0.03132486
0.03006101
0.02808094
0.03441358
0.03508639
0.03409243
0.03429532
0.03322601
0.03151703
0.03133941
0.03172517
0.02848864
0.02830052
0.02827477
0.03265119
0.02786613
0.02761745
0.03567886
0.03505158
0.03623176
0.03562689
0.03174996
0.03237367
0.03257847
0.03201222
0.03233862
0.03280687
0.03294849
0.03198218
0.03464031
0.03580999
0.03662395
0.03546977
0.03484869
0.03179765
0.03138065
0.03210831
0.03347540
0.03171277
0.03320360
0.03220820
0.03130174
0.03153729
0.03131628
0.03470421
0.03591967
0.03598785
0.03516173
0.03568649
0.03203440
0.03256536
0.03277826
0.03201842
0.03271508
0.03341818
0.03254437
0.03119349
0.03393888
0.03530002
0.03604054
0.03453803
0.03491187
0.03221488
0.03182435
0.03297162
0.03247476
0.03320336
0.03250527
0.03174758
0.03253174
0.03426719
0.03574204
0.03626466
0.03658009
0.03457212
0.03284001
0.03165102
0.03266501
0.03209090
0.03148556
0.03195333
0.03147483
0.03174591
0.03348923
0.03598285
0.03495526
0.03562617
0.03685021
0.03499985
0.03187180
0.03272676
0.03277993
0.03195405
0.03355551
0.02931738
0.02872586
0.02944279
0.03188634
0.03698230
0.03437591
0.03600240
0.03446269
0.03265810
0.03247213
0.03456402
0.03136635
0.03216672
0.03233504
0.02889371
0.02838039
0.02844477
0.03106689
0.03797460
0.04386520
0.04496336
0.03261590
0.03210020
0.03183603
0.03744102
0.03187323
0.03026581
0.02988482
0.03112388
0.03441405
0.03618526
0.03569365
0.03459358
0.03482080
0.03176832
0.03171897
0.03120422
0.03218269
0.03179407
0.03257060
0.03231168
0.03260422
0.03531146
0.03461337
0.03474236
0.03535628
0.03270912
0.03213096
0.03056192
0.03191018
0.03124952
0.03318429
0.03244615
0.03459620
0.03445792
0.03662944
0.03486443
0.03499365
0.03465819
0.03200269
0.03125095
0.03097653
0.03212047
0.03132582
0.03135967
0.03183508
0.03235769
0.03363156
0.03601480
0.03504181
0.03538656
0.03471017
0.03185225
0.03149509
0.03178167
0.03074932
0.03371048
0.03308725
0.03250813
0.03047919
0.03036451
0.03662229
0.03562498
0.03417778
0.03461885
0.03115010
0.03082538
0.03162408
0.03308487
0.03134370
0.03270721
0.03301072
0.03154135
0.03408909
0.03552079
0.03582335
0.03602433
0.03499341
0.03201532
0.03106904
0.03311229
