0.05377936
0.03218007
0.03244758
0.03670526
0.03564453
0.03429985
0.03189588
0.03259611
0.03276682
0.03297043
0.03133297
0.03249502
0.03176427
0.03447151
0.03444242
0.03551960
0.03455329
0.03935027
0.04035640
0.03351521
0.03207326
0.03521299
0.03312564
0.03389192
0.03635883
0.03454351
0.03583980
0.03236794
0.03185201
0.03141308
0.03103471
0.03269577
0.03148460
0.03281736
0.03188801
0.03816152
0.03562665
0.03418088
0.03519845
0.03264713
0.03167558
0.03394389
0.03166819
0.03165722
0.03135061
0.03206325
0.03062463
0.03327084
0.03570175
0.03500962
0.03479743
0.03680563
0.03470755
0.03323603
0.03346276
0.03181839
0.03299475
0.03287625
0.03217244
0.03170538
0.02923632
0.03134871
0.03726149
0.03498006
0.03607035
0.03508282
0.03106570
0.03098202
0.03294086
0.03227162
0.03076982
0.02918577
0.03055978
0.03036404
0.03468108
0.03599715
0.03592134
0.03526497
0.03558326
0.03307343
0.03169250
0.03373361
0.03209567
0.03189826
0.03316474
0.03108978
0.03319955
0.03617501
0.03555965
0.03702068
0.03489876
0.03437686
0.03290701
0.03317261
0.03126335
0.03137255
0.03190351
0.03252935
0.03259659
0.03177595
0.03604889
0.04345012
0.04364085
0.04316473
0.03561115
0.03614354
0.03586793
0.03536534
0.03494763
0.03549147
0.03552294
0.03708482
0.04039931
0.03996301
0.03919339
0.03784370
0.03520751
0.03483915
0.03645444
0.03522897
0.03619719
0.03616357
0.03662395
0.03739905
0.04001999
0.04062366
0.03993773
0.03558350
0.03510809
0.03539014
0.03483629
0.03607917
0.03630090
0.03501940
0.03674293
0.04959989
0.04799533
0.03633928
0.03270388
0.03184676
0.03182340
0.03293657
0.03087544
0.03245306
0.03198647
0.03108478
0.03535390
0.04051590
0.03444982
0.03628111
0.03255749
0.03215194
0.03187752
0.02948809
0.03056407
0.03170729
0.03216314
0.03067017
0.03294325
0.04101706
0.03472853
0.03489685
0.03434277
0.03061008
0.03274465
0.03272033
0.03200364
0.03129315
0.03224325
0.03212404
0.03169274
0.03610611
0.03565311
0.03561878
0.03495336
0.03433633
0.03114128
0.03234148
0.03160572
0.03131509
0.03147388
0.03134608
0.03164506
0.03255582
0.03276372
0.04197502
0.03675485
0.03606582
0.03441787
0.03113413
0.03242278
0.03131008
0.03230405
0.03189588
0.03286958
0.03221393
0.03071833
0.03580189
0.03503633
0.03472376
0.03631306
0.03569627
0.03853893
0.03209376
0.03310108
0.03120112
0.03157067
0.03130960
0.03151679
0.03866816
0.03866482
0.03586364
0.03728867
0.03497314
0.03119731
0.03125930
0.03322554
0.03221750
0.03164911
0.03167176
0.03025484
0.03203630
0.03566241
0.03533196
0.03613687
0.03478193
0.03300214
0.03205490
0.03203273
0.03136826
0.03325653
0.03236485
0.03143549
0.03176212
0.03329110
0.03432655
0.03459692
0.03431153
0.03538537
0.03519034
0.03345513
0.03219819
0.03125811
0.03215504
0.03176618
0.03164887
0.03149629
0.03151321
0.03567672
0.03499341
0.03510427
0.03510356
0.03238082
0.03138614
0.03206325
0.03213024
0.03244090
0.03242946
0.03271747
0.03246093
0.03193450
0.03361511
0.03504348
0.03613377
0.03433084
0.03498292
0.03120232
0.03349876
0.03137112
0.03232098
0.03172803
0.03129363
0.03281713
0.03178310
0.03458214
0.03595233
0.03411007
0.03475475
0.03241229
0.03253341
0.03139567
0.03147221
0.03157926
0.03145957
0.03168464
0.03218222
0.03504920
0.03590417
0.03793240
0.03394341
0.03247213
0.03207469
0.03096724
0.03109121
0.03063226
0.03125644
0.03283882
0.03347874
0.03139639
0.03624153
0.03502727
0.03524685
0.03548908
0.03199530
0.03126478
0.03199434
0.03294587
0.02813077
0.02846575
0.02808952
0.02821040
0.03481483
0.03429937
0.03495765
0.03514981
0.03327751
0.03171849
0.03195214
0.02986550
0.02869773
0.03056550
0.02875042
0.02846217
0.02881408
0.03251767
0.03448033
0.03515530
0.03528094
0.03469849
0.03127837
