0.02665281
0.03497148
0.04060078
0.04001641
0.03915882
0.03645873
0.03414035
0.03618360
0.03301644
0.03411627
0.03441644
0.03264284
0.03165388
0.03636932
0.03564119
0.03718042
0.03656602
0.03332949
0.03263712
0.03473163
0.03554273
0.03430414
0.03348136
0.03450084
0.03508520
0.03711104
0.03731942
0.03830266
0.03816462
0.03829861
0.03495407
0.03477073
0.03445148
0.03392577
0.04299831
0.04364133
0.03764224
0.04229522
0.04761028
0.04748201
0.04532290
0.04377460
0.04825044
0.05007815
0.04440355
0.03309989
0.03273749
0.03069687
0.03273296
0.03678608
0.03617883
0.03726673
0.03717256
0.03372455
0.03222299
0.03419352
0.03670120
0.03454781
0.03388929
0.03421426
0.03299165
0.03326893
0.03514385
0.03763866
0.03855395
0.03826404
0.03893042
0.04000092
0.03391886
0.03424835
0.03383923
0.03601837
0.03412986
0.03424215
0.03557825
0.03432655
0.03416848
0.03983712
0.03956699
0.04102492
0.04131556
0.03859472
0.03464603
0.03726983
0.03373313
0.03444290
0.03442073
0.03481865
0.03490233
0.03402972
0.03967476
0.04245877
0.03934383
0.03996563
0.03744268
0.03552842
0.03529096
0.03805757
0.03508472
0.03703141
0.03719544
0.03655386
0.03654623
0.03887081
0.03883433
0.03874397
0.03859615
0.03363800
0.03361058
0.03458977
0.03501844
0.03540444
0.03617525
0.03486919
0.03514647
0.03513980
0.03853774
0.03758383
0.03767157
0.03948092
0.03827643
0.03595734
0.04009271
0.03552127
0.03475904
0.03568554
0.03591585
0.03682852
0.03397346
0.04308271
0.04592967
0.04644299
0.04738665
0.04862881
0.04699683
0.03797603
0.03412700
0.03661203
0.03593111
0.03504205
0.03564715
0.03667521
0.03896523
0.03771067
0.04290247
0.03939748
0.03579473
0.03562689
0.03598380
0.03611565
0.03591299
0.03786325
0.03659010
0.03457856
0.03604841
0.04060769
0.03982425
0.04531598
0.03916526
0.03771448
0.03550625
0.03604555
0.03452516
0.03473401
0.03563619
0.03628063
0.03427315
0.03349400
0.03105998
0.03739595
0.04074836
0.05120325
0.04242897
0.03666329
0.03470469
0.03600001
0.03450584
0.03512359
0.03253007
0.03052545
0.02991819
0.03083968
0.03502297
0.03931117
0.03886628
0.03871989
0.03895378
0.03629899
0.03523993
0.03416038
0.03402519
0.03459358
0.03472805
0.03408504
0.03445363
0.03454256
0.03239584
0.03815556
0.03669500
0.03860641
0.03709912
0.03575039
0.03307867
0.03378248
0.03514361
0.03282404
0.03372622
0.02933908
0.02911806
0.03024173
0.03378582
0.03460407
0.03686333
0.03582525
0.03689623
0.03748631
0.03749228
0.03469753
0.03363323
0.03539300
0.03562474
0.03458738
0.03264451
0.03547096
0.03288484
0.03324676
0.03668237
0.03831172
0.03771615
0.03750157
0.03868723
0.03299832
0.03358984
0.03597665
0.03396678
0.03381681
0.03360486
0.03401041
0.03400016
0.03475785
0.03451324
0.03814244
0.04750538
0.04145741
0.04069304
0.03933740
0.03642273
0.03563094
0.03686190
0.03896976
0.03747582
0.03574872
0.03531265
0.03528643
0.03562641
0.03902435
0.03974390
0.03925252
0.04023123
0.03507948
0.03425527
0.03442526
0.03594589
0.03473759
0.03406405
0.03808713
0.03352451
0.03709602
0.03480196
0.03743529
0.03837156
0.03846574
0.03899765
0.03878164
0.03499937
0.03402233
0.03372431
0.03301525
0.03035283
0.02981687
0.03148651
0.03037858
0.03023648
0.03057361
0.03029466
0.03641558
0.03890204
0.04435968
0.03864646
0.03952479
0.03894472
0.03428841
0.03380299
0.03150916
0.03186703
0.03192234
0.03353238
0.03126955
0.03132796
0.03229427
0.04013991
0.04055738
0.04157400
0.04086018
0.03864026
0.03659034
0.03854179
0.03768706
0.03787231
0.03912997
0.03853178
0.04022670
0.03788567
0.03996825
0.04085732
0.04323101
0.04157853
0.04229212
0.04149890
0.03774405
0.03826070
0.03807592
0.03880191
0.03823280
0.03917098
0.03804135
0.03797340
0.04218245
0.04385614
0.04298091
0.04474401
0.04102039
0.03840041
0.03964734
0.03698611
0.03720665
0.03657722
0.03274274
0.03064704
0.02996373
0.03097296
0.03981209
0.03938770
0.04124451
0.04025054
0.03522301
0.03545856
0.03569698
0.03762841
0.03615451
0.03786349
0.03282166
0.03050947
0.03331065
0.03065610
0.03852606
0.03872204
0.03817081
0.03902841
0.03888845
0.03543043
0.03501105
0.03676653
0.03529835
0.03572726
0.03628349
0.03345442
0.03373384
0.03590369
0.03651476
0.03840780
0.04162312
0.03809261
0.03805518
0.03584504
0.03470421
0.03526378
0.03561640
0.03697729
0.03699946
0.03449988
0.03471947
0.03483558
0.04017138
0.03993058
0.04077363
0.05138898
0.04181504
0.03665566
0.03540254
0.04096293
0.03592300
0.03571582
0.03678870
0.03762197
0.03654003
0.04183078
0.04151893
0.04225135
0.04169512
0.03684855
0.03683758
0.03658414
0.03693962
0.03737092
0.03910184
0.03685760
0.03575420
0.03443313
0.03830504
0.04567814
0.04017258
0.03890276
0.03771567
0.03437328
0.03474808
0.03382516
0.03367376
0.03730154
0.03378081
0.03541279
0.03347850
0.03429890
0.03663754
0.03893018
0.03836179
0.03874063
0.03869033
0.03571653
0.03456497
0.03532529
0.03466105
0.03424716
0.03368783
0.03801632
0.03711724
0.03593922
0.03855133
0.04051995
0.04020572
0.04234385
0.04111934
0.03452253
0.03572369
0.03609300
0.03496790
0.03363347
0.03441501
0.03265524
0.03371263
