0.06026793
0.06107736
0.05348396
0.05134726
0.05914807
0.06190348
0.06058192
0.05201364
0.05246210
0.05258703
0.05097842
0.05281186
0.05642319
0.06177044
0.06203532
0.05215716
0.05398393
0.05325103
0.05330658
0.05159044
0.05899167
0.06076884
0.05992484
0.05013943
0.04996538
0.04972672
0.05338812
0.04867959
0.04899788
0.05854130
0.05741572
0.05460620
0.04717803
0.04689741
0.04624605
0.04449201
0.04528332
0.04456329
0.04577065
0.05271935
0.04999089
0.05006552
0.04238582
0.04298234
0.04215574
0.04162192
0.04058552
0.04018760
0.04022336
0.04371023
0.04603601
0.04719234
0.04574513
0.03989983
0.04456878
0.04020262
0.03851414
0.04021788
0.03836870
0.03875971
0.04032254
0.04291844
0.04382849
0.04288483
0.04052496
0.03733468
0.03855062
0.03841448
0.03715301
0.03733850
0.03605390
0.03823233
0.04016137
0.04052448
0.04039788
0.03971457
0.03495336
0.03662968
0.03654504
0.03584218
0.03516698
0.03488612
0.03488779
0.03464627
0.03906202
0.03888035
0.03897643
0.04154611
0.03313494
0.03387952
0.03359962
0.03431153
0.03393507
0.03397775
0.03369308
0.03380466
0.03215146
0.03712106
0.03812933
0.03644967
0.03599715
0.03294611
0.03174162
0.03219676
0.03222060
0.03233242
0.03221440
0.03225446
0.03146672
0.03055072
0.03595018
0.03500366
0.03623843
0.03697968
0.03360605
0.03090811
0.03301787
0.03294206
0.03281808
0.03231192
0.03208852
0.03047991
0.03274679
0.03262591
0.03682280
0.03598571
0.03376102
0.03511667
0.03363538
0.03031421
0.03186250
0.03324676
0.03148746
0.03267550
0.03181911
0.03219342
0.03253913
0.03418469
0.03389812
0.03578949
0.03444743
0.03698182
0.03113604
0.03175521
0.03255630
0.03264880
0.03249764
0.03116584
0.03166604
0.03147817
0.03191113
0.04250741
0.04215193
0.03509593
0.05972600
0.04440498
0.03227615
0.03282571
0.03245735
0.03148413
0.03153539
0.03630757
0.03176069
0.03188848
0.03266406
0.03632951
0.03499031
0.03574705
0.03646421
0.03221655
0.03330421
0.03248596
0.03163171
0.03211403
0.03164005
0.03263903
0.03260994
0.03299117
0.03572035
0.03637004
0.03451109
0.03462052
0.03450918
0.03246403
0.03150845
0.03316736
0.03244162
0.03206444
0.03189039
0.03108501
0.03236032
0.03367853
0.03580618
0.03541613
0.03653502
0.03536344
0.03182864
0.03262830
0.03600264
0.03136635
0.03246737
0.03340435
0.03268456
0.03311515
0.03145480
0.03193927
0.03658652
0.03497696
0.03729510
0.03518772
