0.02363133
0.03212309
0.03239965
0.03369689
0.03580785
0.03081083
0.03369355
0.03787231
0.03505874
0.03424025
0.03332472
0.03388214
0.02824163
0.02787304
0.03065276
0.02964759
0.02921128
0.02749705
0.02763081
0.02750039
0.03059387
0.03069377
0.02831864
0.03083110
0.05169749
0.05341554
0.06059527
0.03946877
0.03500628
0.02998114
0.03017592
0.03159451
0.03121972
0.02799296
0.03175831
0.02906203
0.02852011
0.03191447
0.03092694
0.03576589
0.03420448
0.03368735
0.03384280
0.03450561
0.03416491
0.03182054
0.03199768
0.03099537
0.03140545
0.03113103
0.03066587
0.03136206
0.03105998
0.02981949
0.03176975
0.03154016
0.03997970
0.03487444
0.03351116
0.03507638
0.03440571
0.03196597
0.03035021
0.02992892
0.03222823
0.03019619
0.02823520
0.03081107
0.03126955
0.03087401
0.02943540
0.02755046
0.03280354
0.02919340
0.03561068
0.03379273
0.03358626
0.03384256
0.03341675
0.02736044
0.03619242
0.03638220
0.03136063
0.03128290
0.03577685
0.03185296
0.03142381
0.03064227
0.03014517
0.03031993
0.03195763
0.03371286
0.03289366
0.03364182
0.03328061
0.03349590
0.03910947
0.03099966
0.03063726
0.03136086
0.03467989
0.03019094
0.02805662
0.02729321
0.02678895
0.03007412
0.02946043
0.02863312
0.03395414
0.03356767
0.03347540
0.03324604
0.03403521
0.03018093
0.03087020
0.03109527
0.03227782
0.03551817
0.02938771
0.02812552
0.03066278
0.03164601
0.03239822
0.03391385
0.03511095
0.03304005
0.03451490
0.03351760
0.03452373
0.03215957
0.03012037
0.03133702
0.03086805
0.03136635
0.03205085
0.03035402
0.03143263
0.03097320
0.03279901
0.03527617
0.03527665
0.03401899
0.03375220
0.03386807
0.03194022
0.03477859
0.03052711
0.03205967
0.03037429
0.03097463
0.03016067
0.03033948
0.03199339
0.03106070
0.03082657
0.03104806
0.02790141
0.03367567
0.03490138
0.03449178
0.03454328
0.03296137
0.03143859
0.03090310
0.03082204
0.03082919
0.03147292
0.03071308
0.03031349
0.03064775
0.03059196
0.02909470
0.02838016
0.03515530
0.03369737
0.03567696
0.03378391
0.03275847
0.03393364
0.03373861
0.03083611
0.03120542
0.03137183
0.03170156
0.03306317
0.03076077
0.02996421
0.02826428
0.02705932
0.02893376
0.03153324
0.03461719
0.03436661
0.03388929
0.03342247
0.03357172
0.03474283
0.03269243
0.03057885
0.03444123
0.03191376
0.03506851
0.03156209
0.03013396
0.03145123
0.03057766
0.03054762
0.03082037
0.03099179
0.02944779
0.03487110
0.03422618
0.03387594
0.03482938
0.03382516
0.03271770
0.03169131
0.03122044
0.03291011
0.03105307
0.03140497
0.03179932
0.03061771
0.03059554
0.02846336
0.03115678
0.02923441
0.03477025
0.03461170
0.03352928
0.03537774
0.03467965
0.03249645
0.03138971
0.03187585
0.03164721
0.03202987
0.03172684
0.03232837
0.03166533
0.03118277
0.03205538
0.03207421
0.03309727
0.03483200
0.03748703
0.03587151
0.03701043
0.04117966
0.03313851
0.03283834
0.03361082
0.03245687
0.03240228
0.03202057
0.03279209
0.03238153
0.03409290
0.03334522
0.03374672
0.03946877
0.03762603
0.03735137
0.03783321
0.03812599
0.03399539
0.03387499
0.03466487
0.03383708
0.03594184
0.03398824
0.03361607
0.03500772
0.03098464
0.03323793
0.02966547
0.03126764
0.03868723
0.03657651
0.03778648
0.03740311
0.03625107
0.03338909
0.03328133
0.03340554
0.03378367
0.03302717
0.03306746
0.03229666
0.03196239
0.03200817
0.03242016
0.03142071
0.03363681
0.03505445
0.03399014
0.03543043
0.03764725
0.03494191
0.02926636
