0.02287078
0.03540826
0.03909254
0.03459692
0.03446078
0.04093361
0.03909278
0.04425764
0.04026628
0.03680897
0.04091835
0.03620148
0.03432345
0.03523684
0.03547120
0.04477930
0.03767252
0.05095100
0.03534794
0.03521013
0.04012156
0.03996038
0.04051304
0.04128146
0.03598189
0.03568792
0.03611588
0.03508472
0.03842759
0.03494239
0.05080914
0.03493023
0.03608322
0.03981495
0.03937340
0.03909779
0.04032660
0.03771996
0.03514051
0.03650546
0.03527379
0.03536987
0.03401160
0.03503346
0.03347635
0.03542686
0.03438616
0.04059982
0.03924322
0.04607630
0.03917432
0.03893447
0.03814030
0.03677106
0.03558993
0.03721499
0.03848100
0.03486729
0.04327440
0.03930235
0.03951359
0.04010034
0.03711176
0.03983665
0.03495193
0.03681946
0.03503919
0.03519678
0.03544092
0.03390622
0.03849626
0.03991866
0.03952432
0.04552078
0.03994918
0.04617453
0.04006457
0.03818464
0.03816247
0.04290557
0.04077792
0.03952312
0.04075313
0.04393148
0.04581118
0.05121446
0.04780817
0.04318070
0.03947783
0.03978682
0.04008698
0.03869295
0.03588843
0.03647065
0.04030824
0.03920412
0.04353833
0.05232024
0.04633760
0.04577041
0.04372454
0.04023266
0.04022121
0.04165888
0.04117489
0.04089499
0.04037142
0.03980207
0.04013968
0.04530168
0.04774833
0.04810214
0.04817677
0.04322362
0.04077363
0.04323244
0.04132795
0.04033923
0.04237127
0.04111886
0.04095840
0.04452515
0.04953766
0.04888296
0.05241299
0.04440331
0.04282832
0.04150391
0.04347801
0.04203439
0.04133558
0.04271269
0.04040742
0.04029346
0.04858637
0.04682207
0.05448842
0.04409456
0.04107475
0.04136634
0.04113793
0.04081345
0.04251575
0.04160047
0.04124045
0.04408884
0.04756951
0.05283666
0.04715514
0.04424262
0.04257917
0.04196978
0.04110384
0.04106736
0.04146862
0.04110527
0.04142642
0.04252744
0.04826140
0.05157661
0.04803872
0.04603362
0.04151249
0.03953958
0.03989887
0.04053259
0.03992724
0.04168057
0.04093242
0.04015088
0.04277778
0.05303192
0.04581952
0.04577470
0.04692626
0.03918362
0.03947139
0.04052925
0.03983402
0.04096341
0.03968167
0.03989220
0.03842974
0.04803967
0.04327798
0.04736423
0.04568028
0.04712462
0.04708338
0.04224443
0.04242182
0.04084730
0.04119301
0.04073524
0.04032803
0.03978276
0.03684235
0.04409790
0.04779172
0.04907322
0.04775262
0.04314160
0.04133511
0.04110646
0.04048300
0.04075885
0.04052067
0.04051495
0.03719735
0.03885269
0.04814458
0.04711699
0.04892111
0.04675174
0.04010177
0.04071712
0.04143524
0.04172683
0.04156590
0.04119515
0.04187083
0.04029012
0.04671645
0.04806089
0.04739690
0.04852128
0.04466939
0.04116201
0.04107714
0.04185653
0.04142761
0.04387975
0.04150844
0.04028702
0.04080558
0.04785776
0.04812813
0.04756260
0.04739666
0.04029226
0.04628253
0.04223871
0.04216552
0.04217243
0.03747153
0.03639388
0.03815269
0.04491925
0.04774618
0.04814553
0.04785538
0.04401660
0.04182887
0.04258657
0.04059052
0.04089093
0.04259372
0.04160452
0.04002929
0.04110670
0.04695892
0.05331826
0.04787922
0.04500127
0.04250264
0.04022098
0.04232717
0.04004931
0.03905916
0.03575802
0.03989887
0.04059172
0.04789162
0.04766774
0.04710793
0.04631162
0.04087758
0.03995156
0.04186106
0.04107714
0.03994846
0.04001403
0.04340959
0.03992343
0.04116797
0.04350209
0.05025458
0.04873514
0.04764843
0.04613924
0.04157495
0.04206085
0.04097772
0.04061890
0.04184890
0.04079819
0.04032445
0.04042172
0.04497242
0.05389857
0.04639316
0.04654860
0.04174590
0.04015827
0.04034638
0.03925371
0.04000545
0.03917980
0.04044366
0.04038596
0.03996682
0.04536843
0.04525352
0.04580498
0.04558873
0.04144096
0.03852963
0.03929520
0.03938818
0.04030538
0.04018497
0.04400563
0.03998566
0.03960252
0.04707503
0.04524279
0.04629278
0.04620600
0.04059553
0.03975153
0.04065037
0.04107761
0.03925347
0.03998446
0.03985023
0.04004312
0.03960133
0.04202390
0.04598093
0.04916000
0.04577565
0.04434276
0.03937745
0.04125571
0.03924155
0.03982759
0.03934336
0.03976464
0.04025698
0.04021192
0.04387856
0.04604220
0.04721117
0.04632640
0.04272461
0.04031181
0.04072595
0.04227233
0.04129386
0.04053307
0.03975987
0.03976297
0.04063177
0.04253197
0.04694676
0.04801607
0.04771948
0.04557681
0.04040599
0.04113746
0.03956604
0.03991556
0.03937387
0.04030895
0.04043007
0.04666066
0.04717803
0.04567671
0.04672122
0.04631782
0.03976059
0.04051304
0.04043412
0.04110360
0.04004788
0.04022861
0.04295373
0.04072046
0.04551649
0.04664135
0.04580879
0.04709935
0.04336691
0.04056835
0.04013062
0.03910732
0.03941154
0.03640628
0.03925729
0.03996539
0.03983092
0.04450393
0.04889178
0.03842568
0.03894067
0.03849554
0.04213357
0.03981638
0.03861666
0.04056907
0.03869081
0.03692174
0.04075098
0.04191852
0.03464413
0.03620052
0.04567766
0.03894639
0.03896689
0.03769565
0.03862667
0.03818750
0.03929138
0.03875971
0.03840256
0.03854060
0.05161309
0.03790855
0.03863549
0.03789735
0.04985356
0.05345130
0.05255914
0.05012393
0.03829551
0.03890920
0.03864360
0.04216719
0.03883553
0.03874254
0.03993201
0.03806019
0.03934026
0.04589295
0.04399323
0.04484439
0.04509425
0.04016352
0.03942418
0.03931141
0.04619622
0.03699875
0.03713799
0.03684473
0.03733921
0.03583479
0.04258704
0.04073691
0.05164433
0.04578400
0.03974080
0.03539300
0.03637409
0.03851509
0.03794479
0.03416348
0.03744435
0.03652263
0.03815579
0.03550816
0.03879690
0.04098129
0.04090619
0.04168797
0.04103231
0.03865433
0.03618836
0.03685379
0.03548336
0.03619456
0.04252315
0.03721738
0.03580070
0.03794694
0.04243207
0.04828429
0.04350114
0.04157662
0.04168582
0.04216456
0.03961253
0.04287171
0.04087067
0.04586506
0.03978443
0.04226923
0.04230165
0.04150939
0.03900790
0.03840351
0.03961134
0.03971601
0.03887200
0.04136968
0.04332399
0.04075837
0.04153180
0.04337049
0.05091405
0.03748178
0.03600740
0.03740072
0.03808141
0.03664398
0.03942823
0.04447818
0.05564570
0.04931569
0.04700255
0.05306625
0.03985238
0.04001260
0.03807998
0.03544188
0.03735924
0.03954411
0.03758168
0.03728557
0.04756665
0.04176998
0.04287553
0.04219317
0.03845000
0.04143214
0.03650069
0.03853226
0.04471040
0.04954004
0.04550552
0.03365254
0.03933239
0.04388237
0.04162073
0.04291201
0.04031610
0.03805947
0.03704238
0.03783965
0.03893304
0.04414296
0.04288840
0.04128981
0.04531574
0.04940867
0.04395843
0.04267263
0.04025555
0.03800011
0.04069614
0.04048562
0.03868532
0.04147434
0.04281163
0.03431249
0.04016614
0.04556465
0.04967213
0.04484463
0.04227972
0.03983831
0.03832412
0.03785563
0.04229116
0.03702712
0.04120755
0.03854942
0.04638648
0.04662967
0.04990005
0.04123974
0.04043722
0.04608440
0.03923273
0.04210663
0.04066229
0.04008818
0.04511213
0.04592919
0.04876423
0.04978275
0.04922771
0.05041528
0.04378176
0.04356098
0.04380202
0.04407573
0.04575825
0.04069781
0.04296303
0.04654121
0.05858135
0.05353904
0.05271745
0.04385662
0.04441667
0.05467248
0.04960847
0.04602218
0.04330707
0.04293418
0.04639006
0.05308318
0.05270886
0.05452132
0.04786730
0.04543591
0.04694343
0.04602504
0.04490733
0.04539895
0.04978395
0.04660916
0.05347443
0.05273032
0.05844259
0.04862022
0.04365444
0.04471850
0.04425287
0.04476833
0.04481387
0.04749918
0.04422784
0.05002666
0.05343413
0.05803108
0.05051088
0.04334903
0.04498696
0.04533458
0.04387331
0.04426837
0.04542899
0.04489326
0.04602242
0.05143857
0.05430317
0.05151129
0.04926968
0.04357409
0.04637361
0.04282856
0.04382825
0.04327035
0.04417276
0.04687095
0.04555559
0.05180192
0.05135083
0.05806375
0.04564476
0.04344249
0.04348421
0.04491663
0.04471445
0.04337478
0.04792356
0.04583406
0.05197096
0.05068111
0.05832887
0.04866338
0.04452586
0.04515147
0.04500175
0.04424882
0.04531074
0.04487586
0.04663706
0.05135632
0.06479979
0.05993581
0.05050206
0.04592371
0.04473019
0.04460692
0.04493237
0.04522777
0.04319525
0.04024410
0.04757452
0.05311966
0.05273271
0.05363345
0.04610801
0.04431081
0.04439878
0.04410839
0.04442191
0.04580450
0.04165339
0.03909159
0.05295420
0.05211830
0.05247641
0.05139303
0.04469419
0.04406118
0.04458404
0.04696059
0.04524660
0.04930830
0.04499173
0.05037403
0.05334759
0.05803251
0.05882621
0.05226731
0.04866219
0.04461002
0.04440331
0.04421091
0.04345512
0.04593825
0.04442763
0.05191779
0.05182981
0.05606318
0.04968643
0.04324389
0.04275846
0.04390097
0.04339862
0.04221344
0.03934360
0.03719258
0.03847170
0.04251385
0.05609274
0.04989481
0.05044556
0.04800224
0.04266119
0.04204631
0.04282522
0.04182339
0.04109120
0.04031777
0.04124331
0.03995919
0.04493856
0.04930377
0.04856324
0.04696488
0.04800892
0.04083395
0.04019094
0.04205728
0.04066753
0.04320288
0.03908420
0.03902483
0.03943682
0.03904366
0.04363775
0.04536915
0.04419184
0.05289674
0.04574347
0.03660822
0.03693533
0.03538442
0.03558731
0.03615451
0.03846622
0.03221655
0.03160048
0.03951430
0.04078174
0.04005933
