0.05440497
0.03934741
0.03745270
0.03830409
0.04382730
0.04405093
0.04604650
0.03890419
0.03927994
0.03827572
0.03900957
0.03882885
0.04107380
0.04299760
0.04286027
0.04148340
0.03833723
0.03868914
0.03915906
0.03731418
0.03879023
0.04134083
0.04575753
0.04473376
0.04390860
0.03982925
0.03968787
0.03914404
0.03831506
0.04297757
0.03905606
0.04197979
0.04232693
0.04459214
0.04317093
0.05041528
0.06122732
0.03838277
0.03889394
0.03858137
0.03998160
0.04160261
0.04500699
0.04525685
0.04265714
0.03997159
0.04266429
0.03971362
0.04055429
0.03909278
0.04239416
0.04740429
0.04524255
0.04671884
0.04164505
0.04066825
0.04093456
0.03960228
0.03958535
0.04060507
0.04318690
0.05134344
0.04397607
0.04289126
0.04035378
0.04047775
0.04003549
0.03971386
0.03778911
0.04026389
0.04130602
0.05822134
0.05351567
0.04594636
0.04012704
0.03850031
0.03984809
0.03958058
0.03984928
0.03995776
0.04579496
0.04504180
0.04740667
0.04369068
0.03893137
0.03970265
0.03895116
0.03805494
0.03876328
0.03852844
0.04115081
0.04404259
0.04441619
0.04406214
0.03977203
0.03928256
0.04015708
0.03851867
0.04013038
0.03973436
0.04189658
0.04328966
0.04510474
0.04375529
0.03757572
0.03979683
0.03893042
0.04016542
0.03864145
0.03845215
0.04428601
0.04465675
0.04508805
0.04861832
0.04218817
0.03812838
0.03894401
0.03907585
0.03949308
0.03887081
0.04461455
0.04391527
0.05355763
0.04304934
0.04101992
0.03955865
0.04050827
0.03986025
0.03981376
0.04030490
0.05229473
0.04674816
0.04768062
0.04214811
0.04124689
0.04119682
0.04052210
0.04144049
0.04121280
0.04627180
0.04750538
0.04696012
0.04716229
0.04254889
0.04175091
0.04109025
0.04094481
0.04063988
0.04144216
0.04311013
0.04981589
0.04970455
0.04881120
0.04127765
0.04099679
0.04206610
0.04031467
0.04131055
0.04061007
0.04664874
0.04697609
0.04656816
0.04327273
0.04131866
0.04095745
0.03989458
0.03961301
0.04098749
0.04114747
0.04591155
0.04566813
0.04725862
0.04309154
0.04060149
0.04048419
0.04076958
0.04015470
0.03954625
0.04130125
0.04526162
0.04613709
0.04560375
0.04262066
0.04253292
0.03994465
0.03954315
0.04015112
0.03922176
0.03973317
0.04644418
0.04546094
0.04544401
0.04094863
0.03847194
0.03940845
0.03763676
0.03786969
0.03835821
0.03859472
0.04355621
0.04423380
0.04264712
0.04211712
0.03887820
0.03806734
0.03836036
0.03762078
0.03847837
0.03856182
0.03899884
0.04276228
0.04310584
0.04297686
0.03782463
0.05278587
0.03936625
0.03969955
0.03806090
0.03835750
0.03784823
0.04174018
0.04299641
0.04262328
0.04291272
0.04000044
0.03902984
0.03758502
0.03944588
0.03944826
0.04121017
0.05476022
0.05749440
0.06518459
0.04207706
0.03799820
0.03806877
0.03745651
0.03863668
0.03876567
0.03833604
0.03799319
0.03973436
0.04124761
0.04354334
0.04352117
0.04062915
0.03833365
0.03733921
0.03868294
0.03834033
0.03836012
0.03870773
0.04039383
0.04437256
0.04336905
0.04375696
0.03969765
0.03791428
0.03916264
0.03916883
0.03867078
0.04143262
0.03886080
0.04442811
0.04351449
0.04186106
0.04083419
0.03820252
0.03831172
0.03791046
0.03688335
0.03773999
0.03688312
0.03682470
0.03997397
0.04181838
0.04068804
0.04629707
0.03574705
0.03618836
0.03602314
0.03729916
0.03664160
0.03665900
0.03662801
0.04185629
0.04080415
0.04034519
0.04037452
0.03591347
0.03734875
0.03737044
0.03622580
0.03520513
0.03661370
0.03689647
0.04724550
0.04141283
0.04181266
0.04269958
0.03798246
0.03744102
0.03793216
0.03838491
0.03734827
0.03843737
0.03774691
0.04100132
0.04227805
0.04077268
0.04070044
0.03728485
0.03514528
0.03630042
0.03570151
0.04137325
0.03659296
0.04144096
0.04078722
0.04061079
0.03668189
0.03439260
0.03475428
0.03530598
0.03385401
0.03560328
0.03438067
0.03563237
0.03482842
0.03800917
0.03920126
0.03895426
0.04073191
0.03483987
0.03668833
0.03668976
0.03613353
0.03670883
0.03678346
0.03638363
0.03977180
0.04026151
0.04156041
0.04280877
0.03779292
0.03791666
0.03767347
0.03573871
0.03535652
0.03564954
0.03649521
0.03893304
0.03858709
0.03858232
0.03828740
0.03443360
0.03479838
0.03471756
0.03422260
0.03551650
0.03489590
0.03600883
0.03847194
0.04180336
0.04138994
0.04113317
0.03840518
0.03623223
0.03637743
0.03666735
0.03672147
0.03606272
0.03692961
0.03981519
0.04372859
0.04327416
0.04529023
0.03832245
0.04038715
0.03811479
0.03773093
0.03803468
0.03806448
0.04355454
0.04462457
0.04789472
0.04810858
0.04035640
0.03986144
0.04077578
0.04095054
0.04058933
0.04078317
0.04101467
0.04621339
0.04724717
0.04616356
0.04368544
0.04125547
0.04194450
0.04200101
0.04014659
0.04193854
0.04049683
0.04412222
0.04833627
0.05141354
0.04737353
0.04313254
0.04512835
0.04307175
0.04408336
0.04782319
0.04650998
0.05600882
0.05830455
0.05984831
0.05036640
0.04919791
0.05069280
0.04976559
0.04942513
0.05097651
0.06488085
0.06623054
0.06691790
0.04931593
0.05038190
0.04986668
0.04802513
0.05051756
0.05348110
0.06244946
0.06038880
0.05669498
0.05197358
0.05231023
0.05440426
0.05210948
0.05439401
0.06238651
0.06211162
0.05781531
0.05184078
0.05155134
0.05137539
0.05251074
0.05100632
0.06112623
0.06111097
