0.05582476
0.03996325
0.03939033
0.04469800
0.04404950
0.04388428
0.03781819
0.03963232
0.03878284
0.03889012
0.03847671
0.03900099
0.04302359
0.04629850
0.05338550
0.04049635
0.03894138
0.03907490
0.03974295
0.04330754
0.04009795
0.04044676
0.04538822
0.04816055
0.03842306
0.03881168
0.03918791
0.03859687
0.03909969
0.03914189
0.03974605
0.04444599
0.04548550
0.04456615
0.03789020
0.04354453
0.03911114
0.04150486
0.03775358
0.04528904
0.04435062
0.04170060
0.04162502
0.03992414
0.03707218
0.03656363
0.03678942
0.03593469
0.03513670
0.03474593
0.04068136
0.03958964
0.03827906
0.03774762
0.04444432
0.03565097
0.03405523
0.03475642
0.03356600
0.03917003
0.03335834
0.03686285
0.03909564
0.03609776
0.03071189
0.03288031
0.03441834
0.03165650
0.03571820
0.03170681
0.03163362
0.03264284
0.03521657
0.03796029
0.03526640
0.04014039
0.03058171
0.03245378
0.03163910
0.03236008
0.03155589
0.03299284
0.03130674
0.03519583
0.03301001
0.03954959
0.03526902
0.03392458
0.03472710
0.03204155
0.03524184
0.03139043
0.03095913
0.03907919
0.03332043
0.03256273
0.03144002
0.03196549
0.03812599
0.03459644
0.04145217
0.04430962
0.03108382
0.03172350
0.03321624
0.03261137
0.03104997
0.03277326
0.03174186
0.03654552
0.03228498
0.03468323
0.03479695
0.07936811
0.04813170
0.03289175
0.03519201
0.03269720
0.03167868
0.03247380
0.03274322
0.03505540
0.03501654
0.03492665
0.03602672
0.04043198
0.03165007
0.03241730
0.03381968
0.03198099
0.03155231
0.03261733
0.03178644
0.03330803
0.03420472
0.03438878
0.03576517
0.03962946
0.03322673
0.03565049
0.03269458
0.03385878
0.03231692
0.03140950
0.03140116
0.03223372
0.03572965
0.03469205
0.03507018
0.03499913
0.04018140
0.03102899
0.03243899
0.03226829
0.03151369
0.03090262
0.03177094
0.03100348
0.03586793
0.03213382
0.03397775
0.03655672
0.03552198
0.03578973
0.03326797
0.03159642
0.03116393
0.02942276
0.02982879
0.02766776
0.02780795
0.03108954
0.03231716
0.03459454
0.03520846
0.04682398
0.03898597
0.03191733
0.03085876
0.03291440
0.02906394
0.02832174
0.02929950
0.02880740
0.03153133
0.03469515
0.03495479
0.03543329
0.03596807
0.03548741
0.03113437
0.03251386
0.03269958
0.02811599
0.02922058
0.03261614
0.03156233
0.03138924
0.03376079
0.03573966
0.03746867
0.03616452
0.03468680
0.03257895
0.03199196
0.03230357
0.03222179
0.02920008
0.03127623
0.03205872
0.03636122
0.03455806
0.03441238
0.03655148
0.03229856
0.03246212
0.03286815
0.03524661
0.03135180
0.03113151
0.03197789
0.03147626
0.03696156
0.04120922
0.03531003
0.03181219
0.03229260
0.03192782
0.03212976
0.03117990
0.03185749
0.03323603
0.03242564
0.03270173
0.03112555
0.03557515
0.03535223
0.03526807
0.03481722
0.03294516
0.04309320
0.03162241
0.03321123
0.03158331
0.03175163
0.03301978
0.03146052
0.03572130
0.03460598
0.03436756
0.03531551
0.03477812
0.03066635
0.03282285
0.03321767
0.03124428
0.03415537
0.03171349
0.03139472
0.03147602
0.03574848
0.03426433
0.03500700
0.03530526
0.03262186
0.03384328
0.03210115
0.03152871
0.03194261
0.03227162
0.03144526
0.03174663
0.03325152
0.03427362
0.03955603
0.03526974
0.03131747
0.03155732
0.03279233
0.03123164
0.03210831
0.03136969
0.03246856
0.03108382
0.03223252
0.03565478
0.03976130
0.03465414
0.03431010
0.03106427
0.03248835
0.03195453
0.03103328
0.03268766
0.03208017
0.03166819
0.03194857
0.03671837
0.03922987
0.03520083
0.03519607
0.03233123
0.03248000
0.03154659
0.03220868
0.03246713
0.03248143
0.03118324
0.03171682
0.03238940
0.04029083
0.03523540
0.03363729
0.03310919
0.03033781
0.03238297
0.03161144
0.03040957
0.02841806
0.03140855
0.03161764
0.03214931
0.03555369
0.03675461
0.03595972
0.03441501
0.03436542
0.03145289
0.03132296
0.03244376
0.03139830
0.04005313
0.03673029
0.03178430
0.03234529
0.03172922
0.03719783
0.03645158
0.03509498
0.03583074
0.03452849
0.03260159
0.03251100
0.03150845
0.03157258
0.03119516
0.03198004
0.03305197
0.03263211
0.03256345
0.03524756
0.03519773
0.03621602
0.03454113
0.03226161
0.03262615
0.03129411
0.03194571
0.03251457
0.03235722
0.03212523
0.02871704
0.03272867
0.03118300
0.03219128
0.03598571
0.04003453
0.04175448
0.04093194
0.03237891
0.03380871
0.03490973
0.03259444
0.03241277
0.03224277
0.03053808
0.02871513
0.03515863
0.04088640
0.04063272
0.04081035
0.04108882
0.03271937
0.03138423
0.03089476
0.03212237
0.03278518
0.03677773
0.03458142
0.03609824
0.03452587
0.03457856
0.03368807
0.03140855
0.03125715
0.03203392
0.03254437
0.03327036
0.03244996
0.03113675
0.03526974
0.03485727
0.03397465
0.03610992
0.03405952
0.03165984
0.03101945
0.03237128
0.03135228
0.03161383
0.03287339
0.03165150
0.03165627
0.03701997
0.04194212
0.04176521
0.04243660
0.03846145
0.03136134
0.03252149
0.03291488
0.03118348
0.03555465
0.03259087
0.04060602
0.04149461
0.04054356
0.04161501
0.03720546
0.03231812
0.03266573
0.03174043
0.03249454
0.03168106
0.03221488
0.03175998
0.03838229
0.04394341
0.04944444
0.03247666
0.03253055
0.03259516
0.03253317
0.03328490
0.03235197
0.03307319
0.03281617
0.03807211
0.04091382
0.04274797
0.04164076
0.03834462
0.03871489
0.03272963
0.03231645
0.03227973
0.03160381
0.03204703
0.03578091
0.03206277
0.03529263
0.03539467
0.03426647
0.03392053
0.03299618
0.03322053
0.03222656
0.03233576
0.03196859
0.03289032
0.03340149
0.03319478
0.03624988
0.03660154
0.03648448
0.04018950
0.03309965
0.03187919
0.03362679
0.03373003
0.03309679
0.03173780
0.03257823
0.03316593
0.03352356
0.03775644
0.03760934
0.03649926
0.03650355
0.03326392
0.03337574
0.03251410
0.03286958
0.03483319
0.03323841
0.03206873
0.03405190
0.03630543
0.03630877
0.03622079
0.03546262
0.03303123
0.03241396
0.03230214
0.03275037
0.03350806
0.03387141
0.03270674
0.03619218
0.03736854
0.03702044
0.03678823
0.03422976
0.03272867
0.03477335
0.03509259
0.03329229
0.03463030
0.03474426
0.03417420
0.03438187
0.03784561
0.03758693
0.03832936
0.03836799
0.03338528
0.03439689
0.03329825
0.03431392
0.03357291
0.03460526
0.03475738
0.04145384
0.03950453
0.03972054
0.03895617
0.03451395
0.03521848
0.03483558
0.03490162
0.03425169
0.03464103
0.03478813
0.03643107
0.03801560
0.03907013
0.03916955
0.04021692
0.03466797
0.03552103
0.03596878
0.03549838
0.03514719
0.03632689
0.03688645
0.04004717
0.03880334
0.03944445
0.03683734
0.03571057
0.03479862
0.03502512
0.03445268
0.03382468
0.03667688
0.03325343
0.03535891
0.03742766
0.03571987
0.03757787
0.03463602
0.03183556
0.03153753
0.03272438
0.03181553
0.03315449
0.03152514
0.03211379
0.03144789
0.03251553
0.03648925
0.03483176
0.04058003
0.03535628
0.03222942
0.03171587
0.03212905
0.03174305
0.03244853
0.03165197
0.03216028
0.03290343
0.03191066
0.03576064
0.03526354
0.03481293
0.03553987
0.03447628
0.03118134
0.03131175
0.03171921
0.03102040
0.03234744
0.04116583
0.03332806
0.03281641
0.03612733
0.03464746
0.03477430
0.03441334
0.03229976
0.03163218
0.03275394
0.03215218
0.03215551
0.03200483
0.03300142
0.03189182
0.03543544
0.03407884
0.03478503
0.03467751
0.03185701
0.03307486
0.03137565
0.03219223
0.03169155
0.03249907
0.03120184
0.03278279
0.03475571
0.03486800
0.04390383
0.03602695
0.03254151
0.03222942
0.03126907
0.03100681
0.03299832
0.03189492
0.03153515
0.03213954
0.03149128
0.03522515
0.03556299
0.03487229
0.03465796
0.03220940
0.03230762
0.03219700
0.03314304
0.03173876
0.03145766
0.03101850
0.03164029
0.03382087
0.03626513
0.03648901
0.03653383
0.03402877
0.03282213
0.03438997
0.03377628
0.03459167
0.03515172
0.03437090
0.03490353
0.03762102
0.03648138
0.03675604
0.03926754
0.03198099
0.03608012
0.03584504
0.03547764
0.03525496
0.03618479
0.03460789
0.03472471
0.04017663
0.03978801
0.03906226
0.03941703
0.03525710
0.03444791
0.03537607
0.03545499
0.03564382
0.03536296
0.03566504
