0.07158613
0.04573488
0.04434156
0.03895545
0.03814578
0.03752303
0.03967309
0.03747177
0.03811002
0.03974342
0.04107261
0.04400086
0.04419351
0.04032993
0.03891015
0.03808379
0.03964567
0.03932786
0.04319239
0.03873658
0.03819013
0.05438066
0.05305266
0.04565883
0.03557110
0.03833294
0.03944755
0.03879881
0.03714466
0.03853035
0.03833652
0.03837228
0.04368758
0.04328489
0.04256392
0.04075742
0.03822017
0.03802299
0.03924227
0.03798985
0.03788280
0.03872681
0.04083991
0.04392648
0.04419255
0.04350352
0.03811002
0.03861690
0.03859496
0.03869772
0.04214478
0.03826594
0.03825188
0.04037929
0.04217315
0.04185629
0.04298258
0.04018402
0.03793120
0.03779745
0.03819346
0.03818178
0.03757477
0.03765416
0.04122043
0.04157209
0.04238629
0.04229951
0.03746581
0.03780055
0.03827739
0.03785467
0.03671217
0.03724647
0.03743577
0.03719068
0.04190230
0.04221106
0.04042482
0.04166746
0.03647399
0.03609800
0.03707576
0.03745866
0.03756380
0.03734636
0.03645277
0.03766489
0.03626966
0.04376340
0.04208541
0.04197812
0.04167247
0.03806233
0.03705049
0.03652620
0.03655267
0.03713822
0.03596497
0.03660727
0.03923130
0.04192257
0.04102993
0.04182553
0.04072022
0.03601909
0.03805375
0.03785419
0.03572798
0.03704786
0.03678703
0.03678513
0.03799438
0.04165506
0.04135537
0.04241204
0.04563379
0.03710318
0.03624487
0.03700614
0.03723836
0.03662372
0.03688407
0.03584838
0.03866696
0.04112244
0.04052448
0.04126549
0.03761172
0.03735948
0.03818107
0.03743505
0.03637958
0.03791022
0.03668284
0.03828549
0.04278135
0.04262233
0.04417896
0.04196811
0.03764939
0.03805065
0.03724313
0.03664422
0.03740144
0.03701782
0.03721952
0.03919816
0.04278731
0.04154110
0.04411077
0.04488873
0.04341865
0.03847623
0.03685975
0.03751516
0.03795981
0.03858232
0.03715563
0.03953028
0.04307508
0.04265618
0.04368234
0.03871274
0.03763080
0.03663635
0.03738284
0.03768373
0.03752947
0.03777337
0.03839612
0.03996134
0.04292798
0.04133630
0.04183626
0.03946304
0.03694725
0.03785729
0.03855276
0.03667235
0.03846431
0.03769851
0.03795886
0.04185820
0.04655957
0.04326344
0.04150295
0.03827953
0.03727102
0.03728461
0.03726006
0.03631043
0.03776693
0.03778839
0.03888655
0.04010153
0.04206777
0.04151726
0.04252481
0.03862953
0.03766227
0.03878045
0.03798223
0.03730965
0.03726578
0.03846955
0.03863621
0.04403853
0.04252672
0.04147482
0.04359078
0.03634691
0.03771615
0.03847194
0.03748751
0.03802562
0.03736472
0.03903842
0.03743243
0.04149485
0.04208660
0.04222250
0.04196072
0.04017806
0.03847313
0.03879690
0.03684449
0.03657246
0.03775668
0.03699923
0.03748059
0.04470015
0.04240084
0.04323840
0.04018998
0.03768206
0.03884101
0.03778028
0.03867841
0.03927755
0.03828812
0.03846550
0.04244590
0.04362535
0.04422522
0.03998899
0.03697419
0.03875494
0.03765702
0.03777933
