0.01950407
0.03573322
0.03874302
0.03968239
0.03851604
0.03884459
0.04027152
0.03396440
0.03396726
0.03365278
0.03407073
0.03508306
0.03485131
0.03484845
0.03438640
0.03523922
0.03407073
0.03466487
0.03734851
0.04011106
0.03917336
0.03984451
0.04135346
0.03599334
0.03411412
0.03447151
0.03470564
0.03482437
0.03423810
0.03516746
0.03491211
0.03480577
0.03554821
0.03500009
0.04117966
0.04186463
0.03977561
0.04339504
0.04864240
0.03711271
0.03307700
0.03328896
0.03265977
0.03181720
0.03782821
0.03351307
0.03296685
0.03353143
0.04544115
0.03533745
0.04203176
0.03825641
0.03915787
0.03864074
0.03831649
0.03465080
0.03694510
0.03378987
0.03397727
0.03865099
0.03408408
0.03482223
0.03775573
0.03393817
0.03500128
0.03654122
0.03448176
0.04283452
0.03918123
0.03834844
0.04007936
0.03958845
0.03666401
0.03847146
0.03473115
0.03377604
0.03784418
0.03376341
0.03367233
0.03740120
0.03432894
0.03506899
0.04094434
0.03966880
0.03869724
0.05064678
0.03992844
0.03528857
0.03439045
0.03525066
0.03495479
0.03492165
0.03421497
0.03500319
0.03718162
0.03441691
0.03417015
0.03406763
0.03354836
0.03654337
0.03822803
0.03993392
0.03845572
0.04090405
0.04948926
0.04713821
0.04000854
0.04237294
0.04530692
0.03142357
0.03169370
0.03099322
0.03108907
0.03033900
0.03770041
0.03611279
0.03429914
0.03558254
0.03532147
0.03331709
0.03422165
0.03120518
0.03218555
0.03474426
0.03128242
0.03212619
0.03285694
0.03460479
0.03114557
0.03157496
0.03559232
