0.07558250
0.08739614
0.07589841
0.07458234
0.08825660
0.08333278
0.07209492
0.07080841
0.07070255
0.08083320
0.08577681
0.07767177
0.06885791
0.06921673
0.06901956
0.07874560
0.08646607
0.07245350
0.07000279
0.06966043
0.07200718
0.07650852
0.07854724
0.07320023
0.06678820
0.06359386
0.06679153
0.07311964
0.08373594
0.07907510
0.06997156
0.07001948
0.09544086
0.07188439
0.08194590
0.08406210
0.06670618
0.06775045
0.06542492
0.06708789
0.07006001
0.08345556
0.08145547
0.06868291
0.06743407
0.06731343
0.06110024
0.07094288
0.08370328
0.08085847
0.06549859
0.06577611
0.06531072
0.06654644
0.08259630
0.08504653
0.07235980
0.07221317
0.07200289
0.07302189
0.08179832
0.08994555
0.07910204
0.07011390
0.06999111
0.06918907
0.06802750
0.08542466
0.08362365
0.06910372
0.06951404
0.06978512
0.06968021
0.06460166
0.08503580
0.09251904
0.07066059
0.07219195
0.07111526
0.07210851
0.08590865
0.09942627
0.07766294
0.07577395
0.07518911
0.07730699
0.08344483
0.09536123
0.08529568
0.07831812
0.08180594
0.07766366
0.08295631
0.09506464
0.08348727
0.07580423
0.07547712
0.07106328
0.06814790
0.09221053
0.09114432
0.07577443
0.07599688
0.07110190
0.06860352
0.09375620
0.09248900
0.07659936
0.08120537
0.07848382
0.08044171
0.10072064
0.08540678
0.07588100
0.07941389
0.07955456
0.08388710
0.10106659
0.08440304
0.07454753
0.08052039
0.07503986
0.07905221
0.10190153
0.09042883
0.07974839
0.08070183
0.08186769
0.07886934
0.09980869
0.09236765
0.07458329
0.07766962
0.06979370
0.07228279
0.09545517
0.09423542
0.07753253
0.07861257
0.07914424
0.07514071
0.09806657
0.12155867
0.07634974
0.07678604
0.07228875
0.09098125
0.10543990
0.09327817
0.07825112
0.07891011
0.08331037
0.10691595
0.11004353
0.08012319
0.07325339
0.07915211
0.08101368
0.09578347
0.09212804
0.07851982
0.07371283
0.07786560
0.07951951
0.10503244
0.09986401
0.08034372
0.07514739
0.07868528
0.09381032
0.10771823
0.11265516
0.07654595
0.06682873
0.08153343
0.06928802
0.09760594
0.10202050
0.07771301
0.06870389
0.07634139
0.08217311
0.10819125
0.10421157
0.07537651
0.07429314
0.07421494
0.07308769
0.07261324
0.07360482
0.07319427
0.07263327
0.07164502
0.07300997
0.08101511
0.10528445
0.10544300
0.07787991
0.07699800
0.07926130
0.10775042
0.10827947
0.08368778
0.07675409
0.07464528
0.07910991
0.10336328
0.10070181
0.07227778
0.07260752
0.07595563
0.07623458
0.09442949
0.09139633
0.07459354
0.07404542
0.07443118
0.07451797
0.09052730
0.08962321
0.07273030
0.07284570
0.07346606
0.07190275
0.08896613
0.09323406
0.07355809
0.07567120
0.07922316
0.07570601
0.08499122
0.09473920
0.08093786
0.07754970
0.07711649
0.07479930
0.08483672
0.09138489
0.07751012
0.07467937
0.07325315
0.06594110
0.07255149
0.08899355
0.08481455
0.07335472
0.07577157
0.07154107
0.07506943
0.08909631
0.09257174
0.07628512
0.07777810
0.07519245
0.07571673
0.08491302
0.09125710
0.07683420
0.07399368
0.07401872
0.07223177
0.07582402
0.08714461
0.08505988
0.07391453
0.07171202
0.07155490
0.07142401
0.09079695
0.09016967
0.07337332
0.07363725
0.07435060
0.07419538
0.07785988
0.09118962
0.08718896
0.07198310
0.07220721
0.07089472
0.06970143
0.08695984
0.09338593
0.07170081
0.07196355
0.07208133
0.06986713
0.08013129
0.08809233
0.07903647
0.07262325
0.07357335
0.07443786
0.07979226
0.09172177
0.08504534
0.07433796
0.07335854
0.07350707
0.08018470
0.09205103
0.10369992
0.09236193
0.07610416
0.07358336
0.08086514
0.09285450
0.07771277
0.07175708
0.07407999
0.07307291
0.07074738
0.08459473
0.08634353
0.07854652
0.07271338
0.07654452
0.07015228
0.07591915
0.09056783
0.08204675
0.07256603
0.06838536
0.06704259
0.06581521
0.09065366
0.09040523
0.07716775
0.06953192
0.07174444
0.07383394
0.09419632
0.09928298
0.07616258
0.07669330
0.07766843
