0.05951858
0.04640698
0.04268575
0.04542851
0.04301333
0.04906511
0.04832220
0.05505824
0.04444170
0.04430056
0.04439759
0.04452515
0.04422951
0.04469776
0.04804969
0.05338812
0.05900979
0.04528141
0.04678011
0.04608178
0.04940391
0.04620934
0.04432845
0.06414723
0.06447315
0.06955028
0.06222391
0.04860282
0.04992318
0.04980087
0.05010176
0.05781198
0.05911851
0.06899238
0.05941248
0.05152512
0.05199909
0.05136347
0.05555487
0.06227183
0.06163168
0.05961680
0.05359888
0.05409360
0.05371165
0.05218458
0.05210924
0.05603099
0.06230450
0.06268501
0.05317426
0.05269957
0.05123258
0.05249524
0.05191159
0.04689288
0.05135369
0.05959487
0.06031442
0.05410075
0.05043149
0.05099988
0.05216074
0.05081725
0.05335808
0.05639768
0.06277966
0.06252670
0.04938793
0.05217552
0.05141282
0.05126333
0.05013967
0.04867268
0.05429912
0.06473827
0.06323624
0.05857563
0.05359721
0.05220294
0.05244327
0.05255437
0.05341172
0.05508423
0.06356573
0.06340456
0.05483031
0.05254865
0.05700707
0.05437469
0.05412269
0.05367923
0.05633855
0.06425309
0.06269574
0.05452943
0.05244541
0.05348802
0.05431867
0.05397177
0.05422974
0.06251597
0.06669474
0.06885266
0.05751348
0.05562496
0.05603433
0.05560231
0.05471420
0.05607915
0.06627703
0.06594133
0.06556726
0.05519700
0.05374599
0.05330324
0.05323958
0.05228734
0.05542374
0.06214905
0.06232834
0.05511117
0.05027604
0.05054092
0.05030870
0.05053830
0.04831004
0.04418063
0.04855371
0.05323124
0.05400372
0.05073667
0.04600382
0.04704213
0.04732442
0.04617190
0.04739380
0.04828215
0.05680776
0.05771899
0.05835152
0.04833770
0.04910660
0.04926682
0.04956603
0.04940915
0.04954267
0.05292630
0.05871749
0.05901933
0.05308533
0.05196929
0.04874897
0.04899502
0.04826808
0.04898405
0.05103898
0.05670500
0.05929899
0.05391383
0.05035853
0.05013442
0.05031681
0.05151725
0.05604935
0.05771327
0.06545925
0.06852722
0.05704188
0.06025529
0.06455255
0.06267786
0.06452942
0.08098292
0.08125615
0.07027912
0.07002020
0.06794620
0.06734133
0.06805778
0.08520222
0.08842421
0.06947446
0.07531261
0.07977915
0.07742596
0.07630706
0.08389115
0.09390426
0.08240676
0.07462263
0.07360792
0.07413602
0.08357263
0.09031487
0.08832002
0.07225227
0.07243586
0.07297373
0.06985641
0.08601165
0.09891415
0.08878326
0.06610537
0.07158995
0.06694007
0.06745672
0.07296038
0.08910275
0.07307959
0.06404114
0.06418514
0.06293368
0.06527805
0.08711433
0.09043312
0.06330371
0.06257033
0.06192350
0.06175995
0.06146264
0.06730962
0.08662963
0.08892107
0.06608152
0.06376982
0.06413293
0.06669641
0.06455398
0.08100557
0.08137202
0.06493187
0.06470442
0.06441045
0.06265903
0.06366587
0.07588029
0.07388449
0.06112647
0.06100559
0.06115985
0.06139064
0.06056547
0.06565547
0.07046509
0.06949544
0.05924034
0.05803633
0.05706573
0.05765009
0.05700469
0.06459832
0.06874728
0.06669450
0.05621982
0.05482817
0.05519891
0.05594659
0.05562282
0.07094979
0.06751490
0.06112266
0.05467439
0.05287886
0.05171514
0.05310941
0.05589104
0.06009984
0.06086254
0.04934072
0.05090165
0.05185056
0.05148292
0.05240822
0.05569911
0.06540823
0.06548882
0.05798030
0.05550408
0.05566311
0.05453372
0.05465508
0.06744504
0.07604122
0.06583142
0.05753851
0.05686021
0.05613399
0.05710745
0.05912971
0.06795096
0.06801796
0.05820036
0.05651665
0.05538368
0.05442739
0.05346203
0.06885839
0.06818151
0.06788635
0.06394577
0.04794598
0.04769778
0.04683280
0.04785514
0.05491948
0.05354643
0.05207586
0.04592896
0.04630303
0.04647732
0.04566813
0.04605627
0.04685783
0.05317068
0.05288267
0.05270100
0.04478598
0.04599619
0.04375625
0.04397082
0.04427075
0.04840112
0.05327392
0.05230713
0.05081344
0.04360580
0.04532218
0.04358649
0.04342699
0.04268932
0.04518390
0.05065465
0.05184245
0.04972482
0.04328346
0.04374981
0.04416490
0.04393387
0.04548883
0.04565096
0.05028963
0.05085754
0.05131197
0.04467177
0.04726863
0.04371285
0.04287696
0.04442620
0.04378891
0.04677176
0.04937267
0.05002522
0.04678988
0.04180074
0.04138708
0.04240608
0.04229426
0.04219294
0.04251862
0.04759502
0.05033875
0.04794192
0.04329467
0.04239869
0.04655981
0.04431796
0.04334760
0.04264927
0.05051517
0.05095196
0.05104613
0.04624605
0.04486966
0.04338050
