0.02954602
0.04051661
0.03847408
0.05549121
0.06718183
0.05682802
0.03965759
0.03969264
0.04121351
0.03819776
0.04119158
0.04044175
0.03949165
0.04189038
0.04492235
0.04476428
0.04582906
0.04574847
0.03941607
0.03918648
0.03878951
0.04238009
0.03913951
0.03851485
0.04241109
0.03906035
0.04970980
0.04843426
0.06261945
0.05116057
0.04173493
0.03864217
0.03892970
0.04282641
0.03820610
0.03875709
0.04231811
0.03934574
0.04938149
0.04733062
0.04563284
0.04603291
0.04165840
0.04233718
0.03967023
0.03903937
0.04828143
0.04234242
0.03819942
0.03984189
0.04174566
0.04769874
0.04527760
0.04510593
0.04349422
0.03900862
0.03909492
0.04025173
0.04066777
0.03933001
0.03901887
0.04003501
0.04237151
0.05329299
0.04618239
0.04725099
0.04355597
0.04084873
0.04035354
0.04066896
0.04354429
0.03922319
0.03890967
0.03904843
0.04373956
0.05089808
0.04591060
0.04570198
0.04449606
0.04094720
0.03872585
0.03964400
0.04296255
0.03976369
0.04003048
0.04092479
0.04030704
0.04971409
0.04457450
0.04200149
0.03859735
0.03744602
0.04201460
0.03760791
0.04019260
0.03754163
0.03723907
0.04197693
0.03949618
0.03971100
0.04229712
0.04579306
0.05935764
0.05494165
0.04195976
0.04066682
0.03885317
0.04419756
0.03931785
0.04365325
0.04060173
0.03953552
0.04761553
0.04629135
0.04604292
0.04538727
0.04771209
0.04594588
0.03954411
0.03698659
0.03616810
0.03618646
0.03781199
0.03613281
0.03500581
0.03598499
0.03957224
0.03879380
0.03905654
0.03836703
0.03928328
0.03626204
0.03393483
0.03381777
0.03557611
0.03403211
0.03806210
0.03426623
0.03620028
0.03506041
0.03448224
0.04242849
0.03961873
0.03916740
0.03781390
0.03831601
0.03540707
0.03281641
0.03375340
0.03456521
0.03780603
0.03355336
0.03358579
0.03322005
0.03384662
0.03706431
0.03847241
0.03739882
0.03779840
0.03816962
0.03500247
0.03475428
0.03447700
0.03526950
0.03770041
0.03491950
0.03436542
0.03505683
0.03372979
0.03675985
0.03910828
0.03555822
0.03474379
0.03501368
0.03578591
0.03802538
0.03582907
0.03405261
0.03771710
0.03597403
0.03863668
0.04980779
0.03874993
0.04087901
0.03938127
0.03878450
0.03946567
0.03836322
0.03659654
0.03548455
0.03408694
0.03740835
0.03485036
0.03467870
0.03361464
0.03473353
0.03464246
0.04583049
0.04101229
0.04182100
0.03863263
0.03693914
0.03375816
0.03522849
0.03490162
0.03897166
0.03511190
0.03538847
0.03580475
0.03595781
0.03621078
0.04154277
0.03981590
0.04547310
0.04100370
0.03795815
0.03571939
0.03592014
0.03654552
0.03701901
0.03729105
0.03736019
0.04628897
0.04492664
0.04256988
0.04451323
0.04253101
0.04140759
0.03741837
0.03803992
0.03830481
0.03770638
0.03731394
0.03721452
0.03614378
0.03740525
0.03903770
0.04107857
0.04452777
0.04489374
0.04283285
0.04113030
0.03740335
0.03938866
0.03748059
0.03609967
0.03638887
0.03658128
0.03685498
0.03788805
0.03764009
0.04260063
0.04234171
0.04315639
0.04745078
0.03816009
0.03772664
0.03670073
0.03770757
0.03684402
0.03821802
0.03696752
0.03780389
0.04433680
0.04253316
0.04157543
0.04279208
0.04472446
0.03789806
0.03949666
0.03700757
0.03650975
0.03818655
0.03802037
0.04138827
0.04257131
0.04219270
0.04420185
0.04182887
0.04079771
0.03830838
0.03830147
0.03847814
0.03930974
0.03990293
0.03885269
0.04489303
0.04469991
0.04270506
0.04291987
0.03797221
0.03784823
0.03623462
0.03691363
0.03711414
0.03880715
0.03697681
0.03703856
0.03701663
0.04286027
0.04255438
0.04862261
0.04366422
0.03935003
0.03758264
0.03876972
0.03826427
0.03804421
0.03769326
0.03723502
0.03750014
0.03827667
0.04354215
0.04414988
0.04711485
0.04307103
0.03747296
0.03921270
0.03893089
0.03782415
0.03719735
0.03763509
0.03829312
0.03957820
0.04581165
0.04485679
0.04554272
0.04521871
0.04124475
0.04119730
0.03897810
0.03811240
0.03735638
0.04153442
0.03922462
0.04138732
0.04692507
0.04615998
0.04553294
0.04153967
0.03919792
0.03872061
0.04197073
0.03923631
0.03859520
0.03919053
0.03796697
0.04056859
0.03970456
0.03832293
0.04796338
0.05354381
0.05228925
0.04314780
0.03756404
0.03794813
0.03876901
0.03842235
0.03857207
0.03878665
0.03810978
0.03851748
0.04303288
0.04463053
0.04885125
0.04382753
0.04115868
0.03751731
0.03849316
0.03890705
0.03885221
0.04148793
0.03979230
0.03852963
0.03880811
0.04332709
0.04986334
0.04413176
0.04375315
0.03850794
0.03784990
0.03801918
0.03888512
0.04033256
0.03835034
0.03860974
0.03776598
0.03756785
0.05736446
0.04926586
0.04506373
0.04356718
0.03791785
0.03746128
0.04029536
0.03873396
0.03799796
0.03769135
0.03816605
0.03823042
0.04383874
0.04382753
0.04382992
0.04304624
0.03712988
0.03767633
0.03785920
0.03697205
0.03650641
0.03691435
0.03664017
0.03909254
0.04421592
0.04359484
0.04335976
0.04154372
0.03864336
0.03738141
0.03935122
0.03690314
0.03650665
0.03665996
0.03604198
0.03769445
0.03736830
0.04305649
0.04178834
0.04309511
0.04125357
0.03651285
0.03761983
0.03666902
0.03578281
0.03698969
0.03717494
0.03527880
0.03657651
0.03939104
0.04085207
0.04010057
0.04123235
0.04057193
0.03584146
0.03737092
0.03745198
0.03739953
0.03947234
0.03691626
0.03634477
0.03761959
0.03806710
0.04255629
0.04218960
0.04913139
0.04122353
0.03503251
0.03614688
0.03637576
0.03766584
0.03763413
0.03683829
0.03661442
0.03792238
0.03748393
0.03745103
0.03926158
0.04258513
0.04286361
0.04332709
0.04150414
0.03631115
0.03760695
0.03685880
0.03715539
0.03748131
0.03683877
0.03815699
0.03595543
0.03682828
0.03604841
0.04184437
0.04360461
0.04195595
0.04126501
0.03959608
0.03702235
0.03711319
0.03696489
0.03626347
0.03759599
0.03772211
0.03780127
0.03831673
0.03706932
0.03841972
0.04703426
0.04256320
0.04303789
0.04079008
0.03717685
0.03908396
0.03866673
0.03738880
0.03872252
0.03808260
0.03706241
0.03604460
0.03531981
0.04478145
0.04396939
0.04558468
0.04307771
0.04873466
0.04719615
0.03839397
0.03867340
0.03847575
0.04327703
0.03868127
0.03794408
0.04106021
0.04441142
0.04340267
0.04367495
0.04308057
0.03770399
0.03794503
0.03689337
0.03790522
0.03632545
0.03623843
0.03755021
0.03728795
0.03883839
0.03702903
0.04260516
0.05575871
0.05229688
0.04697728
0.03736567
0.03853559
0.03739905
0.03776097
0.03816080
0.03738546
0.03773451
0.03799844
0.03731108
0.03764510
0.04410315
0.05115485
0.05146670
0.05738258
0.04436707
0.05110121
0.03730845
0.03945732
0.03664732
0.03592157
0.03970218
0.03799081
0.04182005
0.04129767
0.04248357
0.04187036
0.03641963
0.03613925
0.03917170
0.03566527
0.03653789
0.04159975
0.03702378
0.04064870
0.03609347
0.03648090
0.05520415
0.04739523
0.04382634
0.04292870
0.05160832
0.03795838
0.03625274
0.03617430
0.03781700
0.03711438
0.03804779
0.03698421
0.04039526
0.04201126
0.04334259
0.04466200
0.04557967
0.03895998
0.03749847
0.03875494
0.04269171
0.03910923
0.03913498
0.03824520
0.03803921
0.04180074
0.04528141
0.04212999
0.04240870
0.04252672
0.04649091
0.03932309
0.03977823
0.03735399
0.03822875
0.03733754
0.03880024
0.03873420
0.04310513
0.04486084
0.04177570
0.04301524
0.04713273
0.03887510
0.03770423
0.03710485
0.03579950
0.03414655
0.03722906
0.03261113
0.03346586
0.03824043
0.04036784
0.04748726
0.04366493
0.04373574
0.04324126
0.04457664
0.03944969
0.03766870
0.03877950
0.03848886
0.04205537
0.03780007
0.03841686
0.04181719
0.04320741
0.04837751
0.04300523
0.03918695
0.03720117
0.03742552
0.03789306
0.03744054
0.03878713
0.04076219
0.03963256
0.03892565
0.03937960
0.04433990
0.04851842
0.04468608
0.04266787
0.03843474
0.03797817
0.03903913
0.03937340
0.03975177
0.04778457
0.04440117
0.03922319
0.04064441
0.04510260
0.04485011
0.04702020
0.04524374
0.03918076
0.04059553
0.03999639
0.03958774
0.03855681
0.04026794
0.03973889
0.03904438
0.04008746
0.04674292
0.04649568
0.04981327
0.04857731
0.04657483
0.04150796
0.04167008
0.04131627
0.04263067
0.04232740
0.04190135
0.04166913
0.04413080
0.05423975
0.04898024
0.04975271
0.04922366
0.04213166
0.04212761
0.04265809
0.04205489
0.04357910
0.04134822
0.04090142
0.04515290
0.04643416
0.04922748
0.04929757
0.04807067
0.04263687
0.04205894
0.04118252
0.04143357
0.04497647
0.04173064
0.04257679
0.04262185
0.04287839
0.04954171
0.04941010
0.04880238
0.04919696
0.04020190
0.04213786
0.04129624
0.04083323
0.04050612
0.03996921
0.04061532
0.04094625
0.05270576
0.04931998
0.04744339
0.04639602
0.04186964
0.04140615
0.04093885
0.04292727
0.04131627
0.04490662
0.04271531
0.04171371
0.04303408
0.04974842
0.05028963
0.04969954
0.04504228
0.04305100
0.04441833
0.04396605
0.04316115
0.04508018
0.04335785
0.04306889
0.04811502
0.05286551
0.05837488
0.05206347
0.04567504
0.04504371
0.04883003
0.04563260
0.04626083
0.04392481
0.04511404
0.04377365
0.05265379
0.05889726
0.05278230
0.05191231
0.04443741
0.04549789
0.04548001
0.04500651
0.04537225
0.04494476
0.04586101
0.04647326
0.05386305
0.07287264
0.05496597
0.05054593
0.05455399
0.04224086
0.04243398
0.04184341
0.04289460
0.04238033
0.04541826
0.04390359
0.06383133
0.06294799
0.04658079
0.03912401
0.05248451
0.04002070
0.03739882
0.04246712
0.03724837
0.03892374
0.03831816
0.03853941
0.04142356
0.04130840
0.04198742
0.04312897
0.04881287
0.04068422
0.03625107
0.03750420
0.03794265
0.03577423
0.03833795
0.03758192
0.03812647
0.03699327
0.04045534
0.04244399
0.04276228
0.04358268
0.03965569
0.03794384
0.03639436
0.03776646
0.03821158
0.03722954
0.03664994
0.03782916
0.03740025
0.03700304
0.03999281
0.04334950
0.04072881
0.04090524
0.04083419
0.03593707
0.03731203
0.03622246
0.03715038
0.03748679
0.03698444
0.03513861
0.03632069
0.03697109
0.03788924
0.04392219
0.04278421
0.04184175
0.04094744
0.03909183
0.03687453
0.03793931
0.03675985
0.03672624
0.03791475
0.03700519
0.03739929
0.03666615
0.03805327
0.03918529
0.04197240
0.04092860
0.04084086
0.04089594
0.03569865
0.03609180
0.03682733
0.03779411
0.03756356
0.04051352
0.03749490
0.03615284
0.03655863
0.03843474
0.04316354
0.04485774
0.04366827
0.04278064
0.04077959
0.03905869
0.03829908
0.04087472
0.03951716
0.03996539
0.03910089
0.03969383
0.03607011
0.03736782
0.04478884
0.04671502
0.04617810
0.04841352
0.04473019
0.04129052
0.04157329
0.04076719
0.04002857
0.04047155
0.04136634
0.04032516
