0.05848217
0.03952336
0.03743720
0.03898883
0.03387809
0.03596544
0.03553796
0.03351951
0.03485250
0.03648686
0.03877234
0.03841829
0.03974462
0.03625870
0.03376579
0.03567791
0.03376603
0.03566813
0.03365254
0.03495049
0.03886461
0.04263425
0.04192567
0.03746605
0.03819013
0.03915477
0.03720164
0.03812790
0.03840709
0.04315186
0.04717112
0.04212236
0.04135990
0.03726029
0.04174185
0.03937554
0.04629564
0.04112458
0.03760290
0.03662682
0.04279065
0.04230762
0.04172921
0.04106927
0.03731084
0.03589201
0.03800631
0.03700757
0.03606272
0.04595304
0.03459072
0.03635502
0.03650475
0.04386067
0.03761292
0.03497219
0.03392720
0.03426099
0.03456545
0.03425574
0.03449178
0.03378439
0.03923011
0.03834820
0.03704739
0.03988004
0.03450298
0.03427601
0.03506875
0.03452468
0.03303075
0.03444076
0.04281139
0.05830240
0.03697968
0.03485131
0.03210640
0.03305125
0.03361177
0.03812408
0.03429914
0.03447509
0.03415585
0.03378081
0.03594780
0.04523802
0.04416203
0.04488111
0.04752159
0.03875804
0.03531623
0.03331447
0.03372264
0.03438210
0.03452086
0.04042172
0.03939295
0.04110384
0.03732824
0.03724670
0.03393698
0.03458428
0.03892756
0.03433514
0.03444624
0.03407574
0.03818488
0.03685784
0.03892565
0.03837490
0.03855801
0.03586984
0.03379679
0.03495288
0.03491139
0.03425527
0.03381085
0.03322887
0.03797102
0.03699112
0.03679419
0.03893185
0.03904414
0.03521752
0.03362179
0.04406476
0.03718114
0.03739071
0.03490424
0.03331852
0.03401065
0.03820133
0.03686571
0.03798914
0.03675747
0.03429866
0.03403115
0.03339958
0.03379869
0.03244257
0.03276253
0.03323674
0.03361821
0.03663015
0.03772759
0.03654599
0.03803110
0.03418708
0.03558826
0.03476238
0.03309178
0.03424144
0.03344345
0.03273463
0.03330350
0.03676844
0.03637886
0.04357648
0.03785658
0.03294063
0.03329253
0.03410006
0.03309870
0.03207660
0.03263664
0.03173637
0.03188968
0.03465629
0.03604746
0.03464127
0.03701806
0.03401232
0.03082561
0.03344584
0.03276062
0.03223133
0.03119493
0.03233027
0.03204155
0.03143311
0.03584123
0.03490424
0.05827165
0.04717183
0.04363704
0.03259182
0.03136015
0.03230500
0.03212142
0.03211832
0.03265619
0.03276300
0.03553510
0.03561902
0.04065967
0.04170775
0.03458095
0.03327203
0.03316903
0.03350186
0.03363466
0.03213263
0.03625584
0.03772974
0.03558540
0.03512335
0.03397274
0.03130150
0.03222299
0.03366351
0.03205276
0.03206992
0.03100634
0.03212070
0.03346133
0.05587411
0.05161691
0.05055761
0.04653883
0.03331304
0.03247070
0.03156185
0.03283095
0.03189754
0.03401470
0.03992391
0.03646588
0.03631067
0.03413606
0.03207350
0.03227043
0.03303885
0.03244233
0.03318334
0.03182292
0.03041172
0.03158331
0.03596354
0.03578401
0.03469682
0.03462434
0.03185034
0.03249168
0.03240967
0.03852916
0.03427386
0.03342962
0.03381920
0.03407884
0.03731775
0.03715229
0.03734636
0.03715491
0.03369856
0.03306270
0.03289652
0.03428793
0.03278756
0.03011298
0.03100419
0.03348327
0.04533005
0.04148054
0.03721213
0.03799176
0.03363967
0.03331709
0.03368068
0.03397608
0.03291512
0.03430772
0.03364944
0.03295779
0.03391194
0.04001737
0.03635097
0.03650522
0.03740954
0.03355265
0.03444123
0.03521347
0.03415680
0.03389835
0.03650188
0.03353620
0.03761482
0.03799105
0.03562784
0.03627634
0.03315163
0.03297305
0.03479767
0.03353190
0.03486109
0.03466749
0.03415298
0.03244901
0.03590250
0.03682518
0.03664994
0.03789663
