0.05680442
0.04060698
0.04117489
0.04702687
0.04632330
0.04625726
0.04155231
0.04069757
0.04011965
0.03970647
0.04017019
0.04153752
0.04918671
0.04716015
0.04680777
0.04436016
0.04034877
0.04163361
0.03973579
0.04048443
0.04101110
0.04617286
0.04728389
0.04685187
0.04492140
0.03940892
0.04062438
0.03967881
0.03834510
0.03951168
0.03950381
0.04288554
0.04475212
0.04523993
0.04288936
0.03893185
0.03921652
0.03913522
0.03816462
0.03805208
0.03909659
0.03758025
0.04058051
0.04408669
0.04305649
0.04482007
0.03987861
0.03955436
0.03817081
0.03833103
0.03880286
0.04111099
0.04456592
0.04162216
0.04681206
0.04575133
0.04632592
0.04378366
0.04134130
0.04028296
0.04149866
0.04121757
0.04008746
0.04109621
0.04578280
0.04717231
0.04593825
0.05005765
0.04464769
0.04559040
0.04503679
0.04456401
0.04423785
0.04651022
0.05143118
0.05101132
0.05016565
0.04428482
0.04459977
0.04411077
0.04866767
0.04327583
0.05047464
0.05138016
0.04553580
0.05121064
0.03932762
0.03930521
0.04058242
0.03984141
0.04438806
0.04119611
0.04211164
0.04426408
0.05226612
0.04559636
0.04499793
0.03916717
0.04460549
0.03987598
0.03927112
0.03868723
0.03977656
0.04784584
0.04499507
0.04656863
0.04740810
0.04018116
0.03896022
0.04077029
0.03947401
0.03937221
0.04028225
0.04148364
0.04629421
0.04653215
0.05244493
0.04383659
0.03972936
0.04160070
0.04191780
0.04152513
0.04189467
0.04147673
0.04130864
0.04955721
0.05291533
0.04869390
0.04558587
0.04189134
0.04314089
0.04210401
0.04482222
0.04266953
0.04474759
0.05021906
0.05630016
0.04988289
0.04298091
0.04313111
0.04257822
0.04232311
0.04661703
0.04112029
0.04080296
0.04775691
0.04618716
0.04558086
0.04374909
0.04040217
0.04008126
0.04028964
0.04032326
0.03841352
0.03855753
0.04225326
0.04397154
0.04972672
0.04613066
0.04382491
0.04361916
0.03840828
0.03939223
0.03838634
0.03919864
0.04077363
0.05199194
0.04526234
0.04189825
0.03974104
0.03980494
0.04017472
0.04186535
0.03986979
0.04066682
0.04109097
0.04742837
0.04683304
0.04727268
0.04312134
0.04012227
0.04085970
0.04523063
0.04133129
0.04001927
0.03944826
0.04508662
0.04652500
0.04566741
0.05419612
0.04506993
0.04438162
0.05603266
0.04609370
0.04485965
0.04674554
0.04921412
0.05626059
0.05089593
0.04880452
0.04792380
0.04444647
0.04798174
0.04446721
0.04732847
0.04471755
0.05742073
0.05253172
0.05277848
0.04479909
0.04917598
0.04592919
0.05433965
0.04554820
0.04673719
0.05415487
0.05420089
0.05248642
0.04467821
0.04512668
0.04506612
0.04501033
0.04571915
0.04583669
0.04919195
0.05369997
0.05321455
0.06245065
0.05658937
0.04560661
0.04631233
0.05103183
0.04876161
0.05060339
0.04755878
0.05109739
0.04846048
0.04810452
0.06723452
0.04848957
0.04975367
0.04750586
0.05888176
0.06147695
0.05603480
0.04900289
0.04939985
0.05397820
0.04864764
0.05558634
0.06011271
0.06247306
0.07247019
0.07239485
0.04876089
0.04939294
0.04797244
0.05767465
0.06141639
0.05731702
0.05798078
0.04900241
0.04630780
0.04679418
0.04600358
0.04501605
0.04580641
0.06132436
0.05406046
0.06886029
0.04445958
0.04526663
0.04426575
0.04444265
0.04414368
0.04489374
0.06093979
0.06308746
0.06477475
0.05970407
0.04594541
0.04751849
0.04746747
0.04906440
0.05273438
0.06509924
0.05751014
0.04769206
0.04855108
0.04888606
0.05177379
0.04913235
0.05780077
0.05669069
0.05835438
0.05888295
0.05684519
0.05460143
0.05070424
0.04954505
0.05648375
0.05183315
0.05833769
0.06946135
0.06234646
0.05161595
0.05369663
0.05343795
0.05614185
0.05559421
0.05384350
0.07071328
0.06758523
0.08087659
0.06280613
0.06388974
0.06598759
0.05666137
0.08445811
0.07031488
0.06986833
0.07662129
0.05594563
0.05575085
0.07021713
0.06511116
0.06549525
0.06558537
0.05473733
0.05400515
0.05476975
0.05466557
0.05380797
0.06035900
0.06333017
0.06419802
0.05708456
0.05417252
0.05251837
0.05327082
0.05174065
0.05531335
0.06058311
0.05837417
0.06155825
0.04954791
0.04864645
0.05138230
0.04710913
0.04792905
0.04891872
