0.06496716
0.04057360
0.03754663
0.03500700
0.03380346
0.03310966
0.03415990
0.03236866
0.03373861
0.03533697
0.03477240
0.05006123
0.04540324
0.03426528
0.03213644
0.03246188
0.03228617
0.03225327
0.03486443
0.03230119
0.03338957
0.03513885
0.03418374
0.04165792
0.03462291
0.03272438
0.03257775
0.03300810
0.03247857
0.03274035
0.03495622
0.03300953
0.03150845
0.03610992
0.03457952
0.04741311
0.03392911
0.03296208
0.03323317
0.03283405
0.03280449
0.03282571
0.03196883
0.03934312
0.03591943
0.03714371
0.03511477
0.03681850
0.04316115
0.03079414
0.03181005
0.03264093
0.03242040
0.03319979
0.03118420
0.03288412
0.03362513
0.03528666
0.03377128
0.03705883
0.03596354
0.03298903
0.03223252
0.03169513
0.03221631
0.02880239
0.03050065
0.03299093
0.03117347
0.03491068
0.02916265
0.03535533
0.03455329
0.03468776
0.03514552
0.03205967
0.03169250
0.03196239
0.03255582
0.03468394
0.03088331
0.02911305
0.03098893
0.03232694
0.03076625
0.03522801
0.03450131
0.03609681
0.03935170
0.03347182
0.03092742
0.03205132
0.03276467
0.03148007
0.03186917
0.03149605
0.03205824
0.03143597
0.03583407
0.03477478
0.03546143
0.03935528
0.03167915
0.03077292
0.03248382
0.03237915
0.03213096
0.03098297
0.03156686
0.03179574
0.03350639
0.03508186
0.03604341
0.03979301
0.03623962
0.03278470
0.03202534
0.03225136
0.03179932
0.03256512
0.03151798
0.02879715
0.02951956
0.03438497
0.03324056
0.03443551
0.03526473
0.03388739
0.03485155
0.03124475
0.03219676
0.03169775
0.03340507
0.02892041
0.02849483
0.02797651
0.02844119
0.02810383
0.02751994
0.03441429
0.03539133
0.03469586
0.03858900
0.03287101
0.03141308
0.03205442
0.03050756
0.03214049
0.03054500
0.03181839
0.03262520
0.03168106
0.03414679
0.03382325
0.03540277
0.04118919
0.03316855
0.03068352
0.03216863
0.03142762
0.03078556
0.03184319
0.03251958
0.03177857
0.03285956
0.03235459
0.03469110
0.04043937
0.03472877
0.03574681
0.03227758
0.02939320
0.03131866
0.03225183
0.03166556
0.03147674
0.03065705
0.03196454
0.03107691
0.03139162
0.03456807
0.03503227
0.03486562
0.03399420
0.03578496
0.03195071
0.03182530
0.03148890
0.03070545
0.03518987
0.02951860
0.03153634
0.03143215
0.03500128
0.04073977
0.03911948
0.03891230
0.03938699
0.04284716
0.03268147
0.03280401
0.03296900
0.03059459
0.03176236
0.03115225
0.03224921
0.03209567
0.04429173
0.03142691
0.03159809
0.03340149
0.03183889
0.03300095
0.03223467
0.03098154
0.03143525
0.03013921
0.02834201
0.02857471
0.02829671
0.03468823
0.03471470
0.03593111
0.03450871
0.03368664
0.03068209
0.03180003
0.03185678
0.03147912
0.03111959
0.03261685
0.03062630
0.03235579
0.03509378
0.03463745
0.03432560
0.03439116
0.03358483
0.03147578
0.03225732
0.03333139
0.03143358
0.03287172
0.03108740
0.03085446
0.03088427
0.03338003
0.03493929
0.03536797
0.03419781
0.03507662
0.03203964
0.03103042
0.03184032
0.03168249
0.03253198
0.03064847
0.03222489
0.03278804
0.03243446
0.03515410
0.03438330
0.03419328
0.03610396
0.03197050
0.03327274
0.03318334
0.03192401
0.03195906
0.03104806
0.03337693
0.03205585
0.03635144
0.03433037
0.03455758
0.03362942
0.03990054
0.03225017
0.03253913
0.03205633
0.03501892
0.03037500
0.03112054
0.03137589
0.03357220
0.03577948
0.03433418
0.03498888
0.03506303
0.03163910
0.03355598
0.03155065
0.02954650
0.02866650
0.03114390
0.03572369
0.03419566
0.03593040
0.03974199
0.03248572
0.03210831
0.03097868
0.03285956
0.03148866
0.03207731
0.03179145
0.03075099
0.03545928
0.03676462
0.03453445
0.03545499
0.03309512
0.03122044
0.03247452
0.03212333
0.03263378
0.03252482
0.03221917
0.03132439
0.03189230
0.03959990
0.03500366
0.03506303
0.03551078
0.03149605
0.03176355
0.03114033
0.03231525
0.03100109
0.03223896
0.03123784
0.03001332
0.03052688
0.03271699
0.03542995
0.03573370
0.03533673
0.03320742
0.03068519
0.03006434
0.03215909
0.03193688
0.03233576
0.03065658
0.03126574
0.03175282
0.03232121
0.03627825
0.03523612
0.03440356
0.03592300
0.03200531
0.03184175
0.03221250
0.03179026
0.03198528
0.03129220
0.03055739
0.03086090
0.03381848
0.03470159
0.03470254
0.03519964
0.03643608
0.03905296
0.03243184
0.03150749
0.03216958
0.03169084
0.03112793
0.03156543
0.03233552
0.03229976
0.03171062
0.03609109
0.04175901
0.04192710
0.04074574
0.03446865
0.03208494
0.03235102
0.03218722
0.03008747
0.02879238
0.02916670
0.02776742
0.02961230
0.03607392
0.03421807
0.03512549
0.03385258
0.03133631
0.03155684
0.03178215
0.03139973
0.03086329
0.02844524
0.02954578
0.03117514
0.02996159
0.03227162
0.03558397
0.03492069
0.03446674
0.03570938
0.03120089
0.03140998
0.03295422
0.03137589
0.03219223
0.03272748
0.03040338
0.03225946
0.03457022
0.03438354
0.03586125
0.03432655
0.03533292
0.03202176
0.03141284
0.03234196
0.03184009
0.03174973
0.03071189
0.02737784
0.03127408
0.03021049
0.03095746
0.03606701
0.03376722
0.03469491
0.03482676
0.03205514
0.02996135
0.03238177
0.03219485
0.03071856
0.02896976
0.02779818
0.03219748
0.03153181
0.03530765
0.03434372
0.03529143
0.03426385
0.03131890
0.03121448
0.03148293
0.02985787
0.02855802
