0.02331519
0.02695131
0.02697563
0.03417206
0.03404903
0.03362751
0.03459835
0.03084183
0.03080773
0.03111267
0.03468418
0.02925539
0.03061032
0.03126526
0.03151703
0.03809428
0.03586245
0.04618049
0.06922674
0.04290175
0.04706526
0.03024387
0.03204393
0.03076100
0.03135419
0.03017044
0.03114676
0.03155971
0.03199697
0.03180814
0.03032160
0.03785658
0.03419876
0.03376460
0.03371310
0.03363752
0.03288913
0.03024864
0.03099298
0.03115606
0.03119993
0.03006673
0.02980804
0.03116608
0.03038049
0.04106522
0.02882099
0.02711844
0.03294897
0.03493023
0.03297091
0.03380752
0.03415823
0.03227448
0.03149486
0.03152180
0.03127265
0.04049897
0.04803705
0.02872753
0.02955723
0.02874899
0.02857590
0.02920437
0.03393555
0.03352737
0.03423166
0.03557348
0.03472281
0.03050208
0.03070545
0.03060722
0.03150654
0.03210378
0.03120708
0.03243923
0.03112435
0.03125811
0.03188872
0.03114986
0.03079557
0.03086424
0.03119135
0.03722644
0.03516889
0.03358793
0.03507257
0.03382778
0.03346133
0.03179836
0.03189492
0.03181601
0.03192043
0.03149080
0.03128672
0.03195858
0.03020287
0.03204942
0.03081489
0.03316784
0.03485990
0.03451228
0.03582239
0.03514647
0.03300667
0.03121567
0.03148627
0.03064966
0.03193474
0.03117394
0.03002381
0.03160286
0.03091311
0.03092170
0.03112841
0.03315854
0.03463316
0.03395963
0.03371334
0.03347087
0.03172517
0.03076959
0.03204870
0.03093123
0.03160810
0.03139257
0.03116131
0.03119063
0.03188133
0.03025818
0.03190589
0.03269506
0.03429341
0.03472877
0.03484631
0.03415132
0.03425264
0.03151202
0.03221202
0.03120303
0.03145814
0.03130245
0.03220224
0.03078866
0.03151083
0.03107572
0.03194904
0.03117061
0.03454041
0.03537488
0.03418183
0.03757262
0.03488517
0.03154159
0.03134704
0.03200436
0.03153563
0.03141308
0.03059983
0.02961111
0.02722621
0.02758789
0.02813816
0.02809548
0.03234100
0.03620005
0.03489470
0.04727578
0.03707099
0.03246355
0.03278208
0.03178644
0.03263736
0.03094459
0.02842999
0.03166103
0.03345466
0.03067803
0.03074217
0.03287745
0.03535295
0.03586674
0.03651309
0.03556776
0.05822229
0.04505682
0.03322506
0.03421021
0.03410172
0.03373218
0.02832174
0.02801919
0.02836728
0.02807951
0.02988577
0.03272843
0.02939582
0.03520536
0.04241204
0.05311060
