0.02545619
0.03572226
0.03618479
0.03468657
0.03590989
0.03930402
0.03111672
0.03296161
0.03176165
0.03275418
0.03220940
0.03089666
0.03158998
0.03070569
0.03185320
0.03111577
0.03250885
0.03292656
0.03359604
0.03503847
0.03844190
0.03365302
0.03454733
0.03119183
0.03204560
0.03144217
0.03065753
0.03067923
0.03219128
0.03130054
0.04095101
0.03275561
0.03481674
0.03471875
0.03578711
0.03951526
0.03470302
0.03075838
0.03189898
0.03191113
0.03157473
0.03295350
0.03151512
0.03354502
0.03145528
0.03378963
0.03129601
0.03414583
0.03486896
0.03623605
0.04006362
0.03669906
0.03288054
0.03319407
0.03243828
0.03226972
0.03224778
0.03107071
0.03221965
0.03531790
0.03028750
0.03239489
0.03151989
0.03620768
0.03413558
0.04041553
0.03608632
0.03434038
0.03069711
0.03207660
0.03284764
0.03221107
0.03107762
0.03246450
0.03544593
0.03170133
0.03102160
0.03440452
0.03523231
0.03606820
0.04099441
0.03508091
0.03238821
0.03264880
0.03249574
0.03557348
0.03228831
0.03326201
0.03218198
0.03354549
0.03307724
0.03408408
0.03258634
0.03603387
0.03414226
0.03431511
0.03957152
0.03431749
0.03170037
0.03218222
0.03163981
0.03081441
0.03307605
0.03104806
0.03161478
0.03019857
0.03552532
0.03367496
0.03489614
0.03534007
0.03410149
0.03934336
0.03171539
0.03177452
0.03093457
0.03183866
0.03131819
0.03156018
0.03150511
0.03035784
0.03060937
0.03419948
0.03138900
0.03227305
0.03424716
0.03371882
0.03307199
0.03968096
0.03460026
0.03517628
0.03257751
0.03185630
0.03228259
0.03146911
0.03203082
0.03138447
0.04092264
0.03225541
0.03259230
0.03121710
0.03314781
0.03371572
0.03544998
0.03444195
0.03513694
0.03660893
0.03323936
0.03082943
0.03275156
0.03191280
0.03169107
0.03162670
0.03260589
0.03130388
0.03192139
0.03180385
0.03163242
0.03233314
0.03192306
0.04190087
0.04343081
0.04348969
0.04063272
0.03301716
0.03191280
0.03242517
0.03306961
0.03314519
0.03214598
0.03216195
0.03213716
0.03172350
0.03307033
0.03739738
0.03423285
0.04200888
0.04365277
0.04461145
0.03542805
0.03225136
0.03098083
0.03223681
0.03144145
0.03517628
0.03068137
0.03217888
0.03166056
0.03242111
0.03133941
0.03938937
0.04186964
0.04279089
0.04337144
0.04559565
0.04366279
0.03196716
0.03190970
0.03154564
0.03245616
0.03128862
0.03216648
0.03108001
0.03217101
0.03216767
0.03832102
0.03391814
0.03495336
0.03436446
0.03554010
0.03170609
0.03031564
0.03171563
0.03196335
0.03042150
0.03206038
0.03075695
0.03142047
0.03018761
0.03188801
0.03552961
0.03582811
0.03566813
0.03465843
0.03486276
0.03558946
0.03327513
0.03146911
0.03218436
0.03128695
0.03192043
0.03507996
0.03183794
0.03148055
0.03201652
0.03073788
0.03051639
0.03340507
0.03599691
0.03574800
0.03458595
0.03456426
0.03625059
0.03166032
0.03058624
0.03093553
0.03129268
0.03243637
0.03142929
0.03228498
0.03173280
0.03250480
0.03112435
0.03113270
0.03589964
0.03150964
0.03443313
0.03508735
0.03519964
0.03599429
0.03365374
0.03191757
0.03164649
0.03204036
0.03205109
0.03573084
0.03315830
0.03126001
0.03298068
0.03242016
0.03078103
0.03111935
0.03348231
0.03475904
0.03529668
0.03431106
0.03874326
0.03520989
0.03066254
0.03179789
0.03230715
0.03160906
0.03175282
0.03111649
0.03164077
0.02907419
0.02790689
0.02846575
0.03089666
0.03426981
0.03562951
0.03836179
0.03372765
0.03416014
0.02904677
0.03037238
0.03128338
0.03070474
0.03181219
0.03134727
0.03214097
0.03180504
0.03230214
0.03083467
0.03159952
0.03259492
0.03940773
0.03418469
0.03479195
0.03557038
0.03455734
0.03073096
0.03139377
0.03029227
0.03220963
0.03080630
0.03112459
0.03069043
0.03069091
0.03127909
0.03057575
0.03977156
0.03319955
0.03490734
0.03362989
0.03399229
0.03419900
0.03567219
0.03102016
0.03182316
0.03033924
0.03194070
0.03143954
0.03135061
0.03128076
0.03137541
0.03317213
0.02845526
0.02777863
0.02765679
0.02819371
0.02789474
0.03303576
0.03429341
0.03445315
0.03587651
0.03622890
0.03301787
0.03180265
0.03230882
0.03140998
0.03185391
0.03259587
0.03207016
0.03158069
0.02854180
0.03127837
0.03207088
0.03007174
0.03503752
0.03598404
0.03574371
0.03467751
0.03510475
0.03186488
0.03244185
0.03112054
0.03108978
0.03196931
0.03068733
0.03345942
0.03165364
0.03171349
0.03133178
0.03172827
0.03267264
0.03387356
0.03352642
0.03527975
0.03394961
0.03456688
0.03117967
0.03224564
0.03127074
0.03187585
0.03148866
0.03244567
0.03074884
0.03156304
0.03191566
0.03144240
0.02745843
0.02756500
0.04047561
0.03444242
0.03527999
0.03440452
0.03515077
0.03095007
0.03167224
0.03134441
0.03178620
0.03090501
0.03076291
0.03122592
0.03115439
0.03080630
0.03164530
0.02858925
0.03243470
0.03489137
0.03438735
0.03473115
0.03495383
0.03281546
0.03064609
0.03085732
0.03140783
0.03168869
0.03503108
0.03115177
0.03186822
0.03067994
0.03228045
0.03122020
0.03123045
0.03409386
0.03405929
0.03579187
0.03591180
0.03506947
0.03208137
0.03170013
0.03108621
0.03319860
0.03244376
0.03254271
0.03375649
0.03282237
0.03487754
0.03137636
0.03305650
0.03433776
0.03772044
0.03665185
0.03756857
0.03684044
0.03398800
0.03371787
0.03390789
0.03240323
0.03265595
0.03293228
0.03281426
0.03162551
0.02907801
0.02835488
0.02870631
0.03236651
0.03464389
0.03403497
0.03508329
0.03498864
0.03271794
0.03454876
0.03166580
0.03170729
0.03253675
0.03166080
0.03262162
0.03101301
0.03287649
0.03273678
0.03192663
0.03205228
0.03372669
0.03595567
0.03527808
0.03535080
0.03512788
0.03328538
0.03296065
0.03271818
0.03211904
0.03280711
0.03432560
0.03669357
0.03271747
0.03234601
0.02962041
0.02994013
0.03289676
0.03612781
0.03642297
0.03542781
0.03564620
0.03397965
0.03296375
0.03305292
0.03268814
0.03225327
0.03325248
0.03208065
0.03224754
0.03224277
0.03259301
0.03326797
0.03433752
0.03903913
0.03724718
0.03562856
0.03600931
0.03250647
0.03217220
0.03220868
0.03213143
0.03276515
0.03314590
0.03237462
0.03278828
0.03266931
0.03263831
0.03729582
0.03765392
0.03738642
0.03669500
0.03550458
0.03425503
0.03354120
0.03690505
0.03371716
0.03269935
0.03293514
0.03266287
0.03277779
0.03251219
0.03240848
0.03285265
0.03444195
0.03776574
0.03551555
0.03530192
0.03596425
0.03434658
0.03163862
0.03215837
0.03284431
0.03126144
0.03164101
0.03179932
0.03295231
0.03681278
0.03146291
0.03119183
0.03144813
0.03514361
0.03579712
0.03627610
0.03412175
