0.03173852
0.03124809
0.03242493
0.03362274
0.03503203
0.03522158
0.03541183
0.03468990
0.03535438
0.03183889
0.03145838
0.03236580
0.03214216
0.03206396
0.03111458
0.03308320
0.03333664
0.03167081
0.02919388
0.02822828
0.03014445
0.03463912
0.03484869
0.03590393
0.03477836
0.03050208
0.03180194
0.03547788
0.03062367
0.03088784
0.03129578
0.03405619
0.03113651
0.03140855
0.02939725
0.03144717
0.03597784
0.03437304
0.03584623
0.04179478
0.03142047
0.03259659
0.03352761
0.03296518
0.03478789
0.03092360
0.03203392
0.03236079
0.03380132
0.03794742
0.03574705
0.03564835
0.03569269
0.03579783
0.03365088
0.03413010
0.03163314
0.03710771
0.03181148
0.03336096
0.03354120
0.04066086
0.03572893
0.03584647
0.03534889
0.03267336
0.03335023
0.03257227
0.03206158
0.03453279
0.03263998
0.03340435
0.03449655
0.03133202
0.03120971
0.02975440
0.03476477
0.04170942
0.03497958
0.03682923
0.03454232
0.03165102
0.03265262
0.03223014
0.03186011
0.02986431
0.03262973
0.03267312
0.03284645
0.02868295
0.03147817
0.03591347
0.03901792
0.03657150
0.03456593
0.03182483
0.03326869
0.03147912
0.03305197
0.03276038
0.03355622
0.04141283
0.05478358
0.03914309
0.03683972
0.03712368
0.03577805
0.03330874
0.03433609
0.03409147
0.03267694
0.03448987
0.03351092
0.03472853
0.03334594
0.03230214
0.03425765
0.03647447
0.03865051
0.03716898
0.03807783
0.03781986
0.03484750
0.03256488
0.03352165
0.03451109
0.03356242
0.03385878
0.03416443
0.03492427
0.03440738
0.03432274
0.03772402
0.03722906
0.03690791
0.03740931
0.03614569
0.03402209
0.03310633
0.03344250
0.03369927
0.03552508
0.03353262
0.03216600
0.02992010
0.03210211
0.03386831
0.03845859
0.03702211
0.03743744
0.03770995
0.04037356
0.03293252
0.03235555
0.03407073
0.03167558
0.03332496
0.03314519
0.03301525
0.03365397
0.03387046
0.03380013
0.03559351
0.04356456
0.03654718
0.03614163
0.03512001
0.03329349
0.03250194
0.03381968
0.03301668
0.03239512
0.03249621
0.03298306
0.03268290
0.03303289
0.03315496
0.03625464
0.03585339
0.04732037
0.03589892
0.03643894
0.03375363
0.03289247
0.03276992
0.03185487
0.03345227
0.03448558
0.03758454
0.03311348
0.03393221
0.03470564
0.03234029
0.03590894
0.03759551
0.03759575
0.03628731
0.03667021
0.03648686
0.03300238
0.03543878
0.03398156
0.03338575
0.03433514
0.03361320
0.03274822
0.03136826
0.03165245
0.03590989
0.03711653
0.04206491
0.03744960
0.03764749
0.03392124
0.03341055
0.03295326
0.03406072
0.03494263
0.03326249
0.03275704
0.03402066
0.03412175
0.03370857
0.03406906
0.03991842
0.03963399
0.03786206
0.03831363
0.03725004
0.04115152
0.05367017
0.03478384
0.03413582
0.03492832
0.03801990
0.03339005
0.03302073
0.03868365
0.03852749
0.04182935
0.03786564
0.03845239
0.03591561
0.03208518
0.03277254
0.03246880
0.03278995
0.03392911
0.03420520
0.03515697
0.02961969
0.03045321
0.03120852
0.03172016
0.03317118
0.03661323
0.04247904
0.04772162
0.04154634
0.04211044
0.04887676
0.03284955
0.03464174
0.03332067
0.04454637
0.03469396
0.03312302
0.03456879
0.03341579
0.03339815
0.03421617
0.03700209
0.03657627
0.03625846
0.03802299
0.03789258
0.03643131
0.03420305
0.03333473
0.03420639
0.03187060
0.03372669
0.03521824
0.03324628
0.03301620
0.03273153
0.03546691
0.03746963
0.03699636
0.03698802
0.03802347
0.03369236
0.03307486
0.03482127
0.03472161
0.03474164
0.03253078
0.03424144
0.03602266
0.03327370
0.03217125
0.03412890
0.03935552
0.03809905
0.03902030
0.03748679
0.03465199
0.03339267
0.03439093
0.03321791
0.03425574
0.03369236
0.03381419
0.03404570
0.03164172
0.03446770
0.03722000
0.03716946
0.03827024
0.05819654
0.03553891
0.03012061
0.03473568
0.03510618
0.03422427
0.03526449
0.03298092
0.02855134
0.02866626
0.02964687
0.03817177
0.03602433
0.03660560
0.03539753
0.03523374
0.03265834
0.03079200
0.03320384
0.03342223
0.03662348
0.03323388
0.03225374
0.03653622
0.03259468
0.03067303
0.04175711
0.03678250
0.03641486
0.03783464
0.03463054
0.03367901
0.03728437
0.03218484
0.03233767
0.04151034
0.03505325
0.03170109
0.03328371
0.03216338
0.03367186
0.03759003
0.03720236
0.03739047
0.03656459
0.03610206
0.03260970
0.03367162
0.03342628
0.03362155
0.03437257
0.03403974
0.02990460
0.02885365
0.03218555
0.03072858
0.04387498
0.03873801
0.03902197
0.03799033
0.03536987
0.03484631
0.03381062
0.03433347
0.03389406
0.03785276
0.03311515
0.03330278
0.02997398
0.03110003
0.03819132
0.03851724
0.03631234
0.03758311
0.03598261
0.03207588
0.03433967
0.03237581
0.03331804
0.04077792
0.03435755
0.03329134
0.03368306
0.03592348
0.04240084
0.04739904
0.04189134
0.04202747
0.03732681
0.03830051
0.03570223
0.03625369
0.03588939
0.03819394
0.03783202
0.03936148
0.03834367
0.04202533
0.04187441
0.04850578
0.04216290
0.03711462
0.03614783
0.03582382
0.03692961
0.03659940
0.03648329
0.03329420
0.03694868
0.03220963
0.03329873
0.03747773
0.04138112
0.04585719
0.04062271
0.04044485
0.03250289
0.03533292
0.03792834
0.03741407
0.03616786
0.03639221
0.03253818
0.03207207
0.03199291
0.03228068
0.04269719
0.04320550
0.03673768
0.04157329
0.05318832
0.05289865
0.05019498
0.03524661
0.03284812
0.03262401
0.03283930
0.03296638
0.03853965
0.04254842
0.03937697
0.04367757
0.04237866
0.04786205
0.03276443
0.03487754
0.03239083
0.03132629
0.03380346
0.03339005
0.03092837
0.03288364
0.03424287
0.03584409
0.03578281
0.04216838
0.03465915
0.03292632
0.03268623
0.03250790
0.03391242
0.03190446
0.03405404
0.03270650
0.03691888
0.03301787
0.03359938
0.03724813
0.03621507
0.04160523
0.03591728
0.03509927
0.03183484
0.03327012
0.03313637
0.03202581
0.03266692
0.03201199
0.03312922
0.03093839
0.02811575
0.03006506
0.03587365
0.03675246
0.03940535
0.03479910
0.03487706
0.03123593
0.03255725
0.03271198
0.03453326
0.03400207
0.03166842
0.03211975
0.03189993
0.03236437
0.03488374
0.03478193
0.03621483
0.03549409
0.03588486
0.03730059
0.03102541
0.03216863
0.03198171
0.03296494
0.03306866
0.03536987
0.03282499
0.03221846
0.03165555
0.03284550
0.03202105
0.03583837
0.03734016
0.03635597
0.03624916
0.03498244
0.03389883
0.03636193
0.03280926
0.03200030
0.03337431
0.03240442
0.03514910
0.03118920
0.02865863
0.02962065
0.03619432
0.03574896
0.04708862
0.03769159
0.03673673
0.03207755
0.03185487
0.03186941
0.03538656
0.03169465
0.03044581
0.03071308
0.02943397
0.02860117
0.03033948
0.03288770
0.03518820
0.03547692
0.03652501
0.03474855
0.03487420
0.03305459
0.03231144
0.03197932
0.03234339
0.03097463
0.03199959
0.03099322
0.03200221
0.03217697
0.03226900
0.03168941
0.03167677
0.03559160
0.03599644
0.03607464
0.03567934
0.03512049
0.03328419
0.03156829
0.03188038
0.03242564
0.03202605
0.03206015
0.03659725
0.03157115
0.03486919
0.03125405
0.03396153
0.03560638
0.03609729
0.03477073
0.03544784
0.04771447
0.06319523
0.03331113
0.03183770
0.03090382
0.03001332
0.02819467
0.02786660
0.03164601
0.02784634
0.03558731
0.03953528
0.03619742
0.03675985
0.03663754
0.03216362
0.03208375
0.03511810
0.03243685
0.03180385
0.03438401
0.03280640
0.03090858
0.03376389
0.03334689
0.03164935
0.04015756
0.03670502
0.03529215
0.03563118
0.03552365
0.03170085
0.03330564
0.03283787
0.03171897
0.03221798
0.03199148
0.03287601
0.03711009
0.03243041
0.03144503
0.03185749
0.03947973
0.03540707
0.04707122
0.03915310
0.03422236
0.03250074
0.03161430
0.03655696
0.03233027
0.03203487
0.03010702
0.02952123
0.02927947
0.02932096
0.03027058
0.03455544
0.03631878
0.03587580
0.03726888
0.03655529
0.03262019
0.03444147
0.03166437
0.03263116
0.03197718
0.03258514
0.03237581
0.03692937
0.03248167
0.03292656
0.04392576
0.03627181
0.04789424
0.03938317
0.04030037
0.03979445
0.03640199
0.03658366
0.03634334
0.03330326
0.03210616
0.03407407
0.03127098
0.03210807
0.03321576
0.03310323
0.04407692
0.04068136
0.04120064
0.04093361
0.03942418
0.03443718
0.03545403
0.03579235
0.03923011
0.03841281
0.03769398
0.03396773
0.03399158
0.03703690
0.04041314
