0.03137827
0.04240870
0.03940964
0.03943348
0.03758574
0.03918386
0.03904438
0.04242682
0.04243326
0.05899405
0.05615640
0.05356359
0.04177403
0.03621626
0.04166341
0.03702497
0.04130554
0.03678393
0.03753853
0.03962588
0.03744841
0.05082822
0.04659557
0.04083705
0.04053712
0.03887701
0.03616834
0.03574085
0.03771138
0.03695750
0.03878450
0.03506780
0.03553820
0.03610802
0.04222298
0.04251671
0.04165554
0.04199457
0.03747129
0.03673244
0.04076815
0.03664541
0.03902721
0.04101658
0.03728175
0.03901505
0.03829885
0.03994632
0.04657769
0.04159403
0.04236627
0.03747082
0.03883123
0.03565073
0.03807783
0.03673625
0.04013515
0.03392172
0.03836370
0.03591585
0.04859972
0.05382657
0.04926705
0.04979014
0.05788088
0.03986120
0.03949261
0.04327655
0.03952742
0.04072595
0.03991127
0.04024458
0.04221916
0.04778838
0.05190635
0.05129099
0.04716420
0.03801680
0.03874612
0.03697729
0.03719664
0.04132986
0.04053211
0.03713393
0.03704023
0.03755283
0.04619098
0.04640460
0.04094481
0.05160713
0.03723788
0.03731847
0.03970146
0.03690815
0.04043770
0.03631377
0.03641653
0.03753448
0.03776693
0.04422832
0.04312038
0.04644799
0.04978251
0.03890872
0.03794336
0.03786230
0.03875852
0.04288268
0.03932667
0.04140615
0.04013205
0.04262805
0.05956078
0.04622221
0.04241538
0.03929138
0.03619313
0.04102492
0.04041481
0.04157472
0.03902864
0.03937078
0.04011273
0.03900456
0.03830981
0.04307699
0.04407811
0.04573727
0.04907537
0.04169083
0.04171038
0.04258990
0.04212618
0.04138803
0.05802631
0.04917884
0.04012418
0.04205275
0.05150366
0.04470587
0.04441762
0.04196835
0.03883767
0.03965807
0.03971672
0.04286313
0.04248285
0.03931713
0.03969717
0.03888035
0.04660630
0.04382372
0.04507017
0.04438376
0.04111385
0.03689051
0.03705144
0.03822207
0.04069829
0.03645778
0.03839445
0.03695726
0.03673458
0.04183292
0.04343033
0.04266548
0.04039216
0.04539990
0.03983569
0.03816938
0.03759527
0.03913379
0.04138994
0.03961015
0.03840780
0.03794575
0.03817153
0.04640770
0.04357910
0.04303479
0.04333758
0.04028797
0.03768134
0.03740835
0.03641152
0.04015446
0.03546047
0.03646135
0.03603435
0.03712606
0.04264569
0.03849459
0.04329777
0.04434252
0.04398608
0.04779840
0.03792310
0.03663659
0.03619385
0.03603435
0.03698134
0.03694630
0.03721595
0.04071546
0.03639627
0.03836417
0.04173708
0.04072595
0.05198193
0.04259348
0.03650451
0.03722143
0.03766465
0.03732872
0.03782415
0.03896618
0.03681040
0.03518939
0.03591609
0.03861046
0.04124165
0.04026651
0.04155350
0.04029584
0.03615665
0.03751040
0.03522086
0.03562403
0.03550649
0.03573346
0.03582788
0.03493261
0.03444910
0.03443050
0.03943563
0.04185677
0.04001069
0.04001975
0.03787279
0.03612876
0.03657389
0.03621125
0.03753281
0.03723431
0.03791022
0.04157639
0.03738475
0.04108548
0.04265261
0.04171705
0.04223609
0.04147887
0.03748822
0.03644657
0.04073381
0.03662944
0.03633428
0.03578258
0.03572154
0.03606009
0.03485990
0.03462863
0.04107022
0.04023838
0.03959036
0.04405093
0.03811526
0.03686190
0.03632617
0.03602338
0.03548789
0.03676271
0.03774714
0.03686380
0.03659797
0.03899479
0.04173899
0.04270458
0.04656053
0.04054284
0.03618264
0.03609586
0.03654027
0.03485727
0.03623891
0.03539944
0.03546405
0.03615165
0.03965187
0.04006243
0.04193306
0.04757333
0.04180241
0.03943110
0.03642130
0.03626108
0.03649926
0.03702641
0.03880239
0.03904748
0.03685021
0.03916502
0.03945708
0.04097295
0.03994536
0.04034281
0.04081655
0.03611732
0.03600430
0.03514361
0.03638482
0.03870654
0.03528094
0.03757834
0.03714657
0.03644347
0.03996849
0.04224157
0.04129744
0.04226351
0.04621696
0.03786635
0.03709483
0.03797984
0.03788781
0.03740144
0.03670669
0.03799963
0.03714299
0.03645229
0.04516602
0.04182339
0.04244947
0.04319692
0.03979230
0.04227781
0.03873062
0.04020929
0.03680086
0.03715158
0.03669834
0.03640842
0.04066062
0.04704189
0.04254580
0.04215026
0.04241705
0.03692150
0.03686810
0.03629470
0.03572679
0.03696775
0.03598332
0.03533268
0.03547597
0.03669786
0.04040194
0.04066253
0.04127908
0.04176807
0.04115939
0.03956223
0.03609276
0.03671885
0.03776884
0.03629732
0.04249382
0.03700852
0.03594398
0.03656006
0.03739476
0.03987789
0.04120684
0.04055405
0.04020190
0.03927183
0.04075980
0.03599143
0.03647161
0.03834200
0.03691339
0.03639960
0.03725600
0.03741431
0.03630924
0.03921151
0.04187036
0.04222703
0.04375601
0.04199886
0.03706336
0.03594518
0.03580689
0.03494930
0.03663015
0.03672767
0.03631020
0.03577137
0.03588533
0.03618598
0.04155612
0.04155040
0.04175806
0.04186964
0.03907013
0.03656578
0.03723311
0.03616071
0.03647017
0.03708577
0.03728819
0.03767157
0.03759909
0.03911996
0.04437780
0.04287100
0.04224634
0.04253721
0.03909302
0.03894281
0.03660727
0.03691530
0.03583002
0.03677964
0.03619838
0.03651404
0.03717494
0.03748250
0.04057717
0.04167032
0.04111195
0.04165053
0.03812671
0.03594732
0.03593302
0.03527880
0.03510904
0.03585458
0.03881478
0.03689694
0.03562140
0.03609490
0.03934050
0.04027367
0.04130077
0.04493999
0.04265666
0.03925800
0.04005408
0.05229616
0.03775191
0.03788733
0.03937173
0.03740001
0.03746414
0.04015446
0.04234314
0.04639792
0.04027224
0.03912210
0.03634667
0.03625441
0.03683853
0.03936148
0.03601623
0.03947854
0.03758693
0.03724480
0.04117966
0.04173088
0.04566264
0.04091787
0.04037905
0.04131842
0.03566098
0.03616476
0.03721333
0.03692412
0.04203081
0.03541279
0.03575325
0.03894901
0.03832960
0.04594088
0.04034185
0.04118061
0.04119349
0.03688765
0.03713250
0.04125595
0.03772020
0.03698683
0.04107547
0.03804851
0.03702188
0.03795075
0.03830671
0.04313612
0.04071784
0.04019451
0.03940535
0.03622079
0.03570557
0.03479767
0.03524899
0.03594255
0.03495169
0.03556299
0.03599548
0.03475881
0.03594637
0.04673624
0.03921199
0.04097247
0.04115200
0.03509474
0.03626394
0.03823495
0.03546667
0.03820157
0.03601694
0.03433633
0.03613687
0.03643847
0.04204226
0.03912640
0.03947282
0.03988290
0.03987741
0.03501701
0.03475928
0.03507495
0.03749156
0.03423691
0.03558064
0.03412533
0.03512096
0.03379393
0.03746247
0.03696489
0.03842139
0.03844213
0.03801489
0.05083489
0.03827596
0.03733373
0.03687763
0.03854513
0.03990221
0.03793788
0.03795910
0.03730702
0.03745794
0.03995514
0.03936481
0.04374099
0.04212284
0.04265642
0.04921532
0.03735900
0.03784561
0.03684759
0.03764105
0.03885651
0.03810811
0.03654122
0.03836155
0.03554988
0.04323816
0.04296517
0.03784418
0.04193354
0.03529572
0.03304958
0.03388667
0.03486347
0.03411126
0.03443456
0.03364468
0.03336501
0.03712916
0.03338170
0.03218102
0.03600001
0.04385471
0.05130625
0.04747128
0.03536868
0.03344941
0.03221774
0.03289533
0.03130984
0.03281760
0.03319788
0.03263164
0.03257322
0.03284574
0.03252983
0.03230333
0.03836679
0.04468679
0.04309273
0.04606366
0.03686929
0.03293300
0.03240561
0.03148365
0.03212237
0.03142762
0.03132272
0.03107667
0.03174281
0.03059220
0.03118587
0.03329086
0.03276730
0.03988147
0.04069567
0.03918576
0.04073238
0.04526186
0.03202319
0.03289604
0.03131938
0.03118086
0.03488612
0.03085709
0.03147244
0.03129506
0.03286171
