0.05723381
0.06083679
0.05637360
0.05404091
0.06405592
0.06426859
0.05220461
0.05281019
0.05114055
0.05092263
0.04999352
0.05036306
0.05698562
0.09719777
0.05948138
0.04959226
0.05046821
0.04822755
0.04705906
0.04750323
0.05143595
0.05973411
0.05949736
0.04990387
0.05067205
0.05082178
0.05076313
0.04897213
0.04861355
0.05591369
0.05600834
0.05519962
0.04899883
0.05119109
0.05106521
0.05292797
0.05174446
0.05514598
0.06710505
0.06366396
0.05948472
0.05156589
0.04944038
0.04824471
0.04984522
0.04563332
0.04891300
0.05798507
0.05784988
0.05346537
0.05252576
0.05206490
0.05114317
0.05006146
0.04399967
0.05281568
0.05997849
0.06023765
0.04825020
0.04885077
0.05077863
0.05259824
0.05320096
0.05144286
0.06359458
0.07331443
0.06723452
0.05544972
0.05639791
0.05676746
0.05802894
0.05358481
0.05469728
0.06359839
0.06337929
0.05508876
0.05359674
0.05413294
0.05729771
0.05591798
0.05943012
0.06591916
0.06512022
0.05731225
0.05301690
0.05307555
0.05176926
0.05003905
0.05775928
0.05494380
0.06070495
0.06035280
0.05295920
0.05254912
0.04743409
0.04935312
0.04914498
0.04936600
0.06216216
0.06408930
0.06236672
0.05134511
0.05147696
0.05166006
0.05294061
0.05076623
0.04832244
0.05052280
0.05525374
0.05568838
0.05658340
0.05039406
0.05040789
0.05275106
0.05334902
0.05313468
0.06203866
0.06301761
0.06155968
0.05025840
0.04942083
0.04882932
0.04887438
0.04904652
0.04666376
0.05685329
0.06243730
0.05516171
0.05407524
0.05371261
0.05504608
0.05288577
0.05477619
0.06368160
0.06491470
0.05503654
0.05608010
0.05564189
0.07082391
0.05720520
0.06166339
0.06289434
0.05469203
0.05767751
0.05249453
0.05040979
0.05269480
0.06125546
0.06838822
0.07195854
0.04816818
0.04948592
0.05237389
0.05286407
0.05205536
0.08478475
0.06970477
0.07080793
0.05671763
0.05656314
0.05369329
0.05524278
0.05602694
0.05517721
0.06207991
0.06141853
0.08347225
0.06710744
0.05348945
0.05487347
0.05015564
0.05120635
0.04846740
0.05222225
0.05672669
0.05414486
0.05567908
0.04898286
0.04835820
0.05047202
0.04817891
0.04381680
0.04739022
0.05707383
0.05778575
0.05600190
0.04857635
0.04806447
0.04778171
0.04789114
0.04583979
0.04612947
0.04699993
0.06326127
0.06153488
0.05905747
0.05463457
0.05012560
0.05028343
0.04269075
0.04198265
0.04289794
0.04744387
0.06270957
0.05208921
0.04495811
0.04915571
0.04770398
0.04833436
0.05120778
0.04792547
0.04641581
0.05612755
0.05353212
0.05857015
0.04935384
0.04835963
0.05340862
0.04883647
0.05086613
0.05187416
0.05781484
0.07272911
0.06633234
0.05431795
0.05144167
0.05184793
0.05800152
0.05487895
0.05325675
0.07141018
0.06405783
0.05851316
0.05220914
0.05219960
0.05876780
0.05755067
0.05874848
0.06765723
0.06866050
0.06910729
0.05751872
0.05793381
0.05901194
0.05039477
0.05144858
0.05917764
0.06553602
0.06388450
0.05593157
0.05187225
0.05549335
0.05105519
0.04977822
0.04800725
0.05732679
0.06318116
0.06361246
0.05427027
0.05831957
0.05837321
0.05338502
0.04598999
0.05358601
0.05344296
0.06404948
0.07677817
0.06613684
0.05952287
0.06503582
0.06394815
0.06662869
0.08266497
0.07845855
0.06872606
0.06261873
0.05974936
0.05819321
0.05832720
0.05664659
0.06099510
0.06696010
0.06505942
0.05402064
0.05424094
0.05197525
0.05044913
0.05584693
0.05614376
0.06313705
0.06757069
0.06587195
0.05394840
0.05367422
0.05398965
0.05349112
0.05391049
0.05533385
