0.01935649
0.03301167
0.03482127
0.03477740
0.03443027
0.03775144
0.03746581
0.03886747
0.03930211
0.03438354
0.03453207
0.03465319
0.03498435
0.03437710
0.05095530
0.04020071
0.03687787
0.02885556
0.03207135
0.03746080
0.03669286
0.03684139
0.03703260
0.03583241
0.03431368
0.03264642
0.03708863
0.03353190
0.03369093
0.03708768
0.03489900
0.03055692
0.03409767
0.03561664
0.03770113
0.03715873
0.03718948
0.04082489
0.03495240
0.03405404
0.03741932
0.03330684
0.03342366
0.03704619
0.03334188
0.03381085
0.03651571
0.03422356
0.03742552
0.04253125
0.03715420
0.03674078
0.03694510
0.03514051
0.03338099
0.03896475
0.03456235
0.03373575
0.04252005
0.03623939
0.03376818
0.03390217
0.03518033
0.03849721
0.04173374
0.03380156
0.03467011
0.03548694
0.03741670
0.03454924
0.03455329
0.03362679
0.03521490
0.03524470
0.03346562
0.04353285
0.03416014
0.03149986
0.04333401
0.03939915
0.03861070
0.03774405
0.04096913
0.03607512
0.03554440
0.03574920
0.03723168
0.03532410
0.03507590
0.03462672
0.03479242
0.03558230
0.04458499
0.04070807
0.03822947
0.03880167
0.03831649
0.03464723
0.03623772
0.03481650
0.03675866
0.03510380
0.03517747
0.03474307
0.03557205
0.03613400
0.04020214
0.04044104
0.04075503
0.04198337
0.04070854
0.04499412
0.03486371
0.03523159
0.03502917
0.03650117
0.03869152
0.03464341
0.03478408
0.03458428
0.03494453
0.03637218
0.04124117
0.04048848
0.04114771
0.05098104
0.05860639
0.04552913
0.03960061
0.04193282
0.03969574
0.05226326
0.04816556
0.04387951
0.03886557
0.05067372
0.05733156
0.05390549
0.05246329
0.03937578
0.04376817
0.04102945
0.03934336
0.04870367
0.04417539
0.04118657
0.04010749
0.05368328
0.05330229
0.05401492
0.05330777
0.04813409
0.04111171
0.04035974
0.04234409
0.04145503
0.04116702
0.03957367
0.04033566
0.05177975
0.04695606
0.04867935
0.04722404
0.04004169
0.04221129
0.04204488
0.04407310
0.04057956
0.04290724
0.04249501
0.04243231
0.05499911
0.05101562
0.05168080
0.04962540
0.04338121
0.04262280
0.04434848
0.04529691
0.04282522
0.04231167
0.04331541
0.04526734
0.05496907
0.05710363
0.05997276
0.05628109
0.05123448
0.04465652
0.04489803
0.04750085
0.04448104
0.04490876
0.04540300
0.05637503
0.05421543
0.05376363
0.05120802
0.05291152
0.05005980
0.04320240
0.04199457
0.04137397
0.04457736
0.04175043
0.05369067
0.04774976
0.04776812
0.04962945
0.04330492
0.04877925
0.04544854
0.04081607
0.04195476
0.04099417
0.04142165
0.03783107
0.03669333
0.04437613
0.04668450
0.04724455
0.04788661
0.04522657
0.03990412
0.03906798
0.04054117
0.04047632
0.04117489
0.03628278
0.03707790
0.03884554
0.04184675
0.05100441
0.04455423
0.04570913
0.04228687
0.03826642
0.03842378
0.03777099
0.03934622
0.03740287
0.03433371
0.03397155
0.05095434
0.04245782
0.04814148
0.04339957
0.04146123
0.04293513
0.03911138
0.03998518
0.03975105
0.03923035
0.04134297
0.03961849
0.04124212
0.04247594
0.05027843
0.04751444
0.04798961
0.04705596
0.04437923
0.04266262
0.04137588
0.04163957
0.04327655
0.04376245
0.04103661
0.04035568
0.04298687
0.04753828
0.05223465
0.04633617
0.04460144
0.04205537
0.04031587
0.04038596
0.04090786
0.04264617
0.03903556
0.04065442
0.04027486
0.04040313
0.04730296
0.04444337
0.04495597
0.04588675
0.04212832
0.04090166
0.04065537
0.04424000
0.03961754
0.04073167
0.03717685
0.03779626
0.04847336
0.05178070
0.04450369
0.04668069
0.04378009
0.03883147
0.03937054
0.03990006
0.03914332
0.03969550
0.03885198
0.04648042
0.05962634
0.05800796
0.05376935
0.04952717
0.04606700
0.03834772
0.03888631
0.03750014
0.03793883
0.03874087
0.03873515
0.03793979
0.04304862
0.04360700
0.04402137
0.04369330
0.04348493
0.03885603
0.03911376
0.03794050
0.03813696
0.03946662
0.03807116
0.03775358
0.03746271
0.04282260
0.04516363
0.04539752
0.04596591
0.04211664
0.03901362
0.04272127
0.03985953
0.03957343
0.04115319
0.03880811
0.04093289
0.04078436
0.04367805
0.04628348
0.05190134
0.04703236
0.06240773
0.05642509
0.04286885
0.04403305
0.04284263
0.04404140
0.04301667
0.04785705
