0.05873156
0.03736734
0.03412890
0.03402877
0.03739643
0.03799391
0.03899312
0.03411484
0.03417969
0.03513098
0.03431439
0.03558064
0.03550625
0.03784323
0.03840542
0.03913975
0.03871083
0.03397846
0.03491449
0.03714395
0.03460097
0.03486228
0.03573656
0.03690934
0.03823209
0.03875804
0.03845167
0.03532743
0.03518009
0.03429532
0.03462768
0.03587914
0.03473234
0.03822875
0.03873086
0.03951669
0.04442835
0.03538871
0.03572941
0.03511596
0.03524852
0.03270173
0.03309083
0.03575873
0.04359388
0.04826212
0.04892230
0.04237700
0.03539634
0.03691244
0.03666401
0.03643751
0.03697038
0.04042506
0.03739142
0.04680419
0.04611135
0.04721761
0.04491377
0.03672504
0.03701663
0.03697538
0.03621769
0.03262019
0.03485942
0.04070282
0.04073524
0.04152584
0.03657484
0.03562117
0.03738117
0.03645325
0.03223395
0.03581905
0.03677273
0.04046273
0.03929615
0.05069613
0.04614854
0.03631067
0.03589296
0.03651524
0.03169680
0.03705692
0.03197575
0.03241134
0.03461123
0.04099536
0.04025054
0.04108715
0.05238318
0.04012680
0.03647375
0.03637934
0.03532076
0.03605819
0.03373170
0.03539586
0.03902054
0.03862667
0.03891039
0.03778124
0.03496790
0.03568578
0.03458667
0.03519654
0.03359509
0.03538322
0.03500438
0.03697515
0.03584886
0.03540587
0.03747702
0.03671932
0.03768921
0.03669953
0.03762460
0.03637338
0.03702831
0.03879356
0.03999925
0.03799176
0.04081059
0.04140496
0.04170084
0.04128981
0.03859377
0.03777552
0.03539276
0.03577232
0.03720689
0.03628922
0.03493524
0.04231262
0.04184556
0.04190850
0.04012513
0.03534102
0.03672576
0.03643060
0.03589392
0.03655815
0.03605485
0.03644347
0.04561615
0.04683471
0.04769516
0.04620647
0.04500079
0.03680706
0.03486943
0.03630376
0.03565574
0.03460407
0.03645635
0.03956103
0.03880763
0.03891683
0.03904295
0.03514242
0.03617907
0.03533673
0.03666377
0.03556323
0.03569317
0.03452349
0.03689742
0.03822541
0.03758240
0.03737688
0.03673816
0.03503060
0.03519297
0.03505325
0.03520012
0.03479815
0.03585291
0.03467393
0.03871942
0.03957176
0.03861308
0.03856802
0.03396988
0.03544450
0.03442693
0.03460646
0.03391218
0.03509045
0.03449106
0.03802490
0.03910351
0.03911591
0.03856421
0.03440499
0.03543663
0.03519630
0.03990102
0.03458190
0.03447270
0.03464746
0.03569651
0.04063654
0.03887987
0.03904557
0.03888535
0.03496909
0.03492808
0.03557920
0.03533435
0.03633165
0.03428698
0.03076649
0.03200412
0.03572035
0.03837085
0.03757429
0.03835702
0.03585529
0.03461838
0.03500509
0.03569889
0.03503513
0.03252673
0.03136873
0.03062773
0.03537583
0.03976512
0.03891325
0.03944898
0.03680301
0.03557253
0.03861690
0.03467488
0.03447771
0.03541565
0.03641152
0.03564906
0.03790450
0.03902340
0.03844261
0.03924561
0.03227019
0.03429914
0.03530312
0.03551674
0.03558183
0.03476810
0.03500175
0.03548241
0.03487110
0.03809834
0.03879857
0.03889441
0.03823256
0.03320384
0.03610659
0.03495479
0.03568482
0.03410697
0.03177524
0.03116393
0.03098488
0.03753710
0.03861332
0.03936553
0.03958511
0.03626537
0.03539348
0.03566003
0.03576636
0.03495431
0.03215384
0.03085899
0.03224397
0.03559160
0.03853965
0.03768063
0.03881001
0.03630877
0.03454566
0.03600121
0.03385615
0.03516793
0.03445292
0.03390694
0.04008865
0.03866792
0.03820324
0.03875804
0.03721094
0.03345633
0.03496814
0.03562260
0.03538036
0.03601480
0.03524685
0.03398418
0.03520370
0.03817344
0.03867388
0.03939581
0.03957772
0.03557467
0.03934312
0.03532863
0.03495550
0.03555012
0.03328204
0.03188920
0.03128004
0.03161263
0.03977466
0.03822851
0.03849339
0.03784633
0.03400230
0.03472614
0.03573775
0.03546453
0.03480053
0.03459311
0.03037715
0.03011823
0.03088570
0.03834510
0.03835678
0.03914261
0.03887916
0.03399062
0.03535700
0.03535032
0.03468537
0.03517604
0.03401113
0.03478599
0.03494620
0.03839040
0.03845644
0.04414868
0.03770041
0.03458691
0.03435683
0.03503799
0.03384185
0.03416753
0.03469872
0.03215599
0.03155518
0.03915000
0.03715062
0.03768206
0.03810048
0.03327203
0.03477931
0.03462029
0.03439903
0.03395295
0.03512883
0.03287959
0.03263593
0.03060246
0.03741980
0.03650141
0.03762555
0.03729391
0.03437138
0.03325844
0.03419900
0.03504038
0.03472161
0.03424335
0.03128552
0.03156567
0.03570127
0.03805137
0.03828669
0.04293323
0.03684497
0.03439927
0.03471231
0.03465319
0.03429723
0.03522301
0.03586769
0.03223467
0.03842425
0.04058552
0.04031014
0.03991985
0.03825903
0.03389311
0.03775430
0.03706384
0.03881407
0.03805065
0.03536391
0.03744864
0.04137731
0.04098129
0.04007864
0.03714275
0.03670502
0.03660369
0.03678131
0.03730989
0.03631711
0.03582668
0.03723264
0.04233027
0.04071140
0.05470443
0.03644300
0.03619957
0.03559804
0.03736448
0.03575587
0.03650641
0.03752875
0.03546071
0.03230929
0.03376937
0.04029298
0.04130340
0.04141140
0.03762531
0.03696966
0.03712082
0.03513670
0.03660274
0.03643513
0.03576136
0.03591847
0.04033065
0.04044795
0.04134798
0.04070640
0.03530836
0.03537011
0.03724980
0.03653908
0.03614950
0.03619933
0.03486371
0.03685427
0.04612446
0.03953385
0.04032135
0.03734040
0.03619146
0.03494191
0.03562760
0.03448606
0.03562093
0.03520823
0.03245473
0.03202820
0.03706551
0.03806663
0.03917885
0.03861141
0.03495908
0.03508425
0.03502846
0.03470588
0.03422499
0.03329754
0.03157353
0.03065920
0.03116608
0.03862906
0.03946805
0.04001522
0.03783202
0.03484130
0.03513837
0.04140520
0.03849173
0.03940272
0.03843951
0.03920269
0.04616594
0.04493570
0.04472113
0.04226565
0.03919840
0.03993607
0.03900218
0.03915143
0.04017210
0.03938794
0.04018354
0.04709101
0.04580355
0.04579425
0.04121590
0.04018998
0.03949833
0.04026580
0.04029155
0.03863382
0.04621506
0.05725884
0.04413247
0.04306173
0.03925991
0.03716993
0.03860354
0.04063249
0.03705049
0.03493047
0.03778839
0.03397083
0.03759289
0.04569411
0.05094934
0.04560900
0.03806615
0.03858089
0.05164146
0.04158425
0.03751683
0.03748846
0.03951049
0.04348302
0.06377840
0.04267979
0.03966761
0.03625941
0.03868055
0.03650737
0.03793502
0.03622723
0.03628588
0.03852153
0.04071712
0.04126692
0.04108834
0.04046535
0.03771353
0.03931546
0.03818464
0.03719616
0.03670526
0.03636408
0.03798270
0.04004312
0.04173517
0.04130960
0.04259777
0.03839540
0.03911924
0.03621411
0.03793120
0.03925991
0.03869224
0.03684020
0.03793287
0.04039145
0.04264116
0.04267859
0.03638864
0.03627133
0.03668571
0.03604794
0.03682852
0.03673887
0.03712511
0.03924537
0.04155445
0.04104114
0.04133439
0.03905845
0.03632164
0.03807211
0.03789043
0.03680062
0.03735018
0.03833437
0.03852177
0.04373050
0.04207325
0.04261208
0.04227161
0.03839993
0.04217577
0.03699803
0.03890038
0.03745532
0.03912854
0.03826189
0.04346681
0.04481745
0.04506755
0.04412317
0.03905058
0.03990793
0.04093075
0.03997374
0.04134226
0.04219079
0.04460073
0.04923534
0.04973698
0.05131936
0.04451942
0.04458213
0.04599857
0.04515576
0.04780245
0.04585671
0.04777169
0.05109358
0.04994416
0.04975748
0.05134392
0.04992366
0.04322600
0.04059696
0.04131818
0.04209781
0.04993653
0.05184031
0.04972553
0.04522943
0.04495740
0.04584599
0.04610562
0.04690909
0.04560471
0.05436754
0.05555582
0.05289197
0.05018902
0.04514241
0.04540372
0.04388666
0.04457927
0.04496551
0.04688454
0.05177951
0.05298567
0.05237126
0.04633260
0.04733658
0.04876232
0.04697680
0.04689932
0.04663515
0.05709982
0.06530714
0.05141425
0.04643798
0.04569769
0.04599643
0.04457283
0.04593086
0.04682255
0.04980421
0.05571461
0.05500555
0.04663634
0.04628086
0.04531693
0.04559374
0.04064226
0.04494786
0.05107594
0.05013704
0.04876018
0.04791808
0.04251981
0.04185796
0.04143500
0.04088950
0.04199862
0.03752637
0.03612804
0.04390001
0.04468298
0.04764867
0.04554343
0.04167390
0.04067683
0.04194689
0.04190993
0.04190135
0.04239488
0.04717278
0.04641151
0.04594779
0.04113960
0.03945279
0.03967595
0.03981686
0.04041958
0.03835678
0.03854394
0.04311538
0.04270101
0.04312468
0.04353118
0.03963780
0.03990245
0.03848147
0.03848529
0.03840399
0.03981686
0.03640819
0.03774810
0.04513741
0.04654765
0.04672670
0.04016209
0.04120851
0.04147959
0.04194379
0.04203272
0.04146457
0.04289317
0.04923868
0.04593730
0.04672194
0.04047418
0.04022694
0.03993940
0.04129910
0.04000306
0.04029584
0.03989124
0.04234743
0.04591537
0.04804444
0.04614496
0.04069233
0.04264688
0.04222107
0.04325724
0.04316354
0.04268527
0.04667115
0.04915977
0.04965734
0.04671884
0.04229760
0.04198265
0.04284906
0.04196215
0.04245281
0.04267359
0.04495430
