0.05980277
0.03724909
0.03318954
0.03307295
0.03317237
0.03359532
0.03329539
0.03581882
0.03704143
0.03647518
0.03655291
0.03289676
0.03300476
0.03376675
0.03350139
0.03375077
0.03347683
0.03349614
0.03681278
0.03658390
0.03826308
0.03712869
0.03392124
0.03395939
0.03359199
0.03340650
0.03414440
0.03388143
0.03492641
0.03633475
0.03596282
0.03664327
0.03353667
0.03319716
0.03371620
0.03261995
0.03299403
0.03376532
0.03746414
0.03665018
0.03685689
0.03593588
0.03371119
0.03391147
0.03379893
0.03407073
0.03306723
0.03383183
0.03773475
0.07602191
0.03584075
0.03321958
0.03342867
0.03389716
0.03333020
0.03361320
0.03332853
0.03473115
0.03331804
0.03751826
0.03690791
0.03600788
0.03661680
0.03402781
0.03436255
0.03428268
0.03359103
0.03267527
0.03434157
0.03537917
0.03678870
0.03605056
0.03721929
0.03444457
0.03325009
0.03366852
0.03339267
0.03430557
0.03439903
0.03397703
0.03717923
0.03636575
0.03611112
0.03365493
0.03337073
0.03415513
0.03346300
0.03357244
0.03256631
0.03326249
0.03321218
0.03831887
0.03770518
0.03601170
0.03652787
0.03536153
0.03332949
0.03410244
0.03282905
0.03300691
0.03348041
0.03448510
0.03316307
0.03474617
0.03621387
0.03572440
0.03713346
0.03583145
0.03445911
0.03368425
0.03412151
0.03300858
0.03316998
0.03427792
0.03429461
0.03678679
0.03742051
0.03621936
0.03338623
0.03298616
0.03370214
0.03349209
0.03236508
0.03377104
0.03430939
0.03332067
0.03535938
0.03758097
0.03654361
0.03693509
0.03491378
0.03366280
0.03460836
0.03367639
0.03347921
0.03404951
0.03360391
0.03245068
0.03838491
0.03620839
0.03647280
0.03605270
0.03263330
0.03399110
0.03507304
0.03467226
0.03341770
0.03323817
0.03397107
0.03404212
0.03734446
0.03901482
0.03747535
0.03462338
0.03683186
0.03852606
0.03289366
0.03329611
0.03374839
0.03346968
0.03433323
0.03349066
0.03460455
0.03669477
0.03687572
0.03784895
0.03437114
0.03330326
0.03288507
0.03419399
0.03320312
0.03395677
0.03385997
0.03388739
0.03665948
0.03668642
0.03714824
0.03671503
0.04365158
0.03650618
0.03402567
0.03291130
0.03331423
0.03317618
0.03401494
0.03487802
0.03616762
0.03718376
0.03650284
0.03495622
0.03330827
0.03450370
0.03282952
0.03308654
0.03363347
0.03382039
0.03380704
0.03711224
0.03727365
0.03814816
0.03761840
0.03378129
0.03255463
0.03453565
0.03395152
0.03371334
0.03328323
0.03305697
0.03243160
0.03562093
0.03626323
0.03584766
0.03658271
0.03454185
0.03261232
0.03348517
0.03326321
0.03254318
0.03378320
0.03400874
0.03352237
0.03662372
0.03591180
0.03683043
0.03454757
0.03326082
0.03379178
0.03371119
0.03383303
0.03404307
0.03172350
0.03787470
0.03624034
0.03803229
0.03503633
0.03246355
0.03260326
0.03456283
0.03340745
0.03263879
0.03312826
0.03537774
0.03673840
0.03698015
0.03707933
0.03418040
0.03363347
0.03365517
0.03414607
0.03446007
0.03319693
0.03412151
0.03379011
0.03596115
0.03625846
0.03631711
0.03641725
0.03742266
0.03399467
0.03360939
0.03363156
0.03314757
0.03299642
0.03282690
0.03443956
0.03607893
0.03636122
0.03773952
0.03434753
0.03324080
0.03276014
0.03329301
0.03373384
0.03378654
0.03222466
0.03304720
0.03361130
0.03616762
0.03701401
0.03731728
0.03474498
0.03317428
0.03310919
0.03355598
0.03262448
0.03239560
0.03285766
0.03396368
0.03233004
0.03532910
0.03675508
0.03633618
0.03574681
0.03763890
0.03425026
0.03330612
0.03308630
0.03322697
0.03383899
0.03306985
0.03389144
0.03460550
0.03636098
0.03528953
0.03600025
0.03374290
0.03407812
0.03347492
0.03334880
0.03325391
0.03311324
0.03355837
0.03284001
0.03788185
0.03726220
0.03615475
0.03605127
0.03243303
0.03327656
0.03170943
0.03346729
0.03345084
0.03261161
0.03197432
0.03418326
0.03816104
0.04114819
0.03591609
0.03659034
0.03264499
0.03180599
0.03275347
0.03314424
0.03309989
0.03260660
0.03194165
0.03769970
0.04085803
0.03975940
0.04112077
0.03960252
0.03205276
0.03087234
0.03275299
0.03156590
0.03063464
0.03087354
0.03324556
0.03882647
0.04370379
0.04301620
0.03188920
0.03126788
0.03168488
0.03270936
0.03207421
0.03139329
0.03192544
0.03042030
0.03232336
0.03568816
0.03595042
0.03472185
0.03471494
0.03150201
0.03238797
0.03277254
0.03266239
0.03295755
0.03237891
0.03305697
0.03679967
0.03707194
0.03623676
0.03781700
0.03369355
0.03465223
0.03265643
0.03316498
0.03377390
0.03363657
0.03338361
0.03394723
0.03752232
0.03635716
0.03532124
0.03588653
0.03186274
0.03338671
0.03252244
0.03358412
0.03227735
0.03256154
0.03345442
0.03521705
0.03772068
0.03640461
0.03655076
0.03419685
0.03326249
0.03362107
0.03362131
0.03315473
0.03334761
0.03314304
0.03299904
0.03880143
0.04265237
0.04274869
0.04098129
0.04077983
0.03324008
0.03389835
0.03361773
0.03240013
0.03390121
0.03209591
0.03533340
0.03532863
0.03667903
0.03596830
0.03363514
0.03386927
0.03473425
0.03349137
0.03319836
0.03413630
0.03323936
0.03640246
0.03736448
0.03819585
0.03709769
0.03463793
0.03300142
0.03354669
0.03403091
0.03247833
0.03312778
0.03337312
0.03341150
0.03264832
0.03673148
0.03630781
0.03684878
0.03596067
0.03270292
0.03386331
0.03307176
0.03391457
0.03219938
0.03324938
0.03182316
0.03308606
0.03705812
0.03683901
0.03671479
0.03577995
0.03326869
0.03337097
0.03333211
0.03331447
0.03300381
0.03247213
0.03397369
0.03370309
0.03378367
0.03559470
0.03557372
0.03701830
0.03694487
0.03355503
0.03409600
0.03374577
0.03348136
0.03380632
0.03360486
0.03335071
0.03486562
0.03754807
0.04635859
0.04480433
0.03756523
0.03287387
0.03498030
0.03300738
0.03381896
0.03299379
0.03348827
0.03392529
0.03756261
0.03601980
0.03676724
0.03746772
0.03443646
0.03394842
0.03425431
0.03345442
0.03415108
0.03374100
0.03374839
0.03553271
0.03872895
0.03795743
0.03673887
0.03586888
0.03320241
0.03376818
0.03408480
0.03293157
0.03400493
0.03325129
0.03385925
0.03503108
0.03748131
0.03640389
0.03705311
0.03342390
0.03313422
0.03335166
0.03367972
0.03448224
0.03439713
0.03398514
0.03388119
0.03666353
0.03695440
0.03761649
0.03808594
0.03373694
0.03363872
0.03840423
0.03338408
0.03414249
0.03297758
0.03311372
0.03441072
0.03767323
0.03632355
0.03628206
0.03635240
0.03393126
0.03439569
0.03418040
0.03347421
0.03388023
0.03375959
0.03386474
0.03564644
0.03739429
0.03760886
0.03726673
0.03432465
0.03433394
0.03438306
0.03320837
0.03456330
0.03481317
0.03348565
0.03380990
0.03581023
0.03795815
0.03854585
0.03670049
0.03471136
0.03376818
0.03346395
0.03415108
0.03452110
0.03322530
0.03448820
0.03492808
0.03571963
0.03888249
0.03664255
0.03717446
0.03754544
0.03464365
0.03394580
0.03551388
0.03637314
0.03588915
0.03436995
0.03602266
0.03601003
0.03931332
0.03868651
0.03864908
0.03729439
0.03371406
0.03403187
0.03494835
0.03400016
0.03418326
0.03527904
0.03429580
0.03814530
0.03770947
0.04296279
0.03829622
0.03314471
0.03485942
0.03395009
0.03466916
0.03478241
0.03429294
0.03356123
0.03451586
0.03761244
0.03672338
0.03592086
0.03607011
0.03383613
0.03408265
0.03368258
0.03354144
0.03447056
0.03401518
0.03358817
0.03616285
0.03711987
0.03723407
0.03652358
0.03318882
0.03343773
0.03254080
0.03389382
0.03321314
0.03383446
0.03320432
0.03315091
0.03330421
0.03671241
0.03709626
0.03564739
0.03587389
0.03408766
0.03298759
0.03424191
0.03347898
0.03208566
0.03314734
0.03404665
0.03316951
0.03771186
0.03635287
0.03778672
0.03840518
0.03304100
0.03368759
0.03490615
0.03420663
0.03312159
0.03459334
0.03300405
0.03630710
0.03791618
0.03660274
0.03748560
0.03509378
0.03472733
0.03403306
0.03279233
0.03364158
0.03257513
0.03327870
0.03546906
0.03672886
0.04208136
0.03809333
0.03519797
0.03435183
0.03361940
0.03336406
0.03281808
0.03433061
0.03303838
0.03434134
0.03834295
0.03693414
0.03813887
0.03613138
0.03302646
0.03388691
0.03415155
0.03225875
0.03350401
0.03378701
0.03386283
0.03528857
0.03775311
0.03686833
0.03687167
0.03415513
0.03193617
0.03299785
0.03375387
0.03444409
0.03284264
0.03438401
0.03473139
0.03682351
0.03637099
0.03761458
0.03617048
0.03423166
0.03454757
0.03311467
0.03267074
0.03312278
0.03462124
0.03473663
0.03518510
0.03830314
0.03812099
0.03812027
0.03521204
0.03327990
0.03330064
0.03404188
0.03338265
0.03441572
0.03359485
0.03462648
0.03734326
0.03749442
0.03794169
0.03709435
0.03336239
0.03303337
0.03450847
0.03324699
0.03235888
0.03338623
0.03320718
0.03413534
0.03773475
0.03649879
0.03673816
0.04264975
0.03344870
0.03264380
0.03502846
0.03446937
0.03364825
0.03266215
0.03318596
0.03433180
0.03671074
0.03655648
0.03706408
0.03724098
0.03290343
0.03319025
0.03269196
0.03375149
0.03320408
0.03297162
0.03370619
0.03423762
0.03669882
0.03613234
0.03737473
0.03767586
0.03466511
0.03281331
0.03426313
0.03508401
0.03329992
0.03388143
0.03229785
0.03492355
0.03750110
0.03725815
0.03717351
0.03676796
0.03394055
0.03504014
0.03384590
0.03396726
0.03383231
0.03327632
0.03398204
0.03393602
0.03644133
0.03567767
0.03655338
0.03794813
0.03316736
0.03435874
0.03365469
0.03353310
0.03339362
0.03470230
0.03346825
0.03498507
0.03845119
0.03784657
0.03712940
0.03508043
0.03449488
0.03406358
0.03344631
0.03329897
0.03408575
0.03446889
0.03446794
0.03769040
0.03801203
0.04368043
0.03643703
0.03333783
0.03466010
0.03416514
0.03446770
0.03412604
0.03361487
0.03783250
0.03694773
0.03715515
0.03811240
0.03607416
0.03379488
0.03429127
0.03382659
0.03377318
0.03357363
0.03541446
0.03473401
0.03488541
0.04108143
0.03890252
0.03918290
0.03845930
0.03504062
0.03436232
0.03444433
0.03537846
0.03525090
0.03475714
0.03550720
