0.05342555
0.03557253
0.03600144
0.03792858
0.03681707
0.04029489
0.03885031
0.03869629
0.03741550
0.03612304
0.03670025
0.03673458
0.03740406
0.03579211
0.03769326
0.04105759
0.04194736
0.04138756
0.03634501
0.03747940
0.03766108
0.03799200
0.03810549
0.03849959
0.03822279
0.04216027
0.04332280
0.04273844
0.04004908
0.03751302
0.03734350
0.03853679
0.03755903
0.03767323
0.03759122
0.03792977
0.03918171
0.04455304
0.07458711
0.04751182
0.03672957
0.03760242
0.03620863
0.03610182
0.03725529
0.03649879
0.03948307
0.04537630
0.04083824
0.03871989
0.03645444
0.03447604
0.03796649
0.03357244
0.03701258
0.03280139
0.03346825
0.04485297
0.03955531
0.03383493
0.03542829
0.03611970
0.03618097
0.03600693
0.03270388
0.03177452
0.03299141
0.03220248
0.03274727
0.03391171
0.03203702
0.03271890
0.03246570
0.03568220
0.03531766
0.03563452
0.03436208
0.03255963
0.03236175
0.03364515
0.03274512
0.03337908
0.03354025
0.03233266
0.03308558
0.03324890
0.03693080
0.03616858
0.03780770
0.03707290
0.03353620
0.03388143
0.03364015
0.03261471
0.03353477
0.03471470
0.03403783
0.03451467
0.03856802
0.03896236
0.03740478
0.03719068
0.03296924
0.03447318
0.03402281
0.03396893
0.03352714
0.03472519
0.03440738
0.03449273
0.03753138
0.03776646
0.03716516
0.03768945
0.03456497
0.03423762
0.03449512
0.03389740
0.03345728
0.03314185
0.03443193
0.03399062
0.03686452
0.03720975
0.03730226
0.03690720
0.03448033
0.03305483
0.03274679
0.03337646
0.03348851
0.03313494
0.03263474
0.03308916
0.03381634
0.03428078
0.03667903
0.03641868
0.03541899
0.03496218
0.03218722
0.03669524
0.03387713
0.03273559
0.03263569
0.03317499
0.03315830
0.03650165
0.03677821
0.03547239
0.03575730
0.03400779
0.03277683
0.03261805
0.03412509
0.03348088
0.03357434
0.03272486
0.03389812
0.03351331
0.03640485
0.03721285
0.03710508
0.03778386
0.03579879
0.03330994
0.03405309
0.03343678
0.03390479
0.03360915
0.03392744
0.03405905
0.03745675
0.03853655
0.03850079
0.03777766
0.03462744
0.03508306
0.03564739
0.03476501
0.03512836
0.03454065
0.03446221
0.03510666
0.03786516
0.03840423
0.03936267
0.03899097
0.03639150
0.03428698
0.03461576
0.03440166
0.03493810
0.03408670
0.03500962
0.03494859
0.03980613
0.04088831
0.04010797
0.03940821
0.03656435
0.03568125
0.03600574
0.03649282
0.03626466
0.03667855
0.03720617
0.03739572
0.04154515
0.04035068
0.04054356
0.03883266
0.03622651
0.03624463
0.03713441
0.03772807
0.03736496
0.03667736
0.03907847
0.04157567
0.04247856
0.04229212
0.04004931
0.03685117
0.03894401
0.03745699
0.04194331
0.03769660
0.03839350
0.03889966
0.04284906
0.04431415
0.04213238
0.03983355
0.03800678
0.03837943
0.03942490
0.03854203
0.03888297
0.03863478
0.03871894
0.04565620
0.04587698
0.04516196
0.04496670
0.04025197
0.04089189
0.04295278
0.04225802
0.04317451
0.04421735
0.04678369
0.05064464
0.05185890
0.05006480
0.04479027
0.04549670
0.04480553
0.04424214
0.04560184
0.04657769
0.04577351
0.05424571
0.05440140
0.05412936
0.04681849
0.04624248
0.04619980
0.04663968
0.04797959
0.04858494
0.05322146
0.05670381
0.05699682
0.04836822
0.04851460
0.04708743
0.04787183
0.04816246
0.04625702
0.04702401
0.05451465
0.05324340
0.05136633
0.04447818
0.04377675
0.04365253
0.04317141
0.04439735
0.04416871
0.04438353
0.04655194
0.05256176
0.05201292
0.05122590
0.05347872
0.04910183
0.04471254
0.04575300
0.04525542
0.04970074
0.07180452
0.07451510
0.05379534
0.05037379
0.04858589
0.04891276
0.04886198
0.04892135
0.05281591
0.05650735
0.05613995
0.04873180
0.04666162
0.04770112
0.04790735
0.04803371
0.04970193
0.05025101
0.05670667
0.05757546
0.06388211
0.06226516
0.04972601
0.04904103
0.04803038
0.04860950
0.04911685
0.05560732
0.05934119
0.05882001
0.04953504
0.05023766
0.04992962
0.04952121
0.04984570
0.05075598
0.05894041
0.05783176
0.05846643
0.04999542
0.04998422
0.04964519
0.04952645
0.05053949
0.05049133
0.05334759
0.05922151
0.05812669
0.05035949
0.04836011
0.04724503
0.04587817
0.04565644
0.04511070
0.04475951
0.04827762
0.05244064
0.05319858
0.04976201
0.04669333
0.04477358
0.04368615
0.04301286
0.04362416
0.04234505
0.04665184
0.04926777
0.04959059
0.04609561
0.04261279
0.04142952
0.04131961
0.04085255
0.04004836
0.04053688
0.04023743
0.04378033
0.04415727
0.04347658
0.04019260
0.03731108
0.03813004
0.03814530
0.03713179
0.03741860
0.03703499
0.03818178
0.04074740
0.04120588
0.04069972
0.04178190
0.03640366
0.03777766
0.03798532
0.03779197
0.03826761
0.03899622
0.03802109
0.03828049
0.04086637
0.04364967
0.04357100
0.04418778
0.04003501
0.04164052
0.04377246
0.04459548
0.04510021
0.04403973
0.04848170
0.05655503
0.06356525
0.06017637
0.04535294
0.04578543
0.04613900
0.04569077
0.04446554
0.04516101
0.04587126
0.04937243
0.05308723
0.05274868
0.05067730
0.04496694
0.04530406
0.04470968
0.04536915
0.04463696
0.04420924
0.04780865
0.05388856
0.05854869
0.05364203
0.04674459
0.04645967
0.04608607
0.04504657
0.04302788
0.04248047
0.05114770
0.05440879
0.05373049
0.05033708
0.03817415
0.03970408
0.03851461
0.03918171
0.03715014
