0.05566716
0.04057479
0.03427243
0.03529429
0.03459287
0.03116846
0.03182459
0.03079104
0.03619790
0.03258824
0.03097463
0.03218770
0.03000903
0.03603554
0.03528857
0.03530216
0.03533745
0.03448558
0.03115630
0.02939129
0.03152704
0.03517294
0.03133678
0.03167605
0.03063488
0.03082633
0.03255510
0.02954364
0.02957225
0.03361177
0.03486371
0.04641891
0.03887439
0.03280950
0.02956223
0.03215432
0.03128219
0.03090572
0.03245449
0.03219724
0.03192472
0.03159857
0.03354788
0.03396201
0.03482962
0.03525662
0.03505731
0.03784657
0.03172302
0.03291535
0.03217530
0.03175855
0.03151989
0.03178787
0.03269529
0.03247285
0.03159070
0.03517914
0.03431368
0.03630257
0.03527761
0.03280783
0.03239012
0.03182602
0.03247809
0.03260803
0.03411889
0.03224277
0.03326964
0.03243446
0.03493977
0.03992653
0.03446054
0.03367734
0.03320575
0.03135300
0.03197169
0.03215718
0.03165054
0.03131104
0.03170848
0.03195357
0.03036952
0.03251290
0.03281236
0.03414726
0.03485346
0.03518200
0.03848290
0.03272796
0.03160310
0.03164482
0.03163838
0.03351831
0.03168750
0.03165865
0.03259873
0.03162956
0.03643394
0.03492093
0.03590775
0.03558946
0.03983665
0.02927279
0.03148103
0.03230810
0.03157830
0.03158569
0.03068495
0.03136635
0.03151846
0.03228045
0.03253126
0.03570223
0.03559399
0.03887558
0.04073548
0.03187752
0.03200316
0.03269196
0.03117085
0.03180838
0.03149605
0.03555703
0.03227925
0.03180242
0.03155446
0.03477550
0.04035139
0.03447533
0.03512883
0.03269362
0.03151417
0.03093886
0.03200388
0.03221822
0.03213406
0.03169608
0.03357959
0.03174591
0.03547263
0.03384686
0.03456736
0.03428721
0.03395987
0.03195119
0.03137565
0.03081679
0.03110051
0.03209877
0.03216195
0.03285098
0.03362322
0.03116941
0.03042960
0.03379679
0.03445601
0.03449416
0.03563905
0.03553987
0.03111410
0.03259301
0.03660655
0.03256226
0.03242421
0.03110814
0.03165603
0.03070927
0.03174615
0.03481245
0.03504348
0.03981090
0.03552985
0.03172517
0.03082418
0.03109646
0.03234506
0.03198242
0.03137779
0.03246760
0.03189397
0.03134942
0.03214669
0.03438640
0.03991818
0.03416514
0.03465366
0.03240943
0.03123569
0.03181362
0.03105235
0.03225827
0.03130746
0.03199911
0.03145623
0.03093290
0.03257275
0.03504658
0.03474998
0.03479195
0.03567076
0.03307652
0.03194880
0.03152990
0.03149867
0.03108263
0.03183484
0.03090763
0.03110027
0.03192353
0.03157353
0.03177428
0.03548288
0.03487992
0.03426600
0.03910112
0.03525686
0.03170490
0.03197145
0.03122616
0.03125834
0.03190923
0.03153825
0.03188968
0.03235984
0.03179789
0.03210139
0.03280807
0.03512406
0.03548408
0.03524399
0.03736901
0.03219914
0.03447604
0.04388595
0.03191900
0.03313899
0.03163934
0.03062797
0.03579998
0.03263974
0.03572369
0.03544116
0.03533030
0.03461409
0.03234053
0.03184390
0.03548717
0.03184247
0.03565836
0.03109455
0.03227258
0.03730607
0.02980328
0.03507137
0.03551078
0.03484344
0.03732014
0.03417778
0.03102708
0.03268361
0.03205991
0.03228593
0.03141308
0.03079319
0.03206706
0.03171086
0.03196907
0.03330469
0.03621912
0.03565598
0.03483558
0.03339624
0.03232932
0.03104210
0.03147817
0.03170586
0.03536153
0.03156686
0.03215647
0.03111863
0.03207469
0.03951573
0.03508091
0.03511453
0.03715563
0.03470564
0.03234339
0.03084970
0.03204870
0.03229976
0.03208756
0.03231764
0.03198600
0.03083348
0.02932072
0.03010654
0.03451252
0.03504634
0.03912568
0.03512764
0.03122711
0.03233171
0.03237629
0.03296328
0.03174210
0.03176808
0.03286052
0.03120756
0.03819633
0.03539085
0.03523421
0.03461838
0.03520727
0.03256106
0.03120637
0.03232884
0.03189659
0.03107905
0.03168678
0.03236341
0.03253794
0.03222752
0.03370333
0.03495049
0.03399801
0.04125619
0.03397632
0.03175616
0.03273559
0.03190970
0.03208947
0.03233838
0.03179717
0.03529119
0.03195977
0.03303742
0.03501439
0.03528070
0.03778934
0.03624606
0.03294778
0.03123975
0.03129292
0.03204370
0.03276920
0.03280950
0.03172183
0.03151178
0.03319788
0.03398943
0.03559756
0.03845739
0.04095006
0.03906083
0.03442955
0.03188133
0.03153753
0.03200889
0.03229666
0.03152847
0.03259873
0.02971220
0.03182507
0.03047609
0.03163815
0.03625488
0.03150702
0.03301501
0.03169250
0.03202438
0.03473997
0.03132749
0.03108692
0.03173995
0.03163409
0.03577924
0.03220987
0.03139544
0.03076243
0.03287363
0.03252816
0.03383303
0.03378081
0.03264308
0.03589416
0.03308392
0.03267527
0.03321910
0.03318453
0.03548741
0.03422499
0.03232908
0.03274465
0.03393149
0.03536797
0.03303266
0.03319263
0.03293967
0.03279400
0.03401566
0.03322291
0.03269053
0.03296185
0.03689361
0.03242993
0.03327441
0.03297639
0.03269005
0.03673100
0.03266263
0.03312969
0.03171325
0.03210115
0.03624940
0.03298306
0.03328109
0.03189278
0.03365850
0.03297186
0.03313994
0.03499532
0.03633785
0.04755926
0.03906465
0.03569269
0.03119206
0.03045702
0.03294015
0.03107643
0.03159904
0.03176117
0.03225493
0.02856278
0.03234816
0.03270674
0.03556442
0.03534007
0.03414392
0.03488398
0.03350210
0.03172874
0.03227091
0.03167319
0.03236723
0.03193092
0.03277540
0.03162718
0.03176451
0.03211069
0.03452563
0.03461599
0.03527284
0.03565240
0.03458691
0.03275895
0.03285551
0.03546858
0.03290272
0.03236604
0.03192091
0.03246331
0.03206921
0.03412247
0.03613377
0.03385329
0.03462172
0.03970194
0.03145695
0.03137517
0.03124833
0.03192759
0.03116727
0.03256011
0.03164148
0.03235793
0.03361320
0.03507948
0.03509474
0.04008102
0.03554177
0.03124022
0.03122211
0.03195262
0.03172398
0.03161240
0.03208256
0.03211498
0.03234935
0.03199863
0.03339672
0.03579068
0.03527260
0.03458333
0.03517294
0.03138304
0.03227115
0.03297782
0.03296089
0.03167725
0.03266001
0.03220630
0.03160667
0.03195381
0.03596854
0.03308249
0.03477764
0.03478432
0.03464437
0.03591847
0.03104234
0.03030658
0.03207517
0.03500319
0.03260517
0.03201199
0.03223085
0.03130174
0.03237772
0.03156734
0.03481817
0.03467679
0.03608537
0.03441572
0.03355360
0.03251004
0.03168559
0.03230524
0.03233171
0.03208542
0.03061199
0.03103352
0.03535604
0.03254008
0.03600931
0.03411078
0.03634119
0.03471279
0.03251266
0.03209758
0.03149533
0.03516889
0.03222919
0.03108120
0.03207350
0.03235269
0.03135681
0.03096080
0.03553414
0.03511596
0.03501105
0.04047585
0.03568745
0.03239989
0.03207850
0.03169727
0.03148961
0.03275013
0.03158593
0.03222799
0.03241539
0.03185225
0.03647971
0.04052782
0.03526759
0.03423595
0.03323603
0.03221202
0.03094530
0.03206539
0.03127313
0.03197122
0.03133798
0.03198385
0.03167391
0.03500605
0.03969622
0.03551006
0.03420281
0.03210521
0.03086591
0.03197432
0.03181720
0.03127241
0.03191280
0.03195906
0.03247142
0.03225088
0.04717183
0.03712153
0.03733039
0.03489614
0.03070259
0.03232479
0.03145432
0.03104520
0.03161001
0.03216720
0.03157806
0.03180552
