0.06863308
0.04261112
0.03683639
0.03972936
0.03721094
0.03805256
0.03838444
0.03793740
0.03913879
0.04977012
0.04254103
0.04191017
0.04055262
0.03761840
0.03620386
0.04097366
0.03716469
0.03849792
0.03594518
0.03684807
0.04403734
0.04262495
0.04517150
0.04585218
0.04230499
0.04135513
0.04335809
0.04064870
0.04064107
0.04006219
0.04871798
0.05018377
0.04141021
0.04249072
0.03828287
0.03710651
0.03644991
0.03595543
0.03543520
0.03802252
0.03601360
0.03950834
0.04289556
0.04304695
0.04144859
0.03924870
0.03835988
0.03777146
0.03726768
0.03630137
0.03617072
0.03682590
0.03806472
0.04044056
0.04083848
0.04024196
0.03966594
0.03741956
0.03546691
0.03468633
0.03633142
0.03548622
0.03569365
0.03492594
0.03470302
0.03829288
0.03833079
0.03688931
0.03896523
0.03825808
0.03344512
0.03430104
0.03305292
0.03268194
0.03333068
0.02914572
0.03358078
0.03470516
0.03130865
0.04012346
0.03679323
0.03550196
0.03442526
0.03122258
0.03139567
0.03242517
0.02953982
0.02864456
0.02893209
0.02758360
0.02711153
0.02754903
0.03568912
0.03613353
0.03470826
0.03472567
0.03484488
0.02736259
0.03194022
0.03196287
0.03046966
0.03137684
0.03226781
0.03200150
0.03344893
0.04059315
0.03491759
0.03584433
0.03439927
0.03273320
0.03118920
0.03244615
0.03157568
0.03297067
0.03152394
0.03410053
0.03212166
0.03485608
0.03537130
0.03492904
0.03534031
0.03487253
0.03241396
0.03265882
0.03419185
0.03214502
0.03243756
0.03227949
0.03254199
0.03275681
0.03506207
0.03624988
0.03461528
0.03524041
0.03837752
0.03295302
0.03195810
0.03224754
0.03245521
0.03166723
0.03254628
0.03144884
0.03618073
0.03442740
0.03775501
0.03571653
0.03584576
0.03163147
0.03172183
0.03193903
0.03189826
0.03296900
0.03270888
0.03131771
0.03391480
0.03448129
0.04037023
0.03467989
0.03519559
0.03082657
0.03209615
0.03136301
0.03254366
0.03211236
0.03218484
0.03319383
0.03157377
0.03411984
0.03523135
0.03614664
0.03593683
0.03394794
0.03217602
0.03181458
0.03271556
0.03104115
0.03269076
0.03231835
0.03284025
0.03205705
0.03699040
0.04101229
0.03560543
0.03496766
0.03181458
0.03268576
0.03168058
0.03212309
0.03152585
0.03186393
0.03267765
0.03413510
0.03566957
0.03860521
0.05412006
0.04378128
0.03818536
0.03575826
0.03723884
0.03681993
0.03802919
0.03714824
0.03894711
0.04128957
0.04431319
0.04447103
0.04330349
0.04334044
0.03869653
0.03940129
0.03942513
0.04017639
0.03853416
0.03890777
0.04138231
0.04473186
0.04377532
0.04227495
0.04112220
0.03815031
0.03957105
0.03737950
0.03817987
0.03823471
0.03823709
0.04014611
0.04450130
0.04402947
0.04286337
0.04139113
0.03847957
0.04009509
0.03757048
0.03931499
0.03740549
0.03625441
0.03862381
0.04310465
0.04389071
0.04551864
0.04752374
0.04709983
0.04469347
0.04689622
0.04847050
0.04986739
0.04980659
0.05590034
0.05537009
0.05173087
0.04750705
0.04335403
0.04324055
0.04138589
0.04069734
0.04117870
0.04326224
0.04483795
0.04447436
0.04431200
0.03900337
0.03660464
0.03613925
0.03689098
0.03966641
0.03206825
0.03196335
0.03562713
0.04049778
0.03978634
0.03950477
0.03609419
0.03358054
0.03465533
0.03738379
0.03419518
0.03515816
0.03128886
0.03436184
0.03669357
0.04078937
0.04818439
0.05626798
0.04786563
0.03645873
0.03529000
0.04291654
0.03740859
0.03548098
0.03610301
0.03748679
0.03982067
0.04122734
0.04252481
0.04258776
0.03802729
0.03717923
0.03691530
0.03797555
0.03692603
0.03644776
0.04009962
0.04372764
0.04183054
0.04275393
0.04402351
0.03833675
0.03756428
0.03901124
0.03806806
0.03801274
0.03634143
0.03590584
0.04012728
0.04097652
0.03925157
0.03935862
0.03809595
0.03467727
0.03548408
0.03512406
0.03435540
0.03286219
0.03257418
0.03358793
0.03348541
0.03698230
0.03591943
0.03588200
0.03555822
0.03153777
0.03159070
0.03261089
0.03207278
0.03157353
0.03188777
0.03554535
0.03239036
0.03076720
0.03609824
0.03609180
0.03641963
0.03625464
0.03217816
0.03185248
0.03197837
0.03187418
0.03114676
0.03289795
0.03344345
0.03070211
0.02839470
0.03556395
0.03542805
0.03496742
0.03584623
0.05082679
0.03407693
0.03876996
0.03278756
0.03219223
0.03106761
0.03148055
0.02893567
0.03510261
0.03554583
0.03476858
0.03389525
0.03372025
0.03206348
0.03219199
0.03173542
0.03061533
0.03286004
0.03226709
0.03603983
0.02849245
0.03530478
0.03568125
0.03473258
0.03614306
0.03275251
0.03166151
0.03152061
0.03320265
0.03643727
0.03338122
0.03132892
0.03647852
0.03792238
0.03483868
0.03488851
0.03560138
0.03326631
0.03231859
0.03214836
0.03130722
0.03211832
0.03284407
0.03220916
0.03302121
0.03652358
0.03609085
0.03399372
0.03627849
0.03248143
0.03179741
0.03137755
0.03222466
0.03135157
0.03202319
0.03172326
0.03612018
0.03586388
0.03680515
0.03432655
0.03647184
0.03788090
0.03260899
0.03336263
0.03213620
0.03192902
0.03258419
0.03330517
0.03259945
0.03269529
0.02959228
0.03209186
0.03521419
0.03985381
0.03518009
0.03573251
0.03292155
0.03268242
0.03532171
0.03079724
0.03201485
0.03050685
0.03128648
0.03346562
0.03367996
0.03275681
0.03386188
0.03671527
0.04034996
0.03559732
0.03504944
0.03298163
0.03454399
0.03427434
0.03288674
0.03734612
0.03391147
0.03408766
