0.03177786
0.03352809
0.03418326
0.03326106
0.03441310
0.03147340
0.03196812
0.03377008
0.03037691
0.03181672
0.04110241
0.03217196
0.03236985
0.03369880
0.03264761
0.03937435
0.04347038
0.04386687
0.03954005
0.03469849
0.03396487
0.03454089
0.03396058
0.03484130
0.03451896
0.03427649
0.03351951
0.03353643
0.03512073
0.04362082
0.03499651
0.03452015
0.03874230
0.03244066
0.03133678
0.03133845
0.03095746
0.03095245
0.03032017
0.03451705
0.03192520
0.03153729
0.03504586
0.03534675
0.03435302
0.03997159
0.03503561
0.03108692
0.03348684
0.03254223
0.03179526
0.03333688
0.03385806
0.03185773
0.03488350
0.03151584
0.03340030
0.04278588
0.03325510
0.03392196
0.03378534
0.03156018
0.03054619
0.03892517
0.03763318
0.03124022
0.03500462
0.03074956
0.03111625
0.03427052
0.03034997
0.02995610
0.03774023
0.03233528
0.03565764
0.03419113
0.03278184
0.03504229
0.03595209
0.03282762
0.03130889
0.03121233
0.03088951
0.03108025
0.03099298
0.03075886
0.03114820
0.03067827
0.03039932
0.03059721
0.03166819
0.03093767
0.03304172
0.04171848
0.03418350
0.03286004
0.03461671
0.03133035
0.03090215
0.02990460
0.03228760
0.03037119
0.03121209
0.03420115
0.03191018
0.03087926
0.03137875
0.03104806
0.03065133
0.03878498
0.03459620
0.03404379
0.03464365
0.03818893
0.04845428
0.04489565
0.03336501
0.03096986
0.03117442
0.03157496
0.03060770
0.03346252
0.03347015
0.03475738
0.03901601
0.03886080
0.03962445
0.03991294
0.04101229
0.03437591
0.03176188
0.03021646
0.03358746
0.03055453
0.02984858
0.03540611
0.03094292
0.03124738
0.03492236
0.03915524
0.03966737
0.04610848
0.04284787
0.04011011
0.03096175
0.03084517
0.03146601
0.03360891
0.03055024
0.02992296
0.03811574
0.03187966
0.02990746
0.03068948
0.03095007
0.03251839
0.03478861
0.03537059
0.03317046
0.03282475
0.03337979
0.03046441
0.03114867
0.02986670
0.03026557
0.03201628
0.03052473
0.03063297
0.03074932
0.03173852
0.02784705
0.02958560
0.04073453
0.03415346
0.03439331
0.03374958
0.03350544
0.02997994
0.03066778
0.03160095
0.03175020
0.03394794
0.03022957
0.03068089
0.03027725
0.03038979
0.03014159
0.03425312
0.03385091
0.03406549
0.03312707
0.03380251
0.03486657
0.03149438
0.03047132
0.03013921
0.03097796
0.03123927
0.03150868
0.03112602
0.03045011
0.03007722
0.03379035
0.03056955
0.03143525
0.03132558
0.03427863
0.03301454
0.03783226
0.03481722
0.03332281
0.03032064
0.03156400
0.03121448
0.03246593
0.03128123
0.03118348
0.03053594
0.03070521
0.03068185
0.03468394
0.03046322
0.03109050
0.03224325
0.03386450
0.03490281
0.04026413
0.03432083
0.03290653
0.03139138
0.03118992
0.03090477
0.03133345
0.03074288
0.03176761
0.03428888
0.03172946
0.03184319
0.03039861
0.03457332
0.03397489
0.03910279
0.03365922
0.03396106
0.03130102
0.03050494
0.03082633
0.03083897
0.03101635
0.03036261
0.03082824
0.03075218
0.03133869
0.03107643
0.03181338
0.03373289
0.04515171
0.03688359
0.03375936
0.03329587
0.03259826
0.03156638
0.03091288
0.03017735
0.03091121
0.03242707
0.03190923
0.03083110
0.03258824
0.03262615
0.03232574
0.03561926
0.03487921
0.03397894
0.03426814
0.03490210
0.03140759
0.03193212
0.03208089
0.03173447
0.03150868
0.03206801
0.03093219
0.03151536
0.03195596
0.03110313
0.03195572
0.03958654
0.04601693
0.04591942
0.04651737
0.03481483
0.03014183
0.03230000
0.03213048
0.03949428
0.05749321
0.03159451
0.03260970
0.03120637
0.03270245
0.03114390
0.03879380
0.03974080
0.04530311
0.04304576
0.04255271
0.03503585
0.03188419
0.03543067
0.03150010
0.03170633
0.03251815
0.03155303
0.03279233
0.03147721
0.03225279
0.03226495
0.03576732
0.03602672
0.04065084
0.03512621
0.03601503
0.03207707
0.03202009
0.03156638
0.03199387
0.03250551
0.03242946
0.03187943
0.04054213
0.04034328
0.04187369
0.04074645
0.04453754
0.03979421
0.04097867
0.03757453
0.03686357
0.03621387
0.03749299
0.03703308
0.03583002
0.03606415
0.03722596
0.03727293
0.03679872
0.04527211
0.04212713
0.04234076
0.04156089
0.04261804
0.03720403
0.03704381
0.03805447
0.03695941
0.03736711
0.03776550
0.03711581
0.03725553
0.04104853
0.04216075
0.04411864
0.04308128
0.04348969
0.04179907
0.03738165
0.03831387
0.03908539
0.03988934
0.03903365
0.03925204
0.03848219
0.03896475
0.03859091
0.04524851
0.04531002
0.04540133
0.05054522
0.04998493
0.04438877
0.03650498
0.03755140
0.03694677
0.03637266
0.03547549
0.03472638
0.04023743
0.04578567
0.04069686
0.04113460
0.03817940
0.03502679
0.03441548
0.03731060
0.03386331
0.03567052
0.03886056
0.03356266
0.03775835
0.03564930
0.03451562
0.04422021
0.04288387
0.03889704
0.03834677
0.03976560
0.03731275
0.03492689
0.03348947
0.03442883
0.03447914
0.03357458
0.03375912
0.03380656
0.03370380
0.03601170
0.03319478
0.03539085
0.03923249
0.03739524
0.04287744
0.03972197
0.03499389
0.03451991
0.03359032
0.03350353
0.03378558
0.03423738
0.03526807
0.03732467
0.03321862
0.03481269
0.03403306
0.03840089
0.04157090
0.03819895
0.03755140
0.03571701
0.03295088
0.03442478
0.03321052
0.03319049
0.03487182
0.03630328
0.03333044
0.03326106
0.03461933
0.03283906
0.03374410
0.03669429
0.03620410
0.03763771
0.03831792
0.03845811
0.04285336
0.03395343
0.03269792
0.03284478
0.03378725
0.03572321
0.03398252
0.03330994
0.03319240
0.03195882
0.03322029
0.03884554
0.03747439
0.03672433
0.03735733
0.03653002
0.03972507
0.03317165
0.03330398
0.03419209
0.03333974
0.03235173
0.03224564
0.03323889
0.03397155
0.03830814
0.03297305
0.03531933
0.03712082
0.03722119
0.04311609
0.03800058
0.03391004
0.03386331
0.03458047
0.03388882
0.03495884
0.03294325
0.03369927
0.03768420
0.03504944
0.03600407
0.03729415
0.03908205
0.05013251
0.04236174
0.03886271
0.03497338
0.03597808
0.03529143
0.03525424
0.03599715
0.03559303
0.03680730
0.03512549
0.03554106
0.03695393
0.03792357
0.04147816
0.04079700
0.03900790
0.04095769
0.03694773
0.03587842
0.03473711
0.03474355
0.03590846
0.03447747
0.03718019
0.03551435
0.03479385
0.03632069
0.03453827
0.03724456
0.03831625
0.03968430
0.03953004
0.03873706
0.03570986
0.03523588
0.03561807
0.03226829
0.03631210
0.03182292
0.03300738
0.03245902
0.03032231
0.03154016
0.03847528
0.03824282
0.03757334
0.03753495
0.03943491
0.03523207
0.03431392
0.03253579
0.03344274
0.03390384
0.03349948
0.03391409
0.03423095
0.03329444
0.03332782
0.04231977
0.03874326
0.03717017
0.03803968
0.03495574
0.03096676
0.03465867
0.03465557
0.03342819
0.03462625
0.03557086
0.03632903
0.03511119
