0.05345941
0.03259373
0.02889919
0.03232265
0.02847433
0.02875710
0.02885437
0.02784300
0.03220034
0.03212714
0.03214335
0.03212762
0.03664398
0.03582907
0.03223801
0.02995396
0.02803397
0.02870226
0.02849412
0.02858043
0.02945447
0.03197908
0.04052734
0.03626657
0.03173375
0.03087401
0.03212094
0.03154707
0.02841377
0.02852798
0.02819443
0.02808499
0.02896380
0.03225565
0.03141308
0.03211570
0.03148675
0.03219271
0.03267980
0.03197050
0.03121924
0.02841449
0.02867031
0.02997851
0.03003049
0.02983475
0.03178263
0.03072500
0.03187776
0.03186011
0.03239155
0.03165746
0.03268790
0.03012824
0.02812290
0.02872491
0.02902794
0.02968931
0.02965307
0.03213120
0.03128695
0.03074193
0.03239846
0.03227592
0.03201461
0.03148770
0.02871490
0.02757311
0.02852035
0.02984571
0.02873421
0.03171086
0.03533506
0.03144670
0.03205800
0.03555489
0.03576374
0.03131604
0.02968740
0.02847338
0.02988005
0.02963281
0.02778864
0.02979064
0.03117752
0.03125453
0.03172469
0.03123188
0.03881192
0.04289174
0.03039265
0.02750230
0.02772498
0.02767944
0.02813387
0.02890754
0.03413653
0.03114581
0.03197503
0.03244162
0.03363442
0.03302217
0.03189039
0.03033495
0.02846360
0.02787685
0.02726340
0.02845216
0.02837777
0.03081751
0.03147149
0.03190947
0.03144884
0.03279328
0.03015375
0.03176785
0.03160024
0.02767897
0.02833915
0.02835321
0.02803349
0.02826619
0.03144550
0.03096080
0.03137755
0.03185320
0.03153849
0.03101969
0.03135514
0.03213835
0.02800155
0.02882433
0.02962303
0.02736974
0.02888656
0.03126121
0.03170300
0.03184915
0.03150606
0.03757548
0.03540516
0.03236651
0.03014493
0.02935076
0.02888465
0.02837563
0.02837515
0.02894664
0.03104329
0.03265882
0.03131270
0.03205585
0.03197527
0.03267217
0.03125548
0.03229141
0.02793932
0.02819347
0.02812600
0.02920008
0.02725101
0.02967191
0.03167343
0.03203273
0.03217387
0.03044009
0.03198743
0.03238940
0.03185558
0.02832985
0.02763844
0.02769923
0.02848387
0.02929235
0.02810216
0.03154278
0.03233910
0.03540993
0.03134012
0.03191710
0.03129458
0.03111935
0.03084540
0.02854609
0.02955818
0.02867222
0.02784109
0.02817392
0.03034568
0.03109384
0.03162956
0.03228664
0.03104949
0.04152846
0.04021573
0.03018999
0.02942562
0.02895522
0.02775955
0.02870488
0.02804947
0.02887225
0.03480172
0.03573275
0.03526068
0.03388071
0.03176808
0.03187037
0.03109550
0.02998328
0.02828479
0.02809048
0.02961659
0.02857232
0.03092265
0.04004192
0.03522849
0.03342199
0.03503704
0.02874875
0.02948427
0.03275967
0.03090143
0.02828956
0.02921724
0.02792478
0.02837563
0.03005123
0.03521824
0.03524470
0.03404713
0.03464770
0.03140998
0.03320241
0.03097820
0.02821755
0.02872849
0.02803373
0.02886415
0.02837038
0.02886558
0.03460526
0.03549194
0.03580689
0.03477883
0.03096676
0.03207541
0.03244257
0.03035021
0.02804995
0.02756953
0.02810073
0.02808642
0.02933168
0.03485608
0.03646064
0.04113054
0.03566980
0.03264475
0.03305697
0.03195882
0.03329539
0.03166223
0.03302240
0.03202343
0.03129005
0.02946401
0.03142738
0.03523040
0.03454113
0.03471327
0.03512454
0.03001094
0.02990437
0.03148079
0.03016210
0.02842474
0.02851200
0.02816200
0.02805376
0.02855802
0.03181314
0.03415871
0.03367662
0.03490829
0.03416371
0.03124166
0.03201866
