0.03355479
0.04157996
0.04048252
0.04750609
0.04274917
0.04920554
0.03587341
0.03807449
0.03612423
0.03656864
0.03580165
0.03413081
0.03456306
0.04133630
0.04154158
0.04126263
0.04701304
0.03886390
0.03835726
0.03670740
0.03905821
0.03621125
0.04218721
0.03469944
0.03310776
0.03652906
0.04261684
0.04150367
0.04715395
0.03684783
0.03847241
0.03993607
0.03421330
0.03242517
0.03387856
0.03277135
0.03708363
0.03952956
0.04176354
0.04210424
0.07286620
0.03831315
0.03645229
0.03563499
0.03914094
0.03817773
0.03725791
0.03907371
0.03642440
0.03579187
0.03997254
0.03811908
0.04747033
0.04166245
0.04196191
0.04030228
0.03694177
0.03897834
0.03467989
0.03535295
0.03888965
0.03559709
0.03510189
0.04142404
0.03554821
0.03592277
0.04041362
0.04102349
0.05164933
0.04423308
0.03519344
0.03524685
0.03498125
0.03549910
0.03589964
0.03551888
0.03642941
0.03684759
0.03526664
0.03869605
0.04014134
0.04017425
0.04077196
0.04024053
0.03613782
0.03643727
0.03545761
0.03458285
0.03514385
0.03510642
0.04054904
0.03571153
0.03562927
0.05254555
0.04609418
0.05259776
0.04615211
0.04832411
0.03580976
0.03686571
0.03698587
0.03503728
0.03551483
0.03171253
0.03327322
0.03939748
0.03995609
0.04467487
0.04221725
0.03804946
0.03842497
0.03684044
0.03778744
0.03540158
0.03569603
0.04163289
0.03500533
0.03556228
0.03583646
0.04034019
0.04061198
0.04103827
0.04180360
0.04124618
0.03706408
0.03564739
0.03704166
0.03563809
0.03920698
0.03673792
0.03735971
0.03565454
0.03649306
0.04596066
0.04261398
0.04238796
0.04079437
0.03812790
0.03834248
0.03701711
0.03576136
0.03950429
0.03755093
0.03330016
0.03319597
0.03546858
0.03700686
0.04327154
0.04226518
0.04078531
0.04168701
0.03607845
0.03332853
0.03528976
0.03927064
0.03516269
0.03405905
0.03558969
0.03438759
0.03627586
0.03861976
0.03509116
0.03697276
0.03946114
0.03909874
0.05463743
0.04104376
0.03626513
0.03582263
0.03453875
0.03551388
0.03636026
0.03651810
0.03621244
0.03631997
0.03685355
0.04295444
0.04011750
0.04166532
0.04067922
0.03713632
0.03619528
0.03709841
0.03559446
0.03717780
0.03494453
0.03589487
0.03587365
0.03410602
0.03220630
0.04184318
0.04401588
0.04182911
0.04185510
0.03842592
0.03666210
0.03666282
0.03620219
0.03640532
0.03640246
0.03617072
0.03599691
0.03333855
0.03347278
0.04018569
0.04077411
0.04125190
0.03996468
0.04093981
0.03622293
0.03584766
0.03945732
0.03575158
0.03473854
0.03597498
0.03562689
0.03189516
0.03126168
0.03759074
0.04180503
0.04150319
0.04738498
0.03915668
0.03437352
0.03615522
0.03685927
0.03636098
0.03527546
0.03521323
0.03418922
0.03686786
0.03674030
0.04239249
0.04387093
0.04831028
0.04368711
0.04135990
0.03731751
0.03647590
0.03651977
0.03510809
0.03835583
0.03517008
0.03591704
0.03576779
0.03562999
0.03520727
0.04618192
0.03885674
0.03807330
0.03900814
0.03645086
0.03388953
0.03500962
0.03293657
0.03467345
0.03445840
0.03315163
0.03108764
0.02975988
0.02981019
0.03364396
0.03695583
0.03707290
0.03568244
0.03656673
0.03640866
0.03048491
0.03288960
0.03337431
0.03393245
0.03478837
0.03316212
0.03090668
0.02957749
0.02915812
0.02990127
0.03139400
0.03693819
0.03871489
0.03793931
0.03816700
0.03318071
0.03474045
0.03494596
0.03480840
0.03482246
0.03360176
0.03407001
0.03483272
0.03435564
0.03720498
0.03926158
0.04600835
0.03829932
0.03869128
0.03479099
0.03480077
0.03423190
0.03474808
0.03799200
0.03764653
0.03477287
0.03644228
0.03832126
0.04025245
0.04610634
0.04133058
0.04169273
0.03773522
0.03694630
0.03579950
0.03586268
0.03584027
0.04537177
0.03894258
0.04138708
0.03335929
0.03638482
0.04415846
0.04407263
0.04937339
0.04268074
0.03779435
0.03669047
