0.06138897
0.04778576
0.04548621
0.03271842
0.03720069
0.03842592
0.03683448
0.03518605
0.03251815
0.03565478
0.03364730
0.03574657
0.03523636
0.03914523
0.03701425
0.05548048
0.04707599
0.04538369
0.04519653
0.03669238
0.03595138
0.03586149
0.03496790
0.04527569
0.04542875
0.03605580
0.04973602
0.04414415
0.03644824
0.03732276
0.03707910
0.04234004
0.04098535
0.04294872
0.03675985
0.03653741
0.03490710
0.03493476
0.03924870
0.03267550
0.03573394
0.03680563
0.03551030
0.03838992
0.03486991
0.03703594
0.04567885
0.03938556
0.03499436
0.03503942
0.03506351
0.03453493
0.04510164
0.03622723
0.03555322
0.03590131
0.03561473
0.04913044
0.04840183
0.04507947
0.04111624
0.03382349
0.03511262
0.03576779
0.03659463
0.03381443
0.03498650
0.03484917
0.03521395
0.04375434
0.03714228
0.03782535
0.03325772
0.03374696
0.03417349
0.04063034
0.03558230
0.03547597
0.03409147
0.03373289
0.03671718
0.03535604
0.03648472
0.03584361
0.04039693
0.04326844
0.03772068
0.03674459
0.03401232
0.03511786
0.03615761
0.03545737
0.03618479
0.03910971
0.03704262
0.04067540
0.05665064
0.04971647
0.03973818
0.03981948
0.03922725
0.03269458
0.03218889
0.03236055
0.03577900
0.03568983
0.03668809
0.03899240
0.03974438
0.04165745
0.03787303
0.03481579
0.03575993
0.03453422
0.03557062
0.03741097
0.03631234
0.03737044
0.03652644
0.03682780
0.03540182
0.04076004
0.03686237
0.03467774
0.03507185
0.03448439
0.03413296
0.03357434
0.04016447
0.03560805
0.03534842
0.04273391
0.04146028
0.03634453
0.03545690
0.03901386
0.03323698
0.03119802
0.03229499
0.03153729
0.03140306
0.03135872
0.05003691
0.04597425
0.04110408
0.04136992
0.04189610
0.03592062
0.03477335
0.04514742
0.03617239
0.03479910
0.03521109
0.03433466
0.04117990
0.04151821
0.04982448
0.04699159
0.05140185
0.05084586
0.04556823
0.05180550
0.04813218
0.04076409
0.04019141
0.03911877
0.03930616
0.03849912
0.03971887
0.04069805
0.04354572
0.04604840
0.03625035
0.04021597
0.04043770
0.03875899
0.03966045
0.03797197
0.03902268
0.04049325
0.04808331
0.04806757
0.04108930
0.04328346
0.04469824
0.03706598
0.03474641
0.03471208
0.03418922
0.03560138
0.03457952
0.03899837
0.03384399
0.04017949
0.03445148
0.03439379
0.03557491
0.03540182
0.04051518
0.05071712
0.03400731
0.03371906
0.03281140
0.03417826
0.03696322
0.03644848
0.04273319
0.04724431
0.03972650
0.04235291
0.05309248
0.04041886
0.03966999
0.03592515
0.04043913
0.03480053
0.03474116
0.03582311
0.03541708
0.04006100
0.03718519
0.03473878
0.03734255
0.03605652
0.03932214
0.03608656
0.03496790
0.03500748
0.03313041
0.03881288
0.03766418
0.03847694
0.04290199
0.04920340
0.03682280
0.03537631
0.03497171
0.03173780
0.03226900
0.03401899
0.03160596
0.03099918
0.03027725
0.03510809
0.03526020
0.03519058
0.03620791
0.03446174
0.03657007
0.03516245
0.03368306
0.03554249
0.03312039
0.03938103
0.03558016
0.03358269
0.03379750
0.03733015
0.03747201
0.03498006
0.03490233
0.03552794
0.03422737
0.03554845
0.04362249
0.03972054
0.03789115
0.03241682
0.03452826
0.03492975
0.03506756
0.03475761
0.04405117
0.03741026
0.03509903
0.03581929
0.03624153
0.03488135
0.03571987
0.05222917
0.03976560
0.03363776
0.03546596
0.03492022
0.04649782
0.05788302
0.04460526
0.03712964
