0.07545757
0.04785323
0.04738116
0.04711294
0.05539370
0.04167557
0.05367637
0.06388688
0.04839230
0.04697299
0.06968093
0.06583500
0.05017328
0.06468940
0.04810071
0.04612637
0.04167199
0.04893470
0.04577684
0.04410958
0.04888749
0.05596805
0.04434919
0.05598044
0.04856777
0.04560447
0.04367280
0.04701328
0.04952192
0.04792118
0.04183388
0.04855275
0.04235291
0.04556727
0.06451631
0.05785179
0.04957533
0.04407930
0.04842281
0.03844070
0.05974603
0.06193256
0.05740666
0.03730130
0.03722167
0.04115033
0.03873658
0.04367375
0.03865862
0.04385567
0.05264163
0.03928947
0.03797722
0.04018068
0.03787518
0.03852677
0.04123616
0.03438783
0.03620458
0.04504561
0.04206586
0.03395486
0.03640532
0.03623772
0.03461003
0.04545403
0.03284287
0.05215526
0.04144740
0.05578756
0.05959702
0.03648233
0.03595805
0.02935171
0.03205395
0.03229952
0.03477454
0.03308415
0.03381085
0.03603196
0.03660297
0.04241133
0.03672194
0.03377342
0.03297138
0.04066277
0.03640699
0.04029465
0.05080581
0.04742479
0.05765414
0.03085542
0.02937913
0.03138757
0.03391814
0.03189254
0.03200912
0.03910065
0.03451872
0.03821015
0.03332233
0.03120375
0.03619623
0.03619051
0.04418039
0.04262018
0.04203510
0.03253603
0.02906561
0.03176427
0.03448534
0.03389430
0.03545666
0.03686881
0.03668237
0.03482509
0.04553270
0.03295946
0.03339839
0.03429699
0.03411245
0.03177357
0.03261852
0.03385186
0.04937077
0.03890824
0.03230333
0.02953911
0.03172827
0.03486133
0.03324652
0.03757882
0.03142190
0.03583980
0.03640413
0.03653288
0.03530383
0.03310919
0.03392124
0.03224349
0.03196406
0.03252101
0.03245378
0.03506827
0.03522253
0.03958750
0.03724718
0.03430581
0.03301024
0.03489852
0.03609157
0.03383493
0.03556991
0.04702830
0.04852223
0.03399110
0.04515696
0.04414701
0.03647423
0.03082442
0.03113413
0.03215504
0.03487515
0.03867769
0.03221273
0.03184271
0.03251934
0.04450035
0.04452658
0.05054975
0.03483057
0.03648543
0.04535389
0.05673575
0.03321576
0.03492641
0.03463244
0.03533006
0.05165935
0.04275560
0.04106927
0.04175258
0.03328800
0.03475976
0.03561974
0.04437852
0.04198885
0.03657365
0.03839493
0.03340793
0.03303933
0.04539037
0.03906250
0.04018140
0.02996325
0.03247547
0.03133440
0.03423786
0.02995610
0.03298211
0.03347349
0.04039907
0.03258872
0.03399992
0.03431439
0.03251863
0.03665662
0.03344536
0.04143691
0.03581309
0.04221106
0.03910398
0.04021335
0.03913164
0.03706193
0.03803563
0.04077935
0.03979349
0.04094148
0.03666711
0.03633547
0.03739834
0.03700948
0.03332663
0.03418684
0.03126884
0.03498864
0.03685856
0.03384876
0.03310156
0.03493953
0.03341937
0.04786325
0.04831576
0.04177427
0.04527855
0.03584433
0.03784680
0.03700900
0.04085779
0.04203510
0.04833174
0.03474069
0.03156519
0.03309155
0.03717804
0.03569365
0.03319192
0.03218174
0.03091192
0.03203321
0.03668594
0.04958773
0.03598499
0.03279877
0.03224397
0.03301382
0.03356194
0.03541994
0.03312826
0.04292512
0.04311442
0.03302860
0.03156734
0.03296351
0.03352451
0.03473830
0.03813434
0.04113293
0.04096127
0.03819680
0.04022694
0.03679299
0.03538013
0.03432608
0.03881907
0.03452325
0.04189229
0.06329989
0.04838538
0.04035187
0.04764366
0.03444982
0.03893828
0.03588867
0.03518391
0.04046655
0.04228902
0.03454137
0.04274559
0.03488421
0.04314828
0.04991388
0.05378437
0.03468466
0.03500199
0.03751421
0.03507662
0.03788757
0.03674030
0.03588152
0.03568125
0.03506446
0.03707862
0.03509974
0.03584576
0.03368163
0.03467369
0.03954315
0.04690647
0.04902315
0.04678965
0.04942274
0.05768013
0.04238796
0.05160785
0.03529239
0.03572989
0.03569889
0.04551744
0.04115295
0.03686142
0.04009986
0.04362059
0.03979445
0.05030823
0.05465651
0.05083728
0.04197717
0.03549957
0.03657532
0.03675222
0.03745604
0.03675270
0.03579974
0.03900242
0.03600574
0.03700662
0.03788710
0.04118443
0.03446102
0.03520155
0.03732824
0.03764772
0.03364205
0.05658841
0.04555869
0.04289770
0.03896213
0.03970432
0.04032564
0.04227185
0.03964972
0.03922248
0.03934240
0.04559374
0.04913664
0.04449034
0.05355906
0.04760933
