0.06741881
0.04210424
0.03605485
0.03654194
0.03830171
0.04122996
0.04712892
0.04008794
0.05073142
0.04159617
0.04645872
0.03240108
0.03671217
0.03505802
0.03901792
0.04000783
0.03394938
0.03696156
0.03948545
0.03210211
0.03407311
0.04063392
0.05140901
0.04773664
0.03907418
0.04623318
0.03940821
0.03945303
0.03828287
0.03544688
0.03682494
0.05025554
0.03771687
0.03628302
0.03454351
0.03456569
0.03679085
0.03995585
0.03578782
0.04233432
0.05141759
0.03717637
0.03980970
0.04817295
0.03516245
0.03697848
0.03527522
0.03546166
0.03464746
0.03458309
0.03747535
0.03892970
0.03946877
0.03516030
0.04121280
0.03443074
0.03582382
0.03782105
0.04114628
0.03688765
0.03838372
0.03429246
0.03538227
0.04091311
0.03589916
0.03987956
0.03499889
0.03413606
0.05535722
0.04267478
0.03850889
0.03575301
0.03712559
0.03472710
0.04248047
0.03348947
0.03367186
0.03344488
0.03315091
0.03583193
0.03554225
0.03694057
0.03679156
0.04286337
0.03665328
0.03779387
0.03533888
0.03481436
0.05111837
0.03754306
0.04262495
0.04632235
0.04537416
0.03331757
0.03341365
0.03491879
0.03314710
0.03493094
0.03612804
0.03723955
0.03781176
0.03778529
0.03672123
0.03692079
0.03967333
0.03741002
0.03732467
0.03675222
0.04007769
0.03865671
0.03915000
0.04093242
0.03791928
0.03682780
0.03710628
0.03456855
0.03868246
0.03576398
0.03524852
0.03698087
0.03794527
0.04825354
0.04339170
0.04366755
0.04407644
0.04328132
0.04434013
0.04476762
0.04332113
0.03804207
0.04460287
0.03759241
0.03755212
0.04738331
0.04848504
0.03576207
0.03843331
0.03888106
0.03860545
0.03689432
0.04819751
0.03668308
0.03768206
0.03792143
0.03794432
0.03796434
0.03778911
0.04295349
0.05138087
0.04619050
0.04818940
0.04027677
0.03858638
0.03890181
0.04262328
0.03726149
0.03950810
0.03670716
0.03822088
0.06097078
0.04836178
0.03910613
0.04254484
0.03923559
0.03778219
0.03795004
0.03861690
0.03685784
0.04559207
0.03684139
0.03704381
0.03800607
0.04382014
0.03933620
0.04357481
0.04274583
0.04335046
0.03872514
0.04236460
0.03745198
0.03713155
0.03845954
0.04401660
0.03761339
0.04360771
0.04152894
0.03630233
0.03696012
0.04052210
0.03761458
0.03688598
0.03620291
0.03653336
0.04698253
0.05089426
0.04440022
0.04125595
0.03570247
0.03920698
0.03533912
0.04101801
0.03651857
0.03576207
0.03713751
0.03664255
0.04630589
0.03694177
0.04638648
0.04625297
0.05172467
0.04146814
0.03937316
0.03879833
0.04173684
0.04022551
0.04801774
0.04486823
0.03563595
0.03620863
0.03879404
0.03481388
0.03744555
0.03532529
0.03304911
0.04293776
0.03449774
0.03446770
0.03499293
0.03584599
0.04063034
0.04034281
0.03643417
0.03494072
0.03586364
0.03726840
0.03629851
0.03419662
0.04146433
0.03516436
0.03194594
0.03489947
0.03769684
0.03575468
0.03487492
0.03607464
0.03261852
0.03120518
0.03165770
0.03637934
0.03204560
0.03345299
0.03449082
0.03408241
0.03968763
0.03753328
0.03501749
0.04292703
0.04111814
0.03229618
0.04588699
0.03692913
0.03802466
0.03456569
0.03575087
0.03796625
0.03522968
0.03776193
0.03573322
0.03766179
0.03601646
0.03984666
0.03409457
0.03686666
0.03454185
0.03802490
0.03623176
0.03570819
0.03567958
0.03679919
0.03651285
0.04030728
0.04807329
0.04000235
0.03539801
0.03757238
0.03991485
0.04138470
0.04194665
0.04120827
0.04066610
0.03882337
0.04104662
0.04337168
0.03324938
0.03255606
0.03320360
0.03514338
0.03599882
0.04119372
0.04869843
0.03794241
0.03722715
0.03538632
0.03436780
0.03509474
0.03596616
0.03577375
0.03679371
0.05092764
0.04584241
0.04015565
0.03779602
0.03587031
0.03897715
0.03778648
0.03727245
0.03739238
0.03995609
0.03618479
0.04282832
0.03534937
0.03534460
0.04854727
0.03869390
0.04164743
0.03879881
0.04271579
0.03593874
0.03204465
0.03680182
0.03736091
0.03744245
0.03744173
0.03957510
0.04215956
0.05138493
0.04207778
0.04316258
0.03265691
0.03706598
0.03934836
0.03969860
0.04364038
0.03645802
0.03637815
0.05194950
0.04001021
0.03491712
0.03554106
0.03799653
0.03348374
0.03543949
0.03896880
0.03791165
0.03711271
0.03372121
0.03687596
0.03586102
0.03354645
0.03592229
0.03495145
0.03429699
0.03506589
0.04114509
0.03584313
0.03614092
0.03611422
0.03548884
0.03569841
0.03547215
0.03767848
0.03506589
0.03567910
0.03363276
0.03607392
0.03208447
0.03042245
0.03689146
0.04121375
0.03709888
0.03699613
0.03991008
0.03421259
0.04207897
0.03360748
0.03372240
0.03743577
0.05458045
0.04865098
0.04671311
0.04771471
0.03372264
0.04861569
0.04600167
0.04786515
0.04871798
0.04661202
0.04796600
0.05176520
0.03964829
0.03433061
0.03485274
0.03321791
0.03753901
0.03480601
0.03447294
0.03706861
0.03317881
0.03710413
0.03553820
0.04153442
0.03733563
0.03445506
0.03550100
0.05336976
0.04363441
0.04865503
0.04120731
0.03401804
0.03593349
0.03615046
0.03529811
0.03688097
0.03781319
0.03658986
0.03594232
0.03595924
0.03951883
0.03416681
0.03520560
0.03573775
0.03759146
0.03753376
0.03619504
0.04469872
0.03540969
0.03636360
0.03693366
0.03400898
0.03397274
0.03793359
0.03487110
0.04673004
0.04510331
0.04637480
0.04722118
0.05212116
0.04441833
0.04508138
0.04093051
0.03582859
0.04463744
0.04354644
0.04572630
0.03255510
0.03437734
0.03462839
0.03496933
0.03921843
0.03603387
0.03959632
0.03571320
0.03986621
0.04165936
0.04117608
0.03970098
0.03880215
0.03970289
0.03649330
0.03980684
0.03861427
0.03550935
0.03474331
0.04288864
0.03688312
0.03355718
0.03630209
0.03424239
0.03561616
0.03462291
