0.06123090
0.03462338
0.04323745
0.03993011
0.03708649
0.03462481
0.03490996
0.03427339
0.03411865
0.03709435
0.04015565
0.04155278
0.03340220
0.04051805
0.04030609
0.03646803
0.03630733
0.03988957
0.03753424
0.03931570
0.04379654
0.03379369
0.03320694
0.03890181
0.04505920
0.03984261
0.03881025
0.04309344
0.03791881
0.04738426
0.03933144
0.03834701
0.03964472
0.04470396
0.03396821
0.03541899
0.04559898
0.04314399
0.03802037
0.03947711
0.04142118
0.04255080
0.04242635
0.04425836
0.03509927
0.03517413
0.04077005
0.03647089
0.03753400
0.03996849
0.03839040
0.04203963
0.04749894
0.04054904
0.04135013
0.04104161
0.04039836
0.04599380
0.03859663
0.03442264
0.03525758
0.03523111
0.03672624
0.03898978
0.04004645
0.03733420
0.03791428
0.04195786
0.03942728
0.03901219
0.03854990
0.04615140
0.04067421
0.03750110
0.03457785
0.03622770
0.03587675
0.03622055
0.03640270
0.03400826
0.03917909
0.03007984
0.03591347
0.03565812
0.05951023
0.04812765
0.04585767
0.03287697
0.03132176
0.03213668
0.03261304
0.03129315
0.03205681
0.03268003
0.03316689
0.03333998
0.03486156
0.03451276
0.03468680
0.03438687
0.03927112
0.04014611
0.03499866
0.03521037
0.03428078
0.03846407
0.03836584
0.04011607
0.04304171
0.03745556
0.04156232
0.04281425
0.04278445
0.03312516
0.03249311
0.03335547
0.03592038
0.03649235
0.03351593
0.03784943
0.03425574
0.03677583
0.03546667
0.03465343
0.03681087
0.03500724
0.03407264
0.03346205
0.03626513
0.03524351
0.03542495
0.03479314
0.03487349
0.03427172
0.03724980
0.03416228
0.04230595
0.04132009
0.03921747
0.03471637
0.03564882
0.03553748
0.03601146
0.03596497
0.03452086
0.03565955
0.03900838
0.03610587
0.03925872
0.04114699
0.03970432
0.03434968
0.03817964
0.03730178
0.03472686
0.03439045
0.03251481
0.03408933
0.03492379
0.03511143
0.03725958
0.03913832
0.03747582
0.04130507
0.04079390
0.04036665
0.04223061
0.04097676
0.04221010
0.04138851
0.04457903
0.04093838
0.04098487
0.04009604
0.03912234
0.03987122
0.04081416
0.04111695
0.04130864
0.04479170
0.04024911
0.03410697
0.03437638
0.03506255
0.03508186
0.03530622
0.03655720
0.03932595
0.05310392
0.03766918
0.04787397
0.03499293
0.03888822
0.03494978
0.03676271
0.03502154
0.03507781
0.04030371
0.03363800
0.03594756
0.03650761
0.04240370
0.04858184
0.04388237
0.05096126
0.03997898
0.04644012
0.03940392
0.03966188
0.04055953
0.03979421
0.03805423
0.04550672
0.04625964
0.06419468
0.05131173
0.04855299
0.03843307
0.03900385
0.03853059
0.03834081
0.05117154
0.03836846
0.04125953
0.03772569
0.03892207
0.03808737
0.03953791
0.03941369
0.03872204
0.03939772
0.03991675
0.03955007
0.04583907
0.04137754
0.04028940
0.03831339
0.05173659
0.04184341
0.03878188
0.04408598
0.04054070
0.04009628
0.04206324
0.04111242
0.04055977
0.04785204
0.04010916
0.04015136
0.04870009
0.04888511
0.04274273
0.04622817
0.04569793
0.04871058
0.04826784
0.05219722
0.05029106
0.04755330
0.05101347
0.04566836
0.03956723
0.03917241
0.04069090
0.04267764
0.04055429
0.04466677
0.04203725
0.05050397
0.04617810
0.04568911
0.04341722
0.03560305
0.03678656
0.03629041
0.04222631
0.03919935
0.04139590
0.03651237
0.03713202
0.04239941
0.05158949
0.04211283
0.04036188
0.03675604
0.03997397
0.04081869
0.03961658
0.03731894
0.04043078
0.04415488
0.04673672
0.04256511
0.05107617
0.04256153
0.04774404
0.03913021
0.03711462
0.04612279
0.04591799
0.04361677
0.04254794
0.05091786
0.05775166
