0.05701399
0.03402781
0.03315830
0.04441690
0.03228021
0.03660083
0.03535366
0.03564668
0.03437924
0.03193474
0.03266406
0.03531146
0.03197289
0.03245592
0.03233314
0.03307414
0.03473473
0.03580761
0.03496504
0.03206062
0.03215885
0.03180599
0.03231239
0.03324437
0.03324771
0.03221941
0.03378510
0.03532791
0.03672910
0.03954744
0.03255057
0.03170013
0.03137851
0.03300309
0.03313732
0.03212905
0.03166938
0.03213739
0.03214955
0.04368091
0.04308796
0.04507923
0.03079987
0.03235269
0.03187251
0.03218722
0.03095269
0.03165102
0.03093147
0.03118396
0.04769874
0.04410791
0.04497457
0.03598022
0.03272009
0.03511477
0.03279781
0.03285742
0.03421760
0.03301239
0.03405046
0.03421164
0.03693414
0.03634453
0.03568292
0.03583741
0.03342438
0.03354597
0.03290176
0.03202534
0.03408551
0.03236580
0.03323531
0.03357482
0.03340483
0.03494048
0.03560853
0.03533578
0.03690982
0.03338242
0.03097558
0.03085613
0.03274846
0.03085995
0.03193164
0.03090668
0.03014421
0.03138947
0.03453732
0.03349400
0.04250479
0.04470563
0.04267716
0.03227949
0.03249431
0.03348947
0.03279305
0.03335881
0.03238344
0.03286505
0.03236747
0.03302884
0.03333569
0.03680682
0.06245446
0.03775740
0.03458929
0.03258944
0.03360772
0.03441358
0.03347135
0.03279161
0.03359699
0.03207803
0.03115392
0.03605437
0.03599381
0.03498054
0.03612828
0.03360510
0.03287435
0.03387499
0.03180194
0.03413796
0.03173614
0.03143573
0.03182268
0.03346133
0.03473783
0.03566790
0.03556013
0.03410649
0.03172684
0.03186655
0.03192329
0.03180599
0.03157043
0.03219986
0.03258324
0.03280377
0.03351259
0.04094815
0.03506756
0.03449082
0.03503680
0.03161597
0.03353143
0.03442669
0.03333163
0.03406429
0.03227258
0.03238964
0.03368902
0.03846455
0.03804588
0.03536916
0.03656387
0.03281260
0.03221321
0.03337288
0.03359556
0.03387666
0.03657103
0.03261709
0.03385901
0.03323603
0.03772688
0.03518152
0.03615737
0.03539562
0.03242636
0.03078771
0.03174567
0.03101134
0.03231311
0.03142762
0.03188634
0.03253675
0.03288674
0.03347468
0.03965306
0.03495789
0.03519201
0.03497005
0.03121614
0.03194880
0.03184533
0.03303003
0.03217578
0.03243685
0.03273654
0.03253698
0.03213978
0.03455591
0.03484201
0.03625250
0.03609443
0.03234816
0.03220940
0.03155041
0.03117657
0.03510666
0.03145289
0.03070188
0.02829242
0.03153062
0.03428483
0.03510118
0.03525758
0.03407884
0.03280735
0.03280687
0.03216648
0.03244090
0.03204036
0.03251195
0.03088713
0.03282523
0.03198576
0.03484845
0.04082203
0.03512549
0.03578138
0.03126025
0.03214765
0.03212619
0.03328490
0.03112268
0.03246760
0.03136373
0.03112054
0.03211904
0.03553486
0.03414226
0.03443766
0.03597665
0.03153443
0.03169751
0.03166318
0.03174472
0.03200626
0.03123069
0.03040099
0.03260255
0.03236198
0.03157926
0.03603721
0.03576660
0.03467798
0.03518057
0.03089905
0.03091455
0.03257895
0.03273177
0.03246856
0.03242326
0.03078103
0.03115249
0.03262019
0.03461099
0.03496957
0.03492403
0.03544831
0.03211904
0.03097558
0.03322887
0.03159952
0.03083372
0.03074217
0.03201652
0.03220963
0.03136134
0.03417611
0.03515959
0.03512573
0.03548288
0.03410625
0.03253269
0.03110909
0.03262305
0.03332424
0.03166056
0.03195381
0.03120780
0.03232694
0.03429556
0.03456378
0.03460932
0.03542852
0.03425479
0.03124881
0.03238988
0.03378844
0.03160620
0.03351903
0.03205705
0.03174877
0.03245974
0.03387165
0.04430723
0.04369378
0.04172850
0.03149056
0.03331065
0.03222442
0.03122401
0.03083467
0.03277087
0.03160167
0.03230000
0.03864503
0.04172754
0.03974938
0.04307628
0.03926921
0.03148317
0.03256345
0.03075099
0.03169394
0.03316236
0.03207183
0.03138089
0.03273463
0.03781438
0.04308248
0.04391360
0.03526664
0.03150630
0.03204393
0.03081703
0.03277111
0.03155804
0.03130054
0.03169084
0.03243351
0.03479171
0.03412390
0.03540325
0.03533983
0.03347063
0.03095031
0.03316379
0.03191662
0.03274536
0.03283405
0.03170204
0.03264499
0.03200078
0.03478599
0.03481150
0.03574538
0.03212523
0.03216004
0.03074598
0.03202105
0.03241205
0.03122020
0.03073215
0.03233767
0.03228855
0.03477383
0.03494906
0.03508878
0.03591180
0.03227997
0.03240871
0.03286362
0.03180194
0.03247786
0.03581452
0.03187370
0.03209615
0.03524208
0.03670931
0.03499484
0.03632331
0.03518987
0.03248715
0.03193021
0.03149438
0.03293490
0.03151631
0.03295994
0.03130102
0.03096032
0.03141856
0.03273320
0.03278780
0.03570151
0.03512454
0.03596401
0.03538680
0.03060079
0.03202176
0.03222966
0.03257179
0.03246760
0.03285432
0.03150773
0.03187203
0.03233981
0.03461885
0.03494811
0.03544140
0.03456593
0.03098369
0.03088737
0.03181505
0.03228211
0.03267264
0.03290343
0.02916288
0.02905035
0.02906251
0.03477550
0.03459597
0.03474975
0.03403139
0.03358388
0.03035712
0.03225136
0.03221846
0.03089499
0.03190184
0.03063488
0.03159714
0.03191400
0.03289080
0.03542757
0.03567767
0.03420663
0.03420401
0.03163433
0.03382897
0.03103971
0.03161669
0.03082848
0.03125691
0.03135133
0.03313756
0.03185725
0.03552294
0.04133391
0.03512239
0.03553414
0.03259301
0.03131056
0.03219891
0.03239059
0.03157163
0.03221750
0.03155661
0.03150678
0.03159571
0.03519988
0.03572655
0.03446126
0.03475571
0.03284478
0.03082967
0.03150225
0.03198028
0.03114772
0.03134394
0.03288794
0.03144813
0.03320575
0.03385997
0.03539014
0.03594947
0.03510952
0.03370571
0.03119349
0.03052926
0.03144312
0.03271723
0.03179526
0.03170347
0.03268600
0.03329158
0.03486824
0.04024291
0.03549433
0.03410268
0.03314924
0.03237915
0.03095222
0.03251505
0.03151727
0.03097677
0.03218222
0.03306603
0.03522420
0.03642225
0.06626248
0.04146433
0.03160453
0.03066659
0.03283620
0.03156734
0.03191090
0.03223634
0.03274393
0.03084326
0.03126669
0.03418303
0.03565836
0.03448296
0.03573871
0.03326106
0.03222466
0.03111601
0.03279328
0.03160453
0.03260517
0.02925992
0.03017712
0.02882123
0.03578925
0.03519893
0.04007602
0.03635621
0.02810431
0.03132415
0.03126144
0.03298950
0.03256416
0.03267121
0.03079152
0.03121662
0.03108287
0.03213882
0.03715253
0.03538728
0.03509355
0.03522229
0.03087926
0.03158450
0.03120780
0.03169465
0.03240037
0.03357649
0.03143501
0.03272319
0.03194785
0.03229213
0.03174734
0.03373170
0.03422356
0.03490758
0.03550529
0.03414679
0.03213525
0.03161645
0.03129268
0.03230882
0.03197575
0.03599334
0.03265309
0.03253031
0.03089786
0.04531336
0.03509474
0.03453040
0.03448439
0.03143716
0.03044915
0.03262615
0.03142905
0.03218746
0.03139615
0.03108358
0.02853703
0.02992940
0.03504872
0.03418684
