0.06694794
0.09262371
0.07416463
0.06570268
0.06815434
0.06660056
0.06837535
0.06786227
0.08267188
0.09012961
0.08093190
0.06831408
0.06646538
0.06625009
0.07011819
0.08197141
0.07954335
0.06955123
0.06588316
0.06871867
0.06748962
0.06448674
0.09400725
0.07694817
0.06071854
0.06245661
0.06171846
0.06161499
0.06303358
0.07423449
0.07282186
0.05900288
0.05978107
0.06227088
0.05825949
0.05827999
0.06033540
0.06316185
0.06801987
0.07033539
0.05504012
0.05576849
0.05379772
0.05344319
0.05583644
0.05076623
0.05247760
0.06030822
0.06338763
0.05514073
0.04790568
0.04802227
0.04464197
0.04538727
0.04500651
0.04566312
0.04482913
0.05080104
0.04967546
0.05570292
0.04313707
0.04344463
0.04483628
0.04496455
0.04556561
0.04926467
0.04906821
0.05412531
0.05977488
0.05269504
0.04567409
0.04732656
0.04682589
0.04655552
0.05066609
0.04815745
0.05109096
0.05775332
0.06478882
0.05651355
0.05199409
0.05191875
0.05272388
0.07136273
0.07687879
0.07018256
0.06795859
0.05902505
0.05680847
0.05842447
0.05847025
0.05910206
0.06854200
0.07053399
0.06665921
0.05767894
0.05623889
0.05625415
0.05777359
0.05468225
0.06524730
0.06496167
0.06246114
0.05620742
0.05276895
0.05186605
0.05310750
0.05939937
0.08323979
0.07307220
0.05384088
0.04723334
0.04867268
0.05411482
0.05290818
0.04976702
0.04424715
0.04212856
0.04189277
0.04186583
0.04400969
0.04161906
0.04277968
0.04492855
0.04764676
0.05258298
0.03930283
0.03749013
0.03805494
0.03775144
0.04119682
0.03691483
0.03706837
0.04343271
0.04700851
0.05240369
0.05011988
0.03802848
0.03758669
0.03558183
0.03641582
0.03735304
0.03703856
0.03945947
0.04182625
0.04275727
0.04500818
0.04633522
0.04039693
0.04259062
0.04169774
0.04309464
0.04009604
0.04168034
0.04092765
0.04380322
0.04592657
0.04749084
0.04299688
0.04514551
0.04534459
0.03999257
0.04265261
0.04746914
0.04425740
0.04493093
0.05574894
0.04403877
0.03973126
0.03844190
0.03767180
0.03899360
0.03844047
0.03863215
0.03801608
0.03925157
0.04395628
0.04421425
0.04318333
0.03876138
0.03680682
0.03807020
0.03886366
0.03721762
0.03914714
0.03863215
0.03684521
0.04357314
0.05728197
0.04343820
0.04344368
0.03937936
0.03805995
0.03796029
0.03778243
0.03846765
0.03614783
0.03496051
0.04159069
0.03661466
0.03672481
0.04372025
0.04135442
0.04165363
0.04112101
0.03708482
0.03627729
0.04685593
0.03998661
0.03958702
0.04090571
0.04125404
0.04146981
0.04219532
0.05332041
0.03919196
0.03652215
0.03741837
0.03892970
0.03857565
0.03745866
0.03760910
0.03740001
0.03993773
0.04970431
0.04861522
0.04825878
0.04771209
0.04792619
0.04101396
0.03698635
0.04061913
0.03803420
0.03785539
0.04139113
0.05708218
0.05173850
0.04222870
0.04584646
0.04162526
0.04212642
0.04337764
0.04415298
0.05042148
0.04792500
0.04722023
0.04510379
0.04346633
0.04379988
0.04213786
0.04252172
0.04263353
0.04277253
0.04262352
0.04518080
0.04842877
0.04619145
0.04783010
0.04197550
0.04041886
0.04084373
0.04090762
0.04055572
0.04073453
0.03889203
0.03850484
0.04372954
0.04710603
0.04758239
0.04163003
0.03655434
0.03899169
0.03739071
0.03734374
0.03719497
0.04262066
0.04069138
0.04350996
0.04354429
0.04295254
0.04231262
0.03737617
0.03895473
0.03827548
0.03706288
0.03882742
0.03876495
0.03777337
0.03859949
0.03956270
0.04329920
0.04388213
0.04221010
0.03940654
0.04419446
0.03869629
0.03794694
0.03779864
0.03780270
0.04632878
0.04618096
0.04691148
0.04760742
0.04901910
0.04072595
0.04429698
0.04163122
0.04144549
0.04362845
0.05388904
0.05013800
0.04704213
0.05626464
0.04701614
0.03943324
0.03873563
0.03898191
0.03942657
0.03980446
0.03972721
0.03911448
0.04469132
0.04379535
0.04410887
0.04378223
0.04313350
0.03933835
0.04349899
0.04099035
0.04024911
0.03977013
0.04017544
0.04461884
0.04574299
0.05085063
0.05233788
0.04050303
0.04200363
0.04464817
0.04153347
0.04359245
0.04095101
0.05030727
0.04618025
0.04583168
0.04715037
0.04062891
0.04436040
0.04075122
0.05005431
0.04705358
0.04365253
0.04595542
0.05613708
0.04707932
0.04002094
0.04071784
0.04016829
0.04101753
0.04100013
0.04252553
0.05442619
0.05432582
0.06222486
0.04651785
0.04060245
0.04159617
0.04123545
0.04013634
0.04515123
0.04092383
0.04178047
0.04234672
0.04693007
0.04515982
0.04609466
0.04112267
0.04014158
0.04052544
0.04034472
0.04278803
0.03896427
0.03703094
0.03903747
0.03896546
0.04506135
0.04378533
0.04464889
0.04310942
0.04609203
0.03883553
0.04162765
0.03925633
0.04064584
0.03815579
0.03999496
0.04581714
0.05074120
0.04488349
0.04446316
0.04029703
0.04024982
0.03988123
0.03997016
0.04464602
0.03907776
0.04124856
0.04048109
0.04992747
0.04409480
0.04393363
0.04217148
0.03815126
0.03937697
0.03922367
0.03852940
0.03871822
0.03913569
0.03929234
0.04444242
0.04053473
0.04651356
0.04508495
0.04591441
0.04729319
0.04049993
0.04221678
0.04006243
0.03931022
0.04016662
0.03895354
0.03978682
0.04618144
0.04591918
0.04664016
0.04415369
0.04251695
0.04153728
0.04006743
0.04100299
0.04047012
0.04229879
0.04100013
0.05375624
0.04789042
0.04646039
0.04422951
0.04724979
0.05460954
0.04427242
0.04102731
0.03972697
0.04021025
0.04077983
0.04739141
0.05292535
0.05324364
0.05737185
0.05418277
0.03960109
0.03979230
0.03973818
0.03946686
0.03927732
0.03964543
0.04079008
0.04792404
0.04627228
0.04596758
0.04609871
0.04783368
0.05025005
0.04488397
0.04124451
0.04056835
0.03821445
0.03661942
0.03962374
0.03925681
0.04049349
0.04585147
0.03493333
0.03517342
0.03657293
0.03500366
0.03624368
0.03581476
0.04003358
0.03738856
0.04216504
0.04105425
0.04154944
0.04145861
0.04083800
0.03842330
0.03818345
0.03932405
0.03933239
0.03858161
0.03844190
0.03862977
0.04584122
0.07207441
0.06041551
0.05306602
0.04946804
0.03970671
0.04078341
0.04117036
0.04142213
0.04223013
0.04218698
0.04509091
0.04961634
0.04856467
0.04878902
0.04140997
0.04243398
0.04241204
0.04456949
0.04381323
0.04440808
0.04530191
0.05261183
0.06350875
0.06121063
0.04953599
0.05117631
0.05079985
0.04743028
0.05249715
0.04629016
0.04908681
0.05508947
0.05428672
0.05232739
0.04723382
0.05292225
0.04948282
0.04954410
0.04854226
0.05344057
0.06058335
0.05918837
0.06040955
0.04933238
0.05182433
0.05138540
0.05176163
0.05166054
0.05158520
0.06435728
0.07436061
0.06920218
0.06134582
0.05315471
0.05395532
0.05454946
0.05284691
0.05284142
0.05711913
0.06551886
0.06357217
0.06306338
0.05443454
0.05586481
0.05767608
0.05155349
0.04952526
0.05599976
0.06803989
0.06798053
0.06462502
0.05728555
0.05800796
0.06067300
0.05781651
0.05761194
0.07436466
0.06927466
0.06649590
0.05670524
0.05778480
0.05583072
0.05679941
0.05830336
0.07320595
0.07040191
0.06919527
0.05799246
0.05870199
0.05766630
0.06007957
0.05959630
0.06575799
0.07001972
0.06919026
0.06264186
0.05783582
0.05818248
