0.05607104
0.03625107
0.03804159
0.05589676
0.03988242
0.03870177
0.03129888
0.03457022
0.03606677
0.03337526
0.04142785
0.03943396
0.04348516
0.03406882
0.03496337
0.03469586
0.03494048
0.04319286
0.03928542
0.03385711
0.03508925
0.03477573
0.03703928
0.03514671
0.04188299
0.03634381
0.03324723
0.03469348
0.03356028
0.03857732
0.03285623
0.06068349
0.05002141
0.03367090
0.03291798
0.02957392
0.03743911
0.03689551
0.03879499
0.03715110
0.03607941
0.03642535
0.04064250
0.03600264
0.03816462
0.03495240
0.03617144
0.03411460
0.03800368
0.03387332
0.03637648
0.03661752
0.03617740
0.04208040
0.03401875
0.03349590
0.03285360
0.03422260
0.03296757
0.03266191
0.03564167
0.03235316
0.03179312
0.03527665
0.03578711
0.04150510
0.03618598
0.03346848
0.03276086
0.03234649
0.03296638
0.03160954
0.03132606
0.03357387
0.03199315
0.03120732
0.03339624
0.03890753
0.03522706
0.03565693
0.03458261
0.03218460
0.03378391
0.03222203
0.03203654
0.03285241
0.03326249
0.03485250
0.03208637
0.03643250
0.03458309
0.04061699
0.03314590
0.03237319
0.03191400
0.03278732
0.03247166
0.03521657
0.03268313
0.03905201
0.07134962
0.03666186
0.03693533
0.03515291
0.03544331
0.03529620
0.03705788
0.03461862
0.03991365
0.04026246
0.03995800
0.03278899
0.03478742
0.03172469
0.03117585
0.04049993
0.03614664
0.04814410
0.03646588
0.03530979
0.03158689
0.03091717
0.03148699
0.03323746
0.03185511
0.03151417
0.03178382
0.03542829
0.03679562
0.03670430
0.03502703
0.03282499
0.03147244
0.03140092
0.03326058
0.03205943
0.03662133
0.03518391
0.03428769
0.03606009
0.03681636
0.03426981
0.03389168
0.03419662
0.03342700
0.03217244
0.03353715
0.03399014
0.03417063
0.03672457
0.04181957
0.03620076
0.03580236
0.03287792
0.03425193
0.03408766
0.03524733
0.03452182
0.03289676
0.03237033
0.03465033
0.03822851
0.05121613
0.03952026
0.03547168
0.03457665
0.03518081
0.03371215
0.03369474
0.03320122
0.03435016
0.03375745
0.04039431
0.04841208
0.03859115
0.03818059
0.03529143
0.03603101
0.03638697
0.03372169
0.03443408
0.03395629
0.03436613
0.03360558
0.03747296
0.04397416
0.03774381
0.03499699
0.03567457
0.03384876
0.04621315
0.04783988
0.04202867
0.03410125
0.03616071
0.03887701
0.03655291
0.03971767
0.03951859
0.03947806
0.03664780
0.03570724
0.03634453
0.03555632
0.03718591
0.03392744
0.03443766
0.03474116
0.03838158
0.03759122
0.03801227
0.03716469
0.03281379
0.03671789
0.03447151
0.03293920
0.03248048
0.03187728
0.03334022
0.03905845
0.03815317
0.03809905
0.04288387
0.06593680
0.03469157
0.03591132
0.03675818
0.03497815
0.03692031
0.03704357
0.03677535
0.03862262
0.04213667
0.04646325
0.04164124
0.05558920
0.03886795
0.03752351
0.03621221
0.03694558
0.03602457
0.03628564
0.03932047
0.04129124
0.04108167
0.04155636
0.03629375
0.03803158
0.04195046
0.03781772
0.03799009
0.03654289
0.03634739
0.04721451
0.04907680
0.04101849
0.04227495
0.04009581
0.03730774
0.03829432
0.03704762
0.03626108
0.03736925
0.03549886
0.03661418
0.03711677
0.04016733
0.03860855
0.03981185
0.04557943
0.03468084
0.03515530
0.03499055
0.03580523
0.03439283
0.03616428
0.03957343
0.03635216
0.04044533
0.05006003
0.05592179
0.04981470
0.03531480
0.04063082
0.03757071
0.03433561
0.03778219
0.03504181
0.03927875
0.03793359
0.05026507
0.04481816
0.04443693
0.04502058
0.04119802
0.03647280
0.03620863
0.03703237
0.03876805
0.03627181
0.04100609
0.04715848
0.05274177
0.04693031
0.04686928
0.03959155
0.03676987
0.03611755
0.04112244
0.03672028
0.03751421
0.04362082
0.04191780
0.04267788
0.04421067
0.03829145
0.03838778
0.03714418
0.03779888
0.04046369
0.03728414
0.03778696
0.03865552
0.05046320
0.04993677
0.04146767
0.04043365
0.03625607
0.03717279
0.04575706
0.04295564
0.03787589
0.04554534
0.04389286
0.03829050
0.04317689
0.04832077
0.04163194
0.03954268
0.03679276
0.03783369
0.03727674
0.03730464
0.03815889
0.03931117
0.04028845
0.04520845
0.05117369
0.04514956
0.03967285
0.03890228
0.03850770
0.03802967
0.03741455
0.03810930
0.03840613
0.04233193
0.04036427
0.04463243
0.04562068
0.04536867
0.04129267
0.03912091
0.03998137
0.04376221
0.04074788
0.04047656
0.04011917
0.04025316
0.06736898
0.09462214
0.05140185
0.04016042
0.04099870
0.03997827
0.03940296
0.04080772
0.04031992
0.04141307
0.04614043
0.04693484
0.04612494
0.05061769
0.04042220
0.04002666
0.03997898
0.04035926
0.04020071
0.04316831
0.04134369
0.04197860
0.04548955
0.05397034
0.04864550
0.04488540
0.04222488
0.04459333
0.04529357
0.04649186
0.04709983
0.05055356
0.06115627
0.06069350
0.05193615
0.04562330
0.04763651
0.04641962
0.05114198
0.04721999
0.05181313
0.05786753
0.06528354
0.05485892
0.05325198
0.05531406
0.05459952
0.06080937
0.05508661
0.07045054
0.06853604
0.06720519
0.05638480
0.06421590
0.06357884
0.06558204
0.06698418
0.06464505
0.07336879
0.07225156
0.06838131
0.07363915
0.08291292
0.07152963
0.07200098
0.07665515
0.05832124
0.05716109
0.05735278
0.05500293
0.05600834
0.05140042
0.05179167
0.06367350
0.06194091
0.06012177
0.05266309
0.05087328
0.04932594
0.05046630
0.04881048
