0.02595592
0.05394149
0.04806280
0.04881454
0.04576850
0.05088162
0.04573846
0.05566406
0.05589938
0.04676533
0.04034615
0.03936386
0.04456711
0.04106688
0.04265738
0.04038739
0.05140638
0.04631042
0.05228925
0.05546832
0.04639220
0.05112433
0.04763198
0.04560637
0.04882646
0.06048465
0.05267644
0.04889417
0.04970002
0.04868436
0.04793930
0.05000210
0.04716492
0.04790783
0.04810905
0.04279757
0.04813600
0.04498410
0.04362774
0.04373932
0.05257630
0.04692149
0.04625654
0.04536343
0.03943896
0.03922296
0.03963041
0.04266310
0.03884625
0.04276395
0.04080057
0.03957939
0.04202080
0.03962302
0.03906536
0.05632067
0.04627371
0.05189371
0.04703569
0.04042101
0.04248405
0.04211521
0.03996873
0.04221249
0.04936695
0.04158664
0.04047704
0.04035830
0.05029893
0.04861712
0.04816461
0.04592872
0.04728150
0.04228187
0.04070640
0.04594183
0.04441833
0.04631305
0.04755163
0.04260492
0.04623938
0.05206990
0.04629874
0.04513979
0.04482460
0.03965092
0.03880453
0.03923345
0.04217029
0.03947902
0.03899431
0.03808832
0.03939629
0.04437113
0.04304218
0.04449868
0.04396915
0.04302740
0.04244089
0.03916216
0.04475498
0.04565549
0.04846835
0.04547286
0.04328537
0.04520607
0.04467869
0.04512787
0.05690074
0.04525042
0.03859639
0.03808451
0.03839803
0.03955150
0.04027843
0.04099679
0.03877139
0.04799271
0.03947830
0.03924370
0.05692172
0.05638957
0.04724407
0.04333210
0.04432535
0.03945136
0.04053688
0.04174662
0.04489708
0.04922771
0.04104686
0.04144216
0.04357505
0.04673076
0.04657865
0.05340528
0.03918338
0.04116201
0.04040718
0.03992319
0.04775381
0.04084110
0.03902078
0.04797959
0.06238413
0.06022477
0.05267358
0.04693222
0.04506254
0.05920982
0.04773664
0.04743028
0.05384851
0.05477715
0.05635023
0.05196047
0.05480170
0.04866457
0.04469991
0.04348326
0.05104065
0.04086685
0.04110026
0.04077601
0.04306650
0.04788280
0.04842949
0.04669642
0.04906750
0.04913449
0.05857110
0.04999089
0.05332065
0.05044818
0.04824924
0.04575562
0.04896665
0.04788280
0.04521656
0.04718161
0.04725242
0.04641652
0.04270053
0.04072261
0.04569602
0.04530764
0.06346631
0.05000877
0.04948473
0.05209470
0.04131126
0.04091620
0.03998661
0.03966856
0.03953457
0.04483581
0.03904867
0.04789329
0.04334211
0.04843450
0.04340553
0.03913999
0.03936601
0.05521202
0.04244828
0.03936720
0.03913403
0.03930020
0.03914094
0.04867625
0.04602098
0.04583406
0.04510641
0.05616784
0.05382538
0.06056261
0.05086374
0.03994179
0.03886366
0.03896356
0.04173636
0.03887558
0.05340075
0.05085206
0.04891324
0.04562736
0.04470587
0.05128241
0.04583311
0.04522514
0.04421759
0.04260445
0.04388833
0.04362249
0.06747866
0.06187105
0.05414343
0.05353308
0.04144359
0.04097366
0.05791974
0.04782557
0.04452872
0.04341507
0.04436851
0.04368067
0.04931712
0.05141735
0.05194926
0.05042887
0.04710460
0.04471040
0.04714370
0.04595470
0.04792428
0.04190159
0.04979706
0.04566026
0.05397391
0.04625726
0.04590702
0.05025220
0.05522418
0.04165196
0.03928018
0.04056168
0.04128551
0.03950143
0.03955579
0.03907132
0.04355001
0.06088543
0.05021119
0.05280900
0.04697680
0.04110718
0.05097222
0.05119085
0.05178690
0.03974128
0.04751420
0.03794336
0.05022788
0.04846120
0.04883218
0.04367590
0.04488230
0.04303718
0.04106712
0.04845452
0.04148555
0.04309082
0.04276991
0.04115009
0.04227352
0.04928994
0.04324460
0.04729056
0.04046106
0.03886485
0.04765224
0.05044603
0.03944206
0.03589725
0.03623223
0.03517437
0.03541350
0.03861260
0.05664396
0.04853821
0.04090476
0.04593706
0.03700256
0.03916478
0.03699732
0.03643441
0.03862214
0.04423380
0.05502629
0.03912139
0.03700376
0.05272603
0.03823543
0.03625631
0.04399419
0.03473902
0.03341150
0.03548050
0.03477383
0.04072618
0.03934813
0.03773212
0.05816460
0.04051328
0.03864264
0.04630446
0.03456831
0.03870654
0.03518319
0.03712249
0.03504229
0.03483248
0.03403449
0.03448129
0.03301573
0.03863430
0.04202938
0.04810476
0.04408765
0.04298592
0.03480411
0.04404402
0.03352189
0.03726697
0.03651357
0.03491068
0.04756832
0.03877807
0.03855896
0.03929687
0.03286648
0.03883719
0.04048061
0.03314662
0.03255367
0.03748941
0.03606462
0.03315425
0.04100347
0.03644562
0.04245591
0.03688931
0.03645802
0.03681207
0.03356600
0.03355861
0.03717542
0.03399515
0.03333569
