0.04188466
0.10050988
0.05538678
0.05211544
0.05380893
0.04475737
0.05221033
0.04362702
0.04728079
0.05493355
0.11910820
0.17996740
0.04845023
0.05152249
0.04933906
0.05341959
0.04584861
0.05600023
0.04788852
0.05625343
0.05427599
0.05195427
0.05279446
0.05536819
0.05216837
0.04963017
0.04872751
0.04705882
0.05217648
0.05090499
0.05620670
0.04539061
0.04753160
0.04818487
0.06026149
0.04989576
0.04351497
0.05522156
0.04326773
0.04652023
0.04430389
0.04974866
0.08188844
0.06403542
0.05153155
0.05109859
0.04378080
0.04214239
0.04095674
0.04804349
0.04102397
0.04057765
0.04717445
0.04634285
0.05240726
0.05013895
0.04581547
0.04692173
0.04614735
0.04642391
0.05389905
0.04066443
0.04084206
0.04264760
0.05493188
0.06665373
0.05110669
0.06202888
0.05535579
0.05611491
0.05104041
0.04708958
0.05105186
0.04630446
0.04081631
0.04784679
0.04659367
0.04694557
0.04253554
0.04697037
0.05919766
0.05159450
0.05482483
0.05483341
0.04425240
0.05832148
0.05809402
0.05906153
0.05913258
0.06481028
0.05888057
0.05157018
0.04963589
0.04780579
0.05145502
0.05984235
0.05447793
0.05041933
0.05166602
0.04897523
0.04705477
0.04355717
0.05478907
0.05907273
0.04747653
0.04890275
0.04999590
0.04897046
0.04573631
0.04902005
0.05234981
0.04794812
0.04578757
0.04397583
0.04504323
0.05054474
0.05449629
0.05460048
0.04985714
0.04554701
0.04805660
0.04431343
0.04964781
0.05482054
0.04496121
0.04857421
0.04766417
0.04846478
0.04628801
0.04619431
0.04281497
0.06200910
0.04676127
0.04660892
0.04431891
0.03993988
0.04520035
0.04287958
0.04742193
0.04744768
0.05361080
0.04363418
0.05083561
0.04143143
0.05443573
0.05782938
0.05110288
0.05543303
0.04882455
0.05135608
0.06036615
0.08359694
0.13963366
0.13522029
0.05740881
0.04656458
0.05239344
0.04864335
0.06257868
0.05776358
0.12005734
0.05209684
0.05331182
0.04695344
0.04892159
0.04447770
0.05153084
0.04237509
0.04863787
0.04968596
0.05441928
0.05211616
0.04598451
0.06486130
0.04399204
0.05591488
0.05566812
0.04679394
0.04492474
0.04091549
0.03992319
0.04644561
0.05454254
0.05185938
0.04704571
0.05837774
0.05372596
0.06087708
0.05813479
0.05260444
0.05355048
0.05191898
0.05262327
0.06393623
0.05431700
0.05641532
0.04686427
0.04624605
0.04971910
0.05152988
0.06244326
0.04615784
0.04725552
0.04566193
0.05026293
0.04927135
0.05010176
0.04514790
0.05025029
0.06042981
0.05995536
0.04841590
0.04956675
0.04443169
0.04962111
0.05017829
0.05679297
0.06749725
0.04124022
0.04406881
0.06781602
0.05007005
0.05060363
0.04916167
0.04624653
0.04196167
0.04543495
0.05029202
0.04264569
0.04100037
0.04495788
0.05176759
0.05963802
0.05059695
0.04841113
0.06420302
0.05685854
0.04985166
0.04361296
0.05959105
0.05734587
0.04722023
0.04788089
0.05333495
0.04818511
0.05709887
0.04677582
0.04460239
0.04442620
0.05515742
0.04489326
0.04712987
0.04525638
0.04350233
0.04986238
0.04647684
0.05923271
0.05654740
0.05254054
0.04142523
0.04657888
0.04344630
0.04210353
0.03958988
0.06730604
0.05934691
0.05020738
0.04604387
0.04847169
0.05011916
0.04622769
0.04141927
0.05269027
0.06641293
0.05754566
0.06166577
0.04355454
0.04692268
0.04800558
0.04895043
0.04234505
0.04617214
0.05424666
0.05874825
0.06086683
0.05494738
0.06131363
0.06305957
0.05228424
0.05345678
0.04460287
0.05925179
0.05694461
0.05752158
0.04775882
0.04730463
0.06317329
0.05318260
0.05797338
0.06399488
0.05448198
0.06476426
0.05385804
0.05460072
0.04838037
0.05155444
0.04786730
0.04495287
0.04536700
0.04694510
0.04709673
0.05416751
0.06138182
0.05721188
0.04845881
0.04959750
0.04772043
0.05123758
0.04996514
0.04550219
0.04831290
0.04168510
0.04000783
0.05500627
0.04784322
0.05103040
0.06351542
0.05931473
0.06281018
0.06031275
0.05282116
0.04449415
0.04444885
0.05266666
0.05344820
0.05827403
0.04938483
0.04599333
0.05533624
0.05072784
0.04841518
0.05206442
0.05219698
0.05258894
0.05307317
0.05401659
0.05482888
0.04898000
0.05444646
0.05009580
0.05190730
0.05456972
0.05502653
0.04854345
0.05031705
0.05489492
0.05130982
0.05168271
0.05233431
0.05023313
0.05433559
0.04884386
0.04497480
0.04586840
0.05120420
0.06054544
0.04816222
0.04743266
0.04712462
0.04340744
0.04317856
0.04083967
0.04041338
0.05093551
0.05091453
0.05207753
0.05163360
0.04583502
0.04132390
0.04238892
0.04646802
0.04597187
0.04697585
0.04718494
0.05449152
0.04649138
0.04428482
0.04578304
0.04771900
0.04953480
0.04482794
0.04496980
0.04423189
0.04332137
0.04602695
0.06110883
0.05615664
0.04487133
0.04632926
0.04136491
0.03950071
0.04114437
0.04019904
0.03983402
0.04123759
0.04019332
0.04465413
0.04879212
0.06255507
0.05287147
0.05577111
0.06176376
0.04372430
0.04264355
0.04274249
0.05265307
0.04946351
0.05185485
0.04896784
0.04750705
0.04308462
0.04252052
0.04457593
0.04356790
0.04287434
0.04541540
0.04814720
0.04535675
0.05086207
0.04524517
0.04524088
0.04613471
0.04514265
0.05286956
0.04637837
0.04809093
0.04988480
0.04650569
0.04682136
0.04446626
0.04726696
0.04654002
0.04927039
0.05399895
0.04832578
0.05540514
0.05450416
0.05231190
0.05356288
0.06227255
