0.06313276
0.04432797
0.04683375
0.04588366
0.04609513
0.04359293
0.05039787
0.04898858
0.04986739
0.04198146
0.04358959
0.04438853
0.04127932
0.04094148
0.04037952
0.04098582
0.04368687
0.04549837
0.04399347
0.04242635
0.04094028
0.04317331
0.04148579
0.04188466
0.04730797
0.04248762
0.04526639
0.05381727
0.05018687
0.05457902
0.04399037
0.04215026
0.04461861
0.04368210
0.04314041
0.04290152
0.04308915
0.05902457
0.05854964
0.05867648
0.06594563
0.04715657
0.04813409
0.04678249
0.05109096
0.04895258
0.05127454
0.05535579
0.06052446
0.07594347
0.09124327
0.06192851
0.06593442
0.06877828
0.07111406
0.07351017
0.09044123
0.09242582
0.09420204
0.06415820
0.06840563
0.08503079
0.07731271
0.06943703
0.06949425
0.07126236
0.06331515
0.06004429
0.06015253
0.06299305
0.07109928
0.07829857
0.06945252
0.06842804
0.05946732
0.06429195
0.05777478
0.05838776
0.05976534
0.06338406
0.07491684
0.08182287
0.08130097
0.05617619
0.05401087
0.05877924
0.05631018
0.07222867
0.07222080
0.07262468
0.07842612
0.06106043
0.06355953
0.06608176
0.06117868
0.06150556
0.08410525
0.09320045
0.07792640
0.06469750
0.06698990
0.06731462
0.06356335
0.07802081
0.09722853
0.07360554
0.07072520
0.06431794
0.06470895
0.06575608
0.07174563
0.07874084
0.09923220
0.06596375
0.06414342
0.08430624
0.06303978
0.06234956
0.07294273
0.07165527
0.06619668
0.09116411
0.05924940
0.05829120
0.07668638
0.08881092
0.05462408
0.05370307
0.05804801
0.05526209
0.05376244
0.05539131
0.06404686
0.07214522
0.07089138
0.05743146
0.05256677
0.05311322
0.07503486
0.05970550
0.08724380
0.09125662
0.07406497
0.07758880
0.06247592
0.08214021
0.08026624
0.07918596
0.06440020
0.06522655
0.06396651
0.06824446
0.06688619
0.09333611
0.09852409
0.07094622
0.06964684
0.06964946
0.07145119
0.06669950
0.07916713
0.09322691
0.09011102
0.08781910
0.06167936
0.06189036
0.06042242
0.07481623
0.07207775
0.06594944
0.06753421
0.05734134
0.05682850
0.05925083
0.05576777
0.06131053
0.06939483
0.08492231
0.05332303
0.05564952
0.06522942
0.06516361
0.07552266
0.05107379
0.05520034
0.06144857
0.05316401
0.05033183
0.07418561
0.06374311
0.07189274
0.04965329
0.04688025
0.04994273
0.05459189
0.05305219
0.05175781
0.06426144
0.05676794
0.04688931
0.04563761
0.04794908
0.04922032
0.06086731
0.07839751
0.07115149
0.06043053
0.06240940
0.05190444
0.05575609
0.05170870
0.05517697
0.06083035
0.06418443
0.06429863
0.05564928
0.05244875
0.05715275
0.05204964
0.05073404
0.05622435
0.06147528
0.05879402
0.07547188
0.05579329
0.05522561
0.05349731
0.04962325
0.05086088
0.04790044
0.04996657
0.05741358
0.05765438
0.06393909
0.05056405
0.06448674
0.05547762
0.05595064
0.05259275
0.06033373
0.05314422
0.06212068
0.06199193
0.05877686
0.06355071
0.06373835
0.05292678
0.05832624
0.05993485
0.06621313
0.06520128
0.06242824
0.04862189
0.04918098
0.04939651
0.04750681
0.04629302
0.04625273
0.05487275
0.05276442
0.05398703
0.04834032
0.04793549
0.05225611
0.04653120
0.04604888
0.04732919
0.05305362
0.05691695
0.06240654
0.05091691
0.04944324
0.05381012
0.05595922
0.05217004
0.05030727
0.05027246
0.06356049
0.06094527
0.05762410
0.05240774
0.05201030
0.05182076
0.05560803
0.05280042
0.06411433
0.07641602
0.06084800
0.07016158
0.05368471
0.05764437
0.05877471
0.07115579
0.06700921
0.07636023
0.06358743
0.06034327
0.06398344
0.06506634
0.05507684
