0.02649379
0.04479551
0.05075741
0.04592633
0.04634571
0.05814815
0.05897212
0.06363940
0.04450536
0.04669213
0.04822564
0.04653430
0.04523301
0.04709005
0.04117918
0.04113579
0.04047418
0.05090809
0.04137635
0.04529262
0.04626751
0.05811262
0.05693674
0.06994390
0.05144238
0.05751014
0.04068470
0.04296732
0.04244661
0.04328036
0.04956388
0.04768586
0.05083442
0.04134130
0.04636550
0.04479527
0.04754877
0.04233575
0.05228853
0.04468131
0.04403043
0.05159473
0.04683995
0.05487275
0.04110599
0.04786158
0.04245090
0.05838919
0.04426837
0.04261374
0.04341245
0.04918671
0.04745960
0.04761100
0.04274249
0.04356766
0.04566622
0.06131458
0.04035473
0.04293942
0.04605365
0.04903412
0.04661918
0.04569793
0.04325056
0.05206394
0.04370546
0.04874682
0.04002929
0.03910542
0.04636216
0.04393888
0.04980254
0.04511237
0.04081368
0.04522276
0.06049585
0.06200910
0.04737759
0.04283285
0.05624104
0.05025196
0.04460001
0.04480934
0.05031657
0.03846931
0.03957629
0.03994703
0.03809667
0.03789425
0.03832960
0.03787684
0.04070520
0.03772402
0.03980875
0.03863788
0.03771162
0.04277015
0.04254603
0.04271150
0.04419279
0.03997397
0.03723359
0.03723311
0.03739834
0.03627539
0.04127121
0.03603435
0.03600931
0.03741121
0.03912997
0.05247712
0.04139113
0.04074502
0.04115939
0.03809595
0.03552866
0.03607655
0.03499317
0.04051781
0.03577590
0.03864694
0.03473687
0.03448772
0.03722763
0.03405309
0.03668451
0.04342103
0.04560351
0.05326653
0.04679251
0.04814219
0.03656292
0.04393649
0.04892397
0.04632449
0.03397584
0.04346824
0.03775954
0.03523612
0.03789759
0.04192686
0.03900766
0.04372787
0.04097581
0.04104900
0.03812408
0.03588605
0.04558444
0.04682922
0.03475380
0.03420877
0.03480220
0.03501725
0.03439164
0.03487825
0.03442407
0.04502153
0.04034996
0.03926992
0.03940606
0.03849840
0.03658271
0.05060339
0.04408336
0.04254460
0.03945875
0.03897166
0.03601885
0.03614402
0.03609419
0.03949547
0.04562259
0.04221058
0.04163623
0.03964233
0.04338264
0.04288197
0.05752587
0.06359959
0.04481125
0.03720355
0.03848934
0.03790307
0.05133820
0.07471800
0.05059004
0.04649377
0.04474926
0.04674149
0.04299831
0.05088234
0.04361200
0.04760313
0.04881620
0.04892993
0.05997109
0.04656315
0.06484413
0.06157160
0.06537604
0.05338621
0.04353547
0.04370975
0.04754019
0.05217028
0.08408451
0.05038738
0.04360986
0.04415560
0.05245543
0.04673338
0.06238794
0.04898381
0.06122637
0.06298637
0.07334352
0.05513906
0.05288720
0.04906416
0.04822159
0.04724669
0.05374861
0.05306935
0.05125999
0.05247998
0.05124259
0.05133605
0.05391717
0.04322648
0.04412532
0.04432678
0.04742670
0.04392195
0.04528904
0.06280613
0.04613614
0.04873061
0.05173039
0.05024433
0.05285072
0.04324961
0.04261971
0.04454947
0.04747200
0.04350853
0.04357457
0.04603815
0.04242158
0.04551721
0.05852127
0.06551147
0.05905008
0.05538893
0.04419160
0.04325819
0.04404259
0.04679680
0.04290533
0.04335475
0.04257488
0.05270815
0.05814123
0.05667639
0.06372714
0.05965328
0.05504227
0.04210448
0.04419518
0.04231715
0.04278159
0.04785705
0.04436874
0.04313111
0.04847789
0.05520368
0.05204797
0.05016875
0.04435015
0.04343796
0.04348779
0.04494119
0.04803467
0.04300523
0.04424143
0.04289770
0.04688048
0.04726839
0.05138588
0.05059314
0.05070758
0.04422426
0.04328537
0.05280209
0.04235983
0.04404926
0.04189587
0.04212403
0.04160142
0.04318810
0.05575228
0.04990816
0.05078578
0.04739380
0.04318476
0.04833984
0.04365516
0.04283094
0.04354024
0.04318714
0.05037594
0.04267836
0.04418755
0.04909015
0.04887223
0.04938197
0.04415488
0.04161716
0.03913736
0.04142833
0.04404044
0.03929353
0.03960776
0.04041171
0.04045653
0.03839636
0.04025173
0.04475212
0.04588175
0.04988265
0.03971839
0.03811121
0.03966498
0.03747201
0.03743005
0.03820372
0.03617978
0.03653598
0.04442668
0.04535627
0.04117608
0.05824208
0.05321884
0.05212212
0.05251050
0.05398130
0.03788185
0.03826737
0.03656530
0.03633523
0.03513217
0.04018617
0.04583502
0.04075670
0.04061890
0.03896618
0.04075837
0.04257202
0.03991437
0.04113531
0.04262900
0.03654790
0.03633499
0.03553343
0.03902960
0.03876948
0.04167104
0.04137993
0.04171824
0.03817964
0.03842497
0.04160762
0.04694009
0.03697824
0.03593063
0.03596163
0.03657055
0.03705668
0.04757929
0.03998137
0.03847027
0.04026389
0.04024482
0.04281306
0.03802562
0.03650832
0.04287910
0.03661156
0.03544259
0.03524947
0.03627396
0.03516912
0.03466177
0.03855252
0.03479123
0.03471351
0.04104924
0.04050732
0.04012156
0.03969455
0.03914475
0.03491354
0.03555346
0.03986835
0.03611612
0.03608084
0.03501081
0.03434229
0.03628373
0.03545141
0.03608036
0.03614521
0.03764749
0.04455209
0.03977466
0.04665184
0.04571462
0.04614401
0.05195689
0.03657103
0.03617930
0.03491950
0.03669691
0.03636003
0.03576374
0.03813291
0.03600931
0.04226565
0.04620361
0.04597044
0.04611850
0.04661703
0.04231358
0.04171824
0.03622627
0.03450465
0.03406525
0.03569746
0.03693032
0.05079222
0.04426432
0.04419613
0.04506898
0.05299783
0.03612041
0.03639531
0.03608871
0.03601193
0.03365088
0.03551912
0.03544235
0.03575301
0.03649616
0.04507327
0.04725289
0.04486251
0.04619336
0.04775476
0.04592896
0.04564643
0.03699899
0.03593302
0.05326486
0.03702092
0.05359721
0.04033637
0.03962564
0.04976082
0.04966283
0.05058289
0.05214405
0.04466009
0.03873372
0.03780460
0.03938961
0.03744960
0.03952122
0.05728602
0.05201888
0.04731321
0.06055450
0.03901219
0.03757620
0.03727341
0.04405427
0.03988218
0.03878427
0.03865218
0.04167867
0.03842974
0.04215050
0.04401565
0.04931211
0.04353642
0.04064083
0.04902458
0.05246878
0.05514693
0.03502750
0.03967738
0.03861952
0.03568816
0.03647470
0.04570293
0.05172753
0.04526520
0.04589319
0.04637218
0.05314779
0.04753947
0.05315995
0.04835272
0.03646564
0.03972268
0.04027724
0.04025936
0.04057145
0.04083014
0.03607559
0.03947663
0.03648686
0.03653002
0.03601742
0.03562236
0.04027152
0.03760099
0.03677917
0.03662729
0.03724027
0.04740524
0.04251814
0.04227877
0.04324269
0.03965282
0.04443097
0.04029298
0.03831244
0.03764343
0.03768301
0.03719044
0.03640699
0.03711915
0.04479456
0.04322410
0.04257083
0.04335618
0.04557133
0.03827477
0.03830457
0.06158924
0.05175662
0.03745151
0.03879237
0.03930306
0.03936005
0.04558158
0.04384518
0.04707408
0.04330397
0.03881812
0.03975439
0.03807640
0.03844547
0.04116058
0.03870130
0.04009366
0.03974175
0.04518628
0.03981733
0.04507041
0.04716277
0.04640484
0.04575801
0.04000568
0.03950763
0.04233575
0.04077196
0.04020548
0.03890419
0.03982902
0.03971004
0.04370999
0.03963494
0.04395485
0.04662728
0.04701567
0.04580998
0.04294562
0.04125595
0.04647160
0.04984379
0.04530025
0.04525423
0.05092216
0.04073167
0.04254580
0.04734230
0.04656911
0.05402374
0.04763985
0.05194306
0.05635357
0.04007769
0.04026842
0.04096580
0.04129100
0.04096317
0.05124712
0.04692602
0.05303884
0.04877567
0.04698634
0.04007101
0.04076815
0.04158783
0.04095221
0.04182553
0.04030800
0.04535580
0.03922129
0.04017878
0.04670739
0.04677534
0.05235410
0.04374576
0.03870964
0.03993106
0.03994632
0.04223228
0.04025078
0.03997612
0.04253602
0.03990984
0.04610777
0.04533911
0.04541564
0.04560208
0.04547620
0.06631517
0.05358982
0.04354024
0.03896832
0.04114556
0.04009962
0.05683446
0.03983068
0.04129291
0.04666734
0.04708028
0.04770875
0.04312396
0.04181504
0.04683399
0.05434203
0.04150629
0.03995180
0.04026151
0.03985548
0.04034019
0.04489422
