0.03617406
0.03629518
0.03100562
0.04433012
0.04892230
0.04203844
0.03897476
0.03453541
0.03538632
0.03757572
0.03648973
0.03541064
0.03583694
0.03950548
0.03190827
0.03241348
0.03383207
0.03638363
0.03857017
0.03916860
0.03366685
0.04435539
0.04493117
0.04969192
0.04789877
0.03696275
0.03426814
0.03331757
0.06190991
0.03253984
0.03257918
0.03247404
0.03120327
0.03330994
0.05005145
0.04168391
0.04520202
0.03995681
0.04234910
0.03506112
0.03830552
0.03701091
0.04104066
0.03547096
0.03661633
0.03974628
0.03451419
0.03579736
0.04009771
0.03557777
0.03287387
0.03085327
0.03148580
0.03343153
0.03837872
0.03391838
0.03089476
0.03245354
0.03189349
0.03173542
0.03266096
0.03446436
0.03336382
0.04551864
0.04819369
0.04545045
0.03963590
0.04489493
0.03917050
0.05132651
0.03236985
0.03358603
0.03186250
0.05172038
0.03169513
0.03210616
0.04690170
0.03607869
0.03457260
0.03566790
0.03300047
0.03596115
0.03434110
0.03452134
0.03468728
0.03587604
0.03412199
0.03579831
0.03562474
0.03437352
0.03308511
0.03609967
0.03367710
0.03405476
0.03565717
0.04058337
0.03330755
0.03161740
0.03231573
0.03196597
0.03193974
0.03200579
0.03155279
0.03235197
0.03239655
0.03413033
0.03113508
0.03511810
0.03570843
0.03388047
0.03887939
0.03602266
0.03260684
0.03167677
0.03188491
0.03126121
0.03377366
0.03229785
0.03051448
0.03463268
0.04125023
0.04407740
0.03772235
0.03507614
0.04081488
0.03634882
0.03709340
0.03591251
0.03595281
0.03342175
0.03100419
0.03197217
0.03146267
0.03679800
0.03133702
0.03058028
0.03305650
0.03251243
0.03124523
0.03398180
0.03441858
0.03501868
0.03477573
0.03511310
0.05486226
0.03750396
0.05165648
0.03542924
0.03123927
0.03136015
0.03143144
0.03260660
0.04199171
0.03186822
0.03347659
0.03439879
0.03555369
0.03484893
0.04586101
0.03520799
0.03290915
0.03285956
0.03176475
0.03165293
0.03305268
0.03138185
0.03162003
0.03097105
0.03132915
0.03345799
0.03209043
0.03907347
0.04780245
0.05408025
0.05164003
0.04489803
0.03548169
0.03705812
0.03381062
0.03110743
0.03169298
0.03123856
0.03108931
0.03206038
0.03152752
0.03079295
0.03462410
0.03690028
0.03499508
0.03512192
0.03548670
0.04855418
0.03988147
0.03360343
0.03388381
0.03502250
0.03857899
0.03290892
0.03399682
0.03689599
0.03678012
0.03426170
0.03462386
0.03591371
0.03550124
0.03378081
0.03210020
0.03342724
0.03332806
0.03171396
0.03567195
0.03123999
0.03288078
0.03149557
0.03164625
0.03104448
0.03523803
0.03503823
0.03509808
0.03477120
0.04317331
0.03853083
0.03405237
0.03585005
0.03440690
0.03526950
0.03568292
0.03454709
0.03448129
0.03500724
0.03408313
0.03544736
0.04566813
0.03887439
0.04168010
0.04596829
0.03505945
0.03481913
0.03463554
0.03705573
0.03726625
0.03523803
0.03498793
0.03491449
0.03521442
0.04614520
0.03518796
0.03933597
0.04061604
0.03506994
0.03778291
0.03349423
0.03139544
0.03625846
0.03294158
0.04752207
0.03414154
0.03114676
0.03258729
0.03143215
0.03267002
0.03507972
0.03656268
0.03644538
0.03616118
0.03485441
0.03189397
0.04084873
0.04344082
0.04967785
0.04270625
0.03274226
0.03261805
0.03234410
0.03184533
0.03161383
0.03328156
0.03470826
0.03464293
0.03965616
0.03553843
0.03555584
0.03391242
0.03276706
0.04454350
0.04513001
0.03746772
0.03265214
0.03152156
0.03131795
0.03095889
0.03282404
0.03134060
0.04306841
0.03557444
0.03568816
0.03606963
0.03575754
0.03065968
0.03944111
0.04480314
0.04231119
0.04329252
0.03236389
0.03255653
0.03135419
0.03151703
0.03218746
0.03222632
0.03430653
0.03534913
0.03492022
0.03550744
0.03471160
0.03218055
0.04274917
0.03525114
0.03885055
0.03376627
0.03473115
0.03670979
0.03706527
0.03351641
0.03623319
0.03402448
0.03606486
0.03451896
0.03486323
0.03481174
0.03669786
0.03238130
0.03602219
0.03312063
0.03096271
0.03306293
0.03165174
0.03132439
0.03250933
0.03201413
0.03208184
0.03116393
0.03200054
0.03245425
0.03484964
0.03566623
0.03506970
0.04687667
0.03406906
0.03321409
0.03097010
0.03346491
0.03207636
0.03323269
0.03160405
0.03181815
0.03328180
0.03244638
0.03107715
0.03319168
0.03447437
0.03711510
0.03571296
0.03675485
0.03551054
0.03160834
0.03360438
0.03113031
0.03152895
0.03427386
0.03558373
0.03494692
0.03497505
0.03257823
0.03238511
0.03109527
0.03587675
0.03479505
0.03503299
0.03572464
0.03644848
0.03098464
0.02994466
0.04212594
0.03727913
0.03073788
0.03217554
0.03058195
0.03183985
0.03139400
0.03258801
0.03081846
0.03027201
0.03317833
0.03519821
0.03613687
0.03394318
0.03434277
0.03617811
0.03386497
0.03110003
0.03071928
0.03084278
0.03165126
0.03072882
0.03125262
0.03246784
0.03143573
0.03084922
0.03470445
0.03088450
0.03280044
0.03614497
0.03628063
0.03660774
0.03629231
0.03468895
0.03314114
0.03221798
0.03139758
0.03733921
0.03162432
0.03236723
0.03182578
0.03122330
0.03284025
0.03186512
0.03309584
0.03050613
0.03479862
0.03564763
0.03518772
0.03542519
0.03561425
0.03260279
0.03299165
0.03247499
0.03227615
0.03364801
0.03187823
0.03026962
0.03225636
0.03077698
0.03095484
0.03263950
0.03598142
0.04913044
0.04863095
0.03919554
0.04215813
0.03604817
