0.03844857
0.06676745
0.06422639
0.06789541
0.05867863
0.05758333
0.05263853
0.08394146
0.05355239
0.06985688
0.08156419
0.06923127
0.05877972
0.05377793
0.05202699
0.05438685
0.05141807
0.07339096
0.06845403
0.05926490
0.05473733
0.05470467
0.05417371
0.05435634
0.05709672
0.05494976
0.04951119
0.06415200
0.05711055
0.06461596
0.06563258
0.06387997
0.04768348
0.04584861
0.07055354
0.07515502
0.06395555
0.06641173
0.04872870
0.04706430
0.04567528
0.04790282
0.04678750
0.04735637
0.05023479
0.05943847
0.05685425
0.05876374
0.04868841
0.05133390
0.04788756
0.05093408
0.05701947
0.06118178
0.05675292
0.05536890
0.06851172
0.04814792
0.04938865
0.05315948
0.05109453
0.05343056
0.06084847
0.06871343
0.05745864
0.04971218
0.06018281
0.04493356
0.04301524
0.04720783
0.04387546
0.04916620
0.04757547
0.06020665
0.05808616
0.05428123
0.04570246
0.06040382
0.04880857
0.04499125
0.05201888
0.04478931
0.04393458
0.04222655
0.05048919
0.05039024
0.05470705
0.04837799
0.05012774
0.06624293
0.05127645
0.04564619
0.05220771
0.04547858
0.04953790
0.04825521
0.05187869
0.04981303
0.04129314
0.04260755
0.04196525
0.04570985
0.04455805
0.04460692
0.04208660
0.04967523
0.04780602
0.05445838
0.04897451
0.04360771
0.04602075
0.04231572
0.04934001
0.04189420
0.04545116
0.04226875
0.04594254
0.04642272
0.05173635
0.04520535
0.04040933
0.04359722
0.04085898
0.03945494
0.04063869
0.04295826
0.04288363
0.04120994
0.04982901
0.04568958
0.06295300
0.05200744
0.06130767
0.04167557
0.04025269
0.03823948
0.04027128
0.04189229
0.03657889
0.03782296
0.05095005
0.04265356
0.04173398
0.04210472
