0.03516388
0.07356119
0.07453179
0.06480980
0.05925202
0.05797482
0.07635188
0.06005812
0.05008674
0.06351662
0.06795526
0.05427074
0.05456376
0.05177736
0.06487751
0.06538177
0.06330466
0.05806398
0.04363084
0.04248738
0.04885006
0.04827499
0.04761028
0.04103804
0.04596162
0.04103613
0.04557037
0.04268098
0.03945327
0.04405022
0.03874755
0.04622769
0.04302335
0.04189968
0.04717541
0.03989482
0.03760171
0.03584075
0.03432488
0.03515196
0.03641224
0.03475165
0.03358388
0.03887320
0.03680229
0.04884720
0.04939795
0.04655242
0.04826379
0.04938316
0.05033779
0.03633761
0.03714275
0.03815627
0.04472256
0.03834748
0.03427672
0.03617954
0.03747439
0.03675127
0.03590465
0.03704929
0.04150867
0.03238702
0.03417206
0.03314829
0.03357673
0.03349805
0.03275537
0.03256440
0.03400373
0.03208709
0.03231335
0.04952455
0.04035664
0.04699922
0.04503608
0.04713988
0.04867148
0.04650831
0.03388596
0.03226900
0.03201771
0.03206515
0.03275299
0.03689408
0.03180528
0.03120017
0.04021311
0.03641605
0.03539348
0.03696823
0.03560185
0.03232861
0.03156495
0.03195405
0.03310704
0.03686190
0.03222966
0.03228211
0.03263402
0.03090668
0.03145027
0.03421330
0.03040719
0.03497982
0.03546000
0.03534102
0.04064846
0.03678060
0.03256059
0.03145337
0.03352380
0.03255653
0.03086185
0.03230548
0.03130817
0.03269458
0.03310323
0.03204370
0.03238392
0.03574562
0.03399539
0.03927708
0.03629327
0.03236198
0.03055716
0.03162384
0.03128815
0.03202581
0.03094554
0.03210235
0.03499556
0.03102040
0.03199363
0.03105927
0.03142190
0.04245830
0.04521251
0.03961420
0.04129291
0.03819561
0.03821564
0.03189850
0.03172684
0.03377819
0.03991771
0.03280234
0.03242087
0.03167820
0.03245950
0.03109980
0.03197980
0.03324652
0.03496838
0.03686500
0.03432584
0.03528738
0.03335500
0.03177428
0.03272033
0.03248692
0.03072739
0.03147197
0.03186917
0.03221393
0.03191519
0.03122926
0.03093100
0.03616834
0.03306174
0.03586817
0.03621697
0.03384924
0.03532577
0.03916979
0.03997779
0.03871775
0.04634666
0.04255009
0.03261089
0.03745651
0.04096866
0.03359389
0.03419352
0.03659368
0.03565335
0.03578186
0.03554630
0.03591442
0.03474140
0.03170466
0.03320765
0.03221369
0.03458476
0.03393221
0.03452134
0.03059316
0.03105879
0.03223968
0.03283072
0.03612685
0.03512383
0.03487325
0.03475475
0.03531957
0.03131270
0.04724407
0.04255104
0.03789520
0.03125620
0.03090572
0.03227210
0.03141832
0.03132772
0.03156209
0.03103328
0.03654671
0.04142523
0.04522014
0.04110813
0.03459764
0.03144693
0.03232193
0.03219390
0.03216219
0.03233552
0.03134274
0.03256130
0.03313541
0.04215527
0.04496098
0.03557849
0.03841329
0.04591250
0.04020405
0.04009271
0.03897381
0.03197217
0.03646398
0.03455782
0.03245974
0.03270936
0.03293490
0.03203869
0.03846264
0.03495216
0.04112673
0.03826284
0.03907108
0.03675413
0.03554773
0.03806996
0.03948140
0.03574324
0.03812790
0.03515983
0.03546071
0.03392768
0.03207803
0.03557277
0.03382564
0.03735137
0.04316950
0.03715158
0.03559756
0.03420973
0.04172492
0.03745604
0.04662967
0.05283737
0.03716207
0.03479791
0.03422785
0.03502131
