0.05478692
0.03186226
0.03300810
0.03688693
0.03745103
0.04015088
0.03699589
0.03266430
0.03272128
0.03255892
0.03259182
0.03464985
0.04097724
0.03412700
0.04788661
0.03865814
0.04642558
0.04426050
0.03552747
0.03270721
0.03365183
0.03267074
0.03528380
0.03239918
0.04649329
0.03283262
0.03323722
0.04243040
0.04037380
0.04609632
0.04114819
0.04132795
0.04290700
0.04759836
0.03831339
0.03257942
0.03210092
0.03234816
0.03141093
0.04212117
0.03708529
0.03634548
0.03639936
0.03490496
0.03380322
0.03235435
0.03501749
0.03296089
0.03243494
0.03232598
0.03304267
0.03310084
0.03203464
0.03469777
0.03642488
0.03594112
0.04214549
0.03559136
0.03460097
0.03222609
0.03207207
0.03220987
0.03180790
0.03222179
0.03450632
0.03377891
0.03282237
0.03324890
0.03485441
0.04077601
0.03743720
0.04287910
0.04116774
0.04248857
0.04107594
0.03906131
0.03273654
0.03401017
0.03368592
0.03436780
0.04944468
0.03434753
0.03680062
0.04304338
0.03818917
0.03882027
0.03654981
0.03702712
0.03541088
0.03422499
0.03540087
0.03622293
0.03891850
0.03487277
0.03558016
0.03576994
0.03769469
0.04158187
0.03984451
0.04079580
0.03712702
0.03653383
0.03570533
0.03564453
0.03650570
0.03604078
0.03540373
0.03644443
0.03702521
0.03557467
0.03817868
0.03923655
0.04506111
0.03929543
0.03638959
0.03601217
0.03626680
0.04169202
0.03882790
0.03562665
0.03650808
0.03483486
0.03665566
0.03943372
0.05328512
