0.06944513
0.07280636
0.05688381
0.06048059
0.05574346
0.05851102
0.06309700
0.07430482
0.05833554
0.05418277
0.05308437
0.06775522
0.05730605
0.06223989
0.06239843
0.05196881
0.05317092
0.05288935
0.05108428
0.05204153
0.05337453
0.06233287
0.06033874
0.05340385
0.07505774
0.05154181
0.05437136
0.05871177
0.06507921
0.05111885
0.05417705
0.07040977
0.06858659
0.05234933
0.05787230
0.06532645
0.06593800
0.06782126
0.06247807
0.04938841
0.05044198
0.05192327
0.05729055
0.05809546
0.05511022
0.06612563
0.04985261
0.05298305
0.05038762
0.05931473
0.06480312
0.06489635
0.06724787
0.06315899
0.06087947
0.07876873
0.06192684
0.06898022
0.07995033
0.05343986
0.05285811
0.04888439
0.05247140
0.04713869
0.06817389
0.05792260
0.05729175
0.05891657
0.05751348
0.05209303
0.04954267
0.04925156
0.05188179
0.05778050
0.06014657
0.07042336
0.05743480
0.05068755
0.05158925
0.05363560
0.05131507
0.05457044
0.06646752
0.06037378
0.05894780
0.05208707
0.05084205
0.05278158
0.04959440
0.05428171
0.05437064
0.06011772
0.06480193
0.05499601
0.04958034
0.06277728
0.05303454
0.05055737
0.07315207
0.05820370
0.06216979
0.06333685
0.05231738
0.05360508
0.05384731
0.05122709
0.05225158
0.05088997
0.05173039
0.07369900
0.06096792
0.04889321
0.05083251
0.05630684
0.05042624
0.05198240
0.06436825
0.06008911
0.06442785
0.06009221
0.05311918
0.05671287
0.06428599
0.05765986
0.06013894
0.07854176
0.07340837
0.07694697
0.06784058
0.05424547
0.05305076
0.05821943
0.06804943
0.06425214
0.06128097
0.05578327
0.06640697
0.05539966
0.05279756
0.05905104
0.07214904
0.06624007
0.07328820
0.06221485
0.05888510
0.05955195
0.06138706
0.06842065
0.08284211
0.06969547
0.06505585
0.06748033
0.07536006
0.06798553
0.06774044
0.07258201
0.07141709
0.05969286
0.05929208
0.06194353
0.05822849
0.05916977
0.07050323
0.07439184
0.07287574
0.06251431
0.06178784
0.06894755
0.06181383
0.08230996
0.08169293
0.07431650
0.06870174
0.08726501
0.09742808
0.10198808
0.08772635
0.07741356
0.07521629
0.07244754
0.08287120
0.10390210
0.08604765
0.07139611
0.07297301
0.07479334
0.07441950
0.08950830
0.09935045
0.07373023
0.07304907
0.07617545
0.08554339
0.08663106
0.09313130
0.08990455
0.07395363
0.07571793
0.07523251
0.07788610
0.08020687
0.10066700
0.08982873
0.09772444
0.08733201
0.07962608
0.08869624
0.08052039
0.09937978
0.10313916
0.09752655
0.08987856
0.08331132
0.07604623
0.08020711
0.09973645
0.09453845
0.08190632
0.08678007
0.08345461
0.09787798
0.11705518
0.10096192
0.08422279
0.09116316
0.08835268
0.09008312
0.11003661
0.10195470
0.08707929
0.08618808
0.08503127
0.09111619
0.12232876
0.12284422
0.09460402
0.09179807
0.09278226
0.09758854
0.10729671
0.09109855
0.09289265
0.08637357
0.08570075
0.10669446
0.10468531
0.09104037
0.09181070
0.08836317
0.09644532
0.12108564
0.10574484
0.08958364
0.10348248
0.08937740
0.09322810
0.11125302
0.08746123
0.09536958
0.08777237
0.08606005
0.10667515
0.11308169
0.08839703
0.09502387
0.08860731
0.08473730
0.12137985
0.10354853
0.10792589
0.09391737
0.09268451
0.12244868
0.11572862
0.12854552
0.09663248
0.09385228
0.09754372
0.11901140
0.11738038
0.09082770
0.08555388
0.09029913
0.09820843
0.10714889
0.10007048
0.08584285
0.08704662
0.09291673
0.09714556
0.11001897
0.09707856
0.08919716
0.08997273
0.09457946
0.11340642
0.13449645
0.09030366
0.10199952
0.09239173
0.11094332
0.11033916
0.09371114
0.09094620
0.09300232
0.09852433
0.12034869
0.09088016
0.09026146
0.09394550
0.10211158
0.12391186
0.11266279
0.09745860
0.10112405
0.09906411
0.09721828
0.12110519
0.11949086
0.09215903
0.09085059
0.11791539
0.11716485
0.10071254
0.11523271
0.09132409
0.08361745
0.10026312
0.11083364
0.09222126
0.09423470
0.08558106
0.08557343
0.11261725
0.10893750
0.08679271
0.09106183
0.08976746
0.08979201
0.10458755
0.11250710
0.09785986
0.09029937
0.08960843
0.09192872
0.12143326
0.09709501
0.09855843
0.10111761
0.09324980
0.10920167
0.11107802
0.09351850
0.08474398
0.08779430
0.09269571
0.11544967
0.09520650
0.08830190
0.09388876
0.10408187
0.09416962
0.10857630
0.11508608
0.09152174
0.09580183
0.10438037
0.10328746
0.11310554
0.09851241
0.09290433
0.08559155
0.09052110
0.09689045
0.12228537
0.11584496
0.09215093
0.09127069
0.10983634
0.11512828
0.09095240
0.08977461
0.08925867
0.09084606
0.13533711
0.11910558
0.08933949
0.09474850
0.11223030
0.11081028
0.11166525
0.08944821
0.08851433
0.09866476
0.11766887
0.08632874
0.10287690
0.09682441
0.08463454
0.11415815
0.11024737
0.10056853
0.11375332
0.09211206
0.09923029
0.10792565
0.08672237
0.08549333
0.08260632
0.08115625
0.08457661
0.10828447
0.09493446
0.08670545
0.08323169
0.08692384
0.08887243
0.10740137
0.09695554
0.08235025
0.10358047
0.09897828
0.12270641
0.11804032
0.08598423
0.09846449
0.08634949
0.10877705
0.11965370
0.07973289
0.08881426
0.07744360
0.07664156
0.12006044
0.10161519
0.08155274
0.07402921
0.07452822
0.07522297
0.10277295
0.09294820
0.08481622
0.07687235
0.07264447
0.09090376
0.08531356
0.07251596
0.06905437
0.07407522
0.07882810
0.07212424
0.08093619
0.08757854
0.06626987
0.06435966
0.06640077
0.06731725
0.08537149
0.09057617
0.08450150
0.06217051
0.06180477
0.06546783
0.06900311
0.07643414
0.07296348
0.06533480
0.06371212
0.07831335
0.09381318
0.06677389
0.06412554
0.06473422
0.06354856
0.06830931
0.06537294
0.07438564
0.07340956
0.06122375
0.06511188
0.06191754
0.07081294
0.07456088
0.07099414
0.06196833
0.06422257
0.06645060
0.06165123
0.06102324
0.07701206
0.07742095
0.06929731
0.06535077
0.06386805
0.06472874
0.06264400
0.07637095
0.07457137
0.06183553
0.06108522
0.06350899
0.06135321
0.06282043
0.08185196
0.07538462
0.07701325
0.06210327
0.06179643
0.05935168
0.06450820
0.06212354
0.06929660
0.07238436
0.05828953
0.05947232
0.05935860
0.05834174
0.05671883
0.05580497
0.07046485
0.07181263
0.06321979
0.05939651
0.05697203
0.05707383
0.08328104
0.07458496
0.07685137
0.07613039
0.07662106
0.07590771
0.06434488
0.05269694
0.05474854
0.06366467
0.06410074
0.05511355
0.05824208
0.05561137
0.05484104
0.05436826
0.05533338
0.07429934
0.07172704
0.07833409
0.05422759
0.05417490
0.05520558
0.05382061
0.05196142
0.05894327
0.06269050
0.06089735
0.06682491
0.06700540
0.05991364
0.06049681
0.05245018
0.05191350
0.07606411
0.07437301
0.06103063
0.05156660
0.05291033
0.04939604
0.04929757
0.05985141
0.08233070
0.05170894
0.04918313
0.05058861
0.04980707
0.04881811
0.05123162
0.05363131
0.05892134
0.07801962
0.05127859
0.04742599
0.04761243
0.07225013
0.04872084
0.05462503
0.05649996
0.05977726
0.06975794
0.05664086
0.04685163
0.04508305
0.05524921
0.05145311
0.05293059
0.04802489
0.06546354
0.07255435
0.05227447
0.06668830
0.06515431
0.06822801
0.05393410
0.07335234
0.05266166
0.04470515
0.04664755
0.04916024
0.05755496
0.06055307
0.06088328
0.06353807
0.04531550
0.06059670
0.04538655
0.04980350
0.06854296
0.06429601
0.06587648
0.05200958
0.04762030
0.05719709
0.05723405
0.06926417
0.04951525
0.05685091
0.07379103
0.07681799
0.07762575
0.05535316
0.06857705
0.05709672
0.05532646
0.05747080
0.06286979
0.05215216
0.05335331
0.05080891
0.04948354
0.05119562
0.04742861
0.04955530
0.06720996
0.06603408
0.07550335
0.07161450
0.06670070
0.05303502
0.04966116
0.05351806
0.06723356
0.08424425
0.05592918
0.05254149
0.05638742
0.05009842
0.05519199
0.05129576
0.06591344
0.07041836
0.07813430
0.07013416
0.05535460
0.04765368
0.07182384
0.05315733
0.05821157
0.06287742
0.05679488
0.05421329
0.05291820
0.05210543
0.05529571
0.05059052
0.06975317
0.06328678
0.05835080
0.05251360
0.05261254
0.05505490
0.07347870
0.05770588
0.07016659
0.06541371
0.05369663
0.05470586
0.05297613
0.05115747
0.04965568
0.04945827
0.05612159
0.05760193
0.05750728
0.05507350
0.05069971
0.05438232
0.06154895
0.04972196
0.06158376
0.06940794
0.05974627
0.05450964
0.05435419
0.05115724
0.05747461
0.05331349
0.05092430
0.06418133
0.05570793
0.05430603
0.04744959
0.04751492
0.05117679
