0.03269672
0.04107594
0.03770494
0.04531479
0.04873061
0.04892445
0.04037285
0.04449844
0.04528189
0.04075336
0.03598690
0.03702450
0.04199457
0.04061604
0.04773331
0.04995060
0.03428817
0.03545427
0.03563833
0.03732848
0.03518224
0.03793645
0.03513074
0.03535509
0.03929281
0.03860974
0.04463410
0.03838015
0.03630209
0.03472590
0.03530264
0.03454423
0.03464603
0.03474736
0.03392196
0.03981090
0.03341150
0.03570843
0.03630948
0.03716755
0.04304004
0.03909492
0.04344654
0.03471565
0.03399706
0.03602362
0.03422427
0.03653121
0.03701329
0.03417540
0.04987621
0.03449774
0.03790712
0.04365373
0.03823519
0.03699827
0.04142666
0.04735422
0.03899169
0.03396869
0.03398490
0.03432035
0.03480768
0.03580546
0.03443170
0.03312635
0.03640509
0.03850627
0.04258060
0.03833938
0.03950834
0.03533888
0.03536963
0.03560066
0.03508782
0.03327560
0.03466797
0.03511047
0.03429031
0.03343868
0.03467131
0.03522897
0.04401970
0.03956127
0.03878689
0.03770733
0.03755689
0.03316760
0.03476763
0.03555441
0.04169059
0.03792596
0.03701258
0.03728747
0.03342819
0.03806043
0.03452110
0.03362536
0.03597879
0.03658724
0.03795171
0.04210520
0.05224419
0.03763819
0.03798795
0.03931260
0.04472971
0.03396988
0.03555226
0.03742599
0.03574991
0.03620505
0.03544831
0.03779507
0.03851318
0.03859782
0.03793430
0.03974032
0.03602123
0.03504634
0.03522158
0.03724432
0.04567170
0.03423786
0.03547645
0.03430080
0.03440952
0.03646326
0.03740931
0.03896570
0.04387021
0.04026341
0.03881717
0.03359175
0.03415942
0.03500199
0.03589606
0.03507829
0.03568077
0.03867936
0.03561640
0.03506827
0.03515935
0.03901148
0.04438186
0.05977273
0.04189110
0.04229426
0.04515123
0.03929543
0.03536630
0.03452182
0.04592156
0.03861690
0.03723001
0.03457522
0.03658247
0.04291344
0.03984475
0.04476523
0.05539918
0.03812647
0.03512049
0.03646708
0.03605056
0.03865218
0.03530955
0.03918982
0.03508067
0.03506637
0.03787351
0.03494143
0.03497028
0.04237247
0.03946352
0.04055929
0.04071093
0.03998756
0.05024338
0.04022717
0.03561425
0.03522253
0.03653026
0.03584218
0.03665709
0.03699827
0.03635287
0.03617549
0.03618169
0.03878403
0.05289245
0.04602385
0.04095078
0.03583097
0.03584003
0.03646326
0.03586316
0.03498697
0.03529024
0.03520441
0.03861737
0.03819060
0.04190874
0.04486561
0.05300212
0.04648662
0.04734540
0.04781055
0.04517651
0.03658319
0.03642607
0.03981209
0.03666973
0.03595734
0.03639722
0.03647017
0.03776956
0.04171586
0.04085159
0.04144073
0.04122210
0.03981137
0.03628397
0.03690529
0.05645609
0.05046988
0.04057074
0.03816676
0.03893781
0.03921866
0.05283189
0.04379559
0.04855156
0.04644394
0.04071093
0.04677057
0.04144359
0.04491591
0.04144192
0.04528022
0.04186702
0.04216218
0.04629922
0.04679823
0.06307340
0.05606389
0.05101109
0.04448295
0.04399729
0.04381514
