0.07172585
0.10933304
0.10916209
0.09092355
0.08470583
0.11179233
0.10871339
0.09169722
0.08499360
0.09299827
0.13660073
0.08450961
0.09045291
0.08566260
0.08663249
0.11778855
0.09530258
0.08586597
0.10309649
0.10233068
0.11187768
0.09534073
0.08926225
0.08423424
0.08899307
0.10816193
0.10653543
0.08969188
0.08945227
0.08445811
0.11156845
0.10939169
0.08529329
0.11022615
0.08917069
0.10137796
0.11574364
0.08454204
0.08695841
0.09309149
0.08506203
0.10880542
0.08951926
0.09172559
0.08550692
0.10786843
0.10564899
0.08486438
0.09003711
0.08942747
0.08923697
0.11174607
0.10015130
0.10014153
0.09931135
0.10222244
0.10777140
0.09663677
0.09316015
0.08533502
0.09736204
0.10391450
0.11404800
0.09073734
0.08962846
0.08447337
0.09024715
0.09421015
0.10971355
0.09042835
0.08531451
0.08742237
0.08882427
0.09765410
0.10551596
0.10339165
0.09909320
0.09872723
0.10154581
0.09936953
0.10467196
0.10565305
0.09168434
0.09382653
0.09173894
0.11803412
0.08867073
0.08796287
0.10035443
0.08029318
0.09847760
0.10752416
0.08209395
0.08829308
0.08771706
0.08078742
0.11053610
0.10421658
0.08155060
0.08658957
0.08931661
0.10086679
0.11391473
0.09534311
0.08232141
0.09319329
0.09504390
0.10407853
0.08997869
0.08707690
0.08977413
0.08693600
0.09667158
0.10620666
0.08959675
0.09069705
0.08554244
0.09950256
0.12776542
0.09446383
0.10156369
0.09703207
0.09571338
0.10965276
0.09364891
0.08588076
0.09022570
0.08873105
0.08164024
0.10080838
0.10873771
0.08294129
0.08716702
0.08717370
0.08737516
0.11124492
0.10926437
0.10205722
0.09352160
0.09066248
0.09647083
0.11866307
0.10022092
0.08457541
0.09272408
0.10786319
0.11131239
0.11225367
0.09137368
0.08124852
0.11364412
0.10923624
0.10184765
0.08460164
0.08291054
0.08386993
0.08276892
0.09265327
0.11000085
0.08483291
0.09589744
0.09510064
0.08545995
0.10489917
0.10408568
0.11992621
0.12135768
0.10338569
0.10356641
0.10298610
0.08413911
0.08426142
0.08494544
0.08489656
0.08648705
0.12076545
0.10038662
0.09128070
0.08503294
0.09823322
0.10583639
0.12607956
0.08138442
0.08689857
0.08766127
0.08124399
0.09555030
0.12559080
0.10725617
0.08753681
0.08981013
0.08184123
0.08871555
0.10526896
0.10651445
0.08813620
0.09417963
0.08282638
0.08962417
0.10736394
0.10374951
0.08872914
0.09624934
0.09769368
0.09913993
0.11237359
0.09364200
0.08952475
0.08909559
0.08234906
0.09313607
0.11194158
0.09695315
0.08785677
0.08888173
0.08327961
0.08885670
0.11323476
0.09731793
0.10535264
0.09280181
0.08402252
0.10006762
0.11172867
0.09134293
0.08992505
0.08567739
0.08647084
0.08604097
0.11250758
0.10515451
0.08394337
0.08248115
0.08338332
0.08008099
0.10199857
0.09919500
0.09608769
0.07987237
0.07873678
0.08000326
0.10176373
0.11048269
0.09575605
0.08813906
0.09041190
0.09653807
0.08897567
0.11664438
0.10972047
0.09348059
0.09530926
0.09201360
0.09879589
0.12415004
0.10594916
0.09607673
0.09577847
0.09704542
0.11751294
0.10456920
0.09396815
0.09091783
0.09299803
0.09636235
0.12057567
0.10301256
0.09542918
0.09513092
0.09488916
0.09459352
0.12125444
0.10921907
0.09377813
0.09544683
0.09459972
0.09858131
0.11914039
0.11257434
0.10793066
0.09344816
0.09546089
0.10334229
0.11651373
0.09458017
0.09401512
0.09381223
0.09419632
0.11387253
0.10318518
0.09246039
0.08969855
0.08886886
0.09214711
0.11413121
0.10260701
0.09048128
0.08890700
0.08741307
0.09298444
0.10592532
0.11644197
0.10795760
0.11921978
0.09268689
0.12941647
0.10258889
0.09508228
0.09309721
0.10863829
0.09430552
0.13368917
0.10448623
0.08883238
0.08774376
0.08793712
0.08625054
0.09987307
0.13923979
0.08556747
0.08609247
0.08738470
0.08991289
0.09773326
0.12050509
0.08816814
0.12880230
0.08956981
0.10307360
0.09617209
0.11658835
0.08811665
0.08327198
0.08896804
0.08728147
0.09483671
0.11505485
0.08298373
0.08502316
0.09538865
0.08507538
0.10101676
0.11329365
0.08513117
0.08542824
0.09280372
0.08497930
0.10356665
0.13881159
0.08933043
0.08631015
0.09232879
0.08427072
0.08372188
0.09793353
0.11454344
0.09104657
0.09533238
0.08618069
0.08575845
0.09728003
0.11042881
0.10190010
0.10823822
0.10941601
0.10424280
0.12393928
0.11663389
0.10406113
0.10545373
0.08833098
0.09128451
0.11487675
0.10253024
0.09187961
0.09013295
0.09056449
0.09754896
0.11897564
0.11981368
0.09041357
0.09728575
0.09169698
0.09484148
0.12748551
0.11249804
0.09271097
0.09263754
0.09006596
0.09348702
0.11404443
0.10370374
0.08954954
0.09297800
0.08747602
0.08596730
0.11907411
0.10600495
0.09484911
0.09590578
0.10142183
0.09078217
0.10273981
0.09285259
0.08332872
0.08109808
0.07970572
0.08388162
0.08630729
0.10616755
0.12494969
0.11780047
0.08450198
0.07781863
0.09662509
0.10685945
0.10696268
0.08063698
0.08194733
0.08169651
0.11275601
0.11866856
0.11863971
0.08383107
0.08193016
0.09255528
0.11494780
0.09445453
0.08334994
0.08154225
0.08182192
0.08275604
0.09838820
0.09514308
0.08123708
0.08722782
0.07797265
0.07867861
0.07746816
0.09851623
0.10089898
0.08248997
0.08429551
0.08777905
0.08049178
0.09835243
0.09772468
0.07936096
0.07903862
0.07855344
