0.07028961
0.09597325
0.08847642
0.10531545
0.10893393
0.09515858
0.07039523
0.09157705
0.09426188
0.08314443
0.08788276
0.08617711
0.08564925
0.09600735
0.08531713
0.08713627
0.08673525
0.09024024
0.11709309
0.09036875
0.07391596
0.08027768
0.08104587
0.09565902
0.10419130
0.10153627
0.09068942
0.09084797
0.08731484
0.08994627
0.06826544
0.07005143
0.07478595
0.07606530
0.07264066
0.07477212
0.07747507
0.06052017
0.06058431
0.05987120
0.06414700
0.06261277
0.07142687
0.08483505
0.06304789
0.05992889
0.05740714
0.06153250
0.05677843
0.05855894
0.07369828
0.05413961
0.05550241
0.05695319
0.05316472
0.04877639
0.04787803
0.06217289
0.06152010
0.06993580
0.04841018
0.05014801
0.04851818
0.04722404
0.04785562
0.04731679
0.05636191
0.06128263
0.05180883
0.04764056
0.05161142
0.05153203
0.05664349
0.05566907
0.06424499
0.08580899
0.08958459
0.07770920
0.08527303
0.08478165
0.10557413
0.11764312
0.09327149
0.08281660
0.06791139
0.06698513
0.06915855
0.07799721
0.09073234
0.07063365
0.06872058
0.07194686
0.07597041
0.07082367
0.08990002
0.08463764
0.06703115
0.07689071
0.07033515
0.07542706
0.08248639
0.09221482
0.08598471
0.08711982
0.08272958
0.07224417
0.07692146
0.07849836
0.08954763
0.09859109
0.07654309
0.07548308
0.07656240
0.08162546
0.09442186
0.09389520
0.08811235
0.06999159
0.07701850
0.07346106
0.07084203
0.07268214
0.09048748
0.08441162
0.08447838
0.07709026
0.07489848
0.07476091
0.07907367
0.09170270
0.08300591
0.07418466
0.07520556
0.07563877
0.07433820
0.09583998
0.09770250
0.07873774
0.08647823
0.07481933
0.07179594
0.07995224
0.08525920
0.08506346
0.07285142
0.07519078
0.09245420
0.08400440
0.08802462
0.08201957
0.07869363
0.08876944
0.07524920
0.07799172
0.07246256
0.09524488
0.11060095
0.09228039
0.07230568
0.06972408
0.06989598
0.06654477
0.06419635
0.07507277
0.06892180
0.06227231
0.05253506
0.05310082
0.04844594
0.05042338
0.04881310
0.04965401
0.05929947
0.05933309
0.05951428
0.05540848
0.05161452
0.05263543
0.05500650
0.05469728
0.05665994
0.06625128
0.07298827
0.06909609
0.06048870
0.06012893
0.06162262
0.05960870
0.06061363
0.06360126
0.07274270
0.07996702
0.07295752
0.06919360
0.07253981
0.06787014
0.06689596
0.06756997
0.08509779
0.08556342
0.06766558
0.06552243
0.06517053
0.06459785
0.06311011
0.07457089
0.08109021
0.07409358
0.07923794
0.06577563
0.06766009
0.06569886
0.06961179
0.07860684
0.07698393
0.06387258
0.06361628
0.07164693
0.06596184
0.06464720
0.06754971
0.06570029
0.05510139
0.05736756
0.05739355
0.05451250
0.05368614
0.05905652
0.06889772
0.07144856
0.09010768
0.05892205
0.05735445
0.05961347
0.05743837
0.08521748
0.09667897
0.08327317
0.06441021
0.05700040
0.05515480
0.05559444
0.05728602
0.05579495
0.06682253
0.06811428
0.06215429
0.05667591
0.06065154
0.05775166
0.06050110
0.06647611
0.07404852
0.07792068
0.07376695
0.07093501
0.07543159
0.06601429
0.06826544
0.07140160
0.07649875
0.07135916
0.05651283
0.05684566
0.05518341
0.06172442
0.05752277
0.05992651
0.06923890
0.06547046
0.05350280
0.05566168
0.05721974
0.06014204
0.05913973
0.06310225
0.07926536
0.08043456
0.06552100
0.06485009
0.06743693
0.06220770
0.06155753
0.06921744
0.07444525
0.07960200
0.06053495
0.06466365
0.05964613
0.05874419
0.06331182
0.05821395
0.07271099
0.10646272
0.05926299
0.06072450
0.06008601
0.06903481
0.06096005
0.06003690
0.10051489
0.07077885
0.06221056
0.06368256
0.06433082
0.06675673
0.08421779
0.09353280
0.07990360
0.06929851
0.07644200
0.07402825
0.07236648
0.07677984
0.07561827
0.07323170
0.07207274
0.06612563
0.07249069
0.06859612
0.07188702
0.08498335
0.11170983
0.07498050
0.07516050
0.08013105
0.08723879
0.11956120
0.11964774
