0.02495384
0.04273152
0.04404187
0.03365827
0.03492522
0.03434110
0.03696203
0.03466654
0.03744912
0.04972100
0.04614115
0.03640056
0.04500413
0.04667568
0.04481626
0.03763175
0.03661346
0.04293084
0.03651309
0.04676127
0.03649116
0.03413343
0.03547096
0.03464580
0.04608893
0.04680705
0.03962779
0.03787327
0.03610706
0.03150654
0.03298879
0.03487659
0.03152132
0.03235841
0.03501678
0.03270912
0.03860807
0.04025030
0.03331375
0.03411531
0.03374100
0.03103256
0.03748322
0.03531003
0.03494644
0.03828216
0.03510213
0.03519726
0.03662324
0.03328395
0.03451109
0.05360866
0.03460050
0.04479361
0.03294754
0.03199434
0.03177881
0.03167105
0.03666615
0.03249621
0.03056312
0.03936911
0.03307509
0.03120732
0.03987980
0.04020095
0.03854394
0.04114246
0.04018807
0.05067563
0.04187989
0.03511429
0.03359127
0.03079796
0.03071380
0.04100895
0.04361391
0.03624296
0.04887700
0.04701781
0.04392910
0.04819846
0.04713631
0.03880858
0.03185582
0.03391123
0.03180051
0.03188944
0.03107357
0.03155565
0.03398514
0.03515601
0.03147531
0.03265595
0.03557944
0.03638077
0.03622985
0.04217720
0.03228951
0.03179264
0.03381443
0.03318930
0.03462172
0.03375578
0.03619504
0.03485847
0.03746200
0.03180361
0.03009343
0.03175902
0.03491735
0.04139280
0.03867006
0.03811812
0.05189371
0.04995656
0.05055451
0.03508306
0.03444743
0.04024220
0.03826189
0.04419899
0.04084253
0.03624964
0.05655956
0.04556799
0.04648566
0.04455495
0.03523850
0.03875852
0.03590202
0.03725696
0.03356481
0.03414631
0.04132652
0.03796649
0.03977203
0.04446864
0.04005456
0.03884768
0.03409147
0.03651357
0.03540730
0.04445529
0.03721547
0.03689480
0.03756499
0.03619766
0.03698611
0.04190755
0.03842664
0.03975201
0.03763819
0.03906059
0.03666186
0.03616476
0.03655577
0.03717136
0.03519797
0.03950548
0.03940654
0.04053044
0.04109335
0.03935027
0.04530334
0.03918719
0.03946781
0.04046345
0.03949404
0.03541207
0.03554511
0.03274965
0.03542876
0.03101325
0.03251791
0.03166389
0.03467417
0.03784871
0.04012918
0.03604460
0.03510237
0.03232312
0.03242326
0.03189993
0.03220534
0.03282142
0.03335142
0.03591442
0.03189802
0.03181839
0.03501105
0.03194737
0.03884506
0.03689361
0.03509879
0.03561091
0.03322244
0.03743649
0.04196119
0.03406954
0.03321886
0.03220916
0.03440714
0.03101945
0.03281546
0.03187847
0.03524113
0.04020429
0.03662038
0.03537440
0.04662347
0.04879355
0.04934812
0.04690433
0.04831243
0.04108429
0.03988194
0.03178716
0.03686690
0.04664874
0.04736423
0.04650283
0.03717613
0.03685880
0.03698468
0.04036832
0.03725624
0.03369379
0.03369355
0.03573012
0.04124451
0.04413390
0.04321885
0.04505348
0.03269982
0.03410578
0.03475022
0.03243375
0.03246808
0.03174496
0.03576732
0.03360629
0.03125691
0.03319693
0.03326535
0.03585935
0.04901958
0.03765464
0.04812574
0.04923058
0.03200173
0.03215480
0.03209019
0.03216481
0.03683233
0.03650784
0.03178167
0.03460693
0.03469753
0.03486252
0.03501749
0.03248858
0.03199315
0.03142595
0.03198600
0.03218746
0.03254700
0.03111434
0.03213954
0.03230119
0.03638339
0.03664684
0.03489089
0.03428292
0.03334999
0.03563094
0.03482032
0.03262997
0.03274989
0.03502941
0.04380965
0.03803968
0.03410029
0.03376174
0.03490233
0.03927374
0.04051208
0.04613781
0.05220151
0.04461193
0.04357886
0.03717184
0.03073716
0.03242135
0.04286790
0.03031850
0.03551841
0.03001833
0.03181696
0.03028607
0.03357172
0.04319119
0.03910375
0.03905725
0.03571582
0.03226519
0.03660440
0.03536940
0.03397298
0.03466177
0.03357267
0.03506160
0.04043007
0.04595733
0.06342435
0.04183769
0.03517103
0.03176212
0.03182220
0.03240466
0.03510857
0.03222537
0.03195977
0.03251958
0.03039360
0.02970815
0.03083134
0.03267050
0.03374219
0.03795218
0.03495789
0.03364897
0.03422642
0.03342056
0.03881192
0.03424907
0.03069043
0.03026080
0.03236771
0.03128719
0.04225993
0.03523350
0.02985191
0.03135514
0.04295778
0.04767489
0.04723001
0.04060864
0.03652358
0.04451847
0.03190136
0.03055716
0.03363514
0.03106713
0.03195119
0.03456354
0.03189898
0.02986121
0.03608155
0.04114079
0.04135036
0.04470277
0.03783727
0.03741455
0.03971648
0.04277992
0.03822446
0.03232646
0.03170562
0.03766489
0.03092670
0.03084898
0.03840899
0.03185725
0.03740120
0.03514028
0.03622198
0.03441429
0.03466082
0.03856897
0.03682184
0.03075004
0.03075814
0.03139758
0.03092909
0.03092957
0.03175187
0.03272057
0.03223491
0.03356743
0.03509045
0.03551030
0.03368449
0.04008365
0.03206372
0.03184080
0.03578782
0.03505492
0.03537774
0.03396440
0.03300190
0.03181243
0.03961301
0.03029132
0.03449440
0.03553724
0.04267645
0.04749393
0.04385900
0.04001689
0.03147364
0.03274608
0.03085589
0.03288364
0.03110099
0.03547931
0.03692365
0.03559303
0.03462005
0.03732872
0.03987813
0.04831147
0.03991723
0.03565240
0.03247643
0.03160858
0.03226256
0.03346753
0.03197694
0.03234076
0.03420830
0.03487921
0.03236389
0.04086995
0.04844522
0.03450513
0.03987837
0.03796458
0.03241801
0.03364110
0.03239560
0.03148937
0.03766704
0.03319073
0.03229928
0.03347516
0.03343344
0.03646111
0.03376651
0.03844309
