0.04419804
0.04388809
0.03918934
0.03523207
0.03529906
0.03641486
0.03933573
0.04801798
0.05053401
0.04917383
0.04662037
0.03354406
0.03738379
0.03575897
0.03502989
0.03565311
0.03450823
0.03414702
0.03987336
0.03912210
0.04350495
0.04103541
0.03970337
0.04812312
0.04503727
0.03469610
0.03373480
0.03475690
0.03639221
0.04564500
0.03818607
0.03859830
0.03761458
0.04972363
0.05387044
0.04276562
0.03463626
0.03544617
0.03486204
0.03576064
0.05139327
0.05158377
0.04630256
0.03911042
0.03541470
0.03449917
0.03570628
0.03395700
0.03505230
0.03522587
0.03789496
0.03748894
0.03902149
0.03713918
0.03773999
0.03887868
0.03878284
0.03707099
0.03506660
0.03911018
0.03452516
0.03394771
0.03445244
0.03286195
0.03463697
0.03450251
0.03437686
0.03521681
0.03825569
0.04400253
0.03902507
0.03854918
0.03388309
0.03802252
0.03601098
0.03409529
0.03815460
0.03736234
0.03807211
0.03940678
0.03749704
0.04038763
0.04601026
0.04608274
0.04558015
0.03999591
0.03548288
0.03606462
0.03524351
0.03501892
0.03587914
0.03571677
0.03501129
0.03486657
0.03588176
0.04756618
0.03968024
0.04128265
0.04048204
0.03222871
0.03633785
0.03661489
0.03464270
0.03865266
0.03694391
0.03568125
0.03784227
0.04259014
0.03822637
0.04035187
0.04071498
0.04065132
0.04071569
0.03527713
0.03672385
0.03979683
0.03527951
0.03505921
0.03783679
0.03932190
0.04127860
0.03715563
0.03574610
0.03843570
0.05210853
0.05264854
0.04333210
0.04445910
0.03627419
0.03501105
0.03446174
0.03502655
0.03411508
0.03873873
0.04548192
0.04659700
0.04216194
0.04034352
0.04825044
0.04695034
0.05291438
0.04890490
0.04103208
0.03478694
0.03579378
0.05454731
0.04459715
0.04383922
0.03851008
0.03801942
0.04242396
0.04711652
0.05236745
0.03670382
0.04377055
0.03889012
0.04053211
0.04139829
0.04065347
0.03898478
0.03438401
0.03611994
0.03646469
0.03805447
0.03468490
0.05828857
0.03500247
0.03611112
0.04736853
0.05041051
0.04701996
0.05373740
0.03552318
0.03460503
0.03483009
0.03559041
0.03481865
0.03709984
0.03441429
0.03835201
0.03789306
0.03952599
0.03954673
0.04371023
0.03662848
0.03654957
0.03405595
0.03532815
0.03551340
0.03456974
0.03416252
0.03667688
0.03536940
0.03527880
0.04513407
0.04998398
0.04380178
0.04349446
0.04139519
0.04075551
0.03962374
0.03809905
0.03957629
0.04412293
0.04132366
0.04272389
0.04768825
0.04856133
0.05115175
0.05041242
0.04436755
0.03749633
0.03860307
0.03841424
0.03820467
0.03656888
0.04128861
0.03839064
0.03868103
0.03934956
0.04927945
0.04355454
0.04249167
0.03883648
0.03803515
0.03864193
0.04685664
0.04683352
0.04020786
0.03788495
0.03672767
0.04024649
0.04152155
0.03701997
0.04737496
0.04050064
0.03504133
0.03511572
0.03392816
0.03432465
0.03847980
0.03420496
0.03433108
0.03861332
0.04409957
0.03835440
0.03779721
0.03448868
0.03577852
0.03432178
0.03598714
0.03450251
0.03405070
0.03426695
0.03353548
0.03442860
0.03575492
0.03854823
0.03863811
0.04467583
0.03902864
0.04209065
0.04557753
0.04674077
0.03880620
0.04273224
0.04454947
0.03620243
0.03381324
0.03994894
0.03772187
0.03802633
0.03972888
0.03524017
0.03467059
0.03415537
0.03475833
0.03762531
0.03469229
0.03363991
0.03500128
0.03480554
0.03818321
0.03788877
0.04071069
0.03962946
0.04506850
0.03481984
0.03382492
0.03561282
0.03467965
0.03532338
0.03409863
0.03504872
0.03437304
0.03523159
0.03774261
0.03860211
0.03896761
0.03831863
0.03777409
0.03537297
0.03389120
0.04320741
0.04679966
0.04431987
0.05110955
0.03811955
0.03619480
0.03671598
0.03955889
0.03731227
0.03923059
0.03877211
0.03677416
0.03736305
0.03509617
0.03537273
0.03399515
0.03387642
0.03471923
0.03510261
0.03550100
0.03342962
0.03913212
0.03839254
0.03931260
0.04101443
0.03684688
0.03548789
0.03423524
0.03349876
0.03698778
0.03386950
0.03630209
0.03807306
0.03500724
0.03789926
0.03953481
0.03852701
0.03912163
0.03751040
0.03469753
0.03347301
0.03471422
0.03947473
0.03526807
0.03405333
0.04899311
0.03378177
0.03700161
0.03865743
0.03842044
0.03758168
0.04310417
0.03716040
0.04075074
0.03700018
0.03968763
0.03796101
0.03709626
0.03653717
0.03463602
0.03611350
0.03562379
0.03497267
0.04513383
0.03856993
0.03828764
0.03750491
0.03626275
0.03497863
0.03471327
0.04400635
0.03984690
0.03477144
0.03511572
0.03801346
0.03594542
0.03474331
0.03456306
0.04933500
0.05142498
0.04964614
0.04559422
0.04632187
0.04155493
0.03987145
0.03798032
0.03722787
0.03835893
0.04030752
0.04238772
0.04818821
0.04810214
0.05332732
0.05083132
0.04034209
0.03884244
0.03910089
0.03781152
0.03706455
0.03694367
0.03726268
0.03758240
0.03780913
0.04327703
0.04414701
0.04359317
0.04435730
0.03790522
0.03942609
0.03852797
0.03836060
0.03854990
0.03663254
0.03815103
0.03745413
0.03748059
0.03666615
0.04149199
0.04538321
0.04353261
0.04560423
0.03959632
0.03804088
0.03779650
0.03868461
0.04128623
0.03910422
0.03829145
0.03704166
0.04298902
0.04395056
0.03799319
0.03893685
0.03598905
0.03207588
0.04035330
0.04231381
0.04520917
0.03364182
0.03499174
0.03347611
0.03455424
0.03621030
0.03864622
0.03897595
0.03845048
0.03970790
