0.06914091
0.04972005
0.03954554
0.04087067
0.04255486
0.04171896
0.04509497
0.04650259
0.04647303
0.06111479
0.06394720
0.06039548
0.05344582
0.05117059
0.05068064
0.06922507
0.04374456
0.04284382
0.04148006
0.04275703
0.04442811
0.04512429
0.04299092
0.06529617
0.05250025
0.05283427
0.05022073
0.04542232
0.04531598
0.04778671
0.04923773
0.04717779
0.05677891
0.05560851
0.06082869
0.05065036
0.06032538
0.04691744
0.04510617
0.04655123
0.04774237
0.06535959
0.05946612
0.05714369
0.06454945
0.04943013
0.04375410
0.04743695
0.07887316
0.06170058
0.05697942
0.04544592
0.04831743
0.04183984
0.04195833
0.04157424
0.04700971
0.04143071
0.04030108
0.04097652
0.04591203
0.04604244
0.04681921
0.04326439
0.03934789
0.04082131
0.04838300
0.03892636
0.03812003
0.03869629
0.04769826
0.04486322
0.04320002
0.04417682
0.04003739
0.03976321
0.03845119
0.04416132
0.03873301
0.03937626
0.03984046
0.04429197
0.04388070
0.04964733
0.04246569
0.04057884
0.03942943
0.03949952
0.03928876
0.03875589
0.04262424
0.03876281
0.04218626
0.04376578
0.04825306
0.04485035
0.04206681
0.03842664
0.04057956
0.03963637
0.04494381
0.04272056
0.04306078
0.03938770
0.04198456
0.05306101
0.05491519
0.05685019
0.04701996
0.04881954
0.05117297
0.04946852
0.04610991
0.05296540
0.04423428
0.05250621
0.05827975
0.07816625
0.07403326
0.06074357
0.03993988
0.03923297
0.03920412
0.03979731
0.04439831
0.04692578
0.04546285
0.04417992
0.04490137
0.03941250
0.03979611
0.04199743
0.03998089
0.07654357
0.05845809
0.05586934
0.05462885
0.04312348
0.03924227
0.04169703
0.04539514
0.04329515
0.04496050
0.04606414
0.04724598
0.05236125
0.04434252
0.04458761
0.04651356
0.05172777
0.04759717
0.04643059
0.04280305
0.05012178
0.05260181
0.05708933
0.05208302
0.04605913
0.05336738
0.04769444
0.05333543
0.05551147
0.05197358
0.05199671
0.05751896
0.04909706
0.04161358
0.04150414
0.04989481
0.04748106
0.04191995
0.04149914
0.04566741
0.06093550
0.05472064
0.04965281
0.04225683
0.04481626
0.04304576
0.04898047
0.05390906
0.05259967
0.06954598
0.07281375
0.06344461
0.04697609
0.04421806
0.04292774
0.04304314
0.04641318
0.04802442
0.05717015
0.05895138
0.05407572
0.06762719
0.04617643
0.04809165
0.04401922
0.04615283
0.03990555
0.04057503
0.03948569
0.04841232
0.04509902
0.05097818
0.04334974
0.03888965
0.04146099
0.04399538
0.03942895
0.03740525
0.03724384
0.03833461
0.04125094
0.04361153
0.03923464
0.03861618
0.03837156
0.06106853
0.04383659
0.04304457
0.04628158
0.04896379
0.06170630
0.06697822
0.05424285
0.05275989
0.05432296
0.05190349
0.05470252
0.06209016
0.05655670
0.05667090
0.05707002
0.04742217
0.04771543
0.04673147
0.05321670
0.04282069
0.04257441
0.04285145
0.04361987
0.04956245
0.05483723
0.04869890
0.04631901
0.04663301
0.04278064
0.04756117
0.04539442
0.04381943
0.04848099
0.04961944
0.05251360
0.04972363
0.04431438
0.04483175
0.04489541
0.04793239
0.04178572
0.04117990
0.04288816
0.04854536
0.04424047
0.04360342
0.03848743
0.03748131
0.03633404
0.03753829
0.04087305
0.03807545
0.03774905
0.03710794
0.04776406
0.04327846
0.04340601
0.04421568
0.03793001
0.03698444
0.03857970
0.04264855
0.03707409
0.03646994
0.03480554
0.03967595
0.03828073
0.05315375
0.05279446
0.05402565
0.04482412
0.05029273
0.04885650
0.04637098
0.03864694
0.04109168
0.03883076
0.04255795
0.04275823
0.04089975
0.04088688
0.04950213
0.05384016
0.04991579
0.04508233
0.03983617
0.04021597
0.04819798
0.05798602
0.05993891
0.05285549
0.04338717
0.04183865
0.03833199
0.03978729
0.03902292
0.03968430
0.04163051
0.04224491
0.04701757
0.04342055
0.04477549
0.04257894
0.04161596
0.03932405
0.04100561
0.04119658
0.04410481
0.04078341
0.04038024
0.04602170
0.05328274
0.04652953
0.04658055
0.03976965
0.04061460
0.04045391
0.05030465
0.03744197
0.03763556
0.03814793
0.03756762
0.03900385
0.04240918
0.04908252
0.04247737
0.03968883
0.03841019
0.03740859
0.03675961
0.03814507
0.04079819
0.03766894
0.03679729
0.03871274
0.03900909
0.03800917
0.03791451
0.04079962
0.04109263
0.04775929
0.04979515
0.04304910
0.04984236
0.05038333
0.03691959
0.03772783
0.03651118
0.03641653
0.03666067
0.04245734
0.04091525
0.04151917
0.04184771
0.04335332
0.04138350
0.03983045
0.03726339
0.03864813
0.03639507
0.03551769
0.04560876
0.04095125
0.04129267
0.03938913
0.04039407
0.04169154
0.03589773
0.04196286
0.03827024
0.03685784
