0.08172607
0.06032157
0.07490277
0.05367208
0.05335259
0.06421947
0.05929589
0.05711746
0.05483127
0.05405331
0.06322789
0.04672503
0.04958081
0.04106188
0.04522538
0.04170465
0.04320812
0.04154634
0.05424142
0.04859900
0.04229116
0.04060555
0.04234266
0.04009485
0.04348111
0.03907776
0.04419851
0.04387188
0.04200482
0.04435992
0.03964496
0.05392885
0.05810404
0.05551720
0.05926394
0.04394460
0.04442549
0.05862999
0.05911708
0.04947877
0.05315185
0.07120919
0.05568027
0.04946351
0.06193995
0.04229808
0.04884267
0.04871392
0.04768538
0.04122591
0.04062653
0.04071999
0.04071140
0.03958702
0.04159904
0.03793192
0.04374003
0.04726791
0.05717921
0.04324150
0.04436088
0.04118156
0.04120636
0.04936099
0.04415274
0.04283881
0.05018330
0.04529715
0.04748797
0.04755807
0.05067134
0.04545522
0.04950500
0.04600310
0.04781222
0.04719329
0.05201840
0.05066180
0.04748058
0.04312110
0.03782940
0.04209399
0.03799152
0.03722882
0.03691888
0.03795862
0.03974247
0.03739357
0.05574965
0.04644585
0.04159546
0.03676343
0.03657651
0.03520393
0.03522325
0.03697205
0.03621173
0.03645778
0.03708458
0.04014158
0.04446125
0.04348230
0.04195690
0.04577923
0.03996801
0.03913784
0.03787112
0.03867459
0.05788040
0.03771520
0.03929782
0.04434323
0.04421830
0.04395103
0.04430008
0.03999829
0.03813934
0.03777432
0.03804088
0.03612828
0.03690624
0.03932595
0.03650212
0.03785086
0.03973770
0.04495430
0.03983212
0.03643703
0.03736782
0.03781867
0.03678060
0.03843737
0.04073334
0.03775072
0.03839016
0.03840184
0.04588437
0.04392910
0.04118419
0.03661251
0.03758883
0.03724194
0.03619576
0.04008484
0.03523135
0.03581858
0.03834295
0.04608274
0.03998733
0.03840089
0.03430605
0.03476906
0.03470230
0.03480363
0.03867078
0.03434420
0.03461909
0.03499866
0.03737950
0.04106903
0.04087305
0.04067421
0.04104257
0.03783178
0.03589511
0.03980207
0.03679776
0.03898311
0.03657126
0.03783083
0.03777242
0.03593159
0.04298449
0.04024243
0.05485153
0.03769803
0.03516936
0.03531694
0.03465462
0.03785038
0.03458261
0.05072761
0.03280640
0.03561711
0.03910398
0.03772140
0.03830099
0.04144216
0.03421974
0.03467011
0.03453159
0.03344917
0.03564239
0.03721547
0.03583694
0.03583694
0.04706025
0.04088497
0.04042077
0.04080129
0.03745341
0.03503609
0.04060793
0.03351259
0.03348947
0.03235722
0.03223419
0.03376031
0.03348327
0.03685355
0.04140210
0.04435778
0.04542899
0.04908419
0.04548407
0.04451132
0.04736590
0.04592180
0.04870629
0.04635644
0.04927850
0.05206823
0.05525255
0.06132007
0.06167650
0.05894923
0.04350066
0.04230070
0.03881645
0.03851652
0.03797841
0.03758454
0.03933191
0.04598856
0.04821610
0.05134058
0.04381084
0.04739666
0.05357432
0.05508423
0.05481744
0.05460143
0.05377054
0.06661654
0.06324863
0.06209660
0.05240226
0.05373096
0.05369711
0.05479884
0.05215001
0.04907084
0.07172585
0.07351685
0.05295992
0.05096054
0.05251217
0.04202533
0.04422879
0.04451609
0.04919624
0.04307628
0.04534101
0.04440713
0.05688882
0.05265450
0.04903364
0.04952097
0.05283666
0.04988527
0.05040050
0.05222631
0.06584191
0.06533408
0.06642842
0.06119561
0.05872893
0.04514432
0.04312801
0.04285002
0.04067874
0.03920770
0.04402804
0.04989386
0.05031848
0.05274582
0.04535317
0.04602098
0.04556322
0.04978752
0.04565096
0.04520059
0.04595304
0.05292153
0.04837227
0.04756498
0.05500722
0.04005337
0.03764963
0.03701210
0.03728318
0.03755069
0.03899598
0.04302359
0.03906751
0.03917027
0.04305339
0.04927182
0.04520631
0.04485703
0.04181767
0.05116749
0.05324054
0.04758167
0.06159043
0.05539250
0.04813385
0.05675387
0.05435944
0.05683184
0.05425096
0.05116844
0.05332708
0.05379581
0.05046391
0.04911542
0.05290937
0.04795551
0.05276299
0.06020141
0.05587339
0.04402280
0.03954482
0.04082036
0.04050064
0.04683352
0.04433131
0.04563665
0.05167985
0.07209921
0.08138084
0.06018925
0.05754495
0.05079222
0.05339599
0.05579066
0.05550337
0.05214071
0.05340719
0.05096006
0.05055356
0.04616690
0.04283762
0.04097891
0.04257107
0.04047084
0.04219794
0.04156113
0.04239798
0.04151416
0.04685855
0.05076313
0.05274463
0.05112863
0.04693508
0.04743266
0.04645109
0.04532909
0.04691434
0.04646730
0.04676247
0.06092668
0.05400968
0.05532908
0.04490232
0.04601717
0.04360056
0.04342747
0.04486966
0.04496336
0.04790974
0.04437900
0.05277944
0.05225754
0.05399466
0.04566407
0.04673553
0.04831934
0.04506183
0.04352784
0.04440355
0.04287982
0.04446721
0.04473257
0.05352592
0.05886483
0.05272126
0.05379391
0.04470348
0.04655170
0.04719830
0.04786277
0.04798841
0.04815555
0.05214357
0.04897261
0.05402279
0.06010199
0.05892634
0.05453873
0.06295466
0.05081487
0.04940653
0.04947710
0.05054641
0.04974174
0.05299401
0.06284332
0.05862689
0.05478239
0.04859567
0.05297804
0.05493402
0.05362868
0.05521059
0.05619311
0.05703473
0.05658674
0.05773234
0.04749727
0.04765725
0.04948378
0.05370426
0.04726672
0.04948020
0.04697514
0.05195069
0.05186462
0.05701494
0.05911350
0.05362129
0.05100489
0.04913187
0.05365300
0.05137658
0.05123758
0.05328894
0.06166625
0.05240345
0.05339956
0.05306244
0.04803658
0.05169773
0.05102086
0.05169058
0.05202389
0.05843163
0.05020165
0.06023002
0.05707812
0.04963040
0.04715776
0.04606748
0.04582500
0.04317808
0.05371737
0.04501224
0.04417133
0.05411553
0.05700970
0.05717850
0.05261493
0.04697490
0.04384089
0.04358268
0.04408908
0.04298329
0.04295516
0.04381323
0.04353905
0.05324340
0.05513525
0.05589485
0.05519295
0.05507541
0.04283762
0.04381371
0.04233789
0.04126525
0.04229045
0.04277205
0.04100871
0.04277778
0.04615116
0.04739213
0.04887295
0.04485273
0.04220247
0.04580069
0.04510212
0.04640937
0.04169512
0.04066873
0.04142094
0.04303050
0.04829073
0.05708098
0.05698824
0.05708551
0.06046391
0.04724216
0.04164791
0.04131031
0.04491901
0.04138970
0.05186224
0.04699516
0.04775167
0.04106832
0.04451895
0.03981304
0.04419708
0.04142118
0.04356122
0.04110408
0.03917623
0.04062557
0.04700398
0.04666305
0.04638362
0.04574823
0.04609537
0.04876447
0.04564118
0.04338336
0.04507279
0.04847765
0.04420948
0.04909539
0.04676485
0.04769063
0.04499793
0.04396677
0.03969646
0.05016637
0.04550529
0.04049301
0.04003382
0.04039788
0.03872681
0.03865528
0.04431152
0.05095291
0.04926801
0.04469824
0.04125595
0.04350829
0.03997850
0.04798746
0.04452443
0.04399729
0.04220963
0.04326224
0.04622865
0.05575061
0.04914093
0.04472828
0.04587603
0.04363918
0.04256725
0.04272485
0.04180765
0.04056835
0.04227567
0.04397464
0.04248118
0.04957533
0.06133413
0.05728030
0.05647063
0.04508877
0.04732752
0.04610586
0.04544616
0.05031514
0.04778981
0.04740739
0.05534983
0.05372238
0.05400252
0.04762006
0.04696131
0.04870391
0.04953933
0.04459929
0.04437041
0.04486656
0.04757261
0.05285501
0.05184007
0.05140018
0.04852748
0.05231357
0.05337334
0.05386496
0.05948782
0.05531383
0.05594754
0.07219386
0.10584474
0.08276844
0.08252072
0.05809760
0.05794835
0.05963755
0.06087875
0.08159542
0.07859039
0.06676769
0.09361601
0.06598973
0.06188178
0.06277275
0.07047820
0.07657909
0.07687855
0.08472013
0.08188176
0.06671214
0.06990886
0.06951332
0.08488441
0.09145856
0.09741354
0.08626127
0.07879424
0.07627654
0.09076691
0.09492254
