0.05628800
0.06699491
0.07810950
0.06626940
0.05416417
0.05265784
0.05292034
0.05299520
0.06680155
0.05199933
0.04218793
0.04289508
0.04267883
0.04485106
0.03956580
0.04519081
0.04485631
0.05032635
0.04167318
0.04412007
0.04067230
0.05252481
0.06458068
0.04766464
0.04822755
0.04402494
0.05620599
0.04166770
0.04090476
0.04426742
0.04512620
0.05184817
0.04537344
0.03931427
0.03944373
0.04223275
0.04213357
0.04797769
0.04859185
0.05119967
0.06152892
0.05471063
0.05382681
0.04647541
0.05329275
0.04922271
0.04944611
0.04962325
0.05519199
0.05359316
0.05684733
0.06378031
0.04529953
0.05253744
0.04721475
0.05964470
0.05981755
0.06223750
0.06634426
0.06943822
0.06508923
0.04838729
0.04725337
0.05019689
0.05292773
0.05203652
0.05691028
0.04832244
0.05850434
0.05687571
0.05384493
0.04941630
0.04511356
0.04656219
0.04676151
0.04541039
0.04492354
0.04326034
0.04611015
0.05082107
0.04912424
0.04986763
0.05105901
0.04459214
0.06047297
0.04850245
0.04446220
0.06954193
0.04806352
0.05546832
0.05410719
0.05214667
0.04698324
0.04507303
0.04286265
0.04643583
0.05210662
0.04887009
0.04707336
0.04394174
0.04510760
0.04782581
0.06122971
0.05232334
0.04967904
0.04620123
0.04495883
0.04776311
0.04307222
0.04038882
0.04104328
0.04481792
0.04997349
0.04740286
0.04925418
0.04749942
0.04281116
0.04351735
0.04369736
0.05928636
0.04927278
0.05193615
0.05723977
0.06830859
0.06865883
0.06535172
0.05892587
0.05839968
0.05863333
0.06060100
0.06058359
0.06174803
0.06682444
0.07511282
0.05058527
0.04916668
0.04599047
0.04676843
0.04774785
0.05367064
0.05061078
0.05649853
0.05725694
0.05789518
0.06580853
0.06586432
0.06602430
0.04642963
0.04637408
0.05227518
0.05900717
0.05018020
0.04515219
0.06213045
0.05448532
0.04214287
0.03871775
0.03896475
0.04036093
0.05762100
0.04740381
0.04675221
0.04184985
0.04261351
0.04245400
0.04255867
0.04385829
0.04447103
0.04323816
0.04416680
0.05411148
0.05164242
0.05072093
0.04467344
0.04065132
0.04112649
0.04070568
0.04015017
0.03972769
0.03943205
0.04263377
0.04079771
0.04675031
0.04657412
0.04727697
0.04227996
0.03977680
0.04034829
0.04101562
0.03989291
0.04040408
0.04052973
0.04217982
0.04682565
0.05286360
0.05853891
0.05220723
0.05365777
0.05467510
0.04020715
0.04319859
0.05086589
0.04499841
0.06474924
0.05668354
0.05768800
0.05386806
0.04102302
0.05403042
0.04541039
0.04808426
0.04584718
0.05860066
0.05341458
0.05477691
0.04922652
0.06888318
0.06903744
0.05906153
0.04305100
0.05242872
0.04682040
0.05257821
0.03989720
0.03948474
0.03860307
0.03880978
0.04717541
0.04249644
0.04098535
0.04030061
0.04110336
0.03742099
0.03673172
0.03646350
0.03659272
0.03644538
0.03751588
0.03910780
0.03811145
0.04315495
0.04514337
0.04840970
0.03778243
0.03843546
0.04999757
0.03649402
0.03773785
0.04361725
0.03930473
0.04406404
0.04391074
0.04952598
0.04042077
0.03853559
0.03993750
0.03837132
0.03847837
0.03911400
0.03970170
0.04099727
0.04396462
0.04776239
0.04221654
0.03822303
0.03901505
0.03794217
0.03875780
0.03759789
0.04083467
0.03839517
0.04252553
0.04273796
0.04757071
0.04123664
0.03836751
0.03778100
0.04050493
0.04690289
0.03715110
0.03735375
0.05526567
0.07285047
0.04050708
0.04473662
0.05112505
0.04552150
0.03807044
0.03988147
