0.03439999
0.04554391
0.04393768
0.03563857
0.03250146
0.03398132
0.03165698
0.03242302
0.03228116
0.03106618
0.03343463
0.05012035
0.04072380
0.04962707
0.03260803
0.03146410
0.03234220
0.03338432
0.04045057
0.05112362
0.03268218
0.03178573
0.03768039
0.03349948
0.03287053
0.04798460
0.03755379
0.03900266
0.03433180
0.03593016
0.04087162
0.03550696
0.03991961
0.03509879
0.03617930
0.03639770
0.04330039
0.03788590
0.04199624
0.03658414
0.03456354
0.04866886
0.04858589
0.04060960
0.03450203
0.04665065
0.05147696
0.03712606
0.03599310
0.04101324
0.03580022
0.03586483
0.03752279
0.03633690
0.03767300
0.03838849
0.03428745
0.03281784
0.03155470
0.03050351
0.03160548
0.03496575
0.03317285
0.03191495
0.03600454
0.03710485
0.03615212
0.04146194
0.03637934
0.03177166
0.03303170
0.03304291
0.03339314
0.04194188
0.03886461
0.03557253
0.03427649
0.03542948
0.03651023
0.03679061
0.05025434
0.03565240
0.03180027
0.03392291
0.03604984
0.03234267
0.03290439
0.03761911
0.03503752
0.03378177
0.03514314
0.03596210
0.04092121
0.03662109
0.03441596
0.03506422
0.03189254
0.03759384
0.03374267
0.03173709
0.03994560
0.03595543
0.03214049
0.03252411
0.03578520
0.03523111
0.03528380
0.04131603
0.03861642
0.03332639
0.03276944
0.04605412
0.03287888
0.03188133
0.03604531
0.03646469
0.03245139
0.03124285
0.03373718
0.03607035
0.03736353
0.03672290
0.03692174
0.03427410
0.03820229
0.03570914
0.03500938
0.03407526
0.03672743
0.04453206
0.03531504
0.03530645
0.04261708
0.04772091
0.04447341
0.04654360
0.05060053
0.04801035
0.03251004
0.03241491
0.03345919
0.03209305
0.03343177
0.03727293
0.03639531
0.03317857
0.03596163
0.04211283
0.03758717
0.03599882
0.03558469
0.03115368
0.03349757
0.03304553
0.03336024
0.03300381
0.03370261
0.03373528
0.03271604
0.03337789
0.03242493
0.04031444
0.04026794
0.04808879
0.04827952
0.05218077
0.04630208
0.05328012
0.05254388
0.03623438
0.03595424
0.03482604
0.03515697
0.04646659
0.04204702
0.04111099
0.03943253
0.03874302
0.03536582
0.03622389
0.03688693
0.03606677
0.03819609
0.03149247
0.03256440
0.04483438
0.03803587
0.05113077
0.03997231
0.04218078
0.03697801
0.04438186
0.04747772
0.04804611
0.03303075
0.03304505
0.03170800
0.03059149
0.03209496
0.03167915
0.03314471
0.03272796
0.03731632
0.03605604
0.03562355
0.03317118
0.03728819
0.03243947
0.03313971
0.03503442
0.03322124
0.03256750
0.03248835
0.03121686
0.03183818
0.03737903
0.03542471
0.03981328
0.03470659
0.03523993
0.04282546
0.03260756
0.04995608
0.04031396
0.03475118
0.03288627
0.03329635
0.03172517
0.03262186
0.03249097
0.03835535
0.03499079
0.03504896
0.03527641
0.03248954
0.03584623
0.03752327
0.03821945
0.03431129
0.03264451
0.03470159
0.03201008
0.03205132
0.03143024
0.03560424
0.03547859
0.04579592
0.03613234
0.03265738
0.03470922
0.03803706
0.03425550
0.03467274
0.03845477
0.03550529
0.03627157
0.04210019
0.04125738
0.04665828
0.04174232
0.03527212
0.03283954
0.03554392
0.03276610
0.03705192
0.04731941
0.03612399
0.03253961
0.03703690
0.03607702
0.03494191
0.04008007
0.05005836
0.04711032
0.04478073
0.04359102
0.04275131
0.03588820
0.03048921
0.03064680
0.03287554
0.03164887
0.03176761
0.04642344
0.03789091
0.03531194
0.03491092
0.03544259
0.03502536
0.03249168
0.03555298
0.03539443
0.03782535
0.03573465
0.03911781
0.04891419
0.04076719
0.04039526
0.04101753
0.04129744
0.03210568
0.04081368
0.04529643
0.03711438
