0.02224398
0.05723166
0.04658961
0.03765297
0.03231978
0.03355241
0.03240347
0.03596807
0.03859162
0.04120421
0.03567672
0.03885055
0.03854990
0.04068780
0.05075550
0.04059553
0.03762102
0.03605676
0.03360271
0.03220129
0.03586316
0.03156590
0.04099846
0.03584719
0.04589367
0.04204917
0.03898525
0.03569317
0.03946781
0.03962803
0.04745674
0.04260874
0.03210497
0.03260636
0.03272152
0.03138781
0.03099990
0.03523278
0.03527832
0.06652355
0.04566288
0.04558468
0.03547764
0.03382611
0.03285360
0.03310776
0.03274202
0.03150487
0.03414321
0.03876591
0.04435468
0.04196501
0.03938365
0.03820872
0.04054284
0.04165149
0.04495454
0.04437590
0.03979111
0.03331900
0.03262639
0.03593802
0.03197074
0.03103685
0.03178549
0.03179407
0.03309846
0.03546405
0.03166342
0.03194642
0.03588533
0.03634095
0.03921437
0.03491044
0.03442717
0.03601289
0.03654504
0.03345180
0.04242373
0.03217554
0.03150320
0.03418779
0.03221083
0.03222823
0.03221536
0.03214002
0.03591657
0.03973198
0.03641343
0.03456068
0.03436160
0.03390431
0.03414083
0.04362202
0.03288531
0.03167272
0.03185105
0.03214788
0.03319192
0.03171158
0.03364754
0.03445864
0.03275919
0.03258276
0.03890324
0.03494072
0.04161334
0.03884840
0.03676605
0.04502726
0.03982973
0.03326941
0.03328562
0.03325868
0.03188109
0.03246665
0.03317189
0.03199387
0.03563380
0.03322744
0.03558588
0.03659678
0.03422952
0.03918695
0.04999757
0.03282237
0.03153348
0.03167582
0.03223896
0.03211570
0.03658962
0.03065991
0.03215432
0.04049015
0.03295064
0.03427005
0.03632188
0.03465152
0.03455329
0.03592086
0.04290223
0.04365611
0.03557181
0.03552198
0.03486204
0.03260684
0.03483081
0.03738213
0.03391409
0.03145409
0.03718019
0.04542732
0.03493285
0.05390739
0.03186774
0.03672767
0.03703260
0.04201031
0.03510880
0.03299594
0.03406215
0.03860927
0.03450179
0.03842545
0.04085279
0.03956962
0.04944634
0.03372240
0.03237557
0.03267217
0.03312349
0.03226709
0.03345418
0.03606296
0.03249526
0.03543115
0.03137016
0.03235316
0.03627229
0.03441572
0.03592968
0.03981090
0.03545451
0.03270125
0.03109479
0.03109026
0.03363848
0.03083968
0.03402019
0.03008795
0.03413463
0.03157043
0.03141522
0.03451395
0.03527737
0.03476572
0.03519368
0.03416014
0.03230834
0.03211808
0.04420567
0.05112529
0.04172421
0.03217769
0.03806639
0.03094721
0.03333473
0.03192973
0.03443909
0.04018307
0.03537202
0.03383517
0.03433537
0.03144932
0.03343606
0.03231692
0.03157187
0.03761411
0.03653550
0.03113222
0.03343916
0.03237438
0.03602147
0.03447151
0.04041076
0.03551745
0.03622365
0.03359604
0.03106451
0.03382730
0.03574800
0.03575253
0.03528333
0.04124594
0.03583479
0.03384948
0.04365945
0.03106260
0.03220916
0.03278422
0.04886699
0.05406404
0.04107380
0.04342699
0.03884292
0.04034400
0.03778076
0.04549336
0.04716706
0.03491545
0.03599072
0.03556013
0.04020119
0.04860592
0.05229282
0.03962970
0.04080915
0.04053855
0.03854561
0.03631902
0.04808712
0.04252100
0.03739691
0.03607273
0.03674173
0.03561807
0.03489614
0.03921390
0.03781915
0.03590226
0.04106450
0.04245973
0.04227662
0.04153013
0.03476572
0.03585720
0.03595018
0.03756452
0.04046392
0.03556228
0.03844261
0.03500247
0.03656745
0.04388928
0.03929257
0.04956722
0.04847288
0.05123520
0.04647279
0.04616618
0.05720377
0.03640342
0.03638911
0.03720379
0.03690791
0.04198599
0.03668761
0.03699064
0.03645897
0.04480124
0.03629160
0.04451013
0.03323030
0.03337550
0.03260660
0.03540540
0.03275728
0.03530121
0.03275847
0.03204966
0.03709126
0.03243303
0.04142213
0.04635143
0.04122162
0.04016185
0.05215192
0.05230618
0.03422236
0.03832316
0.03451848
0.03335762
0.04389310
0.04281092
0.04331446
0.03474545
0.04231095
0.04983068
0.04649758
0.04097486
