0.07285595
0.05223703
0.04303598
0.04362845
0.04930353
0.05899692
0.04534292
0.03756261
0.04817367
0.04325151
0.04253960
0.04364777
0.04470301
0.04511261
0.05158520
0.06020164
0.05668545
0.04134965
0.03959894
0.03927708
0.03977990
0.05955815
0.04440212
0.04887247
0.04001474
0.03761435
0.03924966
0.03981733
0.04216099
0.03938818
0.03845596
0.04238701
0.04998040
0.04463863
0.04011559
0.04212165
0.05056214
0.03870249
0.04290414
0.04357696
0.05535746
0.03864431
0.04985213
0.04232574
0.04450560
0.03644371
0.04336214
0.04286313
0.04144740
0.04031348
0.04529953
0.04089260
0.04673195
0.04910922
0.04292822
0.04518819
0.04270077
0.03855896
0.03757572
0.03860521
0.03715658
0.03781319
0.04471540
0.04171872
0.04396415
0.04429317
0.05218577
0.04655266
0.04533792
0.05357790
0.04681802
0.04438639
0.04041219
0.04436255
0.04197431
0.04536676
0.05663657
0.08693099
0.05173397
0.03974223
0.03866458
0.03843904
0.03860164
0.03759050
0.03894758
0.03914976
0.03989983
0.04492331
0.04308295
0.04357743
0.04031420
0.03834105
0.04004025
0.05147767
0.03806949
0.03771424
0.03824329
0.04238510
0.04177356
0.04709768
0.04979825
0.05487895
0.05023313
0.04917955
0.03922653
0.03830099
0.03924704
0.04164433
0.03785777
0.03800416
0.03954124
0.04596949
0.04698873
0.05215573
0.05007553
0.03708506
0.03814650
0.03778315
0.04190946
0.03904724
0.03721094
0.04002380
0.04214764
0.04313326
0.04196644
0.04309821
0.04404306
0.03800607
0.03832722
0.03819847
0.06294513
0.03898191
0.03792453
0.03794479
0.03805089
0.04130626
0.03895497
0.04264855
0.04345298
0.04677868
0.04246807
0.04057407
0.05315328
0.04395700
0.03851295
0.04294729
0.03829980
0.03800750
0.04070640
0.04002595
0.04150605
0.04194975
0.04825735
0.03967404
0.03703570
0.03711534
0.03820848
0.03717566
0.03758097
0.04566860
0.04372430
0.04188466
0.04091549
0.05462646
0.05600953
0.05632401
0.05621791
0.04548621
0.04241109
0.04373264
0.04221892
0.04084182
0.04061866
0.04133320
0.04107594
0.04570508
0.04311013
0.04242516
0.03935766
0.04022551
0.04015827
0.03797626
0.03890109
0.03842854
0.03700137
0.05264306
0.03652549
0.03854346
0.04245687
0.04169059
0.04248524
0.04165006
0.03757262
0.03734303
0.03916645
0.03852224
0.04157996
0.04024553
0.03844905
0.03771162
0.03839421
0.04419374
0.04383254
0.04567313
0.03948569
0.03823829
0.03788614
0.03985810
0.03914714
0.03794622
0.03890634
0.03969812
0.03866863
0.04293656
0.04546142
0.06203437
0.04395175
0.03901792
0.04073787
0.03956985
0.03960228
0.04152656
0.03800678
0.04180551
0.04807472
0.03927636
0.04196358
0.04480529
0.05627894
0.06248593
0.03835654
0.04745102
0.04177594
0.04066181
0.04002690
0.04073715
0.04114985
0.04178357
0.04548955
0.05372977
0.05078340
0.05091023
0.04425502
0.04354334
0.04438758
0.04591084
0.04458833
0.04780459
0.04462147
0.04585123
0.05189466
0.05616665
0.05638671
0.05399847
0.05256510
0.04934859
0.05163503
0.05026865
0.05177331
0.05198979
0.08285809
0.07728243
0.08157754
0.08682561
0.07004404
0.05796027
0.05899811
0.06065297
0.06541681
0.07324338
0.07685018
0.06443119
0.06805611
0.06589675
0.06831551
0.06753445
0.06826782
0.09682918
0.09142423
0.09741664
0.07918763
0.08338976
0.08803487
0.12779880
0.14299893
0.11723113
0.08833718
0.09137034
0.09977436
0.11604095
0.09089899
0.07860208
0.07968140
0.09051514
0.08566332
0.10309219
0.08980274
0.08229756
0.08284664
0.08217788
0.08568954
0.10825729
0.10927892
0.08754206
0.08826041
0.09699249
0.08729243
0.11199379
0.12393332
0.10650277
0.08731532
0.08691311
0.09574127
0.11336589
0.10973263
0.07737947
0.07440758
0.08201861
0.07549453
0.08114386
0.08302426
0.06757021
0.06522799
0.06311393
0.06148934
0.05778909
0.06251955
0.07023644
0.06145477
0.05150008
0.04667616
0.05236697
0.04876590
0.04213476
0.04106545
0.04036856
0.04311252
0.04398537
0.04369831
0.04107308
0.04055333
0.03635049
0.03622723
0.03546286
0.03467107
0.03720284
0.03444338
0.03822398
0.03377175
0.03391981
0.03667808
0.04333377
0.03736186
0.03807330
0.03487539
0.03268528
0.03202415
0.03276157
0.03749371
0.03683066
0.03209209
0.03346729
0.03373241
0.03241038
0.03691459
0.03237343
0.03638768
0.03617454
0.03722429
0.03928208
0.03382730
0.03654885
0.03841615
0.04096317
0.03544664
0.03235841
0.03286338
0.03262687
0.03485632
0.03663278
0.03612947
0.03780532
0.03545713
0.03669190
0.03413963
0.03474951
0.03347874
0.03371239
0.03616810
0.03792572
0.03549051
0.03651357
0.04002643
0.03801227
0.03643346
0.03882480
0.03567028
0.03449082
0.03390431
0.03436995
0.03742909
0.03643775
0.03773379
0.03934169
0.04620838
0.03737760
0.03895974
0.03858638
0.03502893
0.03579473
0.03464627
0.03560495
0.04034901
0.03541160
0.04324484
0.04278851
0.04078817
0.03855133
0.04025388
0.03901792
0.03844976
0.04064941
0.03779197
0.04077363
0.03811407
0.03876948
0.04107523
0.03942132
0.03929806
0.04467154
0.04251480
0.04563737
0.04001689
0.03805709
0.03887820
0.03834152
0.04177856
0.03818560
0.03712225
0.03834772
0.04667115
0.04405665
0.04439950
0.04053211
0.03622818
0.03769970
0.03829336
0.03895950
0.04826808
0.04238391
0.04030776
0.04040527
0.03379631
0.03998470
0.04159117
0.04317021
0.04110932
0.04233336
0.04562616
0.04384375
0.04082131
0.03376150
0.03259683
0.03233004
0.03356862
0.03541660
0.03344846
0.03747630
0.03644490
0.03658557
0.04122329
0.03482533
0.03741002
0.03633952
0.03692317
0.03738689
0.03727937
0.03707600
0.03610516
0.03631926
0.03665400
0.03718209
0.04891276
0.04273105
0.04323316
0.04133368
0.03981018
0.03845954
0.04210949
0.04248643
0.03858304
0.03851295
0.03893566
0.04284739
0.03846955
0.04580569
0.04372978
0.04526949
0.04262257
0.04008889
0.03936028
0.04242730
0.03895807
0.04059958
0.04735112
0.04603148
0.04449749
0.04266715
0.04697847
0.05225539
0.04842186
0.04037476
0.04513335
0.04347086
0.04613709
0.04075336
0.04270339
0.04157472
0.04626727
0.06097651
0.04838490
0.04852605
0.04694963
0.04219103
0.04240465
0.04215217
0.04263806
0.04194427
0.04432631
0.07035756
0.05825949
0.05203414
0.05123401
0.05066133
0.04372263
0.04297876
0.04280686
0.04185414
0.04276943
0.04202843
0.04807425
0.04596663
0.04299879
0.04670405
0.04762673
0.04581857
0.04715133
0.04164791
0.04253769
0.03956628
0.04062653
0.03911567
0.04108357
0.04057503
0.04098868
0.05376267
0.05262470
0.04688954
0.04654694
0.05315208
0.03965306
0.04238176
0.04000115
0.04079700
0.03977680
0.04299664
0.05050206
0.05809546
0.04554868
0.04705048
0.04699349
0.03953528
0.03983545
0.03938675
0.04144931
0.03972006
0.03964782
0.03853536
0.03931117
0.04566050
0.04544687
0.04913092
0.04162693
0.03967237
0.03943419
0.03891158
0.03896189
0.03870106
0.03903127
0.04062319
0.04097462
0.04560947
0.05570054
0.04699087
0.04079270
0.03834081
0.04272962
0.03894353
0.03834915
0.03793430
0.03729129
0.03820872
0.03778052
0.03690028
0.03966713
0.04215503
0.04833937
0.04139495
0.03964043
0.03601170
0.03733802
0.03790212
0.04395723
0.04155850
0.04177308
0.05080342
0.03703737
0.03664780
0.03575850
0.04174542
0.04073381
0.04072022
0.04002142
0.03459263
0.03555799
0.03539705
0.03546500
0.03489113
0.03427482
0.03545094
0.03425312
0.03531885
0.04429817
0.04319263
0.04374194
0.04297042
0.04410028
0.04406285
0.03647137
0.03418899
0.04048562
0.03983545
0.04429722
0.04372287
0.03856969
0.04376626
0.04394650
0.04186153
0.03861713
0.03779244
0.03627372
0.03736329
0.03588080
0.03750873
0.03765821
0.03794932
0.03881526
0.04408121
0.03910732
0.04304338
