0.02572703
0.03465891
0.03598523
0.03590679
0.03751755
0.03276896
0.04553199
0.04051852
0.04391003
0.04544353
0.03281450
0.03736877
0.03423977
0.03564787
0.03742361
0.03699780
0.03656721
0.04448080
0.03761864
0.03773785
0.03986311
0.05423737
0.04824877
0.03405285
0.03680539
0.04147172
0.04453588
0.04554367
0.03288579
0.03652835
0.03473949
0.03596544
0.03433752
0.03849387
0.03367472
0.03755665
0.03152537
0.03355908
0.03498292
0.03664923
0.04257298
0.03558230
0.03554487
0.03555274
0.03645349
0.04048681
0.03334117
0.03463793
0.03425860
0.04301381
0.03468180
0.03575039
0.04300570
0.04819536
0.03968263
0.03777313
0.04976892
0.04225421
0.03979897
0.03466868
0.03301406
0.03323936
0.03270602
0.03286672
0.06472325
0.04912281
0.04553127
0.04533625
0.04474282
0.04910064
0.03223014
0.03216648
0.03379655
0.03171492
0.03276587
0.03159738
0.03401494
0.03173447
0.04165101
0.03600860
0.03480220
0.03573632
0.03535819
0.03336644
0.03385258
0.03279972
0.03252363
0.03618264
0.03580689
0.03580618
0.03552961
0.03654599
0.03494477
0.04004478
0.03643274
0.03669190
0.04377818
0.03976870
0.05090690
0.04854012
0.04248810
0.03233218
0.03463006
0.03277254
0.03188992
0.03272820
0.03619242
0.03346753
0.03422022
0.04767036
0.03824520
0.03679204
0.04283524
0.04198670
0.04724121
0.03472209
0.03296685
0.03392076
0.03568149
0.03419900
0.04285216
0.05416036
0.04180241
0.04006362
0.04109216
0.04533529
0.03982759
0.03865194
0.03841591
0.03665328
0.04267597
0.04003859
0.04497051
0.04043961
0.03909373
0.03786230
0.04313970
0.03519726
0.03551221
0.03650045
0.03429484
0.05595279
0.03472209
0.03384995
0.03386307
0.03643441
0.03783584
0.03697920
0.03574729
0.03504086
0.03578067
0.03455186
0.03510261
0.03280330
0.04031038
0.03574920
0.03643155
0.03622270
0.03832006
0.03582788
0.03948021
0.04822230
0.03410792
0.03325129
0.03400302
0.03559589
0.04057932
0.04025483
0.03871536
0.03885913
0.03577924
0.03774643
0.03738332
0.03673053
0.05196357
0.03621197
0.03366637
0.03288651
0.03414845
0.03335142
0.03299546
0.03505468
0.03286099
0.03333449
0.03339553
0.03256202
0.03256416
0.03790426
0.03675222
0.03690314
0.03686976
0.03214788
0.03782463
0.03310442
0.03292227
0.03396368
0.03861761
0.03917861
0.03626347
0.03497195
0.04391336
0.04078054
0.04789042
0.04786372
0.03814340
0.03211832
0.03178453
0.03253031
0.04269195
0.03296494
0.03181314
0.03898787
0.03361773
0.03700733
0.03622079
0.03619957
0.03567696
0.04280925
0.03279376
0.03383493
0.03329706
0.03515911
0.03324986
0.03740311
0.03282356
0.03227186
0.03345084
0.03203726
0.03455830
0.04231906
0.04126859
0.04094172
0.05003166
0.05451870
0.05373025
0.03284883
0.03242683
0.03455448
0.03270388
0.03215885
0.03308892
0.03482461
0.04216814
0.04428220
0.03985620
0.03448534
0.03549123
0.03890896
0.03582692
0.05245304
0.03498673
0.03506780
0.03658438
0.03596640
0.03703141
0.03643703
0.03479314
0.04154444
0.03533769
0.03461862
0.03445315
0.04403329
0.03563905
0.03368664
0.03171563
0.03191924
0.03659248
0.03255749
0.03544569
0.04588604
0.03548646
0.04023933
0.03344703
0.04149747
0.04048872
0.03276753
0.03190899
0.03203702
0.03030324
0.03229141
0.03536606
0.03727984
0.03595281
0.03549075
0.03696847
0.05529976
0.05356979
0.04893494
0.04211783
0.03283143
0.03484845
0.03602147
0.03498507
0.03730202
0.03776002
0.04358935
0.05120254
0.03841877
0.04118443
0.04279613
0.04747009
0.04370570
0.04293513
0.03892875
0.04911757
0.04492426
0.04993653
0.04518247
0.04445362
0.04254484
0.04327059
0.04283905
0.03389192
0.03677177
0.03461647
0.03577137
0.04759383
0.03435588
0.03513741
0.03498340
0.03651738
0.03580451
0.03734159
0.03612137
0.03703046
0.03420973
0.03349209
0.03483248
0.03297830
0.04726219
0.03562450
0.03317428
0.03734493
0.03434491
0.03343868
0.03546667
0.03321147
0.04198170
0.03555584
0.03625941
0.03607392
0.03580642
0.04195118
0.03180313
0.03124404
0.03447723
0.03611302
0.03243923
0.03352499
0.03262067
0.03566122
0.03739071
0.03861737
0.04357481
0.04501629
0.03728104
0.05224061
0.03991556
0.03344941
0.03429103
