0.03103518
0.05942798
0.08399606
0.07304573
0.05064249
0.05277491
0.05151725
0.04855895
0.05403781
0.07068396
0.07452798
0.07005382
0.05889559
0.05393481
0.05398345
0.05498528
0.05501628
0.05544257
0.05627036
0.05452728
0.04997253
0.05052137
0.04701591
0.04796791
0.04866815
0.06748199
0.05601907
0.06095648
0.04792690
0.04791498
0.04850435
0.05165076
0.04966593
0.05289602
0.04758215
0.06199074
0.06290841
0.05759168
0.04679346
0.05240321
0.04935861
0.04882431
0.04792786
0.04893708
0.05064034
0.05437064
0.06040192
0.05456448
0.04961300
0.04984403
0.05208707
0.05710888
0.05310130
0.05224323
0.05381012
0.07391644
0.07584381
0.07093048
0.06887436
0.06758356
0.05783653
0.06113124
0.06582332
0.06482959
0.06187057
0.05405998
0.05491996
0.05381131
0.05722070
0.05282998
0.07512474
0.07235241
0.05905986
0.06988955
0.05311441
0.05411172
0.05579400
0.06872964
0.07504439
0.06238413
0.06517220
0.07258797
0.06015801
0.06332469
0.06843734
0.06845069
0.06170368
0.07324481
0.08014941
0.07547283
0.05812693
0.05449843
0.05501390
0.05999851
0.06236601
0.06983519
0.08729362
0.06930542
0.06231356
0.06144166
0.06259775
0.06451416
0.05678558
0.07299209
0.06744051
0.05947018
0.06216383
0.07785296
0.07703090
0.08161139
0.08371210
0.08043170
0.06989431
0.05935645
0.05326390
0.05783367
0.06250620
0.07786226
0.07521343
0.06815600
0.06450033
0.06487775
0.06641722
0.05297923
0.05482197
0.05391622
0.05690742
0.06480503
0.06519151
0.06918979
0.05656767
0.05748248
0.05466270
0.05467701
0.05939865
0.05288672
0.06141019
0.06446004
0.06629944
0.05501103
0.05693817
0.05812764
0.06087852
0.06766725
0.06236148
0.06563878
0.06663537
0.05677223
0.06626797
0.05974030
0.05668306
0.06213403
0.07473493
0.06729984
0.06925440
0.05760193
0.05884600
0.05906034
0.05554795
0.05813098
0.06967402
0.06480098
0.07361913
0.06995511
0.05911589
0.05744791
0.07473016
0.06472039
0.05584455
0.06111455
0.05778384
0.07261205
0.07072544
0.06860900
0.05978274
0.06039572
0.06054354
0.06394529
0.05851769
0.05875850
0.06990552
0.07269430
0.07292557
0.06156063
0.06033611
0.06504679
0.06048131
0.06068683
0.06974459
0.07445574
0.07480240
0.06161332
0.06115317
0.06467295
0.06254363
0.06058788
0.07076001
0.07255077
0.06954885
0.06815052
0.05775523
0.05710459
0.05905080
0.05574465
0.05519199
0.05553293
0.07375526
0.06425500
0.06265759
0.05411935
0.06057715
0.05733919
0.05955410
0.06092811
0.05347514
0.06512833
0.06774092
0.06501651
0.06822300
0.04831362
0.04734945
0.04638171
0.07734132
0.04771066
0.06699896
0.05913949
0.05891109
0.05218625
0.05131459
0.06995678
0.06764746
0.07440591
0.07234788
0.06443453
0.06619406
0.06455517
0.05530620
0.05327344
0.05557823
0.05411386
0.05426311
0.05369496
0.05321646
0.05754852
0.07334900
0.07311726
0.07099462
0.05534434
0.05651355
0.05401063
0.06264424
0.05293393
0.06724262
0.06157160
0.06132793
0.05357337
0.05993104
0.05121899
0.05381346
0.05378032
0.05165052
0.07428026
0.07426333
0.06839299
0.06481576
0.06096363
0.06182623
0.05861378
0.05763054
0.06735420
0.06268954
0.05940914
0.05513644
0.05098438
0.05514550
0.05769372
0.04806519
0.04690266
0.06047630
0.05418634
0.08027577
0.04555058
0.04589677
0.04491544
0.04380035
0.04532957
0.04342723
0.04741907
0.05114198
0.06516075
0.05752730
0.05787086
0.05731583
0.05371261
0.05041218
0.04384160
0.04545879
0.04074144
0.04319739
0.04800892
0.04711223
0.06132889
0.05864286
0.06171632
0.05917764
0.04249811
0.06302881
0.03843069
0.03796577
0.04115415
0.04206371
0.04851532
0.05035353
0.04818058
0.05443907
0.03847337
0.03669810
0.03776169
0.03674650
0.04091001
0.03847265
0.04015255
0.05051184
0.05658746
0.04215217
0.03994179
0.03486466
0.03504610
0.03552699
0.03485441
0.03943586
0.03693986
0.03673029
0.05003572
0.03990579
0.05223560
0.04701543
0.04630947
0.05781388
0.05326986
0.03469157
0.03670192
0.03767586
0.03561831
0.03530407
0.03546166
0.04000401
0.04695535
0.04375863
0.04278851
0.04284477
0.03984714
0.03955197
0.03851509
0.04180813
0.03506660
0.03608942
0.04524541
0.04246640
0.04732347
0.04240489
0.04344034
0.03727722
0.04118872
0.03667760
0.03718662
0.03710890
0.04384446
0.05568075
0.05411100
0.05924916
0.06889653
0.05960989
0.05472088
0.04921889
0.05689597
0.05956912
0.04918623
0.04052448
0.04248667
0.04744172
0.04637957
0.05868196
0.06003141
0.06026554
0.05196428
0.04374456
0.04631352
0.04385781
0.04401231
0.04409313
0.05422473
0.05217838
0.05273914
0.05464864
0.04914093
0.04484510
0.04346728
0.04292893
0.04640818
0.04403162
0.04082918
0.04772091
0.04314685
0.04548907
0.05987406
0.04647088
0.04696679
0.04170156
0.04343462
0.04118156
0.03886414
0.04313469
0.03834152
0.04169703
0.04582548
0.04400516
0.05065942
0.04310274
0.05407286
0.05611277
0.03938460
0.04172897
0.04183865
0.03901505
0.04314756
0.05055618
0.05610442
0.05318069
0.05239153
0.04052186
0.03849769
0.03924942
0.03843880
0.03957486
0.04160810
0.03991866
0.04007149
0.04400468
0.04957795
0.04597735
0.04539919
0.04224753
0.04424310
0.04353142
0.03926444
0.04455709
0.03987956
0.04057050
0.04212475
0.05384088
0.04824710
0.05372810
0.05745554
0.04435539
0.05466795
0.05330420
0.06658459
0.05230212
0.05383587
0.05343127
0.05917144
0.05055904
0.04611135
0.04134178
0.03982925
0.05042601
0.04706907
0.04369235
0.04640937
0.04471660
0.04755950
0.04723716
0.05643892
0.05882907
0.05618262
0.04340887
0.04454732
0.04615235
0.04928684
0.03699708
0.04526424
0.04432201
0.04966712
0.04187822
0.03829646
0.03762341
0.03856087
0.03824162
0.03681970
0.03980064
0.04059172
0.04414916
0.04202509
0.04246783
0.04299355
0.04941249
0.04303932
0.04312420
0.04162240
0.05160880
0.05089140
0.05521369
0.05132341
0.04125667
0.04208946
0.04622030
0.04323554
0.04222965
0.05088067
0.04454517
0.04517365
0.04746699
0.04099154
0.04057431
0.04796982
0.05390143
0.05726528
0.05921221
0.05452299
0.05859590
0.06296468
0.03761029
0.04863501
0.04279447
0.05024600
0.04243517
0.04762459
0.04223490
0.04289508
0.05749321
0.03753281
0.03873396
0.03860998
0.03764486
0.04114985
0.03887630
0.03690457
0.03745508
0.06522465
0.07485747
0.04976106
0.03894520
0.04488516
0.04103875
0.03822684
0.04678369
0.04042149
0.04161811
0.05351400
0.04305696
0.06938505
0.04143333
0.03714180
0.04013133
0.04073691
0.04533315
0.04695296
0.04386902
0.03697157
0.04431891
0.04576254
0.04287195
0.04338217
0.03702283
0.03806591
0.03770614
0.04166579
0.05369902
0.04039049
0.04601002
0.04035163
0.04761887
0.05726886
0.05108285
0.04834414
0.04701281
0.05480289
0.04591918
0.05916905
0.04304457
0.04433131
0.05370188
0.05033755
0.05056238
0.04753256
0.04254651
0.04286051
0.04646206
0.04249954
0.04352665
0.04557705
0.04707932
0.05146456
0.05173206
0.05626225
0.05008674
0.04461479
0.04398322
0.05233622
0.04628849
0.05874419
0.04398012
0.05002022
0.05080390
0.05308580
0.04919028
0.04425311
0.04512906
0.05822182
0.06512618
0.06052208
0.06184745
0.04262328
0.05422068
0.05374503
0.04873061
0.04936695
0.04699898
0.04243159
0.04282665
0.04348159
0.04323864
0.04384971
0.04892683
0.04081821
0.04456878
0.04704070
0.04777145
0.05695128
0.04044223
0.04724503
0.05513239
0.04447103
0.04794765
0.04280567
0.04572821
0.04574323
0.05855322
0.06302333
0.05511832
0.05757308
0.05544114
0.05838346
0.04612732
0.05136514
0.04765987
0.04703021
0.04807830
0.06079364
0.05051899
0.05136967
0.04509783
0.04610920
0.04489660
0.04196525
0.04176211
0.04187369
0.04220152
0.04199934
0.04473662
0.04926443
0.05491734
0.05063891
0.04505730
0.04440379
0.04289317
0.04285097
0.04237938
0.04729509
0.04267693
0.04880214
0.04580331
0.05305648
0.04803824
0.04853749
0.04417872
0.05521584
0.05675650
0.04988694
0.04036546
0.04029393
0.04236126
0.03957391
0.04648900
0.04519558
0.04468894
0.04353046
0.04649186
0.03941822
0.03607535
0.03809071
0.03717661
0.03823328
0.03987145
0.03478289
0.03613162
0.03793597
0.04219270
0.03825688
0.03855443
0.03577113
0.03669167
0.03705382
0.03761435
0.04080296
0.03452325
0.04035544
0.03529930
0.03797054
0.03974676
0.03997087
0.04606390
0.04619789
0.03779411
0.03829861
0.03940225
0.03474784
0.03412461
0.03405786
0.03754783
0.03898549
0.04680300
0.04185724
0.04395342
0.04147696
0.03816080
0.04035759
0.05554771
0.04129577
0.04037189
0.04862142
0.03834414
0.04926872
0.04422593
0.05742025
0.04444861
0.03797460
0.03775334
0.03429914
0.04057503
0.03906655
0.03420067
0.03968048
0.03426170
0.04007101
0.04874420
0.04372001
0.05064845
0.04452705
0.03375626
0.03396583
0.03320479
0.03788376
0.03608155
0.03381324
0.03255820
0.04046583
0.03824306
0.05480170
0.04935789
0.04838610
0.04822779
0.03665257
0.04185939
0.03971171
0.03681183
0.03711915
0.03685880
0.04593253
0.04150319
0.04475951
0.04776883
0.05644011
0.05302644
0.05021024
0.05181956
0.04996586
0.05355453
0.05177832
0.05540323
0.05216765
0.04634118
0.05294323
0.05062199
0.04684591
0.04540753
0.03939915
0.04570794
0.03482533
0.03721428
0.03642297
0.03390098
0.03701639
0.03398895
0.03941631
0.04889727
0.04304695
0.03999877
0.03800702
0.03711176
0.03836823
0.03952193
0.04126716
0.04081893
0.03646350
0.03714085
0.03905153
0.03895354
0.05111623
0.04986119
0.04944682
0.05307508
0.04283404
0.03969574
0.04009438
0.04154921
0.03975224
0.04187512
0.04213500
0.04687119
0.04530978
0.04801559
0.04934931
0.05375886
0.05043936
0.03787494
0.03830838
0.03824472
0.03818059
0.05262733
0.04729629
0.04225588
0.03341913
0.03315163
0.03801250
0.03851795
0.03911781
0.03900695
0.04262996
0.04426289
0.03405786
0.03674364
0.03354502
0.03989673
0.03551888
0.03439426
0.03938937
0.03514552
0.05389953
0.05458808
0.06442046
0.04566383
0.03754568
0.04912996
0.04398489
0.05862784
0.04581261
0.04909134
0.03668833
0.03553724
0.03634667
0.03855371
0.03735256
0.04677749
0.04264688
0.04047704
0.04409575
0.04645133
0.04240608
0.03738117
0.03713989
0.03702950
0.03627944
0.03835487
0.03732324
0.03562236
0.04218197
0.04186440
0.04059458
0.04175949
0.04548836
0.05360150
0.03766227
0.03514886
0.03622150
0.03786540
0.03649998
0.03934360
0.04211164
0.03757882
0.03871584
0.04040432
0.05411553
0.05913281
0.05984187
0.04803348
0.04324126
0.03699613
0.03826594
0.04001284
0.03850627
0.03742504
0.03779435
0.03876901
0.04261565
0.04396510
0.04222775
0.04273176
0.04081249
0.03932500
0.03813338
0.03908515
0.03811502
0.03954768
0.04200983
0.03865480
0.04100418
0.03945160
0.04166198
0.04991961
0.04483414
0.04568720
0.04351830
0.04386878
0.04124451
0.04359841
0.04551339
0.05004787
0.05096054
0.03999496
0.04133153
0.04887486
0.05381250
0.05003572
0.04401445
0.04074073
0.04362226
0.04311442
0.04323840
0.04791451
0.04553580
0.04300928
0.04288030
0.04511476
0.05972528
0.05333686
0.04952502
0.04800105
0.04397297
0.04592347
0.04577637
0.06520295
0.04953766
0.06042171
0.04323888
0.04447031
0.05088830
0.05187368
0.05080771
0.04844856
0.04295182
0.04668093
0.04912233
0.04475856
0.04418468
0.04808760
0.04378605
0.04603767
0.05880809
0.05246520
0.04905915
0.04320645
0.05231047
0.04583478
0.04620552
0.04526854
0.04566836
0.05514240
0.04484558
0.05289674
0.06618261
0.06796789
0.06163621
0.04840946
0.05205584
0.04400778
0.04846287
0.04748964
0.06099439
0.05821490
0.05640769
0.05437565
0.05405688
0.05520868
0.04775167
0.06257272
0.05047894
0.05848479
0.06351304
0.06493473
0.06992698
0.07167077
0.07448983
0.06073523
0.06751537
0.05822992
0.06502652
0.05962253
0.05773926
0.05266309
0.05618429
0.04950976
0.08420730
0.06047797
0.05770588
0.06078053
0.07084727
0.05063391
0.05369759
0.05437422
0.05121970
0.07693672
0.06098032
0.07472372
0.07653236
0.07766938
0.07883787
0.06438684
0.05777216
0.06242347
0.06139874
0.07644129
0.07214618
0.07461882
0.07242584
0.05379558
0.05806398
0.05466962
0.05577850
0.07281995
0.06851125
0.07577872
0.06590939
0.06867218
0.08179808
0.05693412
0.05734229
0.06508040
0.07256413
0.07932067
0.06155324
0.06029701
0.06437612
0.06398344
0.06935096
0.07615614
0.07491088
0.07425570
0.07582378
0.06345487
0.07483912
0.07997465
0.08981562
0.07035637
0.07606053
0.07414865
0.06384540
0.06539130
0.06255770
0.06721663
0.06397772
0.06302166
0.07468748
0.07421184
0.07551074
0.06526113
0.06157517
0.05996084
0.06518054
0.06231689
0.06560922
0.08068371
0.07445240
0.06843615
0.06224656
0.06236815
0.07308769
0.06316018
0.07383561
0.08020830
0.07374096
0.09069276
0.06379652
0.06106997
0.06534266
0.07492208
0.07400274
0.07641268
0.06200457
0.07204032
0.06270242
0.06701803
0.06592607
0.06059217
0.06161594
0.06730938
0.07548738
0.08239293
0.06701756
0.06553984
0.06234837
0.06186771
0.06346703
0.06445241
0.07145691
0.09185839
0.09257030
0.06474066
0.06634617
0.06912208
0.06611800
0.06679273
0.06691647
0.08002019
0.08091521
0.07217813
0.06752849
0.06668043
0.07040930
0.06990623
0.07122660
0.08132339
0.08161306
0.07040405
0.06790137
0.07258129
0.06569195
0.07057500
0.07282495
0.08098674
0.08286381
0.06743979
0.06865096
0.06605458
0.06574631
0.06518674
0.08856225
0.08607960
0.06930327
0.06543994
0.06695676
0.06685686
0.06673694
0.06638169
0.08005834
0.08343792
0.07678676
0.07259703
0.07203913
0.07454634
0.06918454
0.09025931
0.08389688
0.08429623
0.08328557
0.06791162
0.07039881
0.06611753
0.07756019
0.07859278
0.07941294
0.06725740
0.06797862
0.06911993
0.06784844
0.07043195
0.07479596
0.08396983
0.08209634
0.06804013
0.07122970
0.07429171
0.07270217
0.07107997
0.08067656
0.08697391
0.06597137
0.06706095
0.08371091
0.07061005
0.06779695
0.06830025
0.10912108
0.10673189
0.07086229
0.06504226
0.06961036
0.06452322
0.06479859
0.07604480
0.07939887
0.07942867
0.10739613
0.10519719
0.08424973
0.06377673
0.06429529
0.09895325
0.10023546
0.08670259
0.06782556
0.06622314
0.06303501
0.06580281
0.06902981
0.07730174
0.07447028
0.07877636
0.07721186
0.06330681
0.06228876
0.06656957
0.06820035
0.08711481
0.07655501
0.06695795
0.06258130
