0.08259988
0.05264139
0.04887724
0.04749084
0.05115438
0.03875852
0.03637123
0.03576398
0.03729868
0.04183102
0.04128933
0.04262114
0.04085207
0.03975248
0.03808188
0.03767586
0.04028177
0.05216265
0.04131174
0.04038501
0.03821111
0.03885031
0.03770328
0.04212284
0.04055452
0.04351783
0.04677892
0.05376935
0.04873967
0.04742622
0.04030275
0.03789639
0.03850412
0.03942657
0.06331611
0.06280327
0.06243062
0.03740382
0.03776264
0.03969693
0.03726339
0.03650165
0.03667092
0.05216980
0.05381298
0.05144143
0.04894400
0.03731108
0.04099131
0.04935980
0.04230046
0.04157090
0.04199910
0.04269433
0.04135275
0.03827620
0.03808832
0.03847766
0.03777289
0.03830624
0.03912473
0.03820705
0.05273390
0.04376006
0.03984833
0.04414845
0.05111241
0.05589604
0.04672241
0.04435754
0.04497838
0.04819965
0.04271436
0.04588413
0.04934978
0.05821729
0.06129432
0.06573272
0.05551529
0.04086924
0.04079270
0.04371238
0.04236531
0.04706383
0.04747343
0.04944134
0.04011273
0.05425024
0.03663874
0.03996563
0.03731370
0.03637171
0.04142213
0.04739285
0.04470491
0.04544997
0.04586101
0.04367971
0.03800893
0.03813982
0.04043341
0.04494715
0.03746343
0.04009175
0.05066395
0.04380941
0.04350972
0.03866959
0.04361510
0.03988624
0.04780602
0.04614019
0.04587030
0.04499674
0.05183220
0.05229759
0.05025434
0.04718184
0.04303932
0.04381537
0.04556203
0.04319739
0.04318810
0.06161809
0.04747176
0.04944897
0.04906940
0.04994798
0.05565310
0.05297208
0.04132104
0.04151082
0.04009104
0.04004550
0.04051399
0.05089140
0.04484367
0.04614949
0.04187083
0.04113245
0.04168725
0.04613781
0.04232955
0.04257798
0.04477954
0.04995513
0.05242610
0.05201530
0.05634856
0.04512596
0.04505134
0.04512000
0.04397702
0.04351616
0.04689121
0.04253006
0.04557776
0.05052948
0.05393624
0.05028248
0.04345179
0.04875803
0.05202794
0.04271913
0.04618335
0.04064989
0.04096365
0.04581571
0.05438447
0.05131626
0.04917169
0.04541945
0.06263018
0.05780292
0.04799342
0.04654241
0.04562402
0.05307364
0.05352306
0.05326033
0.04836988
0.04870725
0.04898548
0.04719615
0.06619787
0.06042719
0.07028031
0.05205894
0.05222797
0.05477142
0.05092049
0.05097103
0.05203390
0.05183196
0.05392933
0.05693769
0.05512643
0.04905343
0.04452515
0.04387331
0.04337668
0.04069185
0.04122138
0.06194329
0.04668236
0.04811740
0.04099989
0.04285026
0.04798055
0.05043054
0.04613090
0.04698682
0.04378414
0.05210280
0.04805660
0.05236006
0.04175138
0.04199028
0.04087496
0.04574680
0.04125237
0.04341674
0.04093242
0.04349685
0.04330993
0.05198097
0.04662061
0.04470468
0.04197955
0.04602098
0.05597448
0.04207277
0.04167151
0.05181718
0.04570723
0.05122089
0.04939079
0.04439521
0.04243875
0.04490352
0.04192591
0.04298615
0.04151011
0.04241490
0.04497838
0.05454016
0.04715800
0.04043221
0.03987145
0.04046583
0.04058480
0.05903149
0.04318786
0.03961873
0.04237890
0.04741907
0.05852222
0.06410837
0.05216360
0.04990435
0.05693078
0.04952025
0.04493904
0.04950500
0.04646659
0.05537009
0.06009007
0.05671263
0.04526925
0.04555368
0.05276990
0.05518794
0.04413009
0.04077530
0.04463840
0.04899359
0.05663514
0.05334425
0.05682254
0.05335712
0.05115867
0.04394460
0.04430103
0.04635787
0.04423070
0.05208635
0.05781960
0.06962943
0.04762197
0.04859948
0.04396939
0.04279852
0.04909253
0.04377055
0.04791451
0.04925394
0.04945040
0.04707003
0.04054594
0.04046297
0.04002094
0.04117942
0.04539990
0.04081154
0.04055309
0.04022455
0.04354668
0.04653454
0.05184364
0.04722905
0.04455495
0.04244590
0.04249620
0.04111028
0.04107785
0.05338502
0.04146862
0.04160333
0.04940081
0.05164886
0.05592537
0.04832506
0.04201484
0.04226780
0.05126953
0.06456113
0.04437900
0.05044031
0.05343390
0.05364060
0.05770397
0.04558420
0.04549885
0.04200935
0.04178739
0.04214740
0.04166389
0.04546905
0.04952240
0.06394720
0.05673838
0.04298663
0.04697037
0.04259253
0.04431319
0.04940176
0.04482460
0.04143858
0.04366088
0.04936838
0.05724716
0.04501343
0.04164553
0.04316044
0.04671311
0.04770684
0.05051613
0.04969072
0.04742837
0.04810715
0.04911947
0.05088711
0.04998469
0.04469013
0.04262018
0.04272366
0.04230881
0.04220629
0.04949212
0.04714394
0.04808187
0.05497098
0.05416918
0.05137634
0.04473639
0.04894972
0.04374695
0.04512215
0.05572104
0.04655838
0.04749942
0.05500174
0.07318974
0.06597137
0.05508399
0.05175686
0.05261159
0.04682422
0.04563570
0.05127621
0.05053568
0.05583715
0.06221485
0.06215930
0.06198740
0.04626751
0.05075049
0.04795957
0.04353166
0.04522347
0.06657600
0.04988980
0.05053902
0.05763698
0.04423738
0.04415870
0.05235887
0.04339123
0.04289269
0.04372144
0.05749917
0.04913688
0.05592084
0.05592752
0.05112529
0.04758048
0.04961228
0.04794765
0.05129647
0.04792619
0.04843950
0.06263375
0.06759572
0.05516148
0.04873800
0.05142474
0.04807687
0.04791927
0.04654288
0.04602718
0.05052137
0.05563498
0.05058122
0.05336785
0.06019878
0.04269075
0.04256678
0.05141115
0.04836488
0.04369807
0.05261469
0.04794765
0.04587412
0.04141569
0.04354858
0.05772996
0.05310059
0.04620361
0.04620624
0.04818249
0.05288768
0.05368781
0.05139899
0.04461074
0.04573750
0.04487777
0.04310107
0.04235125
0.04151297
0.04961777
0.04873419
0.04738760
0.04711866
0.04080820
0.04030967
0.04184794
0.04212499
0.04915905
0.04119658
0.04138279
0.05496836
0.05436182
0.05371666
0.05283022
0.05396700
