0.02387667
0.03075409
0.03252316
0.03622723
0.03183031
0.03534722
0.03059220
0.04084134
0.03939533
0.03881502
0.03757763
0.04783654
0.03400779
0.03231931
0.03417683
0.03111506
0.03101802
0.04695892
0.03923345
0.03649879
0.03560686
0.03386045
0.04717541
0.05384803
0.04699731
0.04747534
0.05105877
0.03940153
0.04489398
0.03389907
0.03200316
0.03394365
0.03502440
0.04118705
0.03442001
0.03745437
0.03046942
0.03036404
0.03160262
0.03108740
0.03491139
0.03042483
0.03169918
0.03111887
0.03423238
0.04192281
0.04317784
0.03846121
0.03893614
0.04028988
0.03608656
0.03645468
0.04438114
0.03573537
0.04047585
0.04269433
0.03623533
0.03401828
0.03844166
0.03458381
0.03310919
0.03382206
0.03420091
0.03316212
0.03183270
0.04613638
0.04594040
0.04414988
0.04443645
0.03107548
0.03095174
0.03508401
0.03146625
0.03056979
0.03134251
0.03486037
0.03499246
0.04020357
0.03364062
0.03513765
0.03227139
0.03941417
0.03364944
0.03453803
0.03302526
0.03395939
0.03742099
0.03484178
0.03360438
0.03386164
0.03532481
0.03457403
0.04541898
0.03973842
0.04028201
0.03899598
0.04047036
0.03941011
0.05282974
0.03155732
0.02988386
0.03164339
0.03022027
0.03307152
0.04123688
0.03852034
0.03863263
0.03986883
0.03834748
0.03470612
0.03338313
0.03289247
0.03148246
0.03422523
0.03167772
0.03240180
0.03469920
0.02978468
0.03241277
0.04207277
0.03359866
0.03355145
0.04456925
0.05041170
0.05407763
0.03360772
0.03427434
0.04307580
0.03470707
0.03472877
0.04617596
0.03505993
0.03456712
0.05170751
0.05061889
0.05392981
0.05208302
0.03911972
0.03997636
0.03948975
0.04338574
0.03753114
0.04036903
0.03941250
0.03602099
0.03807116
0.03955269
0.04428172
0.03924632
0.03971744
0.04037905
0.03759813
0.03423190
0.03516769
0.03753138
0.03585219
0.03795934
0.03403854
0.03329563
0.03514719
0.03781652
0.03833938
0.04110003
0.03927565
0.03914309
0.04107857
0.05102611
0.04689503
0.03560305
0.03571939
0.03428054
0.03541660
0.03326273
0.03428841
0.03719091
0.03935051
0.04006863
0.03792620
0.03877902
0.03795695
0.03952789
0.03348255
0.03516722
0.03418207
0.03737140
0.04226089
0.03582382
0.03721833
0.04189777
0.04591107
0.05076075
0.04432797
0.04618239
0.04210210
0.04008436
0.03093767
0.03390694
0.03404474
0.03883529
0.03353715
0.04436278
0.03299832
0.03251457
0.04038525
0.03643632
0.03744888
