0.05948615
0.06111479
0.05492878
0.05423856
0.05747724
0.06719279
0.06431484
0.06210232
0.05824208
0.06633139
0.07739949
0.06845045
0.05969763
0.05749202
0.05698133
0.05739498
0.05600262
0.06773019
0.07018137
0.06076169
0.06261325
0.05864739
0.05783129
0.05993605
0.09695911
0.09596181
0.06128144
0.05846071
0.07359672
0.06516695
0.07744813
0.07078481
0.07177997
0.07971072
0.06223631
0.06591177
0.07107878
0.07075715
0.05927229
0.05944514
0.05969787
0.06202793
0.09429407
0.09112644
0.07810259
0.06433082
0.06495976
0.06097174
0.07563353
0.07678938
0.07496095
0.06232357
0.06526327
0.07235718
0.06075668
0.06878757
0.07781720
0.07412195
0.06808496
0.06369734
0.06362510
0.06208920
0.06111646
0.06683540
0.07558846
0.07755733
0.06802440
0.07035685
0.07490730
0.07916594
0.07573199
0.08091879
0.07758284
0.06591845
0.07020330
0.06709003
0.06557941
0.07069373
0.08611560
0.07557559
0.07054877
0.06673360
0.07259727
0.09318209
0.10072637
0.06981993
0.08059192
0.07013226
0.07315540
0.07781148
0.10343695
0.09296727
0.07163620
0.07076883
0.10002661
0.08913231
0.08783841
0.08634305
0.07189488
0.07609916
0.07363248
0.07671189
0.08651018
0.08772516
0.08007216
0.11184001
0.07657647
0.07181644
0.08477545
0.08829308
0.08661079
0.07260680
0.07868791
0.10110188
0.08669114
0.09191728
0.07932925
0.07582688
0.07469797
0.07639623
0.07927418
0.09204745
0.09069824
0.07843375
0.07688236
0.07620120
0.08091545
0.09314561
0.08451629
0.07562780
0.08980322
0.07831979
0.07780337
0.08242559
0.10503292
0.08976388
0.07745099
0.07599282
0.07552624
0.10184765
0.09571409
0.11165357
0.07991648
0.07851267
0.08703542
0.09763241
0.08809495
0.07857370
0.08332872
0.08246398
0.08916903
0.10356045
0.08868575
0.08558011
0.08231235
0.08797002
0.10900068
0.08474922
0.08572197
0.08375812
0.08431482
0.11133599
0.12264156
0.08696342
0.08813715
0.08608341
0.08785415
0.11047673
0.08609939
0.08471084
0.08007765
0.07695150
0.07833123
0.08959389
0.08383965
0.06913400
0.06871891
0.06820107
0.06498289
0.06238985
0.07236385
0.07221270
0.05973864
0.06448913
0.07130051
0.07041049
0.06945038
0.06315684
0.07086849
0.07001257
0.05881810
0.08658242
0.08242965
0.06527305
0.05837703
0.07111645
0.07343078
0.06159139
0.05919886
0.06039596
0.06592917
0.06242180
0.07521439
0.08180523
0.07441592
0.06315255
0.06467509
0.06447244
0.06755543
0.07994246
0.07883954
0.06705809
0.07215309
0.07208133
0.09408402
0.07244396
0.08021283
0.07542992
0.06798625
0.06922364
0.07491112
0.07952285
0.07374907
0.08461332
0.08519673
0.07141733
0.07086515
0.07068110
0.06978869
0.08433223
0.08806753
0.07143188
0.08284736
0.09421945
0.07740784
0.09098005
0.08365965
0.07205653
0.07358122
0.07336926
0.07429600
0.09456754
0.09669137
0.07501507
0.07602596
0.07812476
0.07623053
0.08123755
0.09542394
0.08760381
0.08189988
0.07184219
0.07321477
0.06970358
0.08334422
0.08017230
0.09340405
0.09163260
0.09057117
0.08948684
0.07368708
0.07102847
0.06318188
0.08162332
0.07749367
0.05311751
0.05417180
0.09776831
0.09117985
0.05665112
0.06055474
0.05644631
0.06067824
0.06865311
0.06933665
0.05826783
0.05907536
0.05996466
0.06384230
0.06582165
0.11546850
0.09793830
0.05706310
0.07001901
0.06307435
0.06123495
0.07033753
0.06043339
0.07374525
0.06375432
0.06128716
0.05982924
0.09502721
0.08663964
0.06310010
0.06360936
0.06637168
0.06489134
0.06635189
0.07675052
0.07288980
0.06253982
0.06464696
0.06740618
0.06488490
0.08252072
0.07582951
0.06367397
0.07451916
0.06807518
0.06963754
0.08746147
0.08150458
0.06774664
0.08160019
0.07878423
0.06772137
0.07654047
0.08473659
0.08295655
0.09158897
0.08884931
0.08335114
0.08787704
0.07597446
0.09603262
0.09125972
0.08117843
0.08993530
0.09661841
0.09435177
0.09787607
0.08204579
0.09758973
0.10930943
0.08609152
0.09659076
0.10924745
0.14040518
0.09106016
0.08902502
0.09913182
0.10820723
0.09730101
0.08428121
0.07980347
0.08177996
0.08545136
0.08486843
0.07425046
0.06586146
0.06815434
0.07105970
0.06274772
0.07278109
0.10640144
0.06124687
0.05616999
0.05570388
0.06076789
0.06913996
0.05693650
0.06452751
0.06453085
0.04839039
0.04755664
0.05373716
0.05742908
0.04300928
0.04390121
0.04245019
0.04791617
0.05641413
0.06330276
0.05205035
0.04170680
0.04010224
0.03922439
0.04514647
0.03893209
0.05803514
0.06093764
0.04939413
0.04842138
0.05547833
0.04581976
0.04406476
0.04275537
0.04772663
0.04653454
