0.05169821
0.04949617
0.05824900
0.06057692
0.05937457
0.06233478
0.04105258
0.04647636
0.06450963
0.04488778
0.04083681
0.04018807
0.04238772
0.04066420
0.04213548
0.03990030
0.04731178
0.04408598
0.04743075
0.03805423
0.04002690
0.04146409
0.03682375
0.03669500
0.04091120
0.04267669
0.04101419
0.04206705
0.03636837
0.03493094
0.03570437
0.04404092
0.03827572
0.03767991
0.04185414
0.04260778
0.04169941
0.04979157
0.04940319
0.05135298
0.05294228
0.05090046
0.03936720
0.04618573
0.05794644
0.03797412
0.03819466
0.03854299
0.03415179
0.03497577
0.03823733
0.04243207
0.05145097
0.03736043
0.03988719
0.03810716
0.03265476
0.03661323
0.03562713
0.03738737
0.04638410
0.04870987
0.04168868
0.04477262
0.04716468
0.03678775
0.03459167
0.03437281
0.03587413
0.03659987
0.04229474
0.04335594
0.04185200
0.03631663
0.03635621
0.03899765
0.03540540
0.03524709
0.03531718
0.03609324
0.04312348
0.05091596
0.05122495
0.04271102
0.03456426
0.03446746
0.04154754
0.03976631
0.03450918
0.03455830
0.03395295
0.03656936
0.03675485
0.03843784
0.03837919
0.03874946
0.03594637
0.04944348
0.04058647
0.03379464
0.03549838
0.03499389
0.03899240
0.03479266
0.03845406
0.03712201
0.04355311
0.03608084
0.03561664
0.03422213
0.03518295
0.03422141
0.03556514
0.03555059
0.03835273
0.03794193
0.03656316
0.04065704
0.04518747
0.03862357
0.04717851
0.04546905
0.03319764
0.03467536
0.05406284
0.04349804
0.04535103
0.03674984
0.03793097
0.03680563
0.04615259
0.03446865
0.03431177
0.03469586
0.03501534
0.03567696
0.03348875
0.03292274
0.03340030
0.03326368
0.04420590
0.03814197
0.03727531
0.03778625
0.03464127
0.03406310
0.03396463
0.03702140
0.03861690
0.04011369
0.04235816
0.04781556
0.04329252
0.04356551
0.04241753
0.04047942
0.03858948
0.03848600
0.03756785
0.03649354
0.03920698
0.03819156
0.04114914
0.05733609
0.04456067
0.04431319
0.05458140
0.04271317
0.04608393
0.04493237
0.04517055
0.04388738
0.04370070
0.04288292
0.04566169
0.04759598
0.05029130
0.05155087
0.05021334
0.03860021
0.03933263
0.03969288
0.03882933
0.03895497
0.03889155
0.03896260
0.03903079
0.03898692
0.04513121
0.04318523
0.04470396
0.04507518
0.03832603
0.03953385
0.04495549
0.03947115
0.03835011
0.03828907
0.03811479
0.03825188
0.04722810
0.05615711
0.05080867
0.04795957
0.04251409
0.03881645
0.03889108
0.03939056
0.03846645
0.03977990
0.04034972
0.04001260
0.04343414
0.05217791
0.04769611
0.04539871
0.04353166
0.04425097
0.04116297
0.04181886
0.04148078
0.04077578
0.04947209
0.04840708
0.05202651
0.05762076
0.05584526
0.05513310
0.04629517
0.04475403
0.04498291
0.05278182
0.03917336
0.04273295
0.04513311
0.04550815
0.04607248
0.03835964
0.03938723
0.04387403
0.04083443
0.03384900
0.03791285
0.03515148
0.03485107
0.03649330
0.03774762
0.03764796
0.03801513
0.03988457
0.03534412
0.03885341
0.03654408
0.03491497
0.03316259
0.03429770
0.03720832
0.03912640
0.03828216
0.04346371
0.03796721
0.03575563
0.03593111
0.03642225
0.03570747
0.03628063
0.04077840
0.03874993
0.03677988
0.03511786
0.04242945
0.06871772
0.05241394
0.05167150
0.03589821
0.03863192
0.03834701
0.04827380
0.04492903
0.03395462
0.03426957
0.03602362
0.03927517
0.03890014
0.03747845
0.05136847
0.03513288
0.03360081
0.03382516
0.03605294
0.03283548
0.03421974
0.03260779
0.03213072
0.03569794
0.03593564
0.03660655
0.03737664
0.03767800
0.03351617
0.03535676
0.03432870
0.03322220
0.03330302
0.03332686
0.03416061
0.03307772
0.04543924
0.04415846
0.03895283
0.04872513
0.04975748
0.04125214
0.03769755
0.03569460
0.03437042
0.03989315
0.04509592
0.03095412
0.03141975
0.03110313
0.03863692
0.03872013
0.03733873
0.03656530
0.03200817
0.03330612
0.03797460
0.03555202
0.03474593
0.03718853
0.04507184
0.03357053
0.05223703
0.04511762
0.03560591
0.04902172
0.04179001
0.03316832
0.03269815
0.03213239
0.04028463
0.03266525
0.04085326
0.03427482
0.03390074
0.03546119
0.03168845
0.03523183
0.03279233
0.03205633
0.03387976
0.03491402
0.03824568
0.03416824
0.06531572
0.04778719
0.04610777
0.04420280
0.04005432
0.03252840
0.03549504
0.03302956
0.03109503
0.03272247
0.03928852
0.04017568
0.03938413
0.04148579
0.04031730
0.04985428
0.04931664
0.03277087
0.03194618
0.03094053
0.03098702
0.03133726
0.03202105
0.03328228
0.03417492
0.04309916
0.03483105
0.03601623
0.03362846
0.03072286
0.03220534
0.03194594
0.03225327
0.03506589
0.03352785
0.03649998
0.03147221
0.03149915
0.03088260
0.03310704
0.03556299
0.03406692
0.03336883
0.03733349
0.03143120
0.03074574
0.03209519
0.03203297
0.03213763
0.03142285
0.03067803
0.03432178
0.03215837
0.03439426
0.03475189
0.03582501
0.03471637
0.03345442
0.03249741
0.03175974
0.03356957
0.03293037
0.03302145
0.03455949
0.03333354
0.03101921
0.03323054
0.03558898
0.03946757
0.03530598
0.03570986
0.03358006
0.03185344
0.03263521
0.03359866
0.03520083
0.03178930
0.03128171
0.03382707
0.03184223
0.04100180
0.03472352
0.03672218
0.03114033
0.03272152
0.03340125
0.03380799
0.03677630
0.03259897
0.03249550
0.03142142
0.03885388
0.06113005
0.04566789
0.04785037
0.04851460
0.03463626
0.03347707
0.03419089
0.04086518
0.03828788
0.03567457
0.03904247
0.03787851
0.06375337
0.03791547
0.03776503
0.03630328
0.03793669
0.03872252
0.03675222
0.04808807
0.05229807
0.04155207
0.04404879
0.04530621
0.03645802
0.04043150
0.03745699
0.03807235
0.03730965
0.03785968
0.03857207
0.05093694
0.05422163
0.05696082
0.03886795
0.03684926
0.03781486
0.03799653
0.03801703
0.03969550
0.04246998
0.04175448
0.04405093
0.04343319
0.04790711
0.03997636
0.03892803
0.03774428
0.03879714
0.03928757
0.03981113
0.03774047
0.03587651
0.03690863
0.03762913
0.04063129
0.04407334
0.04218173
0.04444313
0.04283762
0.03839421
0.03750873
0.03689361
0.03879619
0.03620815
0.03914809
0.03587580
0.03604722
0.03684092
0.04908872
0.04920173
0.05262804
0.04315591
0.03669882
0.03801847
0.03780675
0.03659797
0.03807235
0.03994012
0.03735971
0.03877783
0.04027200
0.04874349
0.04305649
0.04389429
0.03824234
0.04109502
0.04086089
0.03847194
0.03649783
0.03423357
0.03477383
0.03309584
0.03529525
0.03879762
0.03773761
0.04992795
0.03774118
0.03433299
0.03570485
0.03583145
0.03693199
0.03769517
0.04393673
0.03284574
0.03725719
0.03611064
0.03570986
0.03605866
0.03131986
0.03551936
0.03801155
0.03180981
0.03189993
0.03243065
0.03256273
0.03191400
0.03461790
0.03246808
0.03330588
0.03558183
0.03674316
0.03628016
