0.02711320
0.03327632
0.03450704
0.03538871
0.04692698
0.03922176
0.04010344
0.06908584
0.05650616
0.03580022
0.03432870
0.03245139
0.04263473
0.04713869
0.04534626
0.04040289
0.04580569
0.03692698
0.03279424
0.03346109
0.03833580
0.03633833
0.03470230
0.03685880
0.03568220
0.03532362
0.03558612
0.03313899
0.03340745
0.03157711
0.03417444
0.03175449
0.03511143
0.03346181
0.03696108
0.03221989
0.03114605
0.03365827
0.04219198
0.03615761
0.03629422
0.03606963
0.03439903
0.03229213
0.03465962
0.03920293
0.03166628
0.03603125
0.03168225
0.03149962
0.03139043
0.03212619
0.03322077
0.03908205
0.03634310
0.03608179
0.03659058
0.03209424
0.04790878
0.04396749
0.03070974
0.03200698
0.03117132
0.03202820
0.03532505
0.03133392
0.03290462
0.03321719
0.03591585
0.03610802
0.04110861
0.03537273
0.03507423
0.03138900
0.03169012
0.03175926
0.03274083
0.03221631
0.03123641
0.03682828
0.03038716
0.03320432
0.03189683
0.03171206
0.03213191
0.04490113
0.03570127
0.03589606
0.03609300
0.03222156
0.03354406
0.03298688
0.03145814
0.03204203
0.03626204
0.03559995
0.03132248
0.03557730
0.03518057
0.03447318
0.04722047
0.03650284
0.03163528
0.03728461
0.05004811
0.04948545
0.03283978
0.03167200
0.03221011
0.03240085
0.03206134
0.03418684
0.03752017
0.03525543
0.03864670
0.04017639
0.04271770
0.03661060
0.03437328
0.03758121
0.03287172
0.03264093
0.03321433
0.03242421
0.03730130
0.03527832
0.03559875
0.03566003
0.03609061
0.03470159
0.03221250
0.03165770
0.04637074
0.04461789
0.03564334
0.04134727
0.03246665
0.03068399
0.03512263
0.04004502
0.03594089
0.03732777
0.03430820
0.03562307
0.03418422
0.03274179
0.03220296
0.03379750
0.03204179
0.03186083
0.03972745
0.03426862
0.05651784
0.03930140
0.04331231
0.03589988
0.03490210
0.03245783
0.04481554
0.04804492
0.03529048
0.03375316
0.03364801
0.03602958
0.03430986
0.03521204
0.03965330
0.04204464
0.03859162
0.03765059
0.03538537
0.03485370
0.03474712
0.03501225
0.03854346
0.03355217
0.03702211
0.03578424
0.03536034
0.03669357
0.03757501
0.04373026
0.05157709
0.04303479
0.03523684
0.03298545
0.03350234
0.03437805
0.03575826
0.03292656
0.03148031
0.03520203
0.03156471
0.03251243
0.03529859
