0.06630540
0.10140967
0.09249234
0.08568954
0.06794500
0.06963015
0.06673861
0.06711388
0.07074833
0.09438753
0.11369348
0.07001328
0.07776618
0.06465721
0.06727314
0.06901622
0.08439803
0.08286786
0.08268237
0.06959295
0.06701756
0.08103585
0.09458375
0.08065319
0.06414700
0.07467484
0.07274699
0.07493567
0.08392477
0.08297157
0.08544898
0.07261753
0.06711507
0.06877542
0.09308958
0.09879923
0.09500837
0.07533336
0.07616878
0.07662010
0.07415342
0.09027958
0.09887695
0.07988143
0.08754754
0.08544207
0.09372234
0.09636855
0.08782554
0.08080363
0.08397317
0.07754421
0.09427166
0.10427856
0.08233666
0.07498479
0.07752514
0.07539129
0.07814837
0.08820319
0.10242748
0.07701540
0.08724165
0.07817340
0.08086157
0.07951832
0.10047174
0.09060621
0.08844066
0.08631182
0.08280516
0.10620761
0.09159827
0.08466673
0.07849932
0.07371902
0.07618499
0.07604551
0.08029270
0.09475183
0.08860874
0.07526517
0.08062887
0.09542131
0.07330179
0.08395171
0.08887911
0.08124518
0.07590294
0.07856059
0.08370924
0.07347059
0.08379078
0.10425591
0.09666276
0.09872842
0.07095170
0.06645727
0.08884311
0.08098388
0.07032847
0.07120013
0.06457520
0.06953573
0.07129788
0.08288455
0.07641625
0.06318069
0.06498766
0.06854272
0.06913090
0.06903863
0.07420564
0.08375764
0.06691718
0.07248569
0.06326342
0.06597209
0.06752849
0.09976697
0.09824872
0.06840324
0.06561494
0.07975459
0.08021784
0.07487059
0.08273125
0.07702565
0.07649708
0.08045745
0.08523893
0.06927228
0.07943439
0.08464289
0.07600904
0.07063460
0.07109308
0.06967831
0.07600594
0.07616377
0.08686948
0.07985497
0.06913781
0.07442069
0.06888747
0.06970048
0.06960630
0.07871580
0.09913826
0.06618309
0.06857419
0.06809783
0.06798768
0.06795597
0.07367134
0.08374524
0.07944632
0.06722164
0.06954074
0.07118750
0.06938457
0.06848741
0.08562708
0.08703470
0.06783056
0.06719017
0.06734085
0.06790590
0.06930232
0.06799054
0.09672236
0.10307527
0.06753278
0.06946659
0.06849360
0.06851459
0.06886053
0.08918262
0.08423233
0.06912875
0.06752872
0.06725812
0.06955028
0.06562304
0.08079934
0.08347225
0.11574054
0.11322522
0.08255363
0.07925510
0.08694863
0.08480334
0.07840610
0.09500408
0.08199072
0.07783461
0.07804084
0.08285832
0.08206463
0.06671429
0.06552148
0.06658626
0.07525301
0.06590962
0.06090927
0.06856441
0.07525325
0.06561852
0.05404019
0.05243683
0.05239201
0.04658055
0.04776502
0.04669476
0.05036688
0.05442905
0.05580568
0.06053972
0.05337715
0.05405855
0.05504823
0.05629134
0.05884886
0.05582666
0.05882168
0.07148647
0.07421780
0.07279658
0.06244493
0.06809163
0.06664205
0.06898379
0.07563996
0.09044290
0.10055923
0.07739568
0.07192016
0.07155085
0.07403588
0.06860733
0.07524848
0.09325218
0.08383632
0.07347298
0.09143090
0.07147503
0.06989837
0.08284712
0.07150412
0.08933139
0.09185743
0.07472301
0.07151341
0.07308412
0.06982374
0.08035254
0.08417845
0.09661388
0.08860588
0.07966161
0.08964133
0.09381819
0.08313155
0.09430170
0.09884357
0.07427931
0.08689308
0.08137465
0.09291863
0.08518696
0.10158205
0.09563255
0.07357216
0.07980514
0.07605362
0.07660055
0.07977867
0.10813403
0.10700250
0.08087158
0.08226085
0.07432795
0.10685492
0.08592439
0.09258628
0.07916880
0.06948209
0.07011557
0.07137060
0.07515240
0.07425618
0.08698583
0.09724474
0.07891464
0.08123827
0.07927752
0.07543492
0.07667923
0.09703350
0.08896017
0.08154011
0.07702756
0.07495070
0.07957840
0.07693243
0.09000540
0.07871318
0.06256819
0.06577063
0.06027985
0.06718779
0.08595300
0.08593178
0.08555818
0.09213543
0.07910299
0.06882739
0.07111502
0.08594823
0.09832525
0.09102941
0.09953713
0.07748389
0.08408499
0.09570694
0.08819318
0.07457900
0.07716727
0.08129191
0.08013463
0.07973123
0.09090185
0.08746314
0.07529569
0.07609153
0.07705903
0.07764292
0.08239317
0.09022450
0.08039546
0.07184219
0.06494832
0.06234264
0.05984879
0.05778360
0.05767155
0.06201077
0.05679369
0.05190802
0.04593372
0.04702377
0.04633641
0.04887891
0.04524112
0.04500151
0.04470801
0.04861259
0.05205870
0.05335140
0.05284619
0.05977964
0.06352401
0.06399083
0.05929494
0.04581738
0.05060863
0.05081964
0.04960299
0.04975772
0.04909134
0.05196238
0.05469728
0.05172825
0.04937696
0.04640555
0.04295349
0.04568100
0.05060577
0.05651760
0.05054092
0.04321289
0.04436612
0.05162477
0.04841661
0.04576612
0.04645896
0.04731321
0.04854703
0.05440354
0.05891776
0.05826807
0.05170107
0.05125141
0.05765414
0.05048060
0.05332828
0.05259371
0.05337405
0.05811882
0.06693935
0.06906533
0.05735230
0.05944729
0.07211661
0.05970550
0.08561420
0.06795192
0.07602787
0.07607126
0.06244326
0.06289506
0.09542537
0.08572817
0.06441760
0.07568884
0.08096790
0.07951999
0.08247662
0.06484270
0.06635547
0.06432772
0.10592484
0.10089493
0.07026410
0.07228017
0.06734943
0.06733394
0.06865025
0.11081839
0.08815289
0.06484842
0.07012725
0.07617521
0.08766556
0.06679201
0.07997108
0.07574821
0.06202245
0.06056237
0.06166720
0.06265140
0.06932974
0.07631326
0.07935262
0.08215857
0.06460834
0.06685710
0.06462741
0.06668806
0.06481457
0.07329392
0.07962346
0.08015299
0.06335068
0.06826043
0.07260513
0.06677914
0.07662416
0.07770586
0.08166146
0.06719494
0.06089973
0.06823659
0.06490493
0.06641555
0.06243300
0.07128429
0.07079935
0.06879520
0.05846524
0.05980420
0.05724478
0.05732799
0.05695820
0.05748510
0.06095815
0.07423186
0.06521988
0.05444741
0.05665302
0.05362797
0.06525660
0.06822395
0.06022787
0.06568217
0.06748581
0.05572462
0.05716228
0.05785203
0.04968452
0.04971719
0.04855752
0.04831457
0.05016732
0.05768466
0.05882859
0.05454898
0.04951859
0.04981351
0.04863405
0.04890704
0.04894948
0.04940820
0.05766749
0.05650187
0.05594039
0.04716277
0.04406595
0.05043697
0.04677987
0.04679132
0.04773784
0.04525805
0.04679942
0.05469584
0.06066322
0.05550480
0.04743552
0.04615498
0.04691124
0.04645777
0.04618573
0.04637814
0.04547453
0.04619837
0.05470657
0.05414677
0.05473495
0.04868221
0.04913306
0.05534005
0.05160880
0.05102873
0.05059433
0.05115628
0.05524707
0.06700683
0.06465602
0.05520892
0.05510235
