0.06998515
0.03483272
0.03596187
0.04310870
0.03201771
0.03378868
0.04423738
0.04980850
0.04554057
0.03585124
0.03243423
0.03948927
0.03520894
0.03928256
0.03636599
0.03511477
0.03602266
0.03659034
0.03331327
0.03508830
0.03202152
0.03178692
0.03600645
0.03479385
0.03236151
0.03390622
0.03629684
0.03526235
0.03863740
0.04127121
0.04962420
0.03366327
0.03992677
0.03955293
0.03898144
0.04248285
0.04296255
0.03528523
0.03524971
0.03674746
0.03502297
0.04999685
0.03064585
0.03034425
0.03116274
0.03561568
0.03447604
0.03700757
0.03738832
0.04747081
0.04401350
0.04252648
0.04622436
0.03653836
0.03582406
0.03580928
0.04022193
0.03575897
0.03555155
0.03588772
0.03196406
0.03550339
0.03629112
0.03547716
0.03454375
0.04514933
0.04011059
0.04590750
0.05060029
0.04630494
0.04318810
0.04111958
0.03161192
0.03699923
0.03934836
0.03399539
0.03520322
0.03517079
0.03388381
0.04007316
0.04005337
0.03890061
0.04419184
0.04203176
0.03559399
0.03613687
0.03951764
0.03557014
0.03545451
0.05524492
0.04729915
0.04992151
0.05013275
0.03893280
0.03771091
0.03615808
0.03680253
0.03663588
0.03642654
0.04081297
0.04130912
0.05245590
0.05205274
0.03982806
0.03433537
0.03313565
0.03456068
0.03420830
0.03492689
0.03258657
0.03330278
0.04245687
0.03540969
0.03544807
0.03752804
0.03355074
0.03390670
0.03482413
0.03779340
0.03555083
0.03451395
0.03712511
0.04112124
0.03754497
0.03593516
0.03686857
0.03847504
0.03929138
0.05222869
0.04664755
0.03412008
0.03411770
0.03448391
0.03442907
0.03624010
0.03665948
0.03749490
0.03741693
0.03693676
0.03415799
0.03706813
0.03793216
0.03791213
0.03897476
0.03760242
0.03681493
0.03725290
0.03878808
0.03822470
0.03778434
0.03444123
0.03870821
0.03864574
0.04287243
0.03925824
0.03882408
0.03670073
0.03971863
0.03903246
0.04462337
0.03833866
0.03507280
0.03559732
