0.02598619
0.03970075
0.04561567
0.04300213
0.05238128
0.03705645
0.03596616
0.03944612
0.03629375
0.03706980
0.04279256
0.03770471
0.06036973
0.04219079
0.04744482
0.05078983
0.04180455
0.04362154
0.03610301
0.04133630
0.04293275
0.04666519
0.04368448
0.04775214
0.04856348
0.05047989
0.04618311
0.04020333
0.04930258
0.04510832
0.03902030
0.04785252
0.04954743
0.04597664
0.04179525
0.03982639
0.04048777
0.03843951
0.04153442
0.03741264
0.03628755
0.03785777
0.03649306
0.05309033
0.05279088
0.04106426
0.05476022
0.03735542
0.03759575
0.04148912
0.04144311
0.04244876
0.04199219
0.04163504
0.04281211
0.04281044
0.04347873
0.04430223
0.04235959
0.03666544
0.03792691
0.03846979
0.04253459
0.03822827
0.03740072
0.03875852
0.03726816
0.04118919
0.04211450
0.04272676
0.04379034
0.04256988
0.04629636
0.03813887
0.03794599
0.03829813
0.03851771
0.03763437
0.03768754
0.03792667
0.04232430
0.03834081
0.04276276
0.04419446
0.09806228
0.04636407
0.04046559
0.03985596
0.04487801
0.04209805
0.04022789
0.04078507
0.05157161
0.03876591
0.04804444
0.04069710
0.04069304
0.04209828
0.04575849
0.03492403
0.04326749
0.03644061
0.03781009
0.03552103
0.03692722
0.03613043
0.04245806
0.04031086
0.03886056
0.03919530
0.03975677
0.04679060
0.04729462
0.03886056
0.03734517
0.04034972
0.03672528
0.03806591
0.04070687
0.05153489
0.05341315
0.04365182
0.04697990
0.04445839
0.05370903
0.04679012
0.04423308
0.03638649
0.03643322
0.03656745
0.04528904
0.04253316
0.04239392
0.04201603
0.04263806
0.05540466
0.04350948
0.04315925
0.04447007
0.04234624
0.05571485
0.05608535
0.05412674
0.05280519
0.07273793
0.04836249
0.05094051
0.04155684
0.03864241
0.04023957
0.03902364
0.03966594
0.04300261
0.04330468
0.03989530
0.04038358
0.05055523
0.05165362
0.04611397
0.04477000
0.04163718
0.03831291
0.03991866
0.04044437
0.04362535
0.04216099
0.03824091
0.03954005
0.04194403
0.04953766
0.04331374
0.04490209
0.04291868
0.03955817
0.03876686
0.03989959
0.03862309
0.04394698
0.04624534
0.04734993
0.04085851
0.04620886
0.04463339
0.04497957
0.04543066
0.04079938
0.03965402
0.04022050
0.04783535
0.04416132
0.04588509
0.04508591
0.04745030
0.04488897
0.06410646
0.06295514
0.06786585
0.06524944
0.05783463
0.04463959
0.04322171
0.04492044
0.04640555
0.04346776
0.04417872
0.05405807
0.05874348
0.05385089
0.04886675
0.04524755
0.04452538
0.04405642
0.04753804
0.04284716
0.04441428
0.04258776
0.04539275
0.06946492
0.05200720
0.04985929
0.04493761
0.04488730
0.04416776
0.04369521
0.04538727
0.04688239
0.04445028
0.04382038
0.05788326
0.06742287
0.05796313
0.05619574
0.05626011
0.05504322
0.05344105
0.04096961
0.04016376
0.04130936
0.03975439
0.03996968
0.04746532
0.05894876
0.05072951
0.04518676
0.04502940
0.04896832
0.04446268
0.04532170
0.04534936
0.04487753
0.05409765
0.05415130
0.05518007
0.07269478
0.05975437
0.04229784
0.04239249
0.04304290
0.04202914
0.04200959
0.04547548
0.06141138
0.04615426
0.05282497
0.04513097
0.04240274
0.04569840
0.04204059
0.04491758
0.04348993
0.04603696
0.04690361
0.04527974
0.04919648
0.04724550
0.06261849
0.04530263
0.05327368
0.04465270
0.05078697
0.04603767
0.04595447
0.04608178
0.04179549
0.06051564
0.05830789
0.05748129
0.04199433
0.04677653
0.04340720
0.04728413
0.04293585
0.05149078
0.04741240
0.04309177
0.06395459
0.06724644
0.05558538
0.04807520
0.04362440
0.04889083
0.06391692
0.04754281
0.05199242
0.05500746
0.04369402
0.04815054
0.04002523
0.03993773
0.04007268
0.03780556
0.04399228
0.04970884
0.04547977
0.05626774
0.05672669
0.06354332
0.05618119
0.05616355
0.05510235
0.05460405
0.05295038
0.05761170
0.05190110
0.03599095
0.03628945
0.03984952
0.04061437
0.03994894
0.04659128
0.04070330
0.04260397
0.05113411
0.05276561
0.05020547
0.05956078
0.04773116
0.03680873
0.03513646
0.03622818
0.04139590
0.04388547
0.04387903
0.04835987
0.04456186
0.04429340
0.03542805
0.04066110
0.03507185
0.03411317
0.03588152
0.03502584
0.03419733
0.04117727
0.04017472
0.03955436
0.04116702
0.03614497
0.03609109
0.03533602
0.03477216
0.03721118
0.03393507
0.03360891
0.03379726
0.03420877
0.03385091
0.03850794
0.03519869
0.03694272
0.03804660
0.03807616
0.04355717
0.03453374
0.03474164
0.03409290
0.03437614
0.03396559
0.03265452
0.03484392
0.03572249
0.03661084
0.03473067
0.03402042
0.03716183
0.03667307
0.03603292
0.03727627
0.03774142
0.03632808
