0.07534242
0.04713511
0.03499269
0.03232670
0.03152919
0.03206635
0.03055096
0.03590822
0.04140449
0.03687000
0.03293943
0.04401016
0.04898524
0.03187895
0.03248096
0.04387808
0.03534484
0.04005241
0.04692888
0.04096627
0.04118562
0.04152966
0.04501748
0.04094291
0.04332376
0.03772640
0.04236007
0.04413462
0.05261135
0.03446603
0.03098822
0.03221560
0.03638244
0.03248262
0.03707862
0.03459120
0.04693103
0.03705835
0.04512215
0.04018474
0.04357934
0.03417897
0.03363061
0.03193712
0.03988934
0.04231095
0.03379607
0.03343463
0.03336239
0.03130126
0.03431511
0.03122568
0.03264165
0.03622961
0.03482556
0.03507185
0.03420782
0.03160000
0.03374743
0.03736067
0.03144073
0.03111792
0.03366971
0.03266764
0.03344274
0.03830719
0.03513026
0.03581333
0.03361392
0.03219390
0.03427052
0.03172421
0.03448248
0.03258014
0.03207684
0.03439927
0.05256772
0.04820085
0.05236244
0.04661560
0.03315234
0.03185415
0.03284240
0.03273964
0.03358841
0.03560257
0.03238153
0.03508568
0.03612614
0.04043198
0.03589630
0.03294420
0.03421736
0.03279161
0.03527737
0.03256488
0.03318691
0.03239799
0.03158259
0.03980064
0.03540111
0.03595376
0.03289127
0.03399730
0.03250504
0.03213525
0.03344989
0.03287840
0.03304386
0.04379249
0.03843451
0.04460478
0.03259826
0.03228140
0.03637791
0.03044057
0.03244495
0.03194618
0.03144026
0.03255796
0.03200340
0.03094196
0.03333068
0.03500748
0.03256440
0.03269792
0.03230214
0.03471589
0.03489900
0.03184247
0.03315806
0.03223920
0.03561974
0.03378701
0.03258395
0.03427196
0.03758025
0.03207374
0.03426623
0.03525305
0.03654194
0.03284192
0.03517365
0.03416967
0.03144503
0.03691053
0.03595304
0.03584266
0.03216863
0.03680468
0.03572369
0.03169847
0.03497958
0.03256202
0.03292084
0.03509402
0.04235625
0.03441095
0.03142786
0.03086543
0.03009629
0.03296971
0.03215981
0.03207231
0.03178144
0.03221130
0.03295684
0.03350425
0.03262162
0.03295827
0.03230619
0.03228021
0.03242612
0.03290033
0.03295898
0.03144789
0.03245211
0.03536248
0.03939533
0.03532243
0.03529143
0.03332758
0.03132725
0.03325248
0.03226995
0.03402710
0.03394032
0.03094864
0.03262281
0.03146029
0.04184842
0.03566146
0.03594279
0.03391600
0.03295755
0.03367782
0.03173065
0.03693843
0.03173971
0.03297901
0.03277302
0.04112005
0.03604293
0.03712487
0.03734827
0.04121685
0.04084086
0.03582501
0.03283143
0.03677988
0.03270793
0.03398395
0.03468251
0.04245496
0.03582239
0.03270006
0.03317404
0.03271222
0.03359675
0.03225422
0.03425598
0.04826641
0.03816986
0.03645182
0.03499079
0.04352498
0.04765916
0.04883265
0.03217769
0.03121948
0.03221965
0.03423572
0.03611255
0.03633165
0.03628683
0.03350306
0.04282355
0.03358245
0.03730941
0.03234673
0.03794599
0.03843307
0.04585719
0.04155588
0.04233885
0.03903294
0.04520345
0.04265165
0.04548264
0.03317332
0.03197813
0.03308153
0.03217936
0.03493285
0.03679276
0.03548956
0.03458047
0.03383827
0.03106928
0.03112936
0.03273034
0.03275561
0.03301692
0.03940272
0.03263140
0.03394103
0.04069281
0.03551960
0.04173303
0.04175687
0.04089236
0.04040194
0.03484702
0.03254414
0.03404260
0.03253078
0.03189445
0.03252435
0.03173614
0.03431153
0.03818274
0.04866314
0.04000854
0.03459287
0.03320408
0.03665853
0.03234768
0.03665876
0.03183293
0.03516102
0.05024552
0.04572558
0.04546666
0.04468226
0.03789210
0.03676128
0.03889155
0.03478980
0.03713274
0.03573060
0.04034114
0.04001546
0.04147530
0.04027462
0.03678608
0.03576374
0.03532434
0.03533125
0.04043794
0.03555632
0.03587961
0.03531957
0.04389811
0.04672384
0.04325962
0.04267025
0.03204703
0.03181577
0.03624701
0.03243709
0.03215170
0.03250837
0.03274846
0.03526330
0.03224659
0.03601408
0.03549242
0.04784536
0.03205752
0.03223038
0.03176117
0.03207040
0.03385139
0.03272343
0.03573585
0.03436899
0.04514217
0.03477859
0.03460550
0.03342628
0.03244114
0.03211141
0.03210878
0.03124547
0.03716874
0.03262353
0.03527403
0.03254652
0.03499627
0.03594375
0.03540587
0.03512216
0.03255653
0.04042959
0.04275393
0.03170896
0.03402185
0.03160810
0.03830981
0.03602219
0.04237866
0.04296803
0.04369473
0.03396058
0.03239727
0.03386235
0.03293777
0.03246403
0.03668594
0.03199744
0.03422117
0.03473616
0.03452086
0.04075789
0.03237200
0.03300929
0.03214622
0.03146672
0.03141451
0.03348756
0.04055071
0.03440881
0.04149222
0.04259300
0.04036784
0.03931522
0.04330969
0.03216171
0.03322959
0.03188086
0.03500271
0.03382874
0.03291655
0.05248213
0.04958820
0.03726459
0.04252458
0.04313231
0.03999782
0.04555941
0.03621960
0.03579187
0.03487992
0.03806448
0.04252720
0.03965235
0.03940129
0.05068302
0.03845882
0.03674817
0.04020739
0.03735662
0.03713179
0.03828955
0.03932357
0.04951048
0.05572534
0.06362343
0.05736113
0.04489565
