0.06226611
0.07895327
0.05426121
0.05028749
0.05162311
0.06254482
0.06800723
0.06847739
0.06102037
0.06311202
0.05893588
0.05897045
0.05735302
0.06060600
0.06418586
0.05989432
0.05207109
0.05127978
0.05113411
0.06067657
0.06276488
0.05424881
0.06899285
0.06655478
0.04585671
0.06749463
0.05219674
0.04710340
0.04597497
0.04696512
0.04965615
0.05709124
0.07266641
0.06075835
0.04900384
0.05110121
0.05056357
0.05374098
0.06293464
0.07062221
0.06256270
0.05834365
0.05728889
0.06100035
0.06154990
0.07523036
0.08820009
0.09165549
0.06441975
0.06772208
0.06856775
0.07023787
0.07226801
0.07733345
0.07307315
0.06053805
0.08247828
0.05994606
0.05584836
0.05818963
0.06708026
0.06652498
0.06406188
0.05363297
0.05562639
0.05695081
0.06492400
0.06001711
0.05841541
0.07186103
0.07522464
0.07412744
0.06172705
0.06127381
0.06223679
0.06687760
0.06175399
0.06168461
0.06452322
0.06834674
0.07184219
0.06216788
0.05729508
0.05480218
0.05466413
0.05822182
0.05329967
0.05410886
0.07288861
0.06822991
0.05614138
0.05944037
0.05652142
0.05471230
0.07036209
0.05486274
0.06821632
0.06590748
0.07195807
0.05395126
0.05694509
0.05637956
0.05447531
0.05803299
0.05329084
0.06030178
0.08411455
0.06286073
0.05957198
0.05949926
0.06197071
0.06177378
0.05806589
0.05855322
0.07907128
0.07764721
0.06894565
0.06820893
0.06060147
0.04471660
0.04397368
0.04384422
0.04434991
0.04392719
0.04896641
0.05082035
0.05155683
0.04867172
0.04312897
0.04273963
0.04321384
0.04285955
0.04399443
0.04481769
0.04556656
0.04892612
0.05298090
0.05412722
0.05370140
0.05171871
0.05884743
0.05309558
0.05282736
0.06891751
0.05500960
0.06657100
0.06466961
0.06598020
0.05579185
0.05364013
0.05397630
0.05266476
0.05399799
0.05320239
0.05804348
0.05923510
0.06224537
0.06189060
0.05336070
0.05126762
0.05436587
0.05713749
0.04931235
0.05021548
0.04809117
0.05258560
0.06352711
0.05770850
0.05221868
0.04969335
0.05027962
0.04855847
0.04821825
0.04993725
0.04712129
0.05042505
0.05891013
0.05858660
0.05460739
0.05153799
0.04725218
0.04946065
0.04951930
0.04762053
0.06864834
0.04864097
0.06311417
0.05701327
0.05680656
0.07905269
0.05074167
0.05081367
0.05086851
0.04964137
0.05736828
0.06039190
0.05998349
0.05865145
0.04993343
0.05056739
0.05305362
0.05027795
0.05266619
0.05185127
0.05037928
0.05982971
0.06828189
0.05345011
0.04572153
0.04605412
0.04682899
0.04776931
0.04571056
0.04586673
0.05207419
0.05395770
0.05415320
0.07329941
0.05188584
0.05021334
0.05120420
0.05390120
0.06768346
0.07433438
0.07383657
0.07573247
0.07109714
0.07572174
0.06366897
0.06432819
0.06312251
0.06194687
0.06642151
0.07233739
0.07651186
0.05634713
0.05821681
0.05533314
0.05313087
0.05659413
0.05219603
0.05225968
0.06482768
0.06035566
0.05769920
0.05036545
0.05225062
0.05568957
0.05247235
0.04983568
0.05087900
0.05527568
0.06251407
0.06214595
0.05997229
0.05227327
0.05446887
0.05737829
0.05299497
0.05467176
0.05693889
0.05445051
0.06504774
0.06829238
0.06250691
0.05167270
0.05172062
0.05098677
0.05370259
0.05117893
0.05150056
0.05572677
0.06749821
0.05996037
0.05810189
0.05029154
0.05031753
0.06072211
0.05147529
0.04855132
0.04920506
0.04867959
0.05023670
0.05348945
0.05416512
0.05268335
0.04519820
0.04634309
0.04757285
0.04797816
0.04971957
0.05326533
0.05296993
0.05731416
0.05572104
0.06655622
0.06733871
0.06250906
0.05672884
0.05121803
0.05010557
0.05719113
0.05962229
0.04487443
0.04651690
0.05682349
0.05209351
0.05243564
0.04611135
0.04759884
0.04893732
0.05098057
0.04914236
0.04985929
0.04892540
0.05050087
0.05742002
0.05978107
0.05609274
0.05001545
0.05249596
0.05023575
0.04805231
0.04960322
0.04921913
0.05289626
0.05654788
0.06153178
0.04887724
0.04919410
0.04910779
0.04717350
0.04947352
0.04886556
0.04705811
0.05676818
0.06527424
0.06552434
0.07242608
0.05645633
0.05377340
0.05852866
0.06025529
0.06022620
0.06835389
0.07614899
0.06793666
0.05763841
0.05712223
0.05487347
0.05434132
0.05063224
0.04966307
0.05673170
0.05887055
0.05908942
0.05919266
0.05800319
0.05230713
0.05750632
0.05663395
0.05717707
0.05799198
0.05831480
0.06912756
0.07311559
0.05746984
0.05584216
0.05703807
0.05993152
0.05736184
0.05677485
0.06384230
0.06210637
0.06234288
0.05171824
0.05065346
0.05161142
0.05202556
0.05088353
0.05132794
0.05670142
0.06934643
0.06211877
0.05697536
0.05386162
0.05060339
0.05238175
0.05466247
0.06403351
0.05607510
0.05400062
0.06089854
0.05689383
0.05212712
0.04755878
0.04563951
0.04560018
0.04705882
0.04267764
0.04307866
0.04316378
0.04543567
0.04910898
0.05592227
0.05639505
0.05915141
0.05754709
0.05766964
0.05258441
0.06314588
0.04878831
0.04961753
0.04973292
0.05865979
0.05794883
0.05933523
0.04556513
0.04840922
0.04934072
0.04758668
0.05126047
0.05395532
0.05305672
0.07423377
0.06756282
0.06951809
0.06825209
0.07011032
0.05693197
0.04577184
0.04661536
0.04728746
0.04680467
0.04613709
0.05247092
0.05180097
0.05673623
0.04339886
0.05187988
0.05140829
0.04176426
0.04418063
0.05909944
0.04753280
0.05709600
0.05962729
0.05726814
0.04240394
0.04119301
0.04146409
0.04162860
0.04227948
0.04604411
0.04241824
0.04330468
0.04563332
0.05057669
0.05118012
0.05051708
0.04280281
0.04347658
0.04327393
0.04416156
0.05451536
0.04389977
0.04344225
0.04590368
0.05370283
0.04771090
0.04583621
0.03910232
0.04856825
0.03998065
0.04026008
0.03838754
0.03937912
0.04286337
0.03982353
0.04042983
0.04630804
0.04642296
0.04632211
0.06131148
0.04532981
0.04600811
0.04047179
0.04134798
0.04057860
0.03950167
0.03952885
0.03895378
0.04361010
0.04437947
0.04624438
0.06109667
0.03792977
0.03758407
0.03781199
0.03697395
0.03604531
0.03881001
0.03646064
0.03545475
0.04291654
0.04252744
0.04380202
0.04421639
0.03766918
0.03930473
