0.06338930
0.04149818
0.03773642
0.03989339
0.04018998
0.03923702
0.03601527
0.03526473
0.03473091
0.03569078
0.03573537
0.03575039
0.03941274
0.04067135
0.04005671
0.03986931
0.03658128
0.03592896
0.03724909
0.03884888
0.03700066
0.04115105
0.03858805
0.04407835
0.04022598
0.03576374
0.03610229
0.03737092
0.03793812
0.03425765
0.03721094
0.04706120
0.04584837
0.03582430
0.03542566
0.03953958
0.03802061
0.04116368
0.04189038
0.04971147
0.03990245
0.04937506
0.03594112
0.04623246
0.04058909
0.03994775
0.03798985
0.04072618
0.04987216
0.04468846
0.03980398
0.04568219
0.04181886
0.03525949
0.04145122
0.03858042
0.03822851
0.03766513
0.05516243
0.04136801
0.04412651
0.03877854
0.03650141
0.03684163
0.03916955
0.03527427
0.03670621
0.03576779
0.04468250
0.04528904
0.04277205
0.04574633
0.03701615
0.04035139
0.03680801
0.04013848
0.03973198
0.04253864
0.04264331
0.05478215
0.04950976
0.04474711
0.03905225
0.03989983
0.03654766
0.04122901
0.04474115
0.04813027
0.04400182
0.05022311
0.04252553
0.04690599
0.05989647
0.04301429
0.04473710
0.05346608
0.07259011
0.05535126
0.05420852
0.05085397
0.05930328
0.06114006
0.05715966
0.06804872
0.05868554
0.05254722
0.06274843
0.06143117
0.05666494
0.04873705
0.04864287
0.05220890
0.04665995
0.04739451
0.06836104
0.05247617
0.05528736
0.05487680
0.05138445
0.05155802
0.05077672
0.04988027
0.05082750
0.05190778
0.05021930
0.05698323
0.06350327
0.05606699
0.05932498
0.04896522
0.04514837
0.04710197
0.04373193
0.04261184
0.04101253
0.04481459
0.04514384
0.04627371
0.04446816
0.04548812
0.03840184
0.03842425
0.03692627
0.03704214
0.03699923
0.04263186
0.03554463
0.03903103
0.04000664
0.04019666
0.04221368
0.03730249
0.03627586
0.04292607
0.03630352
0.03680992
0.04107070
0.03530169
0.03482533
0.03509140
0.03916550
0.04321241
0.04174972
0.04284167
0.03672957
0.03496146
0.04554749
0.05370808
0.04199243
0.03814554
0.03726840
0.03625631
0.04092407
0.04173899
0.04129004
0.04065418
0.03886414
0.03706336
0.03625917
0.03725028
0.03791213
0.03604364
0.03535986
0.03446436
0.03491306
0.03745842
0.04042387
0.03983831
0.03979301
0.06689692
0.03599739
0.03618240
0.03653646
0.04191446
0.03693986
0.03589821
0.03605938
0.03994513
0.04575324
0.04803610
0.04643965
0.05113721
0.03922868
0.03852439
0.03804064
0.04009223
0.04370856
0.04481483
0.05841041
0.05124235
0.04739523
0.04263496
0.04182148
0.04192376
0.04214048
0.04938078
0.04283929
0.04172015
0.04323244
0.05116105
0.04559255
0.04497862
0.03850031
0.03890848
0.04074264
0.04438615
0.04202557
0.04179120
0.04125357
0.04369926
0.04772878
0.04639649
0.04709601
0.04718447
0.04095292
0.04234958
0.04164386
0.04197478
0.04147577
0.04395080
0.04200983
0.04783416
0.04671359
0.06515646
0.04372931
0.04176760
0.04188442
0.04145861
0.04171753
0.04216456
0.04106855
0.04399443
0.04682803
0.04703689
0.04663754
0.04002333
0.04085994
0.04123020
0.04035401
0.03968835
0.04306293
0.05501246
0.03697038
0.03937316
0.03951883
0.04044485
0.04117393
0.04969525
0.03906751
0.03615427
0.04123092
0.03801084
0.03710842
0.03762555
0.03845286
0.03793597
0.03745723
0.04085159
0.04547977
0.04026890
0.03712845
0.03615618
0.03594065
0.03743362
0.03605914
0.03719091
0.03747797
0.03771424
0.04062104
0.04796362
0.04216647
0.04386783
0.03794217
0.03831911
0.03767323
0.03666782
0.03928757
0.03707075
0.03792095
0.04401565
0.05950356
0.04927278
0.03774309
0.03768873
0.03804183
0.04141474
0.04422498
0.03938222
0.04734588
0.04207397
0.04256368
0.04139733
0.04162192
0.03631496
0.03780866
0.04128551
0.04198122
0.03979540
0.04114318
0.04301810
0.04911304
0.04984784
0.04689407
0.04384279
0.04150915
0.03930163
0.04361749
0.03892970
0.04707742
0.04784799
0.04121327
0.04000401
0.03830481
0.04593468
0.04338503
0.04433560
0.04399824
0.03893185
0.03596449
0.03755784
0.03765416
0.03687835
0.03649950
0.03936338
0.03584313
0.03601122
0.04079103
0.04466605
0.05023742
0.04751897
0.04701900
0.03727221
0.03473496
0.03602505
0.03618813
0.03527045
0.04735756
0.04991269
0.03559852
0.04051471
0.04042101
0.03907943
0.03752065
0.03363991
0.03675056
0.03521347
0.03876996
0.03393531
0.03286982
0.03350353
0.03476214
0.03262258
0.03624868
0.03969312
0.03596473
0.03596020
0.03462911
0.03265715
0.03243065
0.03537512
0.04377651
0.03197289
0.03621197
0.03189683
0.03196621
0.03425169
0.03714156
0.03742290
0.03857493
0.03792596
0.03366637
0.03336835
0.03355575
0.03369379
0.03908014
0.03419256
0.03319907
0.03821087
0.03494191
0.03788042
0.03819203
0.04396486
0.03902006
0.03391290
0.03529143
0.03571558
0.03509426
0.03460670
0.04300499
0.03864741
0.03467059
0.03584337
0.03978276
0.03905392
0.03980231
0.04243588
0.03632808
0.03614187
0.03954077
0.03995323
0.04123402
0.03954244
0.03871584
0.03759289
0.03902173
0.04318404
0.04047656
0.04293942
0.04031777
0.03642750
0.03605342
0.03668594
0.03676248
0.03622484
0.03578138
0.04078889
0.03686738
0.03580308
0.04659796
0.03819132
0.04001617
0.03820443
0.03507209
0.03536916
0.05758786
0.04142237
0.04685259
0.03676438
0.03741479
0.04751611
0.04917860
0.05482745
0.03935432
0.03501487
0.03605199
0.03933573
0.03503084
0.04346013
0.03684592
0.03515434
0.03452921
0.04040217
0.04168439
0.04026294
0.04562783
0.03509331
0.03604913
0.03530359
0.03505707
0.03502107
0.03578639
0.03881979
0.03505254
0.04002738
0.04046679
0.03973746
0.04002309
0.04054952
0.04054928
0.03737783
0.03624654
0.03454947
0.03462267
0.04331946
0.03852296
0.03473783
0.03678179
0.03899169
0.04814649
0.04296947
0.03696918
0.03510070
0.03740025
0.03859711
0.03687167
0.03732085
0.03531027
0.03490090
0.04159474
0.03892159
0.03917670
0.03904700
0.04044795
0.03600001
0.03679395
0.04331326
0.03723407
0.03867245
0.03885913
0.04044652
0.03699446
0.03699541
0.03878927
0.04740047
0.04193735
0.05576110
0.04615045
0.05454183
0.04564762
0.03696132
0.03758788
0.03707147
0.04011607
0.03688979
0.03908801
0.03954339
0.04623175
0.03989029
0.03977466
0.03574729
0.04852891
0.03931689
0.03599334
0.03745866
0.03714252
0.04006219
0.03602624
0.04140830
0.04203534
0.05541825
0.04957461
0.04224515
0.04320526
0.04790068
0.03750992
0.03788352
0.03831792
0.04245973
0.05215716
0.04545617
0.04320073
0.04343390
0.04178953
0.04126692
0.04728937
0.06173182
0.04960966
0.03797245
0.03763533
0.03665137
0.03720856
0.04118609
0.04310846
0.04349446
0.04274344
0.04714704
0.03714585
0.03648424
0.03637409
0.03675938
0.03752995
0.03783774
0.04034901
0.03755045
0.03782248
0.05382133
0.04447651
0.04342008
0.05221176
0.03975844
0.04108644
0.03993106
0.04341483
0.03815770
0.04164934
0.03941536
0.04158950
0.04284739
0.04810715
0.04342008
0.04375434
0.03723598
0.03709793
0.03679061
0.03733969
0.03707886
0.03714299
0.04358339
0.04289222
0.03969002
0.04979134
0.05415273
0.04776168
0.03844976
0.04012275
0.03686523
0.04331136
0.03964067
0.03611207
0.03494525
0.03616667
0.03766418
0.04409289
0.03757191
0.03708267
0.03417516
0.04208541
0.04036045
0.03795147
0.03393960
0.03407216
0.03429794
0.03396368
0.03599191
0.03291202
0.03418946
0.03453708
0.03504896
0.03505707
0.03239179
0.03312802
0.03170800
0.03204966
0.03242087
0.03147483
0.03664541
0.03204560
0.03579926
0.03654170
0.03871107
0.03813100
0.03554010
0.03795958
0.03536153
0.03483105
0.03410625
0.03423333
0.03462553
0.03312182
0.03281546
0.03267407
0.04207134
0.03814363
0.03620839
0.03762746
0.03334975
0.03411818
0.03434539
0.03839135
0.03658652
0.04736876
0.03638959
0.03574204
0.03424025
0.03588319
0.04044652
0.04118371
0.04366851
0.03901362
0.04313445
0.04384112
0.03955650
0.03766441
0.04058146
0.03709126
0.03729177
0.03683257
0.05148792
0.04543829
0.04592037
0.03947020
0.03738427
0.03782105
0.03718972
0.03769112
0.03758740
0.03947616
0.03721619
0.03800821
0.04024458
0.04400778
0.04482937
0.04435611
0.03886390
0.04351497
0.04150581
0.04304647
0.03942466
0.03871703
0.03846312
0.03878498
0.04340100
0.04510450
0.04433203
0.04042459
0.03912854
0.04037213
0.03968048
0.03884673
0.03843403
0.03921580
0.03791761
0.04115033
0.04822540
0.04379725
0.04108953
0.04309034
0.03981328
0.04204416
0.03759360
0.03989625
0.03628778
0.03813314
0.04058313
0.04284000
0.04062295
0.04563117
0.04651380
0.04232073
0.04858661
0.04159713
0.03891778
0.03868413
0.04117775
0.05285883
0.04803157
0.04943967
0.04716539
0.04675031
0.04341769
0.05159569
0.05029821
0.04688454
0.04651093
0.05657959
0.05506206
0.05706143
0.04454422
0.04887533
0.05218220
0.05104470
0.05163169
0.05705428
0.05131578
0.05553555
0.07275629
0.06226110
0.05157828
0.05113173
0.04980588
0.05228567
0.06257343
0.04538584
0.04818869
0.04272556
0.04717183
0.04851699
0.05269980
0.04453492
0.04033327
0.04045653
0.05375051
0.04114914
0.04001236
0.03985167
0.03930426
0.04313087
0.04673195
0.05336213
0.04826498
0.04056263
0.04010201
0.04075670
0.04176378
0.04626226
0.04142332
0.04275250
0.04514241
0.05683208
0.05221438
0.05094910
0.04663420
0.04560637
0.04637527
0.04490256
0.05978179
0.04546285
0.04915667
0.06658292
0.05484343
0.06679130
0.05464625
0.04536104
0.04481173
0.04304981
0.05458641
0.04102707
0.03845453
0.04091144
0.04593682
0.04565597
0.04419923
0.04146099
0.04100847
0.03926229
0.04001069
0.04531789
0.04048204
0.03959990
0.04080439
0.04378462
0.04489255
0.04715419
0.04653668
0.05077577
0.03976417
0.03991699
0.04012203
0.03921008
0.03967953
0.04365110
0.04118061
0.04175186
0.04145670
0.05066490
0.04926896
0.04884720
0.04995370
0.04423571
0.04217172
0.04387641
0.04426098
0.04200172
0.04130220
0.05939388
0.04907465
0.05001521
0.04675579
0.04755163
0.04721856
0.04444361
0.04118681
0.04067707
0.03923082
0.04346156
0.03972626
0.03955007
0.04112720
0.05298710
0.04626155
0.04739666
0.04032707
0.03983760
0.03939772
0.04256415
0.03942657
0.03895497
0.03783727
0.04702926
0.04580235
0.04014015
0.04649138
0.04762363
0.04769135
0.04481411
0.04143310
0.04207993
0.04131985
0.04057550
0.04457402
0.04214191
0.04063892
0.04536772
0.04885626
0.05207682
0.05460596
0.04994869
0.05360246
0.04158139
0.04088116
0.04218197
0.04178095
0.04702282
0.04154277
0.04155493
0.04768205
0.04804635
0.04583478
0.04442835
0.03804612
