0.03637099
0.03637362
0.03706217
0.03543043
0.03387308
0.03223538
0.03240943
0.03544664
0.03635073
0.03574967
0.03487277
0.03307724
0.03326201
0.03123474
0.03336883
0.04440546
0.03433847
0.03093290
0.03591037
0.04554963
0.03804088
0.03689504
0.03639078
0.03564954
0.03557920
0.04299784
0.04557538
0.03528094
0.03521347
0.04446459
0.03432322
0.03164124
0.03212047
0.03334355
0.03256392
0.03425002
0.04869199
0.04049802
0.04119325
0.04211426
0.04660153
0.03429365
0.03312731
0.03237605
0.03157258
0.03286099
0.03243780
0.03194141
0.03321171
0.03186464
0.03230166
0.03547168
0.03610325
0.03625727
0.03662443
0.03692889
0.03493404
0.03249741
0.03171492
0.03312016
0.03175211
0.03264666
0.03172898
0.03095722
0.03282905
0.03383923
0.04794168
0.03553700
0.03399563
0.03574109
0.03514862
0.03521538
0.03597236
0.03623796
0.03186727
0.03198338
0.03272343
0.03217077
0.03315115
0.03232622
0.03195286
0.04427385
0.03576660
0.03450513
0.03721094
0.04097843
0.04036212
0.03929973
0.04186058
0.03559136
0.04120660
0.03676939
0.03542948
0.03609061
0.03557301
0.03553724
0.03335667
0.03272653
0.03821349
0.03490353
0.04078388
0.04013777
0.04049349
0.05777836
0.04443264
0.04505706
0.04598165
0.04701638
0.03584695
0.03120089
0.03293252
0.03667688
0.04645348
0.03546929
0.03177166
0.03550816
0.03637075
0.03529596
0.03568244
0.03416729
0.03118801
0.03192210
0.03151512
0.03280783
0.03249502
0.03198457
0.03229499
0.03097224
0.03157640
0.03254557
0.03191733
0.03292775
0.03630161
0.03538156
0.03626561
0.03636098
0.03287387
0.03115273
0.03261995
0.03331828
0.03156424
0.03128743
0.03237224
0.03108191
0.03265858
0.03204489
0.03119755
0.03172517
0.03923321
0.03740191
0.03982282
0.04853439
0.04314733
0.03626013
0.04472303
0.03199697
0.03051758
0.03155041
0.03040195
0.03217173
0.03203630
0.03236318
0.03339744
0.03566766
0.03618360
0.03485274
0.04245114
0.03940868
0.03473592
0.03284454
0.03520608
0.03259921
0.03263354
0.03224897
0.03177476
0.03177714
0.03181791
0.03123450
0.03246951
0.03329396
0.03493619
0.03578877
0.03572774
0.03498268
0.03287435
0.03038049
0.03144383
0.03080440
0.03538656
0.03718972
0.03536606
0.03326917
0.03556871
0.03299618
0.03288317
0.03717232
0.03538251
0.04139018
0.04028368
0.04155040
0.04668641
0.03080297
0.03228188
0.03162503
0.03142953
0.03192806
0.03454399
0.03272200
0.03130531
0.03497314
0.03371763
0.03430510
0.03567553
0.03398895
0.03473425
0.04028678
0.03389096
0.03334212
0.03172207
0.03218937
0.03242540
0.03089452
0.03476858
0.03113604
0.03142643
0.03166413
0.03614306
0.03574991
0.03453112
0.03403640
0.03654075
0.03023410
0.03059745
0.03201365
0.03103900
0.03206539
0.03502536
0.03188634
0.03112888
0.04177356
0.03719664
0.03479123
0.03444004
0.03847885
0.04062390
0.03625679
0.03450894
0.03520060
0.03137279
0.03079629
0.03396487
0.03270197
0.03387904
0.03456759
0.03198504
0.03234315
0.03189445
0.04369354
0.04582667
0.03086114
0.03415895
0.03442574
0.03477621
0.03400588
0.03473711
0.03268528
0.03062463
0.03894639
0.03227806
0.03186631
