0.05611730
0.03540087
0.03272891
0.03218293
0.03776693
0.03697038
0.03596282
0.03225446
0.04498124
0.03914833
0.03204942
0.04131413
0.03218865
0.03831911
0.03609562
0.04562140
0.04138064
0.03372359
0.03199482
0.03268480
0.03252172
0.03302622
0.03235674
0.03476858
0.03999996
0.03564262
0.04137945
0.03936148
0.03413534
0.03276229
0.03231430
0.03469324
0.03526831
0.03623796
0.03279757
0.04468298
0.04512596
0.04158616
0.03185534
0.03677535
0.03837085
0.03727174
0.04051709
0.04396009
0.03336072
0.03208399
0.03521180
0.03579021
0.03581858
0.03524113
0.03398013
0.03254437
0.03188992
0.03270578
0.03212857
0.03254294
0.03349113
0.03577375
0.03213573
0.03199482
0.03160214
0.03181314
0.03464055
0.04917669
0.03833079
0.04043293
0.03828835
0.04908800
0.04304576
0.03931284
0.03751540
0.03836060
0.03844929
0.03501391
0.03873920
0.03698325
0.04224753
0.04028487
0.05004692
0.04344487
0.03617811
0.03550696
0.03278232
0.03334570
0.03543496
0.03215241
0.04526114
0.03946877
0.05570102
0.04146361
0.04010963
0.03886962
0.03904200
0.03588605
0.03702092
0.03806543
0.03586268
0.03507304
0.03234196
0.03183389
0.03266549
0.03668189
0.03896737
0.03486252
0.03617454
0.03124166
0.03202105
0.03579926
0.03186822
0.04449797
0.03317380
0.03286457
0.03108072
0.03122520
0.03190613
0.03621531
0.03651500
0.03941774
0.03477502
0.03523397
0.03088903
0.03249002
0.04100823
0.03298688
0.03093672
0.03244352
0.03165841
0.03247476
0.04490924
0.03300142
0.03432393
0.03510261
0.03472400
0.03524232
0.03471208
0.03280783
0.03331017
0.03260565
0.03213906
0.03243566
0.03231192
0.03199315
0.03154230
0.03273797
0.03092813
0.03501034
0.03633213
0.03402686
0.04154086
0.03340530
0.03271794
0.03302073
0.03347301
0.03111792
0.03175235
0.03224039
0.03139400
0.03157973
0.03260779
0.03558755
0.03861666
0.03598762
0.03495359
0.03070736
0.03253460
0.03239155
0.03364205
0.03261304
0.03378820
0.03218913
0.03204727
0.03164530
0.03563857
0.03800154
0.03558326
0.03464293
0.03315401
0.05306530
0.03528619
0.03284359
0.03169131
0.03249860
0.03305483
0.03196716
0.03556132
0.03183722
0.03150368
0.03295112
0.03331041
0.03995013
0.03517699
0.03711343
0.03423619
0.03361559
0.03405404
0.03503799
0.04269695
0.03470922
0.03186893
0.03228664
0.03290248
0.03144050
0.03215098
0.03631258
0.04833126
0.04650211
0.04709315
0.04753494
0.03647900
0.03666949
0.03604388
0.03481722
0.03511071
0.03540206
0.03946447
0.03949475
0.04024816
0.03953600
0.05231047
0.03769040
0.03595424
0.03806949
0.03676581
0.03640246
0.03455257
0.03602934
0.03561282
0.03487182
0.04252720
0.03957987
0.04014230
0.04165173
0.04799438
0.03428149
0.03572583
0.03570867
0.03557396
0.03554201
0.03505898
0.03544235
0.03781009
0.05256438
0.03623056
0.03405333
0.03501391
0.03584504
0.03206515
0.03206635
0.03242183
0.04472852
0.03367352
0.03161407
0.03153467
0.03255725
0.03390265
0.03150630
0.03160906
0.03795576
0.03621721
0.03513646
0.03540707
0.03363180
0.03138590
0.03358078
0.03220439
0.03187728
0.03311181
0.03298020
0.03133678
0.03433800
0.03264260
0.03613257
0.03257656
0.03499365
0.03375959
0.03449225
0.03531146
0.03522539
0.03244185
0.04641032
0.03489518
0.03296542
0.03126979
0.03284335
0.03279185
0.03188014
0.03176141
0.03319764
0.03151798
0.03857613
0.04533577
0.04231191
0.04014516
0.04081273
0.03861213
0.03197575
0.03349018
0.03163385
0.03408003
0.03226423
0.03122377
0.03226161
0.03183365
0.03176475
0.03628469
0.03599119
0.03508854
0.04000926
0.03248668
0.03293824
0.03179836
0.03192306
0.03241110
0.03192091
0.03215051
0.03208542
0.03257036
0.03674173
0.03229856
0.03548479
0.03636336
0.03552032
0.03508735
0.03404188
0.03241324
0.03216338
0.03635621
0.03203678
0.03358817
0.03364158
0.03252172
0.03192711
0.03208256
0.03653049
0.03530049
0.03634119
0.03533173
0.03219199
0.03309393
0.03303623
0.03198624
0.03178787
0.03307128
0.03324127
0.03174996
0.03147626
0.03092289
0.03210306
0.03489780
0.03327751
0.03628731
0.03521490
0.03485012
0.03664732
0.03266835
0.03865552
0.04709005
0.04676437
0.04010868
0.03143287
