0.03719521
0.02995515
0.03387690
0.03429317
0.03462386
0.03473592
0.03441286
0.03393364
0.04379010
0.03223848
0.03066921
0.05254221
0.03516102
0.03359866
0.03152919
0.03185678
0.03433728
0.03507423
0.04568410
0.03391719
0.03453541
0.03489757
0.03407049
0.03600478
0.03547788
0.03658485
0.03880525
0.03445673
0.03554559
0.03629518
0.03409839
0.03586030
0.03508544
0.03244519
0.03232932
0.04636002
0.03128147
0.03023958
0.03121877
0.03060341
0.03197145
0.03192711
0.03135204
0.03177071
0.03547287
0.03028679
0.03450680
0.03542829
0.03404379
0.04723811
0.03560281
0.03194261
0.03059030
0.03209162
0.03276038
0.03132582
0.03220224
0.03147388
0.03066087
0.03136182
0.03006196
0.03000498
0.03236222
0.03412437
0.05003023
0.04204297
0.04294109
0.04147410
0.04351616
0.03542113
0.03200555
0.03179550
0.03214812
0.03157115
0.03140497
0.03136206
0.03338075
0.04859281
0.03109932
0.03009462
0.04081726
0.04319811
0.04512715
0.04288363
0.04602957
0.04398775
0.03459382
0.04218245
0.03500533
0.03415179
0.03543401
0.03533649
0.03523517
0.03871989
0.04439473
0.04853439
0.04643488
0.04453874
0.03705359
0.03814125
0.03585625
0.03504634
0.03244472
0.03034568
0.03065848
0.03010631
0.03160572
0.03125858
0.03384113
0.03626680
0.04078150
0.03404260
0.03467226
0.03256392
0.03150654
0.03099012
0.03100085
0.03088140
0.03087449
0.03088999
0.03157735
0.03103304
0.03482890
0.03124738
0.03438377
0.03452921
0.03401399
0.03389430
0.03378034
0.03269649
0.03102374
0.03590178
0.04338789
0.03958082
0.03175569
0.03121305
0.03123975
0.03070664
0.03442740
0.03491449
0.03176904
0.03139639
0.03507733
0.04044437
0.03484941
0.03556371
0.03342056
0.03169465
0.03219676
0.03360152
0.03235984
0.03038526
0.03149009
0.03065848
0.03079844
0.03042054
0.03112912
0.03163481
0.03280139
0.03357625
0.03477216
0.03783917
0.04368663
0.04540372
0.04675007
0.04727554
0.04344296
0.04561186
0.03146791
0.03462148
0.03198647
0.03488994
0.03422856
0.03704119
0.03597140
0.03597069
0.03324294
0.03422737
0.03437328
0.05051684
0.03123403
0.03172398
0.03093743
0.03101826
0.03031826
0.03377485
0.03527188
0.03705072
0.03472352
0.03443384
0.03365302
0.03340793
0.03171062
0.03090644
0.03555942
0.03133368
0.03047585
0.03559995
0.03131557
0.03170419
0.03908706
0.03160596
0.03394079
0.03549290
0.03520703
0.03515887
0.03555751
0.03133535
0.03049231
0.03148246
0.03132796
0.03123784
0.03129721
0.03035259
0.03110671
0.03247476
0.03163218
0.03304291
0.03086233
0.03358531
0.03587842
0.04054880
0.03442526
0.03361678
0.03130770
0.03185916
0.03105640
0.03273344
0.03128886
0.03206515
0.03584194
0.03339338
0.03037524
0.03099918
0.03136992
0.03155017
0.03530598
0.03503656
0.03448200
0.03411245
0.03457451
0.03056192
0.03059006
0.03363180
0.03685975
0.03286195
0.03150105
0.03264022
0.03112245
0.03050542
0.03488517
0.03141236
0.03418303
0.03493524
0.03570151
0.03395915
0.03454351
0.03086829
0.02996469
0.03058171
0.02993584
0.03444481
0.03128552
0.03035378
0.03280711
0.03037071
0.03134418
0.03536987
0.03112030
0.03233218
0.03409052
0.03420901
0.03329349
0.03987145
0.03700447
0.03035355
0.03170466
0.03189754
0.03131151
0.04327130
0.03204942
0.03094435
0.03246164
0.02981091
0.03111649
0.03003216
0.03307819
0.03484488
0.03920698
0.03434420
0.03600430
0.03274441
0.03052163
0.03133678
0.03152895
0.03890586
0.04168344
0.03157282
0.03100991
0.03009343
0.03788996
0.03830385
0.03366303
0.03469706
0.03485966
0.04593110
0.03816152
0.03216910
0.03231692
0.03234720
0.03277063
0.03163028
0.03212047
0.03098106
0.03667474
0.03307605
0.03109694
0.03387785
0.03626633
0.03536749
0.03363991
0.03460622
0.03408670
0.03184676
0.04293942
0.04557180
0.04296517
0.03393745
0.03104568
0.03870392
