0.03051162
0.03699327
0.03960013
0.04168415
0.03079271
0.03369594
0.03281116
0.03176570
0.03710437
0.04379225
0.03473377
0.03118944
0.03401256
0.03425550
0.03541851
0.03569794
0.03493762
0.03390980
0.03625250
0.03474236
0.03183293
0.03341722
0.03418612
0.04869223
0.04576635
0.04508948
0.04665327
0.03122091
0.03078032
0.03555679
0.03482652
0.03173232
0.03158402
0.03318667
0.03243041
0.03182244
0.04055166
0.03520775
0.04108095
0.03476763
0.03482485
0.03966451
0.03717780
0.03467989
0.04250336
0.03591037
0.04189539
0.03834367
0.03461027
0.04498053
0.04042935
0.03911471
0.04106140
0.03799629
0.03635693
0.03950143
0.03615427
0.03556585
0.03412962
0.03493929
0.04092598
0.03864837
0.03947806
0.03687191
0.03457093
0.03433108
0.03291178
0.03195262
0.03315806
0.03344440
0.03634524
0.03365397
0.03212237
0.04443955
0.04311109
0.03457046
0.03989697
0.03710437
0.03415895
0.03577256
0.04100132
0.03290439
0.03051162
0.03573513
0.03312039
0.04082656
0.03371286
0.03364277
0.03642678
0.03203511
0.03297329
0.03211832
0.04859757
0.04542756
0.03634191
0.03125739
0.03219533
0.03808331
0.05851746
0.03391075
0.03361654
0.04320216
0.04950881
0.03076792
0.03076220
0.03251386
0.03182149
0.03045607
0.03273082
0.04399753
0.03386521
0.03468847
0.03427768
0.03337073
0.03819656
0.04571080
0.03269458
0.03137898
0.03318739
0.03494072
0.03035235
0.03481865
0.03617716
0.03398132
0.04115152
0.03445935
0.03169465
0.03040314
0.03351665
0.03348422
0.04206491
0.03597617
0.03366256
0.03517604
0.03588867
0.03438520
0.03738546
0.03429127
0.03876114
0.04038906
0.03095627
0.04041195
0.04718423
0.03208613
0.03536057
0.04591203
0.04068494
0.03576398
0.04188228
0.04901505
0.03491640
0.03361344
0.03036642
0.04314876
0.04477096
0.03113794
0.03112292
0.03182983
0.03470230
0.03108025
0.04961348
0.04866362
0.04430175
0.04545069
0.03643656
0.04685855
0.04535675
0.04460907
0.04537702
0.03132606
0.03532982
0.03201604
0.07862210
0.05221558
0.04359770
0.04349566
0.04192090
0.03418899
0.03778124
0.03467178
0.03372598
0.03879189
0.03398061
0.03287959
0.03689837
0.03395271
0.03638673
0.04381227
0.03901029
0.04262161
0.04612064
0.05038643
0.06005502
0.03604317
0.03157473
0.03098392
0.03032660
0.05679774
0.03309679
0.03609943
0.03902555
0.04564857
0.04541802
0.04051352
0.04795861
0.04361892
0.03460217
0.03171492
0.03148532
0.03139639
0.03231144
0.03254318
0.03089666
0.03202772
0.05438423
0.04092789
0.05251837
0.03359365
0.03102207
0.03691006
0.04126048
0.03151011
0.03077197
0.03122163
0.03367496
0.02983117
0.03065109
0.03049779
0.03083372
0.03455448
0.03947473
0.03477407
0.03468394
0.03391814
0.03136325
0.03095388
0.03142881
0.03094697
0.03251314
0.03083944
0.03035188
0.03147340
0.03132391
0.03205609
0.03121281
0.03296828
0.03347135
0.03370905
0.03460002
0.03572989
0.03183532
0.03051496
0.03761864
0.04199505
0.03214812
0.03481460
0.03142190
0.03111005
0.03544807
0.03082967
0.03074241
0.03922844
0.03573155
0.03363800
0.03451681
0.03973007
0.03081512
0.03495574
0.03154874
0.03212667
0.03786206
0.03569865
0.04179096
0.04656219
0.04343510
0.04917741
0.03723383
0.03427505
0.04598069
0.03498793
0.03287768
0.03135538
0.03216457
0.03176117
0.03389835
0.03097200
0.03127837
0.03304386
0.03040886
0.03127885
0.03130031
0.03162122
0.03155923
0.03144813
0.03732347
0.03436947
0.04160166
0.03657746
0.03397942
0.03701496
