0.03363299
0.03738022
0.04784942
0.04792666
0.03471351
0.03424811
0.03542757
0.03603268
0.03930235
0.04786968
0.05107880
0.05006480
0.05274916
0.04583812
0.04535747
0.04501462
0.03395319
0.04201651
0.03453207
0.04976964
0.05059099
0.04798388
0.04986620
0.03713346
0.04487205
0.03422356
0.03375435
0.03690529
0.03489518
0.06210256
0.03870511
0.03594279
0.03421760
0.03364849
0.03285193
0.03534007
0.03576970
0.03938699
0.03721333
0.03326249
0.03367257
0.03651476
0.03169680
0.04380751
0.06864238
0.05495477
0.03960323
0.04067206
0.04289341
0.04299188
0.04150939
0.04312253
0.04123402
0.03270102
0.04850197
0.04196191
0.03325415
0.04073858
0.03781891
0.03749800
0.03790855
0.03627372
0.03429961
0.03823662
0.03238893
0.05346894
0.03284574
0.03234243
0.03733301
0.03377366
0.03212500
0.03388143
0.03526115
0.03693748
0.04199815
0.03671193
0.03722906
0.05247283
0.03413558
0.03298020
0.03315234
0.03395963
0.03581285
0.03342462
0.03268003
0.03202939
0.03319192
0.03495717
0.03803778
0.04562116
0.03926134
0.03413963
0.03456497
0.03356886
0.03779340
0.03274965
0.03229690
0.03253722
0.03331280
0.03264070
0.03705406
0.03584337
0.04652238
0.04219031
0.04206157
0.04033184
0.04386258
0.03991866
0.03342724
0.03110528
0.03383732
0.03189683
0.03330421
0.03192925
0.03616381
0.03504682
0.04182458
0.03693533
0.03569007
0.03315091
0.03643870
0.03658175
0.03513312
0.03778148
0.03910756
0.03518295
0.03476834
0.03376198
0.03627682
0.03986859
0.03775954
0.03616118
0.03757644
0.03699112
0.03208232
0.03282452
0.03312373
0.03274989
0.03346801
0.04349017
0.04959154
0.03992653
0.04206991
0.03872323
0.03502417
0.03684711
0.03579855
0.03714442
0.03165054
0.03262687
0.03242230
0.03183293
0.03381443
0.03170896
0.03285646
0.03147411
0.03212976
0.03190422
0.03249717
0.03275657
0.03484321
0.03678298
0.03417397
0.03658342
0.03451014
0.03400350
0.03167439
0.03208756
0.03223395
0.03179646
0.03287792
0.03423667
0.03240681
0.03369713
0.03331494
0.03210711
0.03175688
0.03613281
0.03520226
0.03558731
0.03731298
0.03517914
0.03783131
0.03346729
0.03277373
0.03312182
0.03292775
0.03524518
0.03128028
0.03337812
0.03268147
0.03312516
0.03394079
0.04243731
0.03713036
0.03742743
0.03691435
0.03765106
0.03316164
0.03427553
0.03859258
0.03332782
0.03302145
0.03168035
0.03258085
0.03356504
0.03380179
0.03693557
0.03645945
0.03744149
0.03522611
0.03639126
0.03757572
0.03309536
0.03254628
0.03514481
0.03468204
0.04097915
0.03472614
0.03911996
0.03156185
0.04243040
0.03537679
0.03691769
0.03583765
0.03612113
0.03149056
0.03790092
0.03286695
0.03377128
0.03310633
0.03239155
0.03173351
0.03172398
0.03272700
0.03374457
0.03152275
0.03321743
0.04014516
0.03699255
0.04167128
0.04030275
0.03601599
0.03694177
0.03622079
0.03694844
0.03718281
0.03759861
0.03869462
0.03668213
0.03664231
0.04341459
0.04838157
0.05775046
0.04339814
0.04180622
0.04089737
0.04690266
0.04280114
0.05076933
0.03928757
0.03333831
0.03294539
0.03374600
0.03884530
0.04250932
0.03627849
0.03725934
0.03243732
0.03389239
0.03425050
0.03814197
0.03303432
0.03328323
0.03727889
0.03378630
0.03325844
0.04250908
0.03847337
0.03788686
0.04151487
0.03743935
0.03669000
0.03356290
0.03525066
0.03411698
0.03337550
0.03370905
0.03355718
0.03337455
0.03369570
0.03511739
0.03260088
0.03525114
0.04249620
0.03701091
0.05205727
0.04053068
0.03878713
0.03958845
