0.05517411
0.03453851
0.03620601
0.03170681
0.03270721
0.03642011
0.07541943
0.03947592
0.05115223
0.03315997
0.03131390
0.03378153
0.03516459
0.03593540
0.03255725
0.03548646
0.04222703
0.04886150
0.04209805
0.04053760
0.03485012
0.03171825
0.04296136
0.04242086
0.03702331
0.04497552
0.04367614
0.03667903
0.04356456
0.03471065
0.03202653
0.03230405
0.03284907
0.03284574
0.03187680
0.03289199
0.03776336
0.03975797
0.04322219
0.04048419
0.03423643
0.04101872
0.03363490
0.03292775
0.03455043
0.03332901
0.03244781
0.03112721
0.03497815
0.03155017
0.03154016
0.03530169
0.03380132
0.03505301
0.03566670
0.03514767
0.03334618
0.03338075
0.04263115
0.05128145
0.03153944
0.03269482
0.03281951
0.03182936
0.03043485
0.03566241
0.03485751
0.04074526
0.03485417
0.03209066
0.03232145
0.03203821
0.03214598
0.03140712
0.03550243
0.03105593
0.03146577
0.03277087
0.03269339
0.04129648
0.04825306
0.04862738
0.04836226
0.04885244
0.04956913
0.05412626
0.03474402
0.03541923
0.03485441
0.03631639
0.03591013
0.03866005
0.04041243
0.03959632
0.03948307
0.04090524
0.03526068
0.03505206
0.03975081
0.03476167
0.03528118
0.03448963
0.03900266
0.03564906
0.03601384
0.03668761
0.04069901
0.04443336
0.04096818
0.03557706
0.03655195
0.03608704
0.03439331
0.03591895
0.03464603
0.03436255
0.03642559
0.03470492
0.03455591
0.04026222
0.03900170
0.04053688
0.04063439
0.03672385
0.03468728
0.03661227
0.03575253
0.03552079
0.03932691
0.04056907
0.03891802
0.03956127
0.04656196
0.04465508
0.04504132
0.04692984
0.05163980
0.04606295
0.03634977
0.03501940
0.03553295
0.03431606
0.03485894
0.03472066
0.03416204
0.04044390
0.04293633
0.04131722
0.03886890
0.03659844
0.03552794
0.03610063
0.03646421
0.03577828
0.03523970
0.03393888
0.03513455
0.03549933
0.03896117
0.03901839
0.03830886
0.03972936
0.04075503
0.03629804
0.03495073
0.05242586
0.03658223
0.03187299
0.03235841
0.03608036
0.03862643
0.03952861
0.04080963
0.04489589
0.03969383
0.03536749
0.03458476
0.03136325
0.03106213
0.03300142
0.03113198
0.03063273
0.03226066
0.03167009
0.03072929
0.03263283
0.03243303
0.03330803
0.03555036
0.03688169
0.03538275
0.03702044
0.03149962
0.03239822
0.03233147
0.03198671
0.03868079
0.03455138
0.03329945
0.03188801
0.03133154
0.03119874
0.03288770
0.03681993
0.03589439
0.03685427
0.03678417
0.03447938
0.03292012
0.03271294
0.03314519
0.03403115
0.03343415
0.03272796
0.03243566
0.03250694
0.03697896
0.03355527
0.03416085
0.03535438
0.03680205
0.03592587
0.03754711
0.03311396
0.03388238
0.03715682
0.03274441
0.03444719
0.03293443
0.03291750
0.03347731
0.03361583
0.03271055
0.04021120
0.04826188
0.04327416
0.04219413
0.04070902
0.04277396
0.04203057
0.03874898
0.03353739
0.03265691
0.03372192
0.03321624
0.03455448
0.03583527
0.03552651
0.03613377
0.03656435
0.03825879
0.03708196
0.03717566
0.04653478
0.04364181
0.04068971
0.03381991
0.03803945
0.04222775
0.04303908
0.04217792
0.05069470
0.04736090
0.03455901
0.03309441
0.03408647
0.03604984
0.03534341
0.03851843
0.04156423
0.03840113
0.03672171
0.03851843
0.03708220
0.03846240
0.04304481
0.03874159
0.03969884
0.03735542
0.03704739
0.03975010
0.03858852
0.04213023
0.03758025
0.05379438
0.04429340
0.03797054
0.03697109
0.03756070
0.03343177
0.03442097
0.03559256
0.03406906
0.03734183
0.04406548
0.04275155
0.03862309
0.03576350
0.03439641
0.03424692
0.03836489
0.03415751
0.03520799
0.03463101
0.03542995
0.03841853
0.03678083
0.04587007
0.04527569
0.04502606
0.04469371
0.04119802
0.03976727
0.03919816
0.04013133
0.03901720
0.03814769
0.03790593
0.03842831
0.03765678
0.04564929
0.04458690
0.04299235
0.04212999
0.04407120
0.03910446
0.03911233
0.03908992
0.04107428
0.03812194
0.03878021
0.04231977
0.04501748
0.04470205
0.04753470
0.03951120
0.03974652
0.04117441
0.04019713
0.03987312
0.03937292
0.04319739
0.03955126
0.04351330
0.04485369
0.05166960
0.04562163
0.04199839
0.04203916
0.04013681
0.03983378
0.03980446
0.04057074
0.03897095
0.03994679
0.03970695
0.04642773
0.05183291
0.05245066
0.05260539
0.05031252
0.04181075
0.04589701
0.03921604
0.04127860
0.04130745
0.04507017
0.04504681
0.04638100
0.04584837
0.04584646
0.03941870
0.03913307
0.03980446
0.03903508
0.03921580
0.04295754
0.03934622
0.03914547
0.04182220
0.05927539
0.05250216
0.04549575
0.03927231
0.04006863
0.04012179
0.03970933
0.03944445
0.03949690
0.04051447
0.03952098
0.03974199
0.04676318
0.04631901
0.04634285
0.04472756
0.04049826
0.04142451
0.04041243
0.04103804
0.04148126
0.04034281
0.04035735
0.04193616
0.04673553
0.04637194
0.04625463
0.04414797
0.04635477
0.04202414
0.04055429
0.04013896
0.03971457
0.03887844
0.03936720
0.04226613
0.04598093
0.04715180
0.05103731
0.04015207
0.04209447
0.04194450
0.04183412
0.04086161
0.04046631
0.04128003
0.04219985
0.05487347
0.05400825
0.05381846
0.05375910
0.04561114
0.04116750
0.04175305
0.04321289
0.04180741
0.04099178
0.04967189
0.04306889
0.04482484
0.04158401
0.03857851
0.03822446
0.03793430
0.03902173
0.03982186
0.03986335
0.04326868
0.03788686
0.03651333
