0.06883669
0.03771448
0.04691076
0.04347134
0.04383659
0.04897928
0.03990459
0.04528928
0.04690981
0.04032850
0.03734803
0.04069304
0.04011178
0.04247928
0.04162765
0.08310652
0.06503129
0.05061769
0.03965783
0.05258298
0.04495263
0.03486204
0.04941368
0.04098940
0.04401398
0.03769040
0.03890944
0.03605175
0.03296351
0.03401518
0.03313756
0.03617454
0.03431487
0.04199171
0.04313016
0.04398131
0.03395939
0.03399658
0.03465724
0.03469539
0.03308988
0.03224587
0.03211856
0.03204274
0.04008341
0.04741192
0.03273964
0.03519034
0.03257251
0.03209686
0.03292036
0.03420782
0.03295445
0.03481627
0.03517294
0.03596759
0.03554344
0.04277420
0.05055380
0.04340005
0.03748441
0.03251433
0.03232241
0.03531075
0.04198956
0.04099226
0.03958726
0.03943849
0.03738546
0.03491402
0.03355718
0.03306246
0.03156710
0.03717828
0.03547382
0.04780316
0.03515697
0.03463078
0.03162670
0.03136468
0.03212929
0.03269386
0.03245926
0.03278923
0.03214097
0.03406215
0.04096413
0.04368329
0.03591824
0.03224850
0.03268123
0.03174973
0.03127694
0.03320408
0.03378057
0.03421497
0.03483748
0.03432035
0.03724241
0.03648233
0.04518676
0.03248096
0.03348970
0.03385973
0.03300214
0.03314018
0.03276038
0.03187370
0.04106474
0.03950143
0.03437519
0.03333330
0.03201294
0.03261209
0.03276777
0.03167439
0.03599763
0.03094983
0.03126931
0.03175569
0.04112887
0.03506017
0.03418350
0.03488183
0.03055930
0.03183460
0.03310537
0.03061318
0.04122734
0.03573418
0.03240848
0.03335452
0.03299594
0.05752516
0.03562665
0.03980184
0.03701329
0.03299427
0.03689790
0.03266335
0.03280878
0.03153396
0.03179574
0.03629136
0.03729510
0.03588319
0.03645921
0.04024291
0.03377342
0.03207278
0.03628230
0.03278685
0.03339243
0.03327751
0.03221464
0.03169489
0.04468918
0.03863955
0.03531146
0.03602672
0.03937745
0.04103017
0.03364539
0.03200221
0.03073287
0.03302598
0.03156424
0.03671384
0.03489351
0.03625321
0.03818464
0.03681684
0.03754807
0.04408216
0.04595900
0.03918433
0.03594589
0.03776813
0.04788518
0.04583335
0.04715586
0.05168080
0.04604363
0.03310299
0.03350973
0.03141904
0.03381133
0.03431249
0.04422784
0.04040289
0.03838372
0.03328991
0.03526783
0.03302312
0.03181100
0.03305721
0.03357601
0.03634000
0.03251219
0.03623700
0.05003858
0.05251288
0.04537416
0.03476381
0.03417611
0.04561687
0.03656030
0.03360438
0.03299999
0.03407001
0.03351450
0.03712749
0.03819013
0.03757143
0.04115796
0.04101515
0.04039669
0.04722095
0.04284143
0.03760433
0.05446744
0.03659749
0.04243112
0.03505349
0.03435540
0.03341174
0.03375101
0.03470135
0.03352976
0.03322196
0.03822231
0.04184103
0.03777099
0.03760576
0.03379941
0.03347921
0.03481841
0.03596663
0.03609061
0.03387356
0.03620458
0.03680468
0.03776884
0.03812456
0.03769445
0.03816152
0.03220320
0.03490162
0.03250027
0.03308058
0.03331804
0.03633952
0.03428864
0.03420544
0.03419375
0.03753805
0.04071522
0.03664231
0.03601909
0.03324986
0.03350878
0.03615713
0.03395605
0.03820324
0.03289008
0.03283548
0.03420496
0.04714084
0.04261446
0.04967952
0.05020356
0.03852487
0.03858852
0.03914213
0.03268838
0.03239417
0.03514194
0.03475499
0.03754210
0.03537107
0.04747605
0.03895164
0.03916430
0.03571701
0.04937887
0.03358769
0.03412127
0.03325772
0.03249693
0.03204417
0.03562593
0.03641248
0.04590797
0.04256606
0.03398776
0.03159094
0.03219962
0.04872036
0.03422761
0.03288078
0.03529334
0.04789114
0.03145170
0.03758693
0.03979874
0.03588009
0.03657484
0.03263807
0.03318238
0.03353930
0.03215504
0.03550482
0.03345513
0.03170919
0.03303695
0.04106665
0.03591037
0.03769851
0.03586578
0.03439498
0.03408360
0.04612160
0.03534365
0.03470540
0.03275371
0.03401899
0.03579712
0.03632522
0.04332542
0.04769707
0.05206084
0.03293753
0.03343606
0.03288031
0.03593230
0.03343153
0.03118348
0.03301525
0.03498387
0.04097676
0.03536081
0.03450751
0.03272104
0.03229022
0.03268647
0.03189039
0.03183174
0.03597736
0.03208971
0.03158808
0.03242254
0.03430605
0.04124618
0.03513288
0.03499079
0.03121829
0.03305531
0.03210568
0.03235126
0.03747559
0.03314590
0.03233910
0.03080297
0.03250790
0.03259778
0.03829026
0.04569268
0.03824759
0.03449321
0.03168249
0.03353095
0.03305984
0.03267455
0.03137064
0.03215504
0.03286409
0.03465128
0.03600788
0.03554344
0.03526950
0.03433084
0.03153586
0.03160620
0.03228736
0.03292918
0.03290749
0.03178620
0.03770280
0.03626680
0.03823495
0.03521657
0.03611469
0.03316474
0.04011393
0.03133416
0.03135991
0.03537560
0.03564596
0.04556346
0.03220963
0.03723836
0.03607607
0.05261946
0.04718924
0.03226137
0.03233886
0.03373885
0.03753161
0.03359222
0.03591204
0.03197742
0.03243923
0.03559804
0.04052997
0.04719353
0.05226278
0.04746914
0.03621006
0.03690362
0.03567123
0.03247738
0.03408146
0.03706813
0.03327942
0.03868723
0.04322457
0.03476977
0.03525329
0.03567147
0.03133965
0.03971791
0.04543567
0.04350209
0.04132748
0.03654337
0.03224206
0.03248572
0.03210378
0.03817630
0.03400373
0.05379391
0.05163693
0.03885651
0.03759933
0.03732800
0.03194809
0.03105593
0.03333950
0.03284955
0.03592014
0.04025722
0.04883337
0.03878164
0.03237820
0.03179431
0.03297877
0.03103113
0.03133845
0.03295064
0.03142548
0.02978182
0.03612423
0.03561926
0.04012680
0.03981209
0.04020524
0.03845000
0.03141952
0.03939939
0.03635621
0.03294539
0.03141332
0.03959823
0.04011774
0.03500867
0.03234029
0.03534007
0.03212070
0.03413630
0.03281116
0.03835058
0.03256774
0.03132033
0.03560042
0.03442097
0.04033637
0.03579569
0.03205228
0.04356074
0.04427433
0.03280067
0.03269386
0.03129578
0.03517652
0.03258157
0.03016639
0.03903818
0.03740859
0.03517914
0.03221869
0.03384542
0.03249526
0.03251529
0.03405404
0.03137207
0.03200912
0.03425169
0.03454614
0.03688931
0.04158139
