0.02820706
0.03785515
0.03878021
0.03690624
0.03778291
0.03431869
0.03494954
0.03926039
0.03396893
0.03301048
0.03279114
0.03412747
0.03484416
0.03294110
0.03378987
0.03785610
0.03822017
0.04049349
0.03785253
0.03641796
0.03276682
0.04779553
0.04801679
0.03979230
0.03369689
0.03324509
0.04857302
0.04047155
0.03825021
0.04481435
0.03623652
0.03956509
0.04255724
0.04007983
0.04338384
0.03542972
0.03910899
0.03440237
0.03314447
0.03385854
0.03625369
0.03261948
0.03584385
0.03770065
0.03790307
0.04303789
0.03683329
0.03764153
0.03286505
0.03638339
0.04059935
0.03487134
0.03440666
0.03405404
0.03534269
0.03571773
0.04772282
0.04029202
0.03715873
0.03732157
0.03773165
0.03576827
0.03596401
0.03766704
0.03346634
0.03407168
0.03381753
0.03421187
0.03435707
0.03363824
0.03940463
0.04562664
0.03867388
0.03543925
0.03737473
0.03839588
0.03638864
0.03681135
0.04144859
0.03267050
0.03197765
0.03460455
0.03275013
0.03226709
0.03349638
0.03286505
0.03293777
0.03696823
0.03300858
0.03609276
0.03719735
0.03774810
0.03710938
0.03626037
0.03401279
0.03191710
0.03420091
0.03449583
0.03356576
0.03355169
0.03579521
0.03874993
0.03321505
0.03328562
0.03667140
0.03617716
0.04589891
0.04226470
0.03538299
0.03231239
0.03420925
0.03417397
0.04824233
0.03860092
0.03400826
0.03332329
0.03383589
0.03460479
0.03493810
0.03795767
0.04140711
0.03620982
0.03713632
0.04280496
0.03445888
0.03567028
0.03340459
0.03393054
0.03292370
0.03490090
0.03308225
0.04930043
0.03594470
0.03749681
0.03777075
0.03810310
0.03777575
0.03530002
0.03279185
0.03710580
0.03425384
0.03436899
0.03273821
0.03397346
0.03704023
0.03264618
0.03396201
0.03878832
0.03806567
0.04378772
0.03727794
0.03416276
0.03287816
0.03259706
0.03296113
0.03482103
0.03481221
0.03393412
0.04369617
0.03783798
0.03618097
0.03849316
0.03548169
0.03972483
0.04263949
0.04906654
0.03922057
0.03905272
0.03586555
0.03243732
0.03250957
0.03296185
0.03529143
0.03410196
0.03460002
0.03240561
0.03234053
0.03306794
0.03365231
0.03422451
0.03416562
0.03583407
0.03865957
0.03533936
0.03659892
0.03420568
0.03335333
0.03334188
0.03227067
0.03345728
0.03258061
0.03278637
0.03326797
0.03742385
0.03261280
0.03147364
0.03648043
0.03626633
0.03563523
0.03617454
0.03667426
0.03183579
0.03369713
0.03265643
0.03736663
0.03407931
0.03319860
0.03363824
0.03361058
0.03314757
0.03479576
0.03613615
0.03890538
0.03707576
0.04681706
0.04584742
0.04095912
0.04201293
0.04264975
0.03256941
0.03406882
0.03327513
0.03290391
0.03418922
0.03175473
0.03269172
0.03439188
0.03242087
0.03275609
0.04167819
0.04228926
0.04178023
0.04867148
0.04214120
0.03422260
0.03388476
0.03307247
0.03740907
0.03392601
0.03377914
0.03362846
0.03310204
0.03228998
0.03262639
0.03274059
0.03480983
0.04309154
0.03782463
0.05377650
0.03861260
0.03325295
0.03219390
0.03409600
0.03258753
0.03275704
0.03404927
0.03594875
0.03423285
0.03587341
0.03327107
0.03208542
0.03257608
0.03421640
0.03281140
0.06388450
0.06544733
0.06566644
0.03270507
0.03464198
0.04368496
0.04202390
0.03414845
0.03426003
0.03271055
0.03227043
0.03014064
0.03285193
0.03183246
0.03257704
0.03256464
0.04185343
0.03675413
0.03637934
0.03593516
0.04770660
0.03167248
0.03296947
0.03812456
0.03566480
0.03259277
0.03222084
0.03188539
0.03266120
0.03316712
0.03574014
0.03196430
0.03500891
0.03628778
0.03599310
0.03723001
0.03637171
0.03398943
0.03302646
0.03271937
0.03407669
0.03554964
0.03300643
0.03321242
0.03662109
0.03501415
0.03774977
0.04459906
0.03340650
0.03634930
0.03688741
0.04324532
0.03585076
0.03684211
0.03252101
0.03288817
0.03370595
0.03374887
0.03480697
0.03276539
0.03185511
0.03247643
0.03244042
0.03333020
0.03199720
0.04019046
0.03499079
0.03546262
0.03722620
0.03678155
0.03673124
0.03614783
0.03328061
0.03240252
0.03274965
0.03152442
0.03353333
0.03254962
0.03207302
0.03825116
0.03233171
0.03328371
0.03248954
0.04458785
0.04063463
0.04067731
0.04297018
0.03526187
0.03350925
0.03363800
0.03349757
0.03283238
0.03181720
0.03223896
0.03312922
0.03328729
0.03439355
0.03730845
0.03731322
0.03589416
0.04231930
0.03714013
0.03574228
0.03327560
0.03348708
0.03216147
0.03335094
0.03332138
0.03387594
0.03477907
0.03180337
