0.06897616
0.06102252
0.05129933
0.04914212
0.04845285
0.06165624
0.08348131
0.05119967
0.05022335
0.04889393
0.04685354
0.04781961
0.08761120
0.05375147
0.05691123
0.04643655
0.05157828
0.04740834
0.04666090
0.05082297
0.04877877
0.05283546
0.05155158
0.04483414
0.04303145
0.04412150
0.04253435
0.05403924
0.04615569
0.05072236
0.05798531
0.04184461
0.04523301
0.04645252
0.04782271
0.04367828
0.04363847
0.05431151
0.06857419
0.04917383
0.05454278
0.05764389
0.05529094
0.04291821
0.04384255
0.04401302
0.05671358
0.06450915
0.05123544
0.05943346
0.05190229
0.05548954
0.05448103
0.05644703
0.05232930
0.05314302
0.05229235
0.07967114
0.05578303
0.05581307
0.04677582
0.04988384
0.05626822
0.05584216
0.07728195
0.04722404
0.05084991
0.04783845
0.04854989
0.05169964
0.04744315
0.05789781
0.06380415
0.05626917
0.04782581
0.05031395
0.05857110
0.05568194
0.04997396
0.04928374
0.06206107
0.05297089
0.06632209
0.05990291
0.04679251
0.04711151
0.04585552
0.05196595
0.04498100
0.04749274
0.05415344
0.05306029
0.07153630
0.04723787
0.04832387
0.04805541
0.04854965
0.04736519
0.05051255
0.06016445
0.05764079
0.05806422
0.04831052
0.04588890
0.04731536
0.04681611
0.05360317
0.05277228
0.07484984
0.05784655
0.06929946
0.06983948
0.05135942
0.05279803
0.05263805
0.05934453
0.06324649
0.06272030
0.06282592
0.06123996
0.05334163
0.05220008
0.05738616
0.05588031
0.06614637
0.06726789
0.05497503
0.05754900
0.05807400
0.05802393
0.05879617
0.06211877
0.08260417
0.08269858
0.07044005
0.06302738
0.05794191
0.05902123
0.06790757
0.07675815
0.07558084
0.05930614
0.05625486
0.06931305
0.06051540
0.05493879
0.06319499
0.06152225
0.07730627
0.05402088
0.05067205
0.05405116
0.05218101
0.05914044
0.05820704
0.05538201
0.07252121
0.06830168
0.06702566
0.05092812
0.05427980
0.06255555
0.06090927
0.06279802
0.06133890
0.05279088
0.05147219
0.06512356
0.06640148
0.05932283
0.05544686
0.05456424
0.05330920
0.05719995
0.09015298
0.07221270
0.06914616
0.05644464
0.05798817
0.05800891
0.05754733
0.07006598
0.07862401
0.08317590
0.05336738
0.05389309
0.05341029
0.05570078
0.05695367
0.08443093
0.07277441
0.05503535
0.05469561
0.05343604
0.05721927
0.05431509
0.06218338
0.06706071
0.05215430
0.05128145
0.05533314
0.06400585
0.05569410
0.06218934
0.06082368
0.07638144
0.07861567
0.06884456
0.06691742
0.05289125
0.05845475
0.06239152
0.06280708
0.05960369
0.07544470
0.06956220
0.05372334
0.05273962
0.06537795
0.06286049
0.06274557
0.05470300
0.05427122
0.05687761
0.05374289
0.05291724
0.05621481
0.06530094
0.06332207
0.06704950
0.05319643
0.05188656
0.05281138
0.05385137
0.05848098
0.06310201
0.08718824
0.06494546
0.05683184
0.05866814
0.05493593
0.05607080
0.06042457
0.06652141
0.06698275
0.06133676
0.05681705
0.05982542
0.05575609
0.05554509
0.05829668
0.06830597
0.06817865
0.06628418
0.05621767
0.07011628
0.05382323
0.05407047
0.05505204
0.07760715
0.08530641
0.08214498
0.05106378
0.04980087
0.05319834
0.05128884
0.05074310
0.07554722
0.05975890
0.05767941
0.05016422
0.05165315
0.05014014
0.04997277
0.05410028
0.06053066
0.05406427
0.06607461
0.06143022
0.05111647
0.05029988
0.05061388
0.05285287
0.04880023
0.04935932
0.05378413
0.05631375
0.05668998
0.05278158
0.04837298
0.05937219
0.05535531
0.04626441
0.04731441
0.04657841
0.05179715
0.05486202
0.05912399
0.04722261
0.04710364
0.04646420
0.04628444
0.04624295
0.04562211
0.06648064
0.05697083
0.06552887
0.04724050
0.04720116
0.04876852
0.04742837
0.04675984
0.05000019
0.04673839
0.05036306
0.09107208
0.06190252
0.04697633
0.05566287
0.05186534
0.04956889
0.05035686
0.05906129
0.06091380
0.06007433
0.04770112
0.04849386
0.04738641
0.04657531
0.05055690
0.05131984
0.05483794
0.07339907
0.06205583
0.04713225
0.04691958
0.04590940
0.04677796
0.05500841
0.04881668
0.05959725
0.06514382
0.04957318
0.05233359
0.04736948
0.04797411
0.04542470
0.04554772
0.07584453
0.06873512
0.05720639
0.04929996
0.04971004
0.05163670
0.04644299
0.06000280
0.05720139
0.05332422
0.05260015
0.06053114
0.04670024
0.04812932
0.04980922
0.04466176
0.06696081
0.06935668
0.06076932
0.06166577
0.04983187
0.04622126
0.06826138
0.04694963
0.04639983
0.04757619
0.06692576
0.05453014
0.06715178
0.04573798
0.04942417
0.04531217
0.04473376
0.04515147
0.05139327
0.05369616
0.05461645
0.04601455
0.04703522
0.05223703
0.04670167
0.06056547
0.04875422
0.04762697
0.05476046
0.05867267
0.04534316
0.04704595
0.04686785
0.04652691
0.04648995
0.04987788
0.05099940
0.06356025
0.06464410
0.04680514
0.05226040
0.04583192
0.04517579
0.05017495
0.04681659
0.05091119
0.05307293
0.05389786
0.05513096
0.04974127
0.05703354
0.05356836
0.05368090
0.05066895
0.05249929
0.05497932
0.06173587
0.07616472
0.06835103
0.04664755
0.04675674
0.04772115
0.05687475
0.05638123
0.05577493
0.05553126
0.05620480
0.05140066
0.04870796
0.04805994
0.05543756
0.04961252
0.04928017
0.05274415
0.04921126
0.05741262
0.06200933
0.05557251
0.04859424
0.04978681
0.04964566
0.05077076
0.05066395
0.04986596
0.05752563
0.06697965
0.05804896
0.05116272
0.05152202
0.05198622
0.05021691
0.04990411
0.05043268
0.05212808
0.05510163
0.06005502
0.06334472
0.04967284
0.05576634
0.05152655
0.05121136
0.05533028
0.05505323
0.06379485
0.06839108
0.05347776
0.05392933
0.05364013
0.05221677
0.05598402
0.05157137
0.05576801
0.06776977
0.06340337
0.05339670
0.05366516
0.05515552
0.06592011
0.06482840
0.05480504
0.05401897
0.06632900
0.06575918
0.06326056
0.05618191
0.05516553
0.05499053
0.05661011
0.05637288
0.05837965
0.07603908
0.07380223
0.05919600
0.06052184
0.05894136
0.06134439
0.05744791
0.05970716
0.06747961
0.06723166
0.05580521
0.05754924
0.05302048
0.05497670
0.05436873
0.05646110
0.06586146
0.07277107
0.05721593
0.05617452
0.05598736
0.05531073
0.05799413
0.05759645
0.06670427
0.06869507
0.06808686
0.05865216
0.05791163
0.06695747
0.05965686
0.06066513
0.05830455
0.07084846
0.07197332
0.06922102
0.09048247
0.06090736
0.06023765
0.06017494
0.05938125
0.08242011
0.07710695
0.08549452
0.05873537
0.05931902
0.06344223
0.08946776
0.08011007
0.07712555
0.07453680
0.07889915
0.06113577
0.06694651
0.07382870
0.07998371
0.06553650
0.07315707
0.07575178
0.06513619
0.09088588
0.06037760
0.06319022
0.06149387
0.07363844
0.07610822
0.06806564
0.07370090
0.06923962
0.05713224
0.05610061
0.05508184
0.05512285
0.07512021
0.06468439
0.05647278
0.05338883
0.05341053
0.05342484
0.05589390
0.06199479
0.06344819
0.06353068
0.05480623
0.05864549
0.05444884
0.06292367
0.07671356
0.05572534
0.06110907
0.06225538
0.06169319
0.05846381
0.05944705
0.06034803
0.05255818
0.05232549
0.06208181
0.06456399
0.05353642
0.05338740
0.05386162
0.05463958
0.05433989
0.06721091
0.06507039
