0.05461812
0.03221011
0.03384328
0.03852439
0.03662014
0.03624201
0.03496552
0.03181338
0.03301215
0.03266501
0.03217816
0.03261566
0.03212881
0.03206563
0.03328490
0.03472328
0.04960275
0.04546094
0.03898144
0.03216863
0.03543735
0.03619623
0.03530073
0.03711772
0.04231024
0.03612781
0.03520608
0.03418827
0.04430366
0.03697920
0.03111005
0.03616214
0.03178930
0.03224301
0.03578663
0.03298187
0.03718734
0.03281569
0.03847456
0.03725767
0.03575230
0.03622317
0.03611922
0.03394103
0.03207445
0.03484988
0.03853917
0.03459811
0.03180647
0.03239655
0.03235745
0.03754878
0.03616548
0.04042530
0.03548837
0.03256583
0.03375697
0.03253698
0.03702736
0.03402138
0.03442454
0.03068233
0.03252125
0.04533625
0.04535389
0.04299855
0.04471660
0.04083967
0.03938198
0.03499484
0.03372574
0.03388500
0.03281093
0.03303170
0.03362322
0.03090811
0.03215957
0.04638052
0.04815817
0.03590846
0.03315783
0.03128481
0.03232455
0.03347182
0.03324819
0.03286242
0.03345108
0.03332067
0.03427601
0.04201508
0.04344058
0.04151702
0.03633070
0.03638029
0.04098701
0.04629564
0.03609109
0.03258801
0.03256226
0.03658772
0.03888464
0.03938818
0.04386187
0.03641820
0.03744769
0.03614187
0.04305601
0.04482222
0.03549957
0.03494692
0.03400445
0.03429508
0.03363705
0.03269577
0.03800106
0.03781819
0.03484154
0.03332686
0.03914905
0.03748131
0.04036212
0.03901482
0.04052806
0.03697443
0.03661895
0.03531551
0.03615046
0.03443074
0.03463650
2.27012849
0.04391050
0.03486800
0.03751493
0.03405833
0.03217793
0.03282952
0.03464198
0.03479171
0.04149938
0.03565359
0.03287101
0.03244448
0.03456879
0.03587413
0.03252196
0.03469348
0.03293133
0.03251576
0.03544259
0.03414249
0.03541708
0.03529978
0.03530264
0.03160477
0.03283477
0.03573799
0.03337216
0.03704286
0.03295684
0.05152583
0.03820109
0.03457975
0.03284764
0.03759742
0.03158784
0.03352356
0.03350234
0.03292394
0.03631997
0.03583336
0.03463745
0.03670311
0.03313613
0.03100657
0.04545331
0.03260112
0.03161955
0.03232479
0.03641152
0.03306746
0.03630400
0.03534913
0.03991508
0.03210926
0.03537655
0.03396010
0.03188062
0.03336692
0.03277326
0.03113341
0.03289580
0.03199601
0.03616571
0.03664446
0.03916979
0.03724790
0.03259087
0.03169799
0.03297281
0.03269410
0.03316879
0.03688145
0.03095269
0.03281021
0.03461814
0.04228544
0.04883003
0.04705024
0.04605079
0.03493214
0.03188109
0.03147364
0.03471828
0.03135180
0.03262520
0.03321242
0.03613663
0.03514075
0.03780603
0.03644204
0.03035545
0.03315687
0.03315520
0.03287029
0.03655601
0.03131413
0.03238153
0.03133011
0.03253698
0.03997064
0.03476334
0.03680634
0.03470778
0.03367424
0.03086352
0.03145981
0.03731704
0.03522086
0.03502536
0.03537655
0.03590775
0.04029608
0.03514862
0.03494239
0.04654741
0.03580141
0.03155112
0.03286052
0.04241371
0.03535247
0.03392577
0.03312635
0.03157187
0.03313398
0.03369999
0.03895330
0.04186082
0.04178119
0.04123330
0.03993034
0.03709316
0.04159522
0.04121423
0.03699875
0.03252316
0.03235984
0.03408790
0.03491378
0.03465700
0.03632808
0.03372097
0.03248143
0.03338337
0.03111696
0.03254557
