0.07582045
0.04456091
0.04900837
0.03412437
0.03948092
0.03572416
0.03471398
0.03872347
0.04421496
0.03719974
0.03490829
0.03466392
0.03498840
0.03525615
0.03398967
0.03672862
0.03296924
0.03516364
0.03794861
0.04210639
0.03674054
0.03520155
0.03401566
0.03394437
0.03905821
0.03328514
0.03692937
0.03398871
0.03838420
0.03767633
0.04098082
0.03708625
0.03876877
0.03789425
0.04092073
0.03977847
0.03781748
0.03748417
0.04381418
0.03446913
0.03354812
0.03840685
0.04029322
0.03780437
0.04204607
0.04139447
0.04980612
0.05160213
0.05325866
0.03725076
0.05089903
0.03423405
0.03413200
0.03461194
0.03420591
0.03460622
0.03947949
0.03877902
0.03806043
0.03870893
0.04084444
0.03492212
0.03865004
0.03319454
0.03450465
0.03907609
0.03401875
0.03299165
0.03390765
0.03583169
0.04317236
0.04983687
0.03768778
0.03690958
0.03429842
0.03351712
0.03332186
0.03273177
0.03325558
0.03356481
0.03365898
0.03342724
0.03459811
0.03781843
0.03819036
0.04352021
0.04441071
0.04246306
0.04585743
0.04940271
0.03530216
0.03612351
0.04096365
0.03437304
0.03512836
0.04175305
0.04011583
0.03710222
0.03607678
0.03799748
0.04086566
0.03637552
0.03785396
0.03678155
0.03567481
0.03648853
0.03858423
0.03978968
0.03965044
0.05775547
0.04526329
0.04170656
0.06325603
0.03584743
0.03772187
0.04025674
0.03506279
0.04221678
0.03858995
0.03894639
0.03467584
0.03819180
0.04433513
0.04500818
0.03533936
0.03322411
0.03471589
0.03418589
0.04856062
0.04551744
0.04449177
0.04275322
0.04964733
0.03782296
0.03625298
0.03605294
0.03608799
0.03993177
0.03610206
0.04925847
0.05033755
0.04412746
0.03614712
0.03640127
0.03637075
0.03962708
0.05188727
0.03552413
0.03980041
0.04788899
0.05470705
0.04530668
0.05496740
0.04750872
0.03657031
0.03588200
0.03716111
0.03604078
0.03612041
0.03939843
0.05492353
0.03945208
0.04127359
0.04000735
0.04212856
0.04427719
0.05069184
0.03737831
0.03642607
0.03968859
0.03795695
0.03721046
0.03752089
0.04484534
0.04262924
0.04293346
0.04054594
0.04571819
0.03868341
0.03716731
0.03772378
0.03973246
0.03655195
0.03732491
0.04110932
0.03923821
0.04182124
0.04103756
0.03961539
0.03973413
0.03530860
0.05721664
0.04189587
0.03559303
0.03900146
0.03962350
0.03471589
0.03625417
0.04204154
0.03932691
0.04856515
0.04575825
0.04302049
0.05293489
0.03866816
0.03469348
0.04071593
0.03528166
0.04678774
0.04849362
0.04253960
0.08270836
0.03762364
0.03877950
0.03856611
0.03902888
0.03742814
0.03903246
0.03845286
0.03958178
0.04168487
0.04535794
0.04552245
0.04242969
0.03882194
0.04415226
0.04021454
0.03970742
0.03983140
0.04293275
0.03892422
0.03959322
0.04715061
0.05571008
0.05098462
0.05086207
0.03801703
0.03979945
0.03913498
0.04225469
0.03890777
0.04210520
0.04297662
0.05748129
0.05649400
0.05694771
0.04326582
0.03905153
0.04131031
0.03780651
0.04231906
0.03938627
0.04443908
0.04695272
0.04461122
0.04242110
0.04108787
0.04245734
0.04049945
0.04121113
0.03980947
0.04548907
0.04834175
0.05359745
0.05451918
0.06253910
0.05364347
0.06377149
0.05112839
0.04446244
0.04829431
0.04766703
0.04797220
0.04163551
0.04336762
0.04309225
0.04252744
0.04278517
0.04163289
0.04688835
0.04373193
0.04942799
0.04912448
0.04840398
0.04219770
0.04329705
0.04413676
0.04263043
0.04364181
0.04644227
0.04273343
0.04567909
0.05766964
0.06419396
0.06137586
0.04502988
0.04536891
0.04527974
0.04733682
0.04599524
0.04473782
0.04530478
0.04630160
0.05826163
0.05417919
0.05172634
0.04477406
0.04813170
0.04699826
0.04660511
0.05159521
0.04842043
0.04646230
0.04727602
0.05814528
0.05557799
0.05605650
0.04904437
0.04871893
0.04832721
0.04874444
0.04903555
0.05281758
0.05087304
0.05122042
0.06519485
0.06088710
0.05601907
0.06036901
0.06181312
0.06763697
0.07089472
0.05848241
0.06890845
0.06906819
0.07202005
0.06993437
0.06196594
0.05219984
0.05221295
0.05133867
0.05453134
0.06235337
0.06307936
0.05884552
0.05345535
0.05852079
0.06284475
0.05291367
0.05270100
0.05573750
0.06809115
0.06950378
0.05407643
0.05996132
0.05716324
0.05481648
0.05041337
0.05078840
0.05027533
0.05580091
0.06083274
0.06198144
0.05112529
0.05175304
0.05246735
0.05187440
0.05051756
0.05218744
0.05563831
0.05753374
0.06224370
0.07323694
0.06615210
0.05774903
0.05306983
0.05674911
0.05958652
0.05690551
0.06235862
0.06571817
0.06438875
0.05923176
0.05514431
0.05974221
0.05519080
0.05979848
0.05581713
0.06411934
0.11812830
0.07429338
0.05686235
0.05989003
0.05637908
0.05695343
0.05723047
0.05783820
0.06404638
0.07082558
0.06835341
0.05670953
0.06382060
0.05830216
0.05708742
0.06079960
0.05790949
0.07956719
0.06773472
0.06811285
0.06140542
0.05867195
0.05725217
0.06121087
0.05895519
0.05750036
0.06556726
0.07128835
0.07105422
0.06086850
0.05921888
0.05842113
0.06235242
0.05938935
0.05838370
0.08007717
0.07413769
0.06927395
0.06061459
0.06536293
0.06192660
0.06191039
0.06014466
0.06586885
0.08082771
0.07112360
0.07621813
0.06078362
0.07239604
0.07663631
0.06999850
0.07492089
0.06990671
0.06028295
0.06012654
0.05918980
0.05813408
0.06198835
0.06952095
0.07101989
0.07807040
0.05932736
0.06294203
0.06125879
0.06063294
0.09960055
0.08377409
0.08477426
0.06154585
0.06049228
0.06255174
0.06454611
0.08570051
0.15102077
0.08973956
0.06757903
0.06998158
0.06872272
0.07457829
0.12404799
0.07741666
0.06893921
0.06737781
0.06850815
0.07836628
0.08181906
0.09517765
0.07591915
0.06596255
0.07988691
0.08287525
0.06878328
0.08410072
0.08575106
0.07027030
0.07005405
0.07259345
0.06973410
0.07265806
0.07646179
0.09071255
0.07086802
0.06964993
0.06927991
0.07325101
0.07139611
0.09367776
0.08764291
0.08506298
0.07997894
0.07793880
0.08713794
0.10604835
0.09374952
0.08038735
0.08639717
0.08065128
0.08017254
0.10666108
0.10146523
0.08329487
0.08711815
0.08535290
0.09005761
0.11432076
0.10827398
0.08766866
0.08585286
0.08914280
0.09692597
0.11609077
0.08096743
0.07963586
0.07718015
0.09525418
0.07746100
0.08671641
0.09060001
0.07978606
0.08175564
0.07798362
0.07294440
0.06893301
0.07067537
0.07278848
0.07170057
0.06274009
0.07515955
0.06355834
0.06852770
0.07077932
