0.06436491
0.09449911
0.09555173
0.11030221
0.11770034
0.09928417
0.09562421
0.09440589
0.11597347
0.11370683
0.09612489
0.09667706
0.09541607
0.10912609
0.15900564
0.12149501
0.10017610
0.11079931
0.12272930
0.11796212
0.11882687
0.09978008
0.11038256
0.13312602
0.11647081
0.09606361
0.09821439
0.10871983
0.12225056
0.09646964
0.09270310
0.10810137
0.12208295
0.09587693
0.09418821
0.09101820
0.12039924
0.11858678
0.09166312
0.09149432
0.08999681
0.10021734
0.11481190
0.09347963
0.09367228
0.09482813
0.10691977
0.13302851
0.11246204
0.08873320
0.09191179
0.11525202
0.09898424
0.09024549
0.09021091
0.08779240
0.10046077
0.11053872
0.08670735
0.08892059
0.10224271
0.11320758
0.08960319
0.08504915
0.08752966
0.08531356
0.09117842
0.11028314
0.08875203
0.08614469
0.09092045
0.08566546
0.11044073
0.13516212
0.08579969
0.08797145
0.08996916
0.11076927
0.10687494
0.11066842
0.08647346
0.09360433
0.12578177
0.11274195
0.09157300
0.09617639
0.12492013
0.13385534
0.13791108
0.08747768
0.08632398
0.09695435
0.11229873
0.08766341
0.09752417
0.09992695
0.09306383
0.09228969
0.10984468
0.13795066
0.08381391
0.08447504
0.08811426
0.10831332
0.10918450
0.08279324
0.08385181
0.08771729
0.08615494
0.09177113
0.10778761
0.09670639
0.09469151
0.08957911
0.08475351
0.09425282
0.11081100
0.09929681
0.12209845
0.08657980
0.08411360
0.13322282
0.09157801
0.08503461
0.08676696
0.08456421
0.09033036
0.10744643
0.09480643
0.08229113
0.08617377
0.09226561
0.10816956
0.09584284
0.09744239
0.08157921
0.09307933
0.09007049
0.11377645
0.08920598
0.09364486
0.08911347
0.08637905
0.11405110
0.10792351
0.09875393
0.09802151
0.09724116
0.11110878
0.11320376
0.09735417
0.08667731
0.08473682
0.08297753
0.09745979
0.10769153
0.08498168
0.08158135
0.07991505
0.10315943
0.10365105
0.09607267
0.08396769
0.08310032
0.08689952
0.09189510
0.11348033
0.08392954
0.08893347
0.08270049
0.08954525
0.09943223
0.08534861
0.07864738
0.09038973
0.07767653
0.10171199
0.10697770
0.07491899
0.07963896
0.12430906
0.09577584
0.07598066
0.08832645
0.07826734
0.08509445
0.10854530
0.09536743
0.10395241
0.09525347
0.10114741
0.10119772
0.10216880
0.08386397
0.09120417
0.10270667
0.11044502
0.08927107
0.08753967
0.08380198
0.10709143
0.12565756
0.09691906
0.08469296
0.08473706
0.08809447
0.10306668
0.10366774
0.08168840
0.08432984
0.08134389
0.09275460
0.09938192
0.09935284
0.08624935
0.07931828
0.08881569
0.09851265
0.10089874
0.08465457
0.08005905
0.08194256
0.08944941
0.10743284
0.08503151
0.10045838
0.07744288
0.07829690
0.08684969
0.10015106
0.08763289
0.08502364
0.08067369
0.08498335
0.09507751
0.10302067
0.07609606
0.08152747
0.08201051
0.07847667
0.10574937
0.11384082
0.10860801
0.08110499
0.08342147
0.09142995
0.10779357
0.08969212
0.08567500
0.08413267
0.08813238
0.09736657
0.10683060
0.08429050
0.08236146
0.08208871
0.08202505
0.10379958
0.09712195
0.07891560
0.08124065
0.08400536
0.08252406
0.09752488
0.08814788
0.11299825
0.09445858
0.08359170
0.11489320
0.11681294
0.11653042
0.11759329
0.08581042
0.11577415
0.10309649
0.08527374
0.09083009
0.08508992
0.09538627
0.11440992
0.09467125
0.09476614
0.11745453
0.12837458
0.12967896
0.10721326
0.10227418
0.10822749
0.12472320
0.09247661
0.10517836
0.10333610
0.10111284
0.10997725
0.10382533
0.09710836
0.09342790
0.08357930
0.10294271
0.10381174
0.11324763
0.08229637
0.08363223
0.10799718
0.09480739
0.08116627
0.08580899
0.08071065
0.09301233
0.10610414
0.08078241
0.08125544
0.08554935
0.08521104
0.11266470
0.09819150
0.09214139
0.08654237
0.09301472
0.12123489
0.09606481
0.08949828
0.08637524
0.09131169
0.09768319
0.11334848
0.08625412
0.08539319
0.08759952
0.08688545
0.11340570
0.09995437
0.08926868
0.09259152
0.08239484
0.09150314
0.12597585
0.08852363
0.08067751
0.08500147
0.10039258
0.09854865
0.10152841
0.08272529
0.07897902
0.08270383
0.08836198
0.09701562
0.10068369
0.08124661
0.08033538
0.08332062
0.08181572
0.08738780
0.10892272
0.08323550
0.07719398
0.08304596
0.08198929
0.07960820
0.10892844
0.09396815
0.07689738
0.08419895
0.07893515
0.10226107
0.10914230
0.09955335
0.08162975
0.08931708
0.08700228
0.10428691
0.08352876
0.08183694
0.08178377
0.08484554
0.08037901
0.10502243
0.10816360
0.11525869
0.07888746
0.08395362
0.10404062
0.09899092
0.09746242
0.08353949
0.07670856
0.09024620
0.10402060
0.09631228
0.08389544
0.08452559
0.09944940
0.09355640
0.10374618
0.08827329
0.08192420
0.08524942
0.08159089
0.08125997
0.09687972
0.10317564
0.10551667
0.09469819
0.08044600
0.14537859
0.11826301
0.07743788
0.09444690
0.08686304
0.13786483
0.09465837
0.12074351
0.12205529
0.08977556
0.10870147
0.10627127
0.08650565
0.08412004
0.09144044
0.08963585
0.11332631
0.09113097
0.08585358
0.08338213
0.08466458
0.09142327
0.10839200
0.08228230
0.08177209
0.09023023
0.08189201
0.10169315
0.10581040
0.08887291
0.09162354
0.09683490
0.11989427
0.12333465
0.08691692
0.11320424
0.11113524
0.11279774
0.08547831
0.08539867
0.08531761
0.08626413
0.09102225
0.10675359
0.08940268
