0.11229348
0.04679751
0.04340911
0.04780436
0.03220916
0.03435707
0.03386641
0.03526497
0.03088093
0.03220820
0.03139544
0.03657532
0.03582454
0.03499579
0.03566504
0.03656340
0.03978181
0.03545594
0.03560281
0.03486800
0.03899693
0.03564429
0.03808212
0.03544497
0.05260587
0.04432988
0.04212213
0.05209279
0.03718209
0.03623009
0.03674364
0.05245018
0.03601170
0.04363823
0.04513001
0.03550363
0.03504133
0.03232503
0.03261948
0.03171468
0.03126097
0.03296041
0.03195286
0.03361988
0.03483558
0.04101515
0.03446102
0.03416729
0.03270435
0.03293705
0.03290749
0.03159833
0.03294635
0.03486133
0.03127265
0.03326035
0.03178573
0.03246212
0.04105234
0.03914809
0.03941059
0.04637337
0.03676367
0.03288245
0.03209233
0.03187370
0.03268647
0.03328919
0.03206515
0.03495431
0.03265619
0.03574276
0.03506422
0.03491092
0.03628635
0.03181291
0.03335023
0.03351617
0.03539205
0.03316069
0.03190970
0.03172994
0.03229165
0.03515220
0.03563166
0.03442073
0.03506041
0.03521633
0.04452276
0.04496765
0.04485631
0.03226018
0.03288174
0.03140903
0.03208447
0.03154683
0.03154325
0.05401111
0.04630566
0.04549074
0.03241920
0.05781722
0.04047322
0.03408766
0.04138184
0.03112817
0.03131270
0.03230762
0.04103327
0.03897405
0.04037023
0.05036736
0.05340910
0.03328300
0.03334856
0.03277278
0.03230953
0.03230691
0.03033113
0.03343320
0.03317046
0.03491426
0.03773737
0.04118514
0.03161693
0.03146052
0.03105807
0.03319192
0.03191733
0.03157306
0.03322721
0.03179097
0.03162813
0.03530097
0.03615999
0.04706335
0.04825711
0.03367448
0.03433967
0.03531003
0.03441572
0.03347993
0.03879261
0.03425264
0.03451061
0.03671503
0.04059052
0.03561354
0.03227639
0.03326225
0.03199577
0.03505802
0.03249574
0.03293490
0.03111482
0.03118873
0.03204727
0.03448248
0.03507185
0.03476024
0.03525496
0.04401278
0.04284811
0.03335357
0.03517246
0.03145456
0.03143501
0.03471565
0.03650165
0.03631139
0.03729868
0.03764367
0.03689933
0.03801346
0.03517008
0.03864670
0.03697109
0.04030848
0.03532290
0.03382683
0.03232479
0.03157949
0.04113698
0.03477788
0.03164673
0.03346682
0.03275800
0.03297591
0.03693843
0.03629613
0.03710461
0.03604174
0.03134751
0.03260303
0.03308153
0.03310561
0.03372765
0.03379154
0.03316879
0.03412938
0.03961253
0.04603958
0.04751921
0.05098248
0.03512096
0.03572559
0.03216362
0.03225899
0.03352714
0.03845572
0.03752780
0.04526091
0.03738880
0.03536725
0.03440595
0.03529930
0.03760004
0.03785157
0.03712130
0.03808665
0.03791499
0.03797197
0.04587817
0.04807138
0.03574777
0.04206729
0.05323911
0.03611875
0.04561877
0.03587508
0.05059648
0.05608559
0.05152631
0.04306865
0.04072261
0.04063034
0.04230046
0.04143596
0.04974556
0.05064917
