0.02956009
0.03114247
0.03762388
0.03142095
0.03229141
0.03295231
0.03060293
0.03178835
0.03238344
0.03713059
0.03952193
0.04645300
0.03474116
0.04477954
0.03383756
0.03121400
0.03592062
0.03346181
0.03166509
0.03135562
0.03175592
0.03440309
0.03940916
0.03401327
0.03622961
0.03299642
0.03170085
0.03330731
0.03390551
0.03232527
0.03065777
0.03612256
0.04055500
0.03868914
0.03569937
0.03589416
0.03650713
0.03192902
0.03121972
0.03241968
0.03406549
0.03857446
0.03825879
0.03247118
0.03336000
0.03802609
0.03964663
0.04389811
0.04366016
0.03749251
0.04715657
0.03512454
0.03097844
0.03533411
0.03192067
0.03218818
0.03337336
0.03431940
0.03522372
0.03996205
0.03462577
0.03071117
0.03214931
0.04629016
0.05240393
0.03893781
0.03205609
0.03171897
0.03312707
0.03142095
0.03217292
0.05291462
0.03924561
0.04021335
0.03486395
0.03135395
0.03414822
0.03309011
0.03086138
0.03582382
0.03570580
0.03638172
0.03406835
0.03619146
0.04041004
0.04624438
0.03441262
0.03347611
0.04160428
0.04796600
0.04225039
0.03301096
0.03391790
0.03379536
0.03394294
0.03224325
0.03070211
0.02985597
0.03447866
0.02990890
0.03561139
0.03551745
0.03182030
0.03774405
0.04095221
0.03465915
0.03358912
0.03428078
0.03823209
0.03460050
0.03879929
0.03465843
0.03392029
0.03447199
0.03473234
0.03651094
0.03921151
0.03595781
0.03578234
0.04068518
0.04187059
0.04323769
0.03409815
0.03212142
0.04326081
0.03537416
0.03680587
0.03552914
0.03721261
0.04035783
0.03694558
0.04847455
0.04548287
0.04134893
0.03892422
0.03390169
0.03256607
0.03152370
0.04122329
0.03142619
0.03248048
0.03117895
0.03253031
0.04517341
0.05779099
0.03717327
0.03813696
0.04497242
0.04663539
0.05692625
0.04706216
0.03331637
0.03255248
0.03434968
0.03468037
0.03583503
0.03542304
0.03690648
0.03111672
0.03794837
0.03403664
0.03284860
0.03376675
0.03258824
0.03389716
0.03374267
0.03310275
0.03500390
0.03556442
0.03513288
0.03807855
0.04267097
0.03541112
0.04544687
0.04544067
0.03555536
0.03748178
0.03977203
0.03740835
0.05890489
0.03774691
0.03739309
0.03479195
0.03104210
0.03278542
0.03606963
0.03175664
0.03295279
0.03597641
0.03245068
0.03220296
0.03439760
0.03212857
0.03975701
0.03520942
0.03655195
0.04043794
0.04873729
0.05126977
0.03930640
0.03345656
0.03864694
0.03241134
0.03324389
0.03524613
0.03256822
0.03243256
0.03903937
0.03595877
0.03557301
0.03579640
0.03536677
0.03372359
0.03748202
0.03239012
0.03314519
0.03247070
0.03321528
0.03274870
0.04101419
0.03684592
0.03896761
0.03664255
0.03871179
0.03711796
0.03960919
0.03429627
0.03342891
0.03312564
0.03620529
0.03401685
0.03331447
0.03492546
0.03243589
0.03560829
0.03485107
0.03633642
0.03793216
0.03783274
0.04560828
0.03694272
0.03436017
0.03516769
0.03534174
0.03411508
0.03847909
0.03479052
0.03743243
0.03536105
0.03852010
0.03742361
0.03752398
0.04160142
0.03357553
0.03510427
0.03365827
0.03419662
0.03406930
0.03371358
0.03454947
0.03411126
0.03643250
0.03801751
0.04431462
0.04970670
0.04882240
0.04789710
0.04059958
0.05365515
0.03588676
0.03774214
0.03269506
0.03344870
0.03344321
0.03735733
0.04083776
0.03900909
0.03563738
0.03659582
0.03339195
0.03914833
0.03711462
0.03539848
0.03368926
0.04752564
0.04190874
0.03475738
0.03974605
0.03678465
0.03812242
0.04200077
0.03922987
0.04842234
0.04755116
0.04436779
0.03737974
0.03384662
0.03671670
0.03589940
0.03428817
0.04072666
0.03763056
0.04209375
0.03732967
0.03581500
0.03358626
0.03396249
0.03404808
0.03405619
0.03521681
0.03564095
0.04718161
0.03954363
0.03481126
0.03389430
0.03397679
0.03450060
0.03648686
0.03775930
0.04401922
0.04771781
0.03623652
0.03997755
0.03677726
0.03994679
0.03673959
0.03802967
0.03727984
0.03633070
0.04292059
0.03949833
0.04007602
0.04370761
0.04385066
0.04734802
0.04702687
0.04366970
0.05168676
0.04371023
0.03770804
0.03588605
0.03879237
0.04028058
0.04080725
0.04007387
0.03954291
0.03665686
0.03560972
0.03709102
0.03691554
0.03734016
0.03623128
0.04424524
0.05794787
0.04520202
0.03951335
0.07312155
0.04056334
0.03681135
0.04457259
0.03651118
0.06107116
0.04709125
0.04033470
0.04228330
0.04029226
0.03735209
0.03792262
0.04050994
0.03534293
0.03616142
0.03542995
0.03401661
0.03983450
0.03815103
0.03698540
0.03927350
0.04439044
0.04540491
0.03541827
0.03831100
0.03642130
0.03868818
0.04004145
0.04323483
0.03648090
0.03720903
0.04497647
0.03949714
0.04045200
0.03650141
0.04012084
0.03506041
0.03609610
0.03545141
0.03697562
0.03875256
0.03538752
0.03676724
0.04097009
0.03990054
0.06374907
0.05203843
0.05177736
0.04646754
0.03626013
0.04509711
0.03766322
0.03410983
0.03652406
0.03619456
0.03794837
0.03758049
0.03829598
0.03910899
0.03741837
0.03324485
0.03300452
0.03521705
0.03322029
