0.04018450
0.05696726
0.05455899
0.05502176
0.05871367
0.05263066
0.04633260
0.05589056
0.05437326
0.05756903
0.04835701
0.04705024
0.04425311
0.05125809
0.04816532
0.04450154
0.05180335
0.04868364
0.04629064
0.04470778
0.05627322
0.04334807
0.04175329
0.04247236
0.04549050
0.04440355
0.04866028
0.05015612
0.04958367
0.04918861
0.04881144
0.04999590
0.04392219
0.04428959
0.04289293
0.05693841
0.04989195
0.05261827
0.04176307
0.04900813
0.03924632
0.04759336
0.04779410
0.04676008
0.05893159
0.05688000
0.05837488
0.05400872
0.04369950
0.03783083
0.05759263
0.04511499
0.04832244
0.05567360
0.05016160
0.04198837
0.04305458
0.04110646
0.04157662
0.04023075
0.04266167
0.03794885
0.04459858
0.03413510
0.03480077
0.04168153
0.03770113
0.04046607
0.03635597
0.03694081
0.04108882
0.03870416
0.03872275
0.03962541
0.03649473
0.03467131
0.03800702
0.03570461
0.03795981
0.03678226
0.03918743
0.05197048
0.03989148
0.03359509
0.03513813
0.03308105
0.04390311
0.04729390
0.04671812
0.04894805
0.03641367
0.03854632
0.03796101
0.04589367
0.04715490
0.05051994
0.03905082
0.03472924
0.04055929
0.03513789
0.03730559
0.04383588
0.03786039
0.03772306
0.03389311
0.03397751
0.03451943
0.03854132
0.03707123
0.04222631
0.03803086
0.04064846
0.03933477
0.04101157
0.03677845
0.03719044
0.03365588
0.03458571
0.04794884
0.04434752
0.04308319
0.04461813
0.04454756
0.04670882
0.05106783
0.04643631
0.04510999
0.03804064
0.03659558
0.04139709
0.03294945
0.03937674
0.04156661
0.04144859
0.04672098
0.04107189
0.03994632
0.04016137
0.04063225
0.04059362
0.03704214
0.03350925
0.03651834
0.03425097
0.03473878
0.03644753
0.03279519
0.03238225
0.04697037
0.03907132
0.04143715
0.04626775
0.03613567
0.05472112
0.04686093
0.04551077
0.04824591
0.03307223
0.03997660
0.03491759
0.03480458
0.03214121
0.03731990
0.03614688
0.03892326
0.03890705
0.04668927
0.04417753
0.04005909
0.03140330
0.03412104
0.03199267
0.03449726
0.03364301
0.03377175
0.03155375
0.03216696
0.04160619
0.03585935
0.03563476
0.03990984
0.03816700
0.03446031
0.03503466
0.03618264
0.03611612
0.03973055
0.03682399
0.03468585
0.03866458
0.04052997
0.03998566
0.03605604
0.03463125
0.03729725
0.03538251
0.03277445
0.03102493
0.03263521
0.03381300
0.04528379
0.03648877
0.03645110
0.03508258
0.03505421
0.04868555
0.03704357
0.03743553
0.04578590
0.03999186
0.04072571
0.03670979
0.03899288
0.03547001
0.03542876
0.03740692
0.03709555
0.04226351
0.03505898
0.03521514
0.03566885
0.04575181
0.03594089
0.03908515
0.03488660
0.03143120
0.03267765
0.03383732
0.03374481
0.03611016
0.03244805
0.03332090
0.03213477
0.03320789
0.03159857
0.04047775
0.03578758
0.03843188
0.04021692
0.04021406
0.03363848
0.03529215
0.03440166
0.03364658
0.03574347
0.03838038
0.03164172
0.03234363
0.03222013
0.03705168
0.04613900
0.03856111
0.03578424
0.03484964
0.03230524
0.03935456
0.04603767
0.04718828
0.03854346
0.03591895
0.03384566
0.03564310
0.03795648
0.03587151
0.03650355
0.03582311
0.03255868
0.03283715
0.03396726
0.03408170
0.03671145
0.03622413
0.04295158
0.04217267
0.05199027
0.03921080
0.04114127
0.03389359
0.03542233
0.03064704
0.03994608
0.03731561
0.03690505
0.04088521
0.04527211
0.04068899
0.04752731
0.04618454
0.04893780
0.03112078
0.03247356
0.03531551
0.03129053
0.03654742
0.03691435
0.03160715
0.04228926
0.04361081
0.03999114
0.04475331
0.03270292
0.03619695
0.04186893
0.03553820
0.03211331
0.03734159
0.03234005
0.03616595
0.03480411
0.03508019
0.03695297
0.05199981
0.04216909
0.05279565
0.03149366
0.03355932
0.03476286
0.03307366
0.05241323
0.03489780
0.03612542
0.04688931
0.04218554
0.04141545
0.04051995
0.04167509
0.04497266
0.04050398
0.03540349
0.03405333
0.03825140
0.03547502
0.03572726
0.03639174
0.04038787
0.04091597
0.04812741
0.03813982
0.04048395
0.05695844
0.03681207
0.03929949
0.03159332
0.03032351
0.03607488
0.03549695
0.03557706
0.04020929
0.03590512
0.03365135
0.03199244
0.03228688
0.03342557
0.03515649
0.03663969
0.03289795
0.03600860
0.03472686
0.03484559
0.03569460
0.03825092
0.04012442
0.03544068
0.03200793
0.03238034
0.03200960
0.03236318
0.04559159
0.03796864
0.03627920
0.05048323
0.03895593
0.04063249
0.03871441
0.03488278
0.04069734
0.04058790
0.04194045
0.04004264
0.04651451
0.04899311
0.03585458
0.03498578
0.03556728
0.03939724
0.03494716
0.03604245
0.03332520
0.03298068
0.03720403
0.03397346
0.03272343
0.03480673
0.04893208
0.04331350
0.03202081
0.03685522
0.03460407
0.03657579
0.03707743
0.03640938
0.04811382
0.04989600
0.04276371
0.03341937
0.03204799
0.03332353
0.04581523
0.03623915
0.04081345
0.03566742
0.04358554
0.04807472
0.03704214
0.03599358
0.03181934
0.03277230
0.03866839
0.03596759
0.05392027
0.04218817
0.04182982
0.03436971
0.03634763
0.03449202
0.04438448
0.03925514
0.03423810
0.03561783
0.03644538
0.04622126
0.03877211
0.04069924
0.04318333
0.04026437
0.04013133
0.03582382
0.03764486
0.03559208
0.03529549
0.03605366
0.03534079
0.03470945
0.03505993
0.03532076
0.03680968
0.05264950
0.04789042
0.03463173
0.03489876
0.03261542
0.03248858
0.03500533
0.03140712
0.03859425
0.03390741
0.03179336
0.03229523
0.03516603
0.03646541
0.04208612
0.03773475
0.03570914
0.03439569
0.03300118
0.03286481
0.03420091
0.03532648
0.04050946
0.03382063
0.03226161
0.03686070
0.03677177
0.03565288
0.03647208
0.03404546
0.03436756
0.03189349
0.03666925
0.03318357
0.03158140
0.03408623
0.03805757
0.03463817
0.03288054
0.03626919
0.03616548
0.03789544
0.03711939
0.03875017
0.03531766
0.03261280
0.03231168
0.03583407
0.03354263
0.03210211
0.03862262
0.04742098
0.05361581
0.05091023
0.03364420
0.03271604
0.03201985
0.03484702
0.03504515
0.03672075
0.03191805
0.03681922
0.03222156
0.03682590
0.03678274
0.04208994
0.04010439
0.03545761
0.03402352
0.03795981
0.03373504
0.04427814
0.03560615
0.03879499
0.04301429
0.03660607
0.04222369
0.03788447
0.06596994
0.03941894
0.03524160
0.03516006
0.06455684
0.05051160
0.04105401
0.04069877
0.03712821
0.03846049
0.04214096
0.04289603
0.04549766
0.04175854
0.03837442
0.04150891
0.04018259
0.04397130
0.04797649
0.05989027
0.04176259
0.04020166
0.04203129
0.05600834
0.05356455
0.05917215
0.04977298
0.04281473
0.04610372
0.05108905
0.04412103
0.04688692
0.04438090
0.05150819
0.05161929
0.05322099
0.06906581
0.07171893
0.04632211
0.06435275
0.05235505
0.05141854
0.05606675
0.06059551
0.05971265
0.05109072
0.05939627
0.05708694
0.05160189
0.06092691
0.05646849
0.06404877
0.07455802
0.07245851
0.06283593
0.05125284
0.05031824
0.05488110
0.05901289
0.05778885
0.04916072
0.05417681
0.05654120
0.05013990
0.04745960
0.04566979
0.04849195
0.05863166
0.05684257
0.04620218
0.04677153
0.05624676
0.04946828
0.04998612
0.04960179
0.04432464
0.04305029
0.04033256
0.05025697
0.05843520
0.04557276
0.04596639
0.04305887
0.05340886
0.05758309
0.04577112
0.03862858
0.03759646
0.03792596
0.03739572
0.03931713
0.04349065
0.04186416
0.04293990
0.04947901
0.04113269
0.03681421
0.04112506
0.03670597
0.03704405
0.04864621
0.05568933
0.07832479
0.06511211
0.05316591
0.03778028
0.03948784
0.03510690
0.03825116
0.03329349
0.03614616
0.03424239
0.03556848
0.03326273
0.03502512
0.03685546
0.04112339
0.04104161
0.03875995
0.03729343
0.03337884
0.03397655
0.03200221
0.03451324
0.03608942
0.03721690
0.04687214
0.03476810
0.03895330
0.04146719
0.03649354
0.03645802
0.03330708
0.03249979
0.03692770
0.03103352
0.03179216
0.03364444
0.03095627
0.03186083
0.03117418
0.03151822
0.03566217
0.04000211
0.03714561
0.04024744
0.04149365
0.04129982
0.04507780
0.03261828
0.03236270
0.04036283
0.04641867
0.03182125
0.03182149
0.03541994
0.04096413
0.05127954
0.04274678
0.03937078
0.03126812
0.03328276
0.03315878
0.03545165
0.03778863
0.03183103
0.04137373
0.03783607
0.03507352
0.03442931
0.03920341
0.04148912
0.03700781
0.03698444
0.03421545
0.03829598
0.03632069
0.04421210
0.03615570
0.03573394
0.06257606
0.04028177
0.04385448
0.03295445
0.04071522
0.03654170
0.03236318
0.03322196
0.03276110
0.03592706
0.04642129
0.08000636
0.04324889
0.03221393
0.03331494
0.03058362
0.04120588
0.03198647
0.03285456
0.03177953
0.03134179
0.03481984
0.03643560
0.03616357
0.03957725
0.03954959
0.05993795
0.03413796
0.03551245
0.03646350
0.03509116
0.03210330
0.03395581
0.03359342
0.03039527
0.03205228
0.04357791
0.03599358
0.05725741
0.03177094
0.03115964
0.03681397
0.03963280
0.03695035
0.04656863
0.03336453
0.04993153
0.05973697
0.04214501
0.04050064
0.03499508
0.04071164
0.03800488
0.05201793
0.04440808
0.05730081
0.04080653
0.03519320
0.03649473
0.03987241
0.03778172
0.03517199
0.04045534
0.03420234
0.03460264
0.03446007
0.03721166
0.06457305
0.05983996
0.05353165
0.03046703
0.03126240
0.03119779
0.03424382
0.03056812
0.03702807
0.03159428
0.03229308
0.03611135
0.03559613
0.03400373
0.03372121
0.05057526
0.04478788
0.03664827
0.03388333
0.03121996
0.03103995
0.03175068
0.03047371
0.03303099
0.03141212
0.03405309
0.06462693
0.06597614
0.03970695
0.03898859
0.04024410
0.03058982
0.03486443
0.03087521
0.03554392
0.03185678
0.03395605
0.04939342
0.04843879
0.06245422
0.03673053
0.03638816
0.03149295
0.03215480
0.04427409
0.04046178
0.03077316
0.04175758
0.05816293
0.04970384
0.03429747
0.04761958
0.03116918
0.03638697
0.03180146
0.03040457
0.03681254
0.04348874
0.03896809
0.04032183
0.04702830
0.05785584
0.03755999
0.03932691
0.04286957
0.04052591
0.03870583
0.04189420
0.03695202
0.03101897
0.03222895
0.03183150
0.03150892
0.03095579
0.03205442
0.03097248
0.03397155
0.05454898
0.06636930
0.03271246
0.03800559
0.03184056
0.03183508
0.03411937
0.03211522
0.03104019
0.03540158
0.03308320
0.04903722
0.05808592
0.04785705
0.03195262
0.03509188
0.04284430
0.04514885
0.03922153
0.03658700
0.03197026
0.04051757
0.06711960
0.05757999
0.03631544
0.03637338
0.03172994
0.03159642
0.03201246
0.03468013
0.03116465
0.03120184
0.03034234
0.03040266
0.03152037
0.03122568
0.03981400
0.08029747
0.06365561
0.04682684
0.03578281
0.04231977
0.03631473
0.03218079
0.03515720
0.03418565
0.03243780
0.04024339
0.05888367
0.05484605
0.04538774
0.03139806
0.03730392
0.04274130
0.04587603
0.04181218
0.04574323
0.04279733
0.03149033
0.03104186
0.03855276
0.04070807
0.05870843
0.06481004
0.03475475
0.03464246
0.03231692
0.03119087
0.03842497
0.03197861
0.03134465
0.03253269
0.03087330
0.03647971
0.03915477
0.04465485
0.04806519
0.03251362
0.03211427
0.03183198
0.03316712
0.03092098
0.03289127
0.03247571
0.03279495
0.03322291
0.03312039
0.03486919
0.03438735
0.03844142
0.03516197
0.03159809
0.03104830
0.03102684
0.03146601
0.03154778
0.03337121
0.03095126
0.03214335
0.03219700
0.03162813
0.03862619
0.03965020
0.03901482
0.04419088
0.04043746
0.03652692
0.03595901
0.03582907
0.03438425
0.03605509
0.05061626
0.04178119
0.03119636
0.03235173
0.04735970
0.04349899
0.03807592
0.03951621
0.03463078
0.03810334
0.03406477
0.03672934
0.03498173
0.03516340
0.03999853
0.03486586
0.04805422
0.03648210
0.03561258
0.03442669
0.04414797
0.03937912
0.03375101
0.03171873
0.03272200
0.03034043
0.03175879
0.03104663
0.03157496
0.03298330
0.03198910
0.03165555
0.03874326
0.03765726
0.03939199
0.04233623
0.04086375
0.04261065
0.03122950
0.03063607
0.03391743
0.04238296
0.03208709
0.03389859
0.03196716
0.04665399
0.04248691
0.03454852
0.04002523
0.03156519
0.04116964
0.03138161
0.03285694
0.03279400
0.03991795
0.03347826
0.03528023
0.03886390
0.03470349
0.03474593
0.03386736
0.03247452
0.03320980
0.03531265
0.03274226
0.03131056
0.03524828
0.03149366
0.03260064
0.03038549
0.03185391
0.04496884
0.04393435
0.04024625
0.04035926
0.03397322
0.03508353
0.03951359
0.04216337
0.04050756
0.03782177
0.04840565
0.05812407
0.03525901
0.03473854
0.03521681
0.03288484
0.03125763
0.03276253
0.03563213
0.03148079
0.03245473
0.03877831
0.03239155
0.03138781
0.03385663
0.03424287
0.03619051
0.03573537
0.03356814
0.03396726
0.03064299
0.03466821
0.03490400
0.03284192
0.03441763
0.03730989
0.03481436
0.03499460
0.03498054
0.04351759
0.03794098
0.05249023
0.04380155
0.04082441
0.03628278
0.03237772
0.03098059
0.03044486
0.03194165
0.03486586
0.03620791
0.03446412
0.03354311
0.03431678
0.03530049
0.03053164
0.03664422
0.03281236
0.03161192
0.04141188
0.04029703
0.03615451
0.04017639
0.03636169
0.03591681
0.04792094
0.04541039
0.03133321
0.03836703
0.03196263
0.03238773
0.03200912
0.03193212
0.03432298
0.03898001
0.03495145
0.03468394
0.03347659
0.03399301
0.03201532
0.03491879
0.03265047
0.03166080
0.04113197
0.03208113
0.04322410
0.03439975
0.03708458
0.03574443
0.03503752
0.03489804
0.03997278
0.03489971
0.03247285
0.03286004
0.03262305
0.03259873
0.03317761
0.03707981
0.03457928
0.03470278
0.03616595
0.03606200
0.03572679
0.04209661
0.03680134
0.03403378
0.03599858
0.03564405
0.03351879
0.03251624
0.03601861
0.04793501
0.03395629
0.03953719
0.05366707
0.04689884
0.04581952
0.04822874
0.04967070
0.04255295
0.03594232
0.03572917
0.03484082
0.03330326
0.04838896
0.04494786
0.05155230
0.04380322
0.04892874
0.05122900
0.05064201
0.05115533
0.04261136
0.03964710
0.04070020
0.05441165
0.05933976
0.04691339
0.03986311
0.03831935
0.04290891
0.04107738
0.04388928
0.04612422
0.04199195
0.04125285
0.04368162
0.04565191
0.04942417
0.04115224
0.04162049
0.05400872
0.05190635
0.04028630
0.04113460
0.04031372
0.05225706
0.05750942
0.05749726
0.05876136
0.04698110
0.05482864
0.04718518
0.05022264
0.04400921
0.04845762
0.05391979
0.04255652
0.04370260
0.04424262
0.04295754
0.04384542
0.04233551
0.04631829
0.04819226
0.05340624
0.06003428
0.05766582
0.04590392
0.04484081
0.04606509
0.04973364
0.05066252
0.05620408
0.05325508
0.05295157
0.05528450
0.05519652
0.05699706
0.05069423
0.05286193
0.04803562
0.04847264
0.04654360
0.04714847
0.08434319
0.06579232
0.05114746
0.05944157
0.05113673
0.05278587
0.05360961
0.05204749
0.05442548
0.05851483
0.05987215
0.05956960
0.05589890
0.06164455
0.06079054
0.05144596
0.05042148
0.05272722
0.05116343
0.06640196
0.06242204
0.05782437
0.06358194
0.05606008
0.05913067
0.05190229
0.06558013
0.06247163
0.06037903
0.07151246
0.06806207
0.05351162
0.05335689
0.05796313
0.05164981
0.05406046
0.04963303
0.05562425
0.06032801
0.05963874
0.05850863
0.04985595
0.05427074
0.05407596
0.05911756
0.05214906
0.05069876
0.06686330
0.06175089
0.06109357
0.05428076
0.05799222
0.05014539
0.04874825
0.05868793
0.06188750
0.05489254
0.06216931
0.08483887
0.07059789
0.06076217
0.05704165
0.07365346
0.05158472
0.05433416
0.05905557
0.06912565
0.05779767
0.05677557
0.05938005
0.05499434
0.07135129
0.06240106
0.06851459
0.05631495
0.05159020
0.05140829
0.05865526
0.05241036
0.04974627
0.05734825
0.05752659
0.05709720
0.05203867
0.05399227
0.05139184
0.04901862
0.04873538
0.04811740
0.04720235
0.05157948
0.05203867
0.05572820
0.05759382
0.05528879
0.05354238
0.04705167
0.05077410
0.04941368
0.04847169
0.05375481
0.05769467
0.05602384
0.05902481
0.05200768
0.05597520
0.04697871
0.05056667
0.04789090
0.06203818
0.05719066
0.05698633
0.05550742
0.05800629
0.04807782
0.04841447
0.04985666
0.06163526
0.06870651
0.06274271
0.06651044
0.06843638
0.05893898
0.05124760
0.05225110
0.06486893
0.04993558
0.05608487
0.06167531
0.06630158
0.05301452
0.05073357
0.05435562
0.05162072
0.05348897
0.05203056
0.05126429
0.05238318
0.06807876
0.05569434
0.06076646
0.05495095
0.04795361
0.04953074
0.05502248
0.05187893
0.06056166
0.05678344
0.05779362
0.04913759
0.05126643
0.05125380
0.05839705
0.05019999
0.04975462
0.05691218
0.05542302
0.06045771
0.05652809
0.06741524
0.04658175
0.04693484
0.04635811
0.05096602
0.06142449
0.06462836
0.06083918
0.05562901
0.04816747
0.04760623
0.04737592
0.04706645
0.05126166
0.05083036
0.07001567
0.05709791
0.05950499
0.05339932
0.04874873
0.04944873
0.05455589
0.05080366
0.05098224
0.04987502
0.05010152
0.05787110
0.05552316
0.05379748
0.04724813
0.05136728
0.04753089
0.04732752
0.04715228
0.05064082
0.04768515
0.04760790
0.05768490
0.06177592
0.05740929
0.06649947
0.06718493
0.06673336
0.05531168
0.04753089
0.04780221
0.04705215
0.06438828
0.06431293
0.06251693
0.04791355
0.04769135
0.05577087
0.04916525
0.04695559
0.05121279
0.04955626
0.05622029
0.05749321
0.05689240
0.05443311
0.05083823
0.05121350
0.04784346
0.04804730
0.05385947
0.04794908
0.05009866
0.05846334
0.06419158
0.05572724
0.04916143
0.04853725
0.04988813
0.04809690
0.06053352
0.04745436
0.06226087
0.06242132
0.05675697
0.05388594
0.04782772
0.04948163
0.04943824
0.06264234
0.05702662
0.05257797
0.05648732
0.05718136
0.05591941
0.05228543
0.04977036
0.05016828
0.05067348
0.05238819
0.04786921
0.06303072
0.06540298
0.07178569
0.05495954
0.05477929
0.04867721
0.05089760
0.04910827
0.06136298
0.07441282
0.06938434
0.07894158
0.07799911
0.04916477
0.04865456
0.05216599
0.05142474
0.07187986
0.12537360
0.05206370
0.07214618
0.06023574
0.05869842
0.04879236
0.05011535
0.09108377
0.08519483
0.06744766
0.08123803
0.07021952
0.08341694
0.05038309
0.05846286
0.06003976
0.05796003
0.04806685
0.04718494
0.05537105
0.06465507
0.07220054
0.05219221
0.05788040
0.05597758
0.06679726
0.04953361
0.05594110
0.04884887
0.05169868
0.05246067
0.05645061
0.06035542
0.05653286
0.05205917
0.04715824
0.05156350
0.05028367
0.04625368
0.05117130
0.04775524
0.04834557
0.05982924
0.05774331
0.05925822
0.04518485
0.04646301
0.05169845
0.04652929
0.04884768
0.04771900
0.05529165
0.06129169
0.06096244
0.06189513
0.06295967
0.05748296
0.05894971
0.05061436
0.05969024
