0.07732415
0.05551481
0.03873301
0.03947282
0.03934693
0.04074931
0.05607533
0.04976892
0.06154585
0.05307651
0.04106188
0.04570556
0.05036902
0.04618287
0.04004860
0.03931475
0.05192637
0.06513190
0.04258370
0.04346490
0.04273367
0.04128957
0.04308176
0.04899526
0.04109025
0.04777789
0.04630113
0.04780078
0.04524279
0.04296255
0.04404831
0.04203343
0.04205942
0.04226542
0.04394221
0.04414868
0.04833126
0.05495882
0.05528522
0.05329347
0.04641128
0.03853631
0.03819776
0.03734016
0.04022336
0.03680873
0.03761125
0.04205847
0.04197764
0.04288006
0.04461932
0.03675008
0.03870940
0.03651905
0.03679347
0.03571033
0.03700089
0.04278541
0.04235983
0.04692030
0.04686213
0.05036306
0.04440212
0.03680634
0.04228663
0.03667784
0.03681540
0.04515910
0.04271984
0.03724217
0.04056358
0.04340410
0.04976130
0.04949641
0.04801512
0.05143881
0.03678727
0.03833199
0.03870678
0.03647733
0.03552771
0.03872037
0.04243708
0.04247093
0.04130173
0.04425597
0.04808521
0.04943728
0.05060673
0.04556894
0.04191017
0.04137230
0.05525684
0.06061745
0.04750466
0.04962516
0.04009795
0.04017711
0.04391742
0.04194427
0.04820347
0.04216194
0.04741740
0.04588366
0.04015326
0.04264617
0.04362535
0.04123473
0.04322743
0.04116058
0.04431534
0.03932977
0.04959321
0.04524016
0.04383898
0.04866838
0.04279709
0.04067588
0.04364204
0.03935170
0.04299974
0.04037261
0.03919220
0.05011916
0.04586911
0.04625392
0.05535913
0.04133153
0.04082465
0.04044342
0.03955340
0.04016161
0.03899908
0.04170609
0.04253602
0.04654145
0.04537058
0.04945135
0.03929830
0.04173350
0.04048729
0.04048944
0.03944254
0.04446769
0.04054642
0.03891063
0.03862119
0.04987121
0.04588509
0.04475474
