0.07413816
0.04472446
0.05064702
0.04458857
0.04545426
0.04035640
0.04369760
0.03364635
0.03162384
0.03166080
0.03106022
0.03546619
0.03491807
0.03405142
0.03554344
0.03547311
0.03875923
0.03479290
0.03696275
0.04042506
0.03663301
0.03941417
0.04495049
0.04021621
0.04369926
0.03249431
0.03511882
0.03066421
0.03187013
0.03703284
0.03045225
0.06000257
0.04522991
0.03484583
0.03463721
0.03665566
0.03264332
0.03214574
0.03281212
0.03105807
0.03166485
0.04035735
0.03295946
0.03251910
0.03184557
0.03483891
0.03423214
0.03439212
0.03533506
0.03234887
0.03281450
0.03131866
0.03109550
0.03287053
0.03228164
0.03557658
0.03165984
0.03166413
0.03217387
0.03482270
0.04961824
0.04793024
0.04825544
0.03448462
0.03468728
0.03160834
0.03214955
0.03818727
0.03193164
0.03203797
0.03606033
0.03592873
0.03939128
0.03396749
0.03281999
0.03319597
0.03165579
0.03470922
0.03262782
0.03155208
0.03065443
0.03086209
0.03774500
0.03034973
0.03656626
0.03514147
0.03576136
0.04031873
0.03162813
0.03162289
0.03299832
0.03162694
0.03233337
0.03123021
0.03224564
0.03483891
0.03279185
0.03626776
0.04047799
0.03483295
0.03432608
0.03164244
0.03193498
0.03145289
0.03253412
0.03307295
0.03190136
0.03288794
0.03267884
0.03715324
0.03538775
0.03476787
0.03541541
0.03502083
0.03241324
0.03285456
0.03360558
0.03718209
0.03250885
0.03271031
0.03262901
0.03344560
0.03774118
0.03491688
0.03416491
0.03544617
0.03237510
0.03522778
0.03448319
0.03279829
0.03164148
0.03154516
0.03183126
0.03388929
0.03535748
0.03610516
0.04030967
0.03418398
0.03317738
0.03203607
0.03242373
0.03151917
0.03553057
0.04438424
0.03629017
0.03623486
0.03306937
0.03311229
0.03906560
0.03541732
0.03595591
0.03527832
0.03473783
0.03171301
0.03189898
0.03298593
0.03108621
0.03549266
0.03201842
0.03216052
0.03198743
0.03615880
0.03554201
0.03608990
0.03501177
0.04685783
0.04490423
0.04625082
0.04303122
0.03255343
0.03211546
0.03587842
0.03407216
0.03518105
0.03434181
0.03936958
0.03335428
0.03144646
0.03099585
0.03355861
0.03106713
0.03093123
0.03298044
0.03758669
0.03227353
0.03501749
0.03539801
0.03543830
0.03518319
0.03224564
0.04813218
0.05075932
0.03334808
0.03371668
0.03139448
0.03203392
0.03470564
0.03610325
0.03526187
0.03686786
0.03440833
0.03194213
0.03128552
0.03322101
0.03128290
0.03233171
0.04235697
0.03218436
0.03538227
0.03535986
0.03471661
0.03388357
0.03316975
0.03289676
0.03121734
0.03745747
0.03553653
0.03478050
0.03477454
0.03665471
0.03530407
0.03742361
0.03639126
0.03213334
0.03517342
0.03255939
0.03151608
0.03523111
0.03365874
0.03207707
0.03300476
0.03554058
0.03519940
0.04007244
0.03448677
0.03231955
0.04850578
0.03522396
0.03649926
0.03393817
0.03456998
0.03560376
0.04123402
0.04548764
0.04301810
0.03866124
0.03612280
0.03525805
0.05245376
0.03475499
