0.05516052
0.03791809
0.03813100
0.03739285
0.03452134
0.03697014
0.03431201
0.03351021
0.03326797
0.03083801
0.03652835
0.03592896
0.03596830
0.03407073
0.03344727
0.03315973
0.03270936
0.03287053
0.03341746
0.04195571
0.04093862
0.04189181
0.04113698
0.04540038
0.03805518
0.03496003
0.03528762
0.03536344
0.03751278
0.04089046
0.03603721
0.03631687
0.03705478
0.03298020
0.03118443
0.03285480
0.03389478
0.03639674
0.03272581
0.04888368
0.03980970
0.03615427
0.03409934
0.03389192
0.03303504
0.03298450
0.03353071
0.03411531
0.03334475
0.03316975
0.03224635
0.03580952
0.03603411
0.03649879
0.03818393
0.03333974
0.03416967
0.03355360
0.03842950
0.03302932
0.03353906
0.03368473
0.03275156
0.05137587
0.03644156
0.03631878
0.03252554
0.03417015
0.03231764
0.03256631
0.03636932
0.03233838
0.03430557
0.03701997
0.04168248
0.03638768
0.03533745
0.03240561
0.03450656
0.03351712
0.03284597
0.03686738
0.03339481
0.03276563
0.03330326
0.03779387
0.04131484
0.03583360
0.03585076
0.03345466
0.03494430
0.03371906
0.03216505
0.03341031
0.03422451
0.03349996
0.03450251
0.03615618
0.03649759
0.04218102
0.03347063
0.03359246
0.03272271
0.03230453
0.03292084
0.03064632
0.03901792
0.03553367
0.03629732
0.03535628
0.03250003
0.03239179
0.03235054
0.03644323
0.03186893
0.03018451
0.02984285
0.03246737
0.03110886
0.03612280
0.03496099
0.04099226
0.03590965
0.03259158
0.03179359
0.03230333
0.03163218
0.03277540
0.04064417
0.03328705
0.03271985
0.04430270
0.04008007
0.04111695
0.03694201
0.04480171
0.03259206
0.03211999
0.03106380
0.03281784
0.03818345
0.03080583
0.03145456
0.03105116
0.03576922
0.03472137
0.03612661
0.03407073
0.03314567
0.03293920
0.03177166
0.03225517
0.03237724
0.03193879
0.03173923
0.03124022
0.03471231
0.04102826
0.04004550
0.04047561
0.03905940
0.03282475
0.03310561
0.03108168
0.03178406
0.03216314
0.03159761
0.03260112
0.03775167
0.03449178
0.03659940
0.03556728
0.03521752
0.03222799
0.03274035
0.03151321
0.03344250
0.03221917
0.03131914
0.03192139
0.03598189
0.03308177
0.03667474
0.03640246
0.03646564
0.03719687
0.03221512
0.03206730
0.03250337
0.03619909
0.03272653
0.03216004
0.03276849
0.03226447
0.03434277
0.03458714
0.03623390
0.03655672
0.03534007
0.03176475
0.03114176
0.03167868
0.03244996
0.03122497
0.03457928
0.03203773
0.03259110
0.03993845
0.03397536
0.03549242
0.03492141
0.03295636
0.03230453
0.03264451
0.03185749
0.03178263
0.03477502
0.03570366
0.03581405
0.03448772
0.03556490
0.03426838
0.03482676
0.03519535
0.04709673
0.03240943
0.03619313
0.03344107
0.02999187
0.03368688
0.04172206
0.04455805
0.04295015
0.03726268
0.03160501
0.03751135
0.03439641
0.04041862
0.03541446
0.03003645
0.03092742
0.03765106
0.04122806
0.03876543
0.03929472
0.03373480
0.03525424
0.03538036
0.03691196
0.03680682
0.03658772
0.03578901
0.03902555
0.04542780
0.03865600
0.03695035
0.03550982
0.03501701
0.03757429
0.03853297
0.03627229
0.03627706
0.03802586
0.03899765
0.03980112
0.03903079
0.03442359
0.03489232
0.03570294
0.03570366
0.03771257
0.03544545
0.03518152
0.03440452
0.03584337
0.04013324
0.03869605
0.03820682
0.03370738
0.03409314
0.03479815
0.03380537
0.03260493
0.03247356
0.03099322
0.02989936
0.02992964
0.03748178
0.04370999
0.03848863
0.03612041
0.03452611
0.03587914
0.03469586
0.03430796
0.03440976
0.03291559
0.03314567
0.03653979
0.04062772
0.03672194
0.03310037
0.03353453
0.03427386
0.03100777
0.03284645
0.03626895
0.03317928
0.03659821
0.03646827
0.04290652
0.03748822
0.03538442
0.03489208
0.03438592
0.04327083
0.03693724
0.03681064
0.03697586
0.03827548
0.03789449
0.03789616
0.03525233
0.03532267
0.03481936
0.03532934
0.03451896
0.03349519
0.03486586
0.04231334
0.04009414
0.04111600
0.04511237
0.04024506
0.03565526
0.03610706
0.03601170
0.03541899
0.03534770
0.03826618
0.03591251
0.03580403
0.04037881
0.04367328
0.03896737
0.03588533
0.03718090
0.03473616
0.03574705
0.03443885
0.03861642
0.03788376
0.03947115
0.04028010
0.04544234
0.03473043
0.03550029
0.03610921
0.03676844
0.03465104
