0.03089666
0.03216720
0.03310132
0.03530741
0.03519726
0.03553939
0.03648686
0.03276420
0.03300500
0.03245759
0.03404236
0.03481483
0.03371525
0.03336358
0.03533053
0.03653240
0.03664827
0.03591704
0.03521180
0.03382397
0.03616881
0.04139614
0.03444099
0.03594613
0.03313899
0.03657079
0.03812003
0.03874779
0.03943563
0.03648353
0.03753400
0.03649926
0.03873587
0.04335070
0.04263592
0.04391408
0.04221940
0.04075909
0.03868151
0.04016972
0.03951001
0.04202747
0.04615736
0.04290271
0.05218720
0.04747224
0.04621673
0.04394436
0.04430413
0.04002094
0.04374361
0.03982186
0.04362416
0.04437447
0.04914069
0.05050945
0.05059385
0.04529071
0.04766321
0.04349375
0.04938221
0.04540300
0.04348159
0.04431415
0.04623437
0.04865479
0.04921818
0.04951429
0.04340792
0.04185057
0.04104924
0.04047942
0.04042983
0.03982735
0.03990555
0.03877354
0.03845167
0.04521704
0.04353046
0.04351854
0.04235935
0.03760457
0.03769350
0.03686452
0.03744340
0.03833103
0.03677726
0.03592372
0.03665996
0.03754306
0.03886819
0.03732467
0.03862309
0.03566933
0.03569746
0.03466558
0.03303218
0.03264213
0.03654075
0.03410482
0.03654122
0.03745127
0.03801012
0.03702283
0.03770137
0.03459549
0.03320909
0.03419328
0.03313684
0.03491855
0.03421354
0.03432512
0.03345895
0.03521919
0.03723502
0.03949261
0.03972316
0.03805184
0.03772902
0.03593826
0.03642750
0.03490710
0.03474402
0.03542447
0.03507924
0.03483176
0.03774190
0.03795958
0.03909397
0.04020429
0.03993011
0.03785181
0.03524494
0.04056859
0.03516126
0.03489375
0.03508353
0.03469944
0.03394580
0.03441739
0.04005575
0.03830862
0.03851819
0.03889203
0.03660965
0.03458762
0.03307724
0.03493929
0.03394127
0.03603220
0.03447223
0.03427124
0.03449011
0.03411317
0.03896880
0.03662515
0.03729320
0.03893209
0.03646493
0.03507328
0.03450942
0.03343630
0.03302407
0.03523016
0.03359175
0.03425860
0.03628159
0.03645992
0.03805041
0.03668427
0.03720808
0.03621769
0.03284693
0.03187776
0.03394198
0.03314924
0.03188705
0.03248358
0.03362513
0.03355575
0.03318954
0.03278899
0.03687906
0.03597474
0.03769255
0.03673601
0.03463197
0.03216028
0.03242135
0.03372550
0.03478408
0.03544116
0.03410554
0.03457928
0.03451967
0.03648782
0.03570485
0.03647494
0.03576684
0.03395295
0.03310132
0.03228211
0.03224015
0.03295898
0.03157854
0.03212810
0.03322530
0.03281188
0.03232408
0.04180670
0.03660727
0.03595972
0.03523111
0.03695011
0.03336096
0.03282523
0.03289819
0.03338099
0.03235102
0.03432608
0.03307009
0.03260398
0.03372121
0.03331256
0.03552532
0.03585911
0.03814840
0.03558755
0.03554153
0.03448319
0.03371453
0.03279757
0.03255534
0.03201079
0.03325987
0.03617692
0.03471303
0.03377104
0.03513575
0.03614163
0.03620911
0.03598857
0.03581285
0.04585409
0.03650403
0.03355813
0.03414178
0.03274035
0.03243947
0.03393698
0.03514266
0.03413916
0.03991938
0.03762603
0.04270935
0.03785753
0.03245306
0.03610992
0.03474307
0.03338599
0.03389239
0.03383994
0.03274155
0.03279495
0.03354168
0.03825998
0.03682280
0.03541875
0.03709888
0.03557897
0.03375530
0.03283262
0.03295946
0.03464985
0.03421926
0.03455400
0.03261757
0.03578281
0.03550768
0.03677940
0.03680539
0.03217411
0.03172755
0.03174162
0.03146315
0.03227615
0.03237224
0.03292990
0.03222728
0.03178883
0.03210616
0.03230047
0.03510046
0.03566337
0.03723669
0.03640652
0.03239799
0.03406501
0.03462386
0.03380418
0.03483534
0.03230786
0.03222799
0.03230095
0.03188777
0.03482127
0.03482056
0.03501153
0.03587461
0.03293538
0.03246999
0.03523445
0.03365040
0.03356194
0.03246522
0.03127503
0.03021598
0.03098536
0.03401661
0.03565812
0.03639746
0.03654313
0.03443289
0.03383851
0.03408146
0.03320098
0.03193641
0.03470874
0.03378034
0.03207397
0.03358197
0.03715324
0.03575802
0.03669405
0.03649783
0.03417397
0.03301382
0.03466177
0.03445601
0.03285003
0.03424430
0.03464794
0.03343296
0.03398895
0.03277564
0.03731275
0.03627777
0.03570437
0.03487802
0.03358650
0.03292680
0.03366327
0.03246284
0.03224707
0.03279877
0.03112149
0.03292584
0.03619170
0.03734708
0.03479862
0.03513575
0.03606892
0.03183484
0.03166151
0.03210974
0.03155684
0.03259563
0.03239441
0.03346252
0.03265262
0.03284431
0.03403401
0.03531194
0.03483915
0.03641129
0.03600359
0.03304982
0.03418398
0.03365350
0.03331733
0.03310513
0.03324842
0.03147435
0.03177261
0.03146744
0.03213429
0.03572631
0.03662252
0.03616810
0.03543758
0.03485894
0.03226066
0.03239536
0.03224182
0.03251481
0.03309965
0.03378296
0.03322124
0.03254485
0.03233361
0.03722405
0.03628087
0.03475308
0.03520536
0.03300834
0.03397179
0.03590393
0.03280735
0.03189611
0.03252482
0.03137898
0.03225160
0.03220654
0.03237462
0.03605056
0.03457594
0.03580117
0.03564620
0.03278923
0.03111935
0.03197479
0.03160882
0.03216791
0.03284717
0.03185415
0.03184867
0.03247333
0.03195238
0.04182172
0.03598166
0.03545547
0.03494453
0.03321671
0.03086448
0.03156495
0.03398466
0.03350711
0.03234911
0.03211117
0.03303218
0.03244257
0.03579068
0.03581524
0.03631878
0.03547382
0.03187585
0.03262115
0.03332114
0.03196812
0.03363681
0.03347659
0.03379798
0.03210163
0.03463817
0.03606868
0.03603244
0.03538799
0.03568077
0.03325248
0.03208065
0.03261828
0.03164577
0.03341603
0.03345513
0.03334022
0.03220272
0.03462863
0.03572512
0.03459096
0.03577542
0.03520107
0.03408504
0.03129649
0.03329706
0.03369999
0.03641748
0.03344607
0.03459263
0.04003835
0.03525043
0.03517270
0.03616548
0.03561497
0.03370738
0.03250313
0.03429627
0.03113127
0.03291273
0.03349495
0.03334427
0.03326797
0.03734493
0.03522778
0.03662348
0.03624105
0.03577900
0.03450251
0.03291464
0.03195405
0.03238797
0.03273320
0.03373837
0.03202915
0.03463459
0.03245139
0.03544378
0.03606725
0.03686929
0.03617525
0.03644347
0.03335857
0.03225493
0.03823352
0.03255916
0.03195691
0.03258109
0.03394556
0.03276062
0.03501964
0.03660297
0.03586674
0.03706765
0.03611660
0.03507876
0.03310633
0.03338742
0.03339362
0.03189802
0.03277946
0.03399587
0.03426695
0.03338099
0.03776455
0.03570795
0.03520250
0.03577471
0.03478837
0.03341627
0.03232646
0.03322291
0.03370333
0.03253341
0.03253341
0.03166676
0.03245497
0.03264832
0.03583503
0.03737974
0.03623652
0.03644800
0.03493667
0.03379893
0.03314829
0.03368211
0.03413558
0.03500700
0.03269291
0.03107190
0.03886199
0.03252006
0.03240061
0.03716612
0.04412413
0.03248930
0.03358293
0.03189325
0.03304243
0.03257251
0.03151560
0.03183293
0.03173828
0.03197932
0.03325534
0.03224707
0.04064989
0.04452610
0.03865075
0.03307295
0.03265142
0.03285265
0.03392005
0.03334594
0.03283596
0.03425646
0.03641701
0.03294325
0.03739905
0.04461050
0.04404306
0.03282785
0.03080130
0.03351474
0.03208208
0.03261828
0.04046369
0.03469944
0.03540730
0.04680157
0.04430103
0.04311895
0.03986740
0.03183722
0.04236674
0.03533149
0.03385210
0.04560447
0.03257036
0.03270507
0.03439593
0.03304195
0.03158760
0.03260779
0.03242588
0.03507233
0.03274417
0.03185439
0.03245473
0.03407931
0.03221226
0.04428363
0.03880191
0.03664899
0.03247285
0.03741527
0.04577661
