0.06320906
0.04917741
0.04630828
0.04788566
0.04196167
0.03166318
0.03297877
0.03617644
0.03443146
0.03526855
0.04112673
0.03628254
0.03235769
0.03302860
0.03463745
0.03430104
0.03300619
0.03994370
0.03951931
0.03525591
0.03590918
0.03539371
0.03488970
0.03598905
0.03622699
0.03505349
0.03430247
0.03654885
0.04522181
0.03591561
0.03517342
0.03446889
0.03526783
0.03542900
0.03787374
0.04022026
0.03770924
0.03654146
0.04695559
0.03440094
0.03332543
0.03197908
0.03177166
0.03334093
0.03505588
0.03480768
0.03552604
0.03554583
0.03976798
0.03162336
0.03317070
0.03240490
0.03320193
0.03571892
0.03230286
0.03231144
0.03443623
0.03993535
0.03460002
0.03666115
0.03310394
0.03162098
0.03168082
0.03211808
0.03186083
0.03378034
0.03354239
0.03333783
0.03568745
0.04138136
0.03721738
0.03551149
0.03183007
0.03474045
0.03286457
0.03187561
0.03093743
0.03358746
0.03557754
0.03298068
0.03570724
0.03632331
0.03960538
0.03632188
0.04423189
0.03382087
0.03196645
0.03279853
0.03216839
0.03290129
0.03331709
0.03192282
0.03641605
0.03595138
0.03925824
0.03438282
0.03260779
0.03204513
0.03327107
0.03126597
0.03206849
0.03609657
0.03114676
0.03225040
0.03532052
0.03634381
0.04163814
0.03396058
0.03297734
0.03224778
0.03184295
0.03098750
0.03142619
0.03846169
0.03449440
0.03630948
0.03757167
0.03542280
0.03586102
0.03259659
0.03298712
0.03290677
0.03235364
0.03237796
0.03350568
0.03999138
0.03227520
0.03429842
0.03577137
0.03538442
0.03546643
0.03480959
0.03185177
0.03152800
0.03417301
0.03199768
0.03265929
0.03293681
0.04230952
0.03547859
0.03669357
0.03509402
0.03601980
0.04033113
0.03248072
0.03205585
0.03241301
0.03180289
0.03135443
0.03186560
0.03047347
0.03065658
0.03688145
0.03480244
0.03500271
0.04012346
0.03193808
0.03153372
0.03193569
0.03092670
0.03150797
0.03134537
0.03134322
0.03118467
0.03622818
0.03550148
0.03400517
0.03572583
0.03177905
0.03184605
0.03321505
0.03180361
0.03274584
0.03302741
0.03975749
0.03264689
0.03623962
0.03489542
0.03987980
0.03666139
0.03224087
0.03268361
0.03181291
0.03198361
0.03198767
0.03167892
0.03160596
0.03334165
0.03668642
0.03548360
0.03616428
0.03279424
0.03222060
0.03175426
0.03209877
0.03318071
0.03294683
0.03297400
0.03338718
0.03428793
0.03565240
0.03464270
0.03370476
0.03173351
0.03224134
0.03206038
0.03214455
0.03335023
0.03109026
0.03189158
0.03516579
0.03678846
0.03536248
0.03499556
0.03306055
0.03219867
0.03595185
0.03108215
0.03211808
0.03225803
0.03198814
0.03417802
0.03554296
0.03571033
0.03535199
0.03207707
0.03041887
0.03128910
0.03139472
0.03222442
0.03190184
0.03161550
0.03260255
0.03678441
0.03513145
0.03502059
0.03748775
0.03137231
0.03236461
0.03265810
0.03295898
0.03145123
0.03159070
0.03304267
0.03560257
0.04130435
0.03415823
0.03507257
0.03147840
0.03149605
0.03315210
0.03095818
0.03202415
0.03196716
0.03316259
0.03128481
0.03566265
0.04200077
0.03605962
0.03431320
0.03247595
0.03160191
0.03219509
0.03319740
0.03099060
0.03215814
0.03232718
0.03485608
0.03445792
0.04698372
0.03699112
0.03322959
0.03447652
0.03203154
0.03074145
0.03288460
0.03189468
0.03138280
0.03260398
0.03232265
0.03857493
0.04343915
0.04242754
0.03226709
0.03286910
0.03287363
0.02896786
0.02992868
0.03089499
0.03230858
0.03366733
0.03192163
0.03214240
0.03213835
0.03171873
0.03109360
0.03196836
0.03198862
0.03117657
0.02835155
0.02758527
0.03106666
0.03158331
0.03185058
0.03172779
0.03216553
0.04115462
0.03187537
0.03239632
0.03034377
0.03082609
0.03347778
0.03252387
0.03339005
0.03242660
0.03334069
0.03084731
0.03868818
0.04041505
0.04015684
0.04023170
0.03366518
0.03203321
0.03381109
0.03136468
0.03191710
0.03311586
0.03243661
0.04809213
0.04364610
0.03576732
0.03198028
0.03284097
0.03203297
0.02982879
0.03193188
0.03221798
0.03410339
0.03537178
0.03472781
0.03399539
0.03309345
0.03216815
0.03195381
0.03255773
0.03153753
0.03267574
0.03157330
0.03604507
0.03562546
0.03518510
0.03546786
0.03455710
0.03264499
0.03168511
0.03267694
0.03328967
0.03310752
0.03167462
0.03197002
0.03136516
0.03584290
0.03566337
0.03526783
0.03428555
0.03587937
0.03153348
0.03201795
0.03100038
0.03307986
0.03150654
0.03301740
0.03486466
0.03399491
0.03517818
0.03332806
0.03258300
0.03149962
0.03219748
0.03058743
0.03194642
0.03203392
0.03379130
0.04239583
0.03453684
0.03592277
0.03316641
0.03181267
0.03216672
0.03358960
