0.02338600
0.03179789
0.03202152
0.03122735
0.03400278
0.04240417
0.03533387
0.03261971
0.03215051
0.03172135
0.03168750
0.03253508
0.03231621
0.03195310
0.03233528
0.03442669
0.03351355
0.03194571
0.03227329
0.03230095
0.03350520
0.03309679
0.03336644
0.03691626
0.03695917
0.04197693
0.03701735
0.03896475
0.04294324
0.03681469
0.03130007
0.03304124
0.03199553
0.03072715
0.03043699
0.04530597
0.03704953
0.04622364
0.04145241
0.04168081
0.04084492
0.03142929
0.03162479
0.03418875
0.03263307
0.03250575
0.03985167
0.03440928
0.03927398
0.03401470
0.03332162
0.03076696
0.03100753
0.03139853
0.03010416
0.03069782
0.03043675
0.03098202
0.03554177
0.03182483
0.03210425
0.03297210
0.03506827
0.03509331
0.03866291
0.03477955
0.03442025
0.03090072
0.03403330
0.03591490
0.03270316
0.03121591
0.03238535
0.03531027
0.03304195
0.03930807
0.03110194
0.03078890
0.03136921
0.03172207
0.03248930
0.03377414
0.03332496
0.03565979
0.03925633
0.03504539
0.03459644
0.03345919
0.03213215
0.03165913
0.03100514
0.03092694
0.03102160
0.04565573
0.03572893
0.03528428
0.03349543
0.03449440
0.03448367
0.03838611
0.03236485
0.03249025
0.03284097
0.03240204
0.03225827
0.03092766
0.03025270
0.03362846
0.03465033
0.04004312
0.03551626
0.03157330
0.03135300
0.03270125
0.03215218
0.03074479
0.03423500
0.03190398
0.04172635
0.03665137
0.03403258
0.03376889
0.03358150
0.03528929
0.03153682
0.03312731
0.03326035
0.03137279
0.03056693
0.03118491
0.03437877
0.03547120
0.03411388
0.03548503
0.03409576
0.03493381
0.03387165
0.03150082
0.03217292
0.03074908
0.03136849
0.03087425
0.03296185
0.03433418
0.03265262
0.03112626
0.03273630
0.03436804
0.03580856
0.03428698
0.03142953
0.03233981
0.03247142
0.03256392
0.03186846
0.03167892
0.03233480
0.03060055
0.02965808
0.03298402
0.04299450
0.03462362
0.03408480
0.03455997
0.03192854
0.03139329
0.03470612
0.03052473
0.03107357
0.03111315
0.03198576
0.03002167
0.03043365
0.03381109
0.03849220
0.03885603
0.03406310
0.03480864
0.03471565
0.03187680
0.03443909
0.03094673
0.03098989
0.03091764
0.03275132
0.03141594
0.03194427
0.03520393
0.03510141
0.03864193
0.03525400
0.03294301
0.03359342
0.03307247
0.03070354
0.03122282
0.03301120
0.03200912
0.03320551
0.03141332
0.03428054
0.03450632
0.03329158
0.03335500
0.03582525
0.03557587
0.03205657
0.03156328
0.03194928
0.03077078
0.03668237
0.03109384
0.03344107
0.03501844
0.03489375
0.03808188
0.03259015
0.03032827
0.03191209
0.02995443
0.03782272
0.03188562
0.02984142
0.03261447
0.03055954
0.02977729
0.03384328
0.03815460
0.03411794
0.03497148
0.03316736
0.03110647
0.03048921
0.03198314
0.03096247
0.03198290
0.03246284
0.03389335
0.03297544
0.04193711
0.03485107
0.03160191
0.03073478
0.03362370
0.03064585
0.03501248
0.03012586
0.03070974
0.04691958
0.03482342
0.03082752
0.03521538
0.03135514
0.02999544
0.03208232
0.03108406
0.03455186
0.04156661
0.04200649
0.04265666
0.04231882
0.03317881
0.02995586
0.03042245
0.03253269
0.03048658
0.02993488
0.03092599
0.03028703
0.03614306
0.04037547
0.03947186
0.03968477
0.03802061
0.05070233
0.03164101
0.03010321
0.03103995
0.03070784
0.03034544
0.03297710
0.02962828
0.03108335
0.03468490
0.03487515
0.03373480
0.03353262
0.03321075
0.03128791
0.03443766
0.03679991
0.03140140
0.03034401
0.03100491
0.03003526
0.02757287
0.02935863
0.03224874
0.03437924
0.03437996
0.03430629
0.03962517
0.03250766
0.03372645
0.03044248
0.03099632
0.03304768
0.03047848
0.03095818
0.03163576
0.03062534
0.03541827
0.03426719
0.03464532
0.03426242
0.03385830
0.03951335
0.03210211
0.03160763
0.03140020
0.03432727
0.03101635
0.03535748
0.03446102
0.03518939
0.03457093
0.03183508
0.03053904
0.03201628
0.03069901
0.03602815
0.03483343
0.03092313
0.03625560
0.03400636
0.03440475
0.03427052
0.03356147
0.03101730
0.03073668
0.03015256
0.03114057
0.03071785
0.03234649
0.03043628
0.03052878
0.03439379
0.03349590
0.03409314
0.03419924
0.03063798
0.03495884
0.03122687
0.03120971
0.03428221
0.03230190
0.03092885
0.03134966
0.03130102
0.03409481
0.03275418
0.03427315
0.03406024
0.03240299
0.03201008
0.03585911
0.03112388
0.03215146
0.03142667
0.03105330
0.03233600
0.03339243
0.03814101
0.04050756
0.03990579
0.03594279
0.03228784
0.03100586
0.03646874
0.03162241
0.03140473
0.02833962
0.03091860
0.03101730
0.03433084
0.03374267
0.03448057
