0.02673936
0.04569435
0.04422832
0.04304767
0.04213595
0.04003763
0.03901243
0.03762269
0.03961635
0.03691530
0.03703094
0.04320550
0.04208899
0.04188776
0.04278755
0.03878450
0.03701043
0.03740215
0.03716874
0.04023933
0.03763318
0.03884745
0.03725982
0.03802013
0.04129243
0.04312134
0.04422736
0.04407001
0.04060483
0.04068160
0.03878522
0.03929448
0.03735876
0.03930402
0.03966308
0.04266191
0.04160881
0.04238033
0.04155779
0.04287505
0.04209566
0.03726530
0.03683829
0.03963995
0.03731084
0.03646564
0.03724527
0.03636837
0.03793359
0.03980637
0.04299831
0.04286361
0.04305363
0.04635406
0.03828001
0.03869510
0.03839779
0.03856087
0.04104543
0.03800941
0.03312945
0.03622699
0.03526139
0.04301500
0.04210973
0.04240727
0.04164290
0.03770328
0.03659272
0.03724098
0.04107642
0.03666568
0.03739285
0.03774118
0.03811336
0.04574609
0.04203916
0.04212236
0.04284716
0.03991747
0.04067254
0.03695011
0.03833556
0.03807402
0.03839922
0.03759122
0.03846025
0.03813767
0.03889704
0.04036498
0.04413295
0.04286671
0.04326630
0.04121518
0.04014397
0.03643727
0.03691554
0.03780079
0.03686571
0.03828406
0.03738260
0.03316498
0.03903699
0.04463410
0.04464149
0.04645920
0.04690671
0.04146719
0.04176140
0.04530549
0.04170775
0.04058576
0.03655553
0.04215598
0.04359317
0.04522204
0.04291153
0.04350281
0.04104805
0.03681278
0.03863215
0.04008484
0.03903556
0.03744674
0.03637695
0.03694153
0.04356813
0.04203796
0.04270720
0.04099727
0.04171801
0.03742909
0.04178286
0.03767157
0.03741288
0.03813338
0.03776264
0.03776932
0.03801608
0.03843307
0.04256129
0.04220057
0.04186249
0.04383016
0.03868413
0.03808069
0.03685927
0.03884387
0.03660154
0.03866005
0.04434824
0.03787971
0.04162169
0.03640509
0.04239297
0.04247403
0.04250097
0.04272056
0.03812695
0.03630424
0.03685784
0.03642273
0.03663898
0.03780556
0.03817725
0.03790951
0.03769851
0.04302454
0.04670167
0.04351211
0.05493498
0.04991341
0.04215622
0.04170084
0.04135728
0.04198456
0.04181838
0.04045963
0.04097033
0.05437446
0.05540395
0.05586147
0.05457711
0.04794550
0.04099488
0.04007006
0.03962350
0.04034281
0.03912258
0.04062796
0.04437065
0.05448174
0.04689693
0.05437589
0.06065202
0.03982997
0.04152107
0.04015303
0.03959417
0.04071045
0.04161525
0.04067945
0.03933072
0.04033232
0.04090118
0.04631209
0.04895282
0.04793382
0.04817867
0.04356766
0.04964590
0.04639578
0.03806067
0.03764963
0.03988457
0.04000139
0.03657389
0.04792500
0.04896140
0.04793930
0.04895282
0.04401970
0.04009366
0.04224205
0.03924036
0.05114365
0.03969646
0.03961301
0.03994441
0.04346991
0.04827738
0.04979730
0.04754186
0.04675961
0.04269099
0.04205465
0.04180479
0.04282427
0.04112744
0.04244614
0.04149556
0.04074764
0.04668117
0.04744482
0.04842925
0.04845285
0.04314828
0.04131651
0.04097605
0.04160714
0.04111934
0.04558945
0.04081106
0.04032946
0.04091644
0.04447460
0.04799414
0.04769301
0.04819822
0.04422688
0.04079652
0.04427958
0.04081535
0.04290771
0.04100728
0.04423428
0.05366516
0.03948045
0.04974985
0.05527043
0.05541134
0.03934884
0.03724408
0.04021764
0.03833866
0.03863001
0.03781605
0.03795052
0.03733397
0.03946400
0.04407573
0.06540966
0.05319977
0.03837872
0.03822875
0.04029632
0.03874230
0.04381847
0.03803396
0.03771329
0.03705549
0.03866482
0.04117584
0.04313350
0.04602480
0.04693460
0.04556489
0.03956151
0.03977442
0.04158187
0.04107881
0.04070115
0.04015398
0.03994012
0.04056478
0.04380441
0.04772639
0.04608703
0.04742813
0.04515553
0.03932500
0.03900886
0.04107714
0.03975868
0.03934526
0.04154754
0.04569817
0.03707242
0.03581905
0.04423380
0.05922985
0.04999924
0.03664160
0.03611255
0.03622508
0.03597760
0.04028940
0.03779435
0.03619528
0.04129100
0.04275203
0.05108356
0.05189133
0.05257201
0.05420256
0.04338002
0.03806853
0.03720474
0.03956485
0.03668809
0.03782487
0.03844786
0.03768587
0.04266977
0.04308200
0.04133034
0.04178882
0.04272389
0.04069352
0.04138422
0.03759241
0.04094839
0.03697276
0.03633332
0.04064226
0.03591251
0.03541565
0.04143858
0.04190993
0.04181528
0.04209781
0.04206920
0.04864144
0.03978825
0.03674746
0.03845048
0.03602219
0.03734589
0.03457093
0.03240824
0.03243876
0.03514028
0.03835511
0.04110861
0.04209018
0.04067302
0.04210353
0.03684783
0.03559589
0.03650403
0.03851461
0.04114723
0.03499365
0.03629613
0.03553724
0.03485656
0.03575897
0.03973293
0.03997445
0.04099059
0.03936005
0.03581548
0.03539181
0.03492737
0.03633499
0.03786540
0.03565669
0.03455091
0.03491569
0.03617096
0.04095817
0.04495502
0.05068040
0.05740333
0.05481887
0.04201746
0.03579640
0.03647590
0.03618479
0.04851818
0.03914261
0.03863764
0.04094601
0.04907942
0.03990602
0.04288816
0.03876352
0.03868270
0.03573418
0.03517175
0.03535509
0.03529954
0.03433061
0.03749800
0.03565001
0.03522420
0.03876305
0.03929019
0.03863120
0.04437447
0.03999805
0.03684640
0.03397632
0.03384137
0.03395271
0.04265547
0.03689194
0.03501558
0.03445458
0.03358412
0.03724051
0.04092836
0.03827524
0.03977513
0.04044223
0.03485608
0.03552938
0.03580260
0.03425694
0.03545761
0.03532434
0.03462005
0.03332448
0.03889179
0.03383946
0.04775643
0.04387379
0.04522562
0.04255533
0.04862142
0.04046965
0.03587437
0.04018068
0.03808808
0.03671789
0.03717589
0.03817201
0.03854108
0.04765034
0.04236341
0.04270434
0.04089880
0.03969932
0.04223442
0.03743076
0.03697085
0.03776240
0.03716373
0.03689694
0.04200554
0.03704882
0.03460693
0.04357028
0.03813434
0.03924394
0.03862762
0.03472519
0.03415203
0.03772640
0.03480291
0.03459883
0.03418493
0.03379178
0.03771067
0.03412628
0.03829837
0.04355049
0.03804898
0.03956604
0.04004312
0.03532529
0.03585696
0.03896451
0.03649163
0.03814006
0.03963685
0.03569126
0.04481888
0.04301381
0.04053211
0.03966475
0.03950810
0.03831887
0.03654790
0.03516555
0.03460217
0.03409791
0.03477883
0.03444028
0.03324962
0.03268290
0.03150129
0.03564572
0.03596973
0.03870749
0.03948236
0.03900576
0.04232979
0.03373790
0.03499913
0.03464293
0.03361034
0.03493667
0.03518677
0.03489828
0.03407335
0.03983951
0.03809381
0.03838277
0.03854346
0.03918123
0.03785348
0.03613734
0.03449273
0.03943682
0.03464794
0.03412676
0.03411508
0.03668571
0.03550148
0.03413510
0.04105234
0.03964233
0.04527283
0.03923178
0.03646278
0.03454757
0.03550100
0.03513765
0.03477859
0.03461504
0.03893161
0.03433442
0.03634238
0.03666782
0.03813910
0.05521011
0.03779221
0.03387189
0.03444338
0.03705478
0.03350449
0.04858017
0.03604627
0.03540373
0.03466654
0.03530979
0.03730702
0.03497553
0.03760076
0.03559589
0.03988433
0.05314732
0.04808831
0.04296374
0.03581977
0.03599191
0.03548384
0.03171778
0.03062844
0.03046918
0.03321147
0.03277874
0.03431058
0.03711987
0.03766227
0.04296899
0.04669476
0.04681516
0.03499460
