0.05736399
0.03530264
0.03290582
0.03806162
0.03760266
0.03713655
0.03775191
0.04768610
0.03880954
0.03374505
0.03474545
0.03394985
0.03370404
0.03351927
0.03954720
0.03826904
0.03708529
0.03694606
0.03391242
0.03361368
0.03365612
0.03431606
0.03472519
0.05632901
0.04392099
0.04300499
0.04361105
0.04529190
0.03987765
0.03537226
0.03400373
0.03942132
0.03556323
0.03476453
0.03538418
0.03626347
0.04552174
0.04029107
0.03906941
0.03781176
0.03521562
0.03597522
0.03494143
0.03831172
0.03430080
0.03465343
0.03337431
0.03693438
0.03397489
0.04117918
0.04343700
0.03637409
0.03350091
0.03435683
0.03216124
0.03316212
0.03422141
0.03267789
0.03367758
0.04015613
0.03449583
0.03417754
0.03441286
0.03566456
0.03511024
0.03907394
0.03129864
0.03228116
0.04020643
0.03224254
0.03213239
0.03125381
0.03244567
0.03318214
0.03033328
0.03170586
0.03208876
0.03525996
0.03468871
0.03423762
0.03534913
0.03245997
0.03129983
0.03209329
0.03191686
0.03528094
0.03151393
0.03203630
0.03197956
0.03237200
0.04057360
0.03551555
0.03463149
0.03604388
0.03290582
0.03196597
0.03342247
0.03151488
0.03466654
0.03269315
0.03314400
0.03124666
0.03239799
0.03452206
0.03470707
0.03771091
0.03565407
0.03428745
0.03271818
0.03183746
0.03272343
0.03118038
0.03245401
0.03192282
0.03258252
0.03213930
0.03221321
0.03529453
0.03628111
0.03577924
0.03556609
0.03318453
0.03252459
0.03127456
0.03170300
0.03257632
0.03201270
0.03350806
0.03257036
0.03891516
0.03662705
0.03501630
0.03513360
0.03626537
0.03211546
0.03171659
0.03164053
0.03217173
0.03079891
0.03286529
0.03184843
0.03449202
0.03418851
0.03485847
0.03516841
0.03430653
0.03380156
0.03064585
0.03318262
0.03192210
0.03077960
0.03178406
0.03187847
0.03087521
0.03158808
0.03169441
0.03423977
0.03530765
0.03564858
0.03618789
0.03809690
0.03144312
0.03151274
0.03223658
0.03136992
0.03231049
0.03208733
0.03180504
0.03203297
0.03661585
0.03562570
0.03433967
0.03937221
0.03277254
0.03199100
0.03288007
0.03246665
0.03124046
0.03288841
0.03201985
0.03188968
0.03127527
0.04434538
0.04253864
0.04622936
0.04285264
0.03258491
0.03208566
0.03167701
0.03142428
0.03497910
0.03930926
0.04408836
0.03224277
0.04177880
0.03842139
0.04187822
0.04060578
0.04347444
0.03158998
0.03142881
0.03101540
0.03241611
0.03220129
0.03140187
0.03069735
0.03243089
0.03276920
0.04470825
0.04437351
0.04666567
0.03218770
0.03212166
0.03177857
0.03367734
0.03178549
0.03098059
0.03232121
0.03146648
0.03458619
0.03532481
0.03435731
0.03995824
0.03313208
0.03297663
0.03182602
0.03142142
0.03216982
0.03185654
0.03146267
0.03136230
0.03075433
0.03280878
0.03251839
0.03982782
0.04892707
0.04452443
0.03280067
0.03325844
0.03278470
0.03118181
0.03195167
0.03087449
0.03072262
0.03161025
0.03411269
0.03928304
0.04104662
0.04052186
0.04117608
0.03330803
0.03223705
0.03218889
0.03233695
0.03159285
0.03200769
0.03228521
0.03401351
0.04679751
0.04006934
0.03453493
0.03271818
0.03176379
0.03254676
0.03204441
0.03123283
0.03125954
0.03159833
0.03137803
0.03114462
