0.04504824
0.06262708
0.05570936
0.05683327
0.05127168
0.04736042
0.04986525
0.05243778
0.05227351
0.05720901
0.05514383
0.04864573
0.04607630
0.05129123
0.04660726
0.05215120
0.04752159
0.05248809
0.05543566
0.05665350
0.05124974
0.05098915
0.04788136
0.05142331
0.04634690
0.05115390
0.05669451
0.06155396
0.05518460
0.04738784
0.04598355
0.04697514
0.04739809
0.04714894
0.04715729
0.05871463
0.06827426
0.06516290
0.06487322
0.04607129
0.04740715
0.04732347
0.04763436
0.04758358
0.04690480
0.04774594
0.07105088
0.06902909
0.04749250
0.04638433
0.04743290
0.04747510
0.04730749
0.04660892
0.04711127
0.05658507
0.05471802
0.05476332
0.05342078
0.04817629
0.04851723
0.04708195
0.04709196
0.04761910
0.04691100
0.05236030
0.05543280
0.05596447
0.05567074
0.04730988
0.04832172
0.04705262
0.04678559
0.05082393
0.04593587
0.04859281
0.05607486
0.05638099
0.05558395
0.04707241
0.05021071
0.04696012
0.04811335
0.04766560
0.04689074
0.04697704
0.05496407
0.05547786
0.05948853
0.04716015
0.04728889
0.04684258
0.04634380
0.04723024
0.04648709
0.04672098
0.05292630
0.05611420
0.06256294
0.05450511
0.05011082
0.05064416
0.05013227
0.05048561
0.04984593
0.05611229
0.06104255
0.06035042
0.05746603
0.05435276
0.05094433
0.05165458
0.05249619
0.05783844
0.07112241
0.05498314
0.05578089
0.06118345
0.05501938
0.04754424
0.04792619
0.04895806
0.04670429
0.05128002
0.05484557
0.05639315
0.05364943
0.04796934
0.04770350
0.04800820
0.04617381
0.05090737
0.04863572
0.05521369
0.05835962
0.06035542
0.05142975
0.04733944
0.04703021
0.04601812
0.04839802
0.04424405
0.04220009
0.04675698
0.05530548
0.05978060
0.05636930
0.04784942
0.04739833
0.04670882
0.04684353
0.04985762
0.04667974
0.04761577
0.05532122
0.05949426
0.05602264
0.04985952
0.04725099
0.04955554
0.04718161
0.04843783
0.04727459
0.05208731
0.05547237
0.05533719
0.05610967
0.04886365
0.04748130
0.05184722
0.04704309
0.04823804
0.04755878
0.05424595
0.05506802
0.05578804
0.06138897
0.04804444
0.04751325
0.04793191
0.04734349
0.04710722
0.04746938
0.05192375
0.05477476
0.05466509
0.05485344
0.05336499
0.04663348
0.05729365
0.05213094
0.04738259
0.04798365
0.04750419
0.04880691
0.05762601
0.05708361
0.05488181
0.04790401
0.04786873
0.04629707
0.04691386
0.04670501
0.04627013
0.05058527
0.05617571
0.05907965
0.05493498
0.04743171
0.04896283
0.04883957
0.04898906
0.04765058
0.04846597
0.06187320
0.05710697
0.05920148
0.05125546
0.05117011
0.05093765
0.05128789
0.05154538
0.05132413
0.05452275
0.06058192
0.06024814
0.05950642
0.04946232
0.04983020
0.04917169
0.05167150
0.04801798
0.04431868
0.04854083
0.05310249
0.05130434
0.04893875
0.04309893
0.04366636
0.04011250
0.03788137
0.03750539
0.03775978
0.03737164
0.03652072
0.04112792
0.04124188
0.04035473
0.04599357
0.03927803
0.03578305
0.03543544
0.03628659
0.03601909
0.03603840
0.03429246
0.03523111
0.03540897
0.03697801
0.03537369
0.03771234
0.03878450
0.04043174
0.03914642
0.03673792
0.03356314
0.03519487
0.03580666
0.03726792
0.03453851
0.03364182
0.03531003
0.03616023
0.03605151
0.04184198
0.03977227
0.04147768
0.04040027
0.04284716
0.03589106
0.03698587
0.03544116
0.03677082
0.03642249
0.03670144
0.03660512
0.03826737
0.04268289
0.04272270
0.04467273
0.05055594
0.04009104
0.03984332
0.03922796
0.03986526
0.04127836
0.04109144
0.04003143
0.04173779
0.04840803
0.04850984
0.04780817
0.06166863
0.05285645
0.04090047
0.04223084
0.04015255
0.04052091
0.04807377
0.04501772
0.04699659
0.05143118
0.04528022
0.04039335
0.03793979
0.04068232
0.04246855
0.03905678
0.04585028
0.04305649
0.04240727
0.04366112
0.04241037
0.04585958
0.04193616
0.03809452
0.03673935
0.03576374
0.03644991
0.03730035
0.03547859
0.03584647
0.03869843
0.03818154
0.03703547
0.03757286
0.04247475
0.03298473
0.03279924
0.03216863
0.03384614
0.03302884
0.03433824
0.03388619
0.03392649
0.03533053
0.03324986
0.03647256
0.03806353
0.03741241
0.04111028
0.03769994
0.03315997
0.03474879
0.03411937
0.03391194
0.03431845
0.03262496
0.03494048
0.03873754
0.04086304
0.04781342
0.04982996
0.05570579
0.04530787
0.04754448
0.04894996
0.05438685
0.05592775
0.05455446
0.05791187
0.07575488
0.06299925
0.06583214
0.06417561
0.06918406
0.07688141
0.07310462
0.07766199
0.08077145
0.08024621
0.08171344
0.08311582
0.08008718
0.08264017
0.09145617
0.12709022
0.11251521
0.07946277
0.07992315
0.08558607
0.09924173
0.11530471
0.09064817
0.07896852
0.09067988
0.08424330
0.08239245
0.07804847
0.07835817
0.08002281
0.07807040
0.10102844
0.09618902
0.07580566
0.07524514
0.07899404
0.07772899
0.08030272
0.10019588
0.09247375
0.08016396
0.07615614
0.07858706
0.08104658
0.09379697
0.09292221
0.07637239
0.07635641
0.07584429
