0.02877927
0.03704810
0.03639913
0.03481865
0.03280449
0.03224158
0.03092289
0.03255343
0.03069544
0.03210092
0.03238058
0.03245282
0.03249669
0.03332639
0.03686118
0.03574514
0.03590226
0.03562927
0.03400135
0.03361702
0.03387642
0.03127122
0.03647518
0.03223658
0.03190231
0.03244519
0.03198552
0.03491974
0.03513813
0.03347039
0.03494787
0.03277922
0.03148723
0.03072977
0.03391671
0.03298426
0.03200746
0.03017402
0.03158045
0.03147197
0.03452206
0.03386497
0.03319335
0.03460002
0.03467703
0.03121567
0.03247714
0.03151536
0.03225017
0.03184581
0.03164291
0.03223944
0.03096509
0.03275275
0.03586674
0.03474665
0.03545904
0.03453016
0.03370142
0.03050470
0.03213406
0.03393054
0.03311801
0.03217530
0.03402185
0.03260541
0.03400159
0.03404474
0.03515863
0.03550410
0.03391790
0.03561831
0.03298831
0.03184795
0.03115201
0.03163934
0.03251123
0.03162026
0.03207111
0.03277397
0.03191543
0.03145242
0.03092718
0.03154039
0.03402328
0.03652883
0.03456712
0.03597260
0.03333664
0.03071642
0.03278565
0.03195691
0.03329325
0.03397036
0.03247547
0.03282666
0.03231144
0.03172112
0.03309274
0.03560281
0.03617334
0.03592181
0.03612304
0.03649950
0.03230381
0.03381848
0.03366017
0.03314543
0.03420973
0.03024554
0.03157878
0.02907944
0.02861714
0.03207111
0.03533387
0.03619766
0.03676510
0.03719473
0.03535080
0.03302765
0.03387880
0.03366542
0.03500080
0.03413248
0.03633356
0.03548956
0.03516102
0.03528357
0.03743529
0.04076457
0.03959012
0.03965282
0.03983068
0.03579926
0.03627825
0.03562880
0.03567624
0.03765035
0.03781343
0.03603911
0.03482652
0.03357029
0.03775144
0.03676629
0.03808475
0.03594422
0.03715658
0.03450274
0.03276753
0.03352404
0.03405809
0.03374910
0.03324986
0.03381228
0.03241277
0.03356934
0.03182244
0.03307629
0.03616524
0.03502774
0.03641868
0.05478716
0.03275394
0.03201342
0.03226304
0.03403306
0.03322291
0.03420544
0.03075552
0.03007770
0.03169465
0.03377938
0.03631473
0.03716946
0.03733397
0.03646088
0.03465128
0.03344417
0.03317738
0.03315091
0.03243947
0.03267860
0.03373575
0.03259873
0.03263092
0.03355479
0.03678751
0.03639603
0.03637123
0.03598309
0.03772521
0.03391719
0.03255582
0.03284431
0.03241706
0.03670049
0.03315187
0.03263950
0.03217602
0.03453112
0.03457880
0.04206991
0.04134059
0.04146338
0.04104543
0.04340720
0.04115367
0.03220677
0.03217721
0.03136945
0.03389597
0.03208756
0.03329396
0.03397822
0.03310728
0.03725481
0.03569770
0.03593683
0.03556800
0.03312087
0.03173685
0.03284669
0.03387237
0.03315663
0.03357291
0.03402972
0.03350306
0.03289056
0.03644347
0.04257464
0.04476833
0.04615378
0.04486346
0.03428435
0.03487968
0.03299236
0.03294182
0.03323388
0.03542566
0.03884888
0.03441811
0.03196573
0.03701377
0.03660536
0.03590059
0.03640652
0.03623748
0.03299856
0.03209066
0.03308821
0.03322434
0.03231287
0.03253794
0.03294539
0.03386521
0.03372788
0.04294634
0.04549766
0.04895329
0.04403687
0.03276086
0.03281283
0.03136015
0.03283715
0.03286314
0.03235459
0.03167558
0.03223205
0.03218412
0.03955388
0.04101396
0.04039216
0.04099560
0.04068899
0.04019427
0.03373551
0.03728127
0.03154922
0.03292871
0.03263617
0.03330946
0.03207278
0.03250027
0.03594685
0.03480172
0.03579760
0.03578091
0.03415966
0.03348899
0.03265858
0.03205299
0.03174663
0.03311706
0.04390311
0.03231025
0.03456330
0.03513837
0.03688097
0.03572512
0.03700662
0.03764582
0.03338647
0.03393555
0.03363967
0.03513098
0.03291845
0.03310156
0.03316712
0.03461885
0.03434062
0.03521943
0.03792906
0.03839779
0.03858852
0.03712630
0.03487921
0.03335929
0.03414416
0.03358221
0.03715038
0.03499794
0.03435564
0.03510141
0.03373551
0.03561163
0.04666519
0.04521012
0.04400015
0.04048347
0.03406811
0.03415465
0.03377986
0.03521061
0.03302026
0.03324032
0.03375506
0.02937818
0.03512120
0.03607345
0.03530049
0.03706145
0.03664303
0.03422284
0.03156638
0.03224874
0.03299499
0.03221059
0.03285503
0.03331375
0.03069568
0.03269219
0.03237224
0.03301382
0.03472853
0.03617907
0.03536487
0.03551054
0.04089189
0.03274083
0.03466392
0.03131747
0.03185391
0.03216982
0.03237748
0.03453112
0.03189802
0.03112411
0.03516340
0.03431654
0.03406358
0.03410554
0.03455377
0.03281999
0.03052020
0.03333068
0.03215361
0.03099322
0.03073478
0.03002930
0.02827573
0.02838254
0.02842164
0.03391957
0.03366184
0.03351116
0.03392625
0.03447795
0.03116655
0.02988958
0.03148508
