0.05373931
0.03206205
0.03152633
0.03504133
0.03631449
0.03650212
0.03315163
0.03228354
0.03141904
0.03172183
0.03162026
0.03266931
0.03148317
0.03521419
0.03542399
0.03533626
0.03266263
0.03170586
0.03186870
0.03278208
0.03164244
0.03180075
0.03271914
0.03297496
0.03855920
0.04027343
0.04124022
0.04052567
0.04099870
0.03150702
0.03253460
0.03178644
0.04053545
0.03301716
0.03390241
0.04821873
0.03490686
0.03710938
0.03692102
0.03180814
0.03271556
0.03221393
0.03160715
0.03294015
0.03164911
0.03231192
0.03285432
0.03262901
0.03328109
0.03760552
0.04387999
0.04350162
0.03181028
0.03078246
0.03263283
0.03159213
0.03092194
0.03172064
0.03163767
0.03507566
0.03180695
0.03583479
0.03475904
0.03520226
0.03536749
0.03111100
0.03081012
0.03312564
0.03218436
0.03149605
0.03192258
0.02878475
0.02948046
0.03212643
0.03435731
0.03397417
0.03442478
0.03260398
0.03049350
0.03131223
0.03189039
0.03173089
0.03305864
0.02871537
0.02926731
0.02904534
0.02877855
0.03521299
0.03451347
0.03561115
0.03477120
0.03333759
0.03229380
0.03175092
0.03225303
0.03224134
0.03235435
0.03184700
0.03144574
0.03250074
0.03459382
0.03410983
0.04480338
0.03257251
0.03208876
0.03196669
0.03295088
0.03257275
0.03160787
0.03244734
0.03163075
0.03211808
0.03269482
0.03115940
0.03445005
0.03430700
0.03516746
0.03411102
0.03609610
0.03145075
0.03217053
0.03299665
0.03269219
0.03130722
0.03166270
0.03201652
0.03361773
0.03499579
0.03495884
0.03496480
0.03537965
0.03110385
0.03114653
0.03215837
0.03334165
0.03221321
0.03199959
0.03195024
0.03213763
0.03482723
0.03491259
0.03367639
0.03418326
0.03391051
0.03163075
0.03098631
0.03207040
0.03170300
0.03195071
0.03155851
0.03174138
0.03147697
0.03401852
0.03526878
0.03520346
0.03581238
0.03277397
0.03245330
0.03141236
0.03209662
0.03234315
0.03162599
0.03238153
0.03188372
0.03190660
0.03130937
0.03558946
0.03418303
0.03628302
0.03495979
0.03153491
0.03241539
0.03098416
0.03173852
0.03140116
0.03174162
0.03285122
0.03214121
0.03504419
0.03492451
0.03477120
0.03612185
0.03585529
0.03127956
0.03164268
0.03219032
0.03119922
0.03170347
0.03270912
0.03217077
0.03174925
0.03201151
0.03431726
0.03499651
0.03409123
0.03480387
0.03499579
0.03122544
0.03147197
0.03429842
0.03283811
0.03155851
0.03170347
0.03081441
0.03176332
0.03547859
0.03458142
0.03607249
0.03657007
0.03275537
0.03184414
0.03138494
0.03208089
0.03222203
0.03237438
0.03210354
0.03234434
0.03270793
0.03218389
0.03160000
0.03451824
0.03476167
0.03592777
0.03521776
0.03492498
0.03289294
0.03277850
0.03319621
0.03159451
0.03266454
0.03188610
0.03048587
0.03136563
0.03240514
0.03528309
0.03607035
0.03451872
0.03421021
0.03248215
0.03277469
0.03250217
0.03223205
0.03202605
0.03127289
0.02972388
0.03063297
0.03572464
0.03628778
0.03454924
0.03480649
0.03232026
0.03052211
0.03186941
0.03214502
0.03138256
0.03152490
0.03188896
0.03284073
0.03138399
0.03629613
0.04177022
0.03487301
0.03581381
0.03249526
0.03143287
0.03232551
0.03105307
0.03218436
0.03249264
0.03290796
0.03242803
0.03220010
0.03550935
0.03566909
0.03466988
0.03439188
0.03512263
0.03190804
0.03198195
0.03275776
0.03291345
0.03226948
0.03146362
0.03177166
0.03211379
0.03540969
0.03539252
0.03432822
0.03527236
0.03374410
0.03224468
0.03179550
0.03124881
0.03213167
0.03186440
0.03120589
0.03119636
0.03546977
0.03432298
0.03609967
0.03510642
0.03177857
0.03185511
0.03229403
0.03170943
0.03154635
0.03050876
0.03221250
0.03182411
0.03160834
0.03587151
0.03510666
0.03541660
0.03474951
0.03164148
0.03143167
0.03171301
0.03211546
0.03157353
0.03252053
0.03160739
0.03168464
0.03248096
0.03588796
0.03457284
0.03566027
0.03533721
0.03209734
0.03234196
0.03208494
0.03192592
0.03165793
0.03165889
0.03265953
0.03282881
0.03147483
0.03494596
0.04131174
0.03468180
0.03545666
0.03273368
0.03224707
0.03147435
0.03259325
0.03232527
0.03135467
0.03132725
0.03101611
0.03151798
0.03239369
0.03407979
0.03495121
0.03467822
0.03478527
0.03468275
0.03229594
0.03235888
0.03165317
0.03326297
0.03256440
0.03115320
0.03307700
0.03166032
0.03281021
0.03480816
0.03557253
0.03392410
0.03436828
0.03406453
0.03104734
0.03103256
0.03092265
0.03203797
0.03172326
0.03100801
0.03156018
0.03225613
0.03177500
0.03275871
0.03478289
0.03462362
0.03494310
0.03452277
0.03328037
0.03141546
0.03300285
0.03137970
0.03098989
0.03173900
0.03019166
0.02903843
0.02879500
0.03533006
0.03565431
0.03514314
0.03521395
0.03271317
0.03224707
0.03204513
0.03198123
0.03271079
0.03155947
0.03130460
0.03132153
0.03281546
0.03486848
0.03610134
0.03537822
0.03535509
0.03125787
0.03135347
0.03186274
0.03207231
0.03176928
0.03163409
0.03484249
0.03201938
0.03468227
0.03500891
0.03508544
0.03600168
0.03320503
0.03188777
0.03279948
0.03226900
0.03227258
0.03184438
0.03285718
0.03199720
0.03325891
0.03715038
0.03503919
0.03543139
0.03595829
0.03328443
0.03206921
0.03145170
0.03347301
0.03233242
0.03216195
0.02849221
0.02918601
0.03236365
0.03395581
0.03353429
0.03406096
0.03499532
0.03222394
0.03247595
0.03349066
0.03200459
0.03176403
0.03219867
0.03207421
0.03254938
0.03186178
0.03224754
0.03630209
0.03442550
0.03633213
0.03499579
0.03213501
0.03248334
0.03259945
0.03169179
0.03021622
0.03141713
0.03227043
0.03293371
0.03716731
0.03513050
0.03582954
0.03548002
0.03294921
0.03223300
0.03201842
0.03153563
0.03129911
0.03185320
0.03245425
0.03285146
0.03364515
0.03673601
0.03541493
0.03522205
0.03485179
0.03216839
0.03203440
0.03313518
0.03229260
0.03227735
0.03178954
0.03261304
0.03210258
0.03163505
0.03593373
0.03552842
0.03552461
0.03476095
0.03319383
0.03163767
0.03162074
0.03199291
0.03231382
0.03187156
0.03185630
0.03092456
0.03205109
0.03500485
0.03458381
0.03542328
0.03603578
0.03193378
0.03206420
0.03197241
0.03224206
0.03154945
0.03206062
0.03048515
0.03164220
0.03229308
0.03368282
0.03537059
0.03551841
0.03604460
0.03347754
0.03153563
0.03196192
0.03230143
0.03262568
0.03118420
0.03106976
0.03215265
0.03288174
0.03489017
0.03503036
0.03501177
0.03567791
0.03362679
0.03139138
0.03186464
0.03309035
0.03248191
0.03177071
0.03196001
0.03167224
0.03157878
0.03310728
0.03478408
0.03427243
0.03553939
0.03502774
0.03225231
0.03297424
0.03172803
0.03118229
0.03182030
0.03115153
0.03094578
0.03069711
0.03260517
0.03477931
0.03494072
0.03429914
0.04009295
0.03265548
0.03117466
0.03161883
0.03303552
0.03132939
0.03132296
0.03203607
0.03088641
0.03133893
0.03607416
0.03508568
0.03584766
0.03606224
0.03228617
0.03188229
0.03284597
0.03241587
0.03227329
0.03231359
0.03220844
0.03242469
0.03303266
0.03537202
0.03527951
0.03582096
0.03424573
0.03347635
0.03173923
0.03291035
0.03121424
0.03198218
0.03190160
0.03349614
0.03249383
0.03371143
0.03593159
0.03561759
0.03535199
0.04228330
0.03748679
0.03484535
0.03432941
0.03538513
0.03330660
0.03618097
0.03283000
0.03700781
0.03689504
0.03657913
0.03587246
0.03366184
0.04008174
0.03781629
0.03375506
0.03260708
0.03258228
0.03434062
0.03372288
0.03467417
0.03683066
0.03780317
0.03718114
0.03788114
0.03536677
0.03481054
0.03465366
0.03317666
0.03409410
0.03500557
0.03411722
0.03426504
0.03613567
0.03718305
0.03452277
0.03572440
0.03580570
0.03465867
0.03246737
0.03619671
0.03159690
0.03237724
0.03484941
0.02872872
0.02823424
0.03758335
0.03649664
0.04194403
0.03612518
0.03313303
0.03204083
0.03209877
0.03990173
0.03491592
0.03440762
0.03290296
0.03171825
0.03713298
0.03534842
0.03592968
0.03760600
0.03407741
0.03353930
0.03199077
0.03319335
0.03242588
0.03365803
0.03154993
0.03191757
0.03902054
0.03627992
0.03476501
0.03566384
0.03613877
0.03181887
0.03172612
0.03120303
0.03598714
0.03219438
0.03232169
0.03274775
0.03238010
0.03500080
0.03462696
0.03578973
0.03535724
0.03979063
0.03151751
0.03211045
0.03376627
0.03182960
0.03151584
0.02989054
0.02883053
0.03714180
0.03634262
0.03654003
0.03584480
0.03538871
0.02947831
0.02893949
0.02859664
0.02884746
0.02762818
0.03006387
0.02852559
0.02818370
0.02835298
0.02967453
0.03981757
0.03449106
0.03489280
0.03345442
0.03126073
0.03151917
0.03288388
0.02889299
0.03195000
0.02903771
0.03261781
0.03278017
0.03475523
0.04095125
0.03566957
0.03632379
0.03413892
0.03197837
0.03260016
0.03274417
0.03194165
0.03505039
0.03240299
0.03245425
0.03099370
0.03605485
0.03688264
0.03620744
0.03549457
0.03365374
0.03172946
0.03287005
0.03249645
0.04136658
0.03446865
0.03441072
0.03318214
0.03527522
0.03597689
0.03512836
0.03723884
0.03446436
0.03236556
0.03248620
0.03259635
0.03199530
0.03222013
0.03163457
0.03203559
0.03293324
0.03643370
0.03675199
0.03516865
0.03625822
0.03481841
0.03373790
0.03285336
0.03234529
0.03213906
0.03288388
0.03263068
0.03206778
0.03339362
0.03454113
0.03667188
0.03708839
0.04563093
0.03227162
0.03156900
0.03226876
0.03157258
0.03217340
0.03475690
0.03130913
0.03500843
0.03216887
0.03627944
0.03565454
0.03519821
0.03492069
0.03112745
0.03111982
0.03544641
0.03252053
0.03553224
0.03236389
0.03122616
0.03295827
0.03323865
0.03550553
0.03497362
0.03481436
0.03378248
0.03074193
0.03099728
0.03624845
0.03131175
0.03486466
0.03226614
0.03202534
0.04005289
0.03521895
0.03496456
0.03592587
0.03134966
0.03558874
0.03194642
0.03185296
0.03540945
0.03303862
0.03379583
0.03155756
0.03512883
0.03776217
0.03542733
0.03481817
0.03331375
0.03235316
0.03134108
0.03111172
0.03279233
0.03173423
0.03216362
0.03170729
0.03164768
0.03968143
0.03554773
0.03453493
0.03484845
0.03574419
0.03135443
0.03293800
0.03173399
0.03275418
0.03230834
0.03324580
0.02814794
0.02885914
0.03302312
0.03595328
0.03511477
0.03530383
0.03796506
0.03190565
0.03192687
0.03248167
0.03194642
0.03173947
0.03183889
0.03142238
0.03159142
0.03311896
0.03545165
0.03570652
0.03516936
0.03758645
0.03115559
0.03215432
0.03259730
0.03266168
0.03384399
0.03243256
0.03224421
0.03151679
0.03164530
0.04119349
0.03494000
0.03491187
0.03561664
0.03123713
0.03262997
0.03196406
0.03683424
0.03240514
0.03262925
0.03178239
0.03184652
0.03723621
0.03591418
0.03661942
0.03626752
0.03412485
0.03225088
0.03249121
0.03160262
0.03230286
0.03270197
0.03300452
0.03187847
0.03118730
0.03518128
0.04635978
0.03934169
0.03663421
0.03343153
0.03205395
0.03136873
0.03188419
0.03030658
0.03243423
0.03105402
0.03167677
0.03380942
0.03605747
0.03412104
0.03469729
0.03526187
0.03162217
0.03090215
0.03154469
0.03124404
0.03257108
0.03194928
0.03225756
0.03192163
0.03204536
0.03295851
0.03667402
0.03482080
0.03572559
0.03597426
0.03275013
0.03173733
0.03141141
0.03257251
0.03228569
0.03273416
0.03239679
0.03196335
0.03482294
0.03608298
0.03521919
0.03568006
0.03220677
0.03183746
0.03596592
0.03180671
0.03151083
0.03106236
0.03197098
0.03099275
0.03407216
0.03538918
0.03621697
0.04089880
0.03596520
0.03136420
0.03180575
0.03308821
0.03223705
0.03229070
0.03215671
0.03219223
0.03195953
0.03521705
0.03552675
0.03493619
0.03601766
0.03171778
0.03245950
0.03214765
0.03348756
0.03300023
0.03307486
0.03251505
0.03176975
0.03317118
0.03598380
0.03625727
0.04235268
0.03598666
0.03446198
0.03274012
0.03405619
0.03175521
0.03288245
0.03247285
0.03076649
0.03492785
0.03421044
0.03595114
0.03520036
0.03492117
0.03435564
0.03187275
0.03264642
0.03095770
0.03548121
0.03236055
0.03221893
0.03237844
0.03167033
0.03536582
0.03555441
0.03474259
0.03358603
0.03381205
0.03407335
0.02995944
0.03295636
0.02981377
0.02951002
0.03247833
0.03246284
0.03058171
0.03621221
0.03633547
0.03699660
0.03554606
0.03477120
0.03196383
0.03295541
0.03346038
0.03282285
0.03286052
0.03226495
0.03182912
0.03286386
0.03622460
0.03592873
0.03587747
0.03524852
0.03403711
0.03279567
0.03360438
0.03339195
0.03210115
0.03252196
0.03405142
0.03538322
0.03629947
0.04100370
0.03554535
0.03689528
0.03266311
0.03211570
0.03336358
0.03313017
0.03287339
0.03376031
0.03414726
0.03623271
0.03698802
0.04267216
0.03763747
0.03517413
0.03393650
0.03382969
0.03358889
0.03367496
0.03292060
0.03399777
0.03436637
0.03788161
0.03677058
0.04371238
0.03804541
0.03327942
0.03395844
0.03362346
0.03383899
0.03371453
0.03494453
0.03403521
0.03614235
0.03832603
0.03757644
0.03885794
0.03797650
0.03618860
0.03280735
0.03425717
0.03347540
0.03330612
0.03392649
0.03317499
0.03557253
0.03926969
0.03867102
0.03884840
0.03832150
0.03566289
0.03457904
0.03574753
0.03501081
0.03437805
0.03473830
0.03538799
0.03659821
0.03806186
0.03784299
0.03853202
0.03737569
0.03508019
0.03458571
0.03472304
0.03497505
0.03455520
0.03490138
0.03431392
0.03899574
0.03869987
0.03897190
0.03928113
0.03419232
0.03496766
0.03512883
0.03444767
0.03384018
0.03489757
0.03458500
0.03814530
0.03992319
0.04435635
0.04028726
0.03436518
0.03473878
0.03484106
0.03560567
0.03557444
0.03460884
0.03467441
0.03530979
0.03610873
0.03973508
0.04245043
0.04230499
0.03712821
0.03948116
0.03791952
0.03784871
0.03896785
0.03847885
0.03770518
0.03802729
0.04335356
0.04400349
0.04381704
0.03889704
0.03796363
0.03824663
0.03787684
0.03689885
0.03856540
0.03631091
0.03786135
0.04522538
0.04336452
0.04271579
0.04098344
0.03859520
0.03865290
0.03708148
0.03760600
0.03813648
0.03842950
0.03906655
0.04418492
0.04298377
0.04731727
0.04689837
0.03579569
0.03391719
0.03405118
0.03407407
0.03460979
0.03370404
0.03509116
0.03754139
0.03572512
0.03686976
0.03793073
0.04107356
0.03933430
0.03469372
0.03437161
0.03454351
0.03540564
0.03394246
0.03509808
0.03330803
0.03413463
0.03492045
0.03848648
0.03738165
0.03763008
0.03909373
0.03466535
0.03400397
0.03479266
0.03319860
0.03419375
0.03305817
0.03480101
0.03346062
0.03790951
0.03756046
0.03778529
0.03725553
0.03508592
0.03393722
0.03484631
0.03442836
0.03707147
0.03541756
0.03404975
0.03363347
0.03524756
0.03845072
0.03822660
0.03909326
0.03664207
0.03527474
0.03535390
0.03478360
0.03413224
0.03514743
0.03439689
0.03382754
0.03380561
0.03826022
0.04026747
0.03777933
0.03861809
0.03386259
0.03444481
0.03428435
0.03400064
0.03483319
0.03423047
0.03362775
0.03340483
0.03343725
0.03617096
0.03613925
0.03652620
0.03611565
0.03454518
0.03395772
0.03658414
0.03342080
0.03413010
0.03429079
0.03387856
0.03375554
0.03246832
0.03702784
0.03638840
0.03662229
0.03712559
0.03177023
0.03165698
0.03242302
0.03293872
0.03247666
0.03225732
0.03161025
0.03741956
0.03488207
0.03646708
0.03499579
0.03470039
0.03477573
0.03209281
0.03260064
0.03100944
0.03176475
0.03132200
0.03167939
0.03208590
0.03184366
0.03359461
0.03511333
0.03673840
0.03521371
0.03518271
0.03180122
0.03215361
0.03209114
0.03548312
0.03229618
0.03269482
0.03109527
0.03126454
0.03227663
0.03648448
0.03497553
0.03554916
0.03460145
0.03203726
0.03178644
0.03121305
0.03093100
0.03232288
0.03134346
0.02907133
0.03225374
0.03719783
0.03979850
0.03591609
0.03429794
0.03230762
0.03171277
0.03129983
0.03131771
0.03262663
0.03189421
0.03099132
0.03225398
0.03456545
0.03579760
0.03432536
0.03641295
0.03509712
0.03200364
0.03146124
0.03201246
0.03237987
0.03208423
0.03177691
0.03221560
0.03195310
0.03510380
0.03514314
0.03467941
0.03463268
0.03526235
0.03108954
0.03040409
0.03211212
0.03188682
0.03265285
0.03225851
0.03089666
0.03289175
0.03657031
0.03509235
0.03535724
0.04754591
0.03417754
0.03167844
0.03354955
0.03092289
0.03217769
0.03123188
0.03123093
0.03225994
0.03290558
0.03565454
0.03513217
0.03621459
0.03424668
0.03207302
0.03239489
0.03311348
0.03095341
0.03129554
0.03136897
0.03221321
0.03237176
0.03143573
0.03441668
0.03605676
0.03591681
0.03488207
0.03394914
0.03185558
0.03240108
0.03241777
0.03204727
0.03231025
0.03194118
0.03185320
0.03052902
0.03699017
0.03586817
0.03455257
0.03479195
0.03409553
0.03184438
0.03193331
0.03227615
0.03155828
0.03183961
0.03121972
0.03277826
0.03175783
0.03602028
0.03449678
0.03536487
0.03500319
0.03200626
0.03125954
0.03251314
0.03220510
0.03188014
0.03166866
0.03259254
0.03250551
0.03401613
0.03539467
0.03508997
0.03487182
0.03543401
0.03275323
0.03157711
0.03129411
0.03198934
0.03185654
0.03179502
0.03112793
0.03129935
0.03199673
0.03592873
0.03620577
0.03457117
0.03639388
0.03171039
0.03336287
0.03272653
0.03215384
0.03205514
0.03185487
0.03287554
0.03148890
0.03156543
0.03485346
0.03455424
0.03541493
0.03572059
0.03250098
0.03226638
0.03191614
0.03088284
0.03229380
0.03272939
0.03122926
0.03126884
0.03435683
0.03476787
0.03560901
0.03499365
0.03200912
0.03376293
0.03143406
0.03170991
0.03289843
0.03312469
0.02901101
0.02990580
0.03187537
0.03409147
0.03527236
0.03518081
0.03320169
0.03170609
0.03637457
0.03142476
0.03252554
0.03157830
0.03257155
0.03248286
0.03473449
0.03541565
0.03566694
0.03513908
0.03467560
0.03230262
0.03104377
0.03238010
0.03256893
0.03197241
0.03128076
0.03194880
0.03087139
0.03242755
0.03569674
0.03539896
0.03433275
0.03487945
0.03229165
0.03199673
0.03249454
0.03131008
0.03144789
0.03191686
0.03037167
0.02913809
0.02955437
0.03610373
0.03520799
0.03638387
0.03503108
0.03115702
0.03143716
0.03127933
0.03547645
0.03242016
0.03215957
0.03208733
0.03254604
0.03463483
0.03576612
0.03536129
0.03415990
0.03465104
0.03192377
0.03115511
0.03181195
0.03281379
0.03243709
0.03103280
0.03245664
0.03093004
0.03535843
0.03607488
0.03505874
0.03615785
0.03347039
0.03278637
0.03222561
0.03174400
0.03166199
0.03277683
0.03201866
0.03126812
0.03204632
0.03415513
0.03588939
0.03421330
0.03659105
0.03397751
0.03190017
0.03240800
0.03193307
0.03211308
0.03252387
0.03190351
0.03044105
0.03165150
0.03527641
0.03456211
0.03515983
0.03524232
0.03354955
0.03208041
0.03247142
0.03238082
0.03259206
0.03271246
0.03084445
0.03218746
0.03195786
0.03534341
0.03503060
0.03606343
0.03591013
0.03307581
0.03045535
0.03174019
0.03297758
0.03296661
0.03202701
0.03217578
0.03199577
0.03194451
0.04214692
0.04046774
0.04510784
0.04519963
0.03772807
0.03377032
0.04375386
0.05202794
0.03615689
0.03552842
0.03432417
0.03821969
0.03674388
0.03728175
0.03796792
0.03437519
0.03467584
0.03484464
0.03527164
0.03559399
0.03543711
0.03639841
0.03670883
0.03931046
0.04428959
0.04043674
0.04174542
0.03649211
0.03739500
0.03724313
0.03719473
0.03806853
0.03551459
0.03684354
0.04059029
0.04269075
0.04336262
0.05943513
0.03798866
0.03833985
0.03882837
0.03840160
0.04245353
0.03912854
0.04173923
0.03838634
0.04736972
0.04361248
0.04415536
0.04264164
0.03723693
0.03878260
0.03922462
0.04172134
0.03887153
0.04180408
0.03768921
0.04595113
0.04226780
0.04246926
0.04352593
0.03748727
0.04535651
0.03931475
0.03719091
0.03754520
0.03853083
0.03702188
0.03768110
0.04107261
0.04079986
0.03976488
0.03749990
0.03551674
0.03498793
0.03481555
0.03401518
0.03965092
0.03520441
0.03547812
0.03794384
0.03907299
0.03794193
0.03858447
0.03452587
0.03346658
0.03437805
0.03409672
0.03342986
0.03713226
0.03478837
0.03530455
0.03357029
0.03790665
0.03782701
0.03774619
0.03823638
0.03428102
0.03418803
0.03496957
0.03454947
0.03569174
0.03357363
0.03452110
0.03454423
0.04188848
0.03741765
0.03836036
0.03930187
0.03510141
0.03498864
0.03545570
0.03503442
0.03519058
0.03893566
0.03417850
0.03504467
0.03645992
0.03832245
0.03912473
0.03882504
0.03590465
0.03404927
0.03478861
0.03588200
0.03552532
0.03753924
0.03523898
0.03670907
0.03769732
0.04520488
