0.06886768
0.04173851
0.04107308
0.04625034
0.04147291
0.03733730
0.04155755
0.03795576
0.04627228
0.04761910
0.04206514
0.04200792
0.04587722
0.03550076
0.03472090
0.03486657
0.03603911
0.03539991
0.03380537
0.03579831
0.03837919
0.03732705
0.03607583
0.04592752
0.03367710
0.03325367
0.03374553
0.03292489
0.03341436
0.03222561
0.03631401
0.03367138
0.03717875
0.03625107
0.04182339
0.03467607
0.03187752
0.03211212
0.03344750
0.03254962
0.03229904
0.03544664
0.03577876
0.03466725
0.03608131
0.03196549
0.03393221
0.03349233
0.03219056
0.03391004
0.03589344
0.03308320
0.03332138
0.04433298
0.04952383
0.03083539
0.03271627
0.03166246
0.03259444
0.03291917
0.03370976
0.03428793
0.03229165
0.03628826
0.03764153
0.03678918
0.03652930
0.03272820
0.03403139
0.03493237
0.03440571
0.03379202
0.03268743
0.03841639
0.03338909
0.03316092
0.03922915
0.04316568
0.03904939
0.03520036
0.03313684
0.03297019
0.03318906
0.03336000
0.03806877
0.03226614
0.03293276
0.03309965
0.05237460
0.04983115
0.04037142
0.03286433
0.03341532
0.03176689
0.03221893
0.03173065
0.03166461
0.03219414
0.03478217
0.03404403
0.04568672
0.04554486
0.03222013
0.03171086
0.03229284
0.03261352
0.03201175
0.03214097
0.02934170
0.03227496
0.03314948
0.04208231
0.04425478
0.04453778
0.03288078
0.03258944
0.03352451
0.03309083
0.03313398
0.03634071
0.03138018
0.03321910
0.03452730
0.04368472
0.04221797
0.03490925
0.03251839
0.03550458
0.03350592
0.03181219
0.03222728
0.04527402
0.03320479
0.04117537
0.03155661
0.03266358
0.03420925
0.03318405
0.03140950
0.03267813
0.03158188
0.03193426
0.03263855
0.03280139
0.02994919
0.03467298
0.03392768
0.03218937
0.03426743
0.03400731
0.03216934
0.03445292
0.03277254
0.03392005
0.03764892
0.03342247
0.03342438
0.03263927
0.03936791
0.04250693
0.04285455
0.04142046
0.03614235
0.03432727
0.03479648
0.03379202
0.03114867
0.03118491
0.03482676
0.03638148
0.03653693
0.04043865
0.03342366
0.03341389
0.03309298
0.03192163
0.03175354
0.03278756
0.03214121
0.03264141
0.03514576
0.03444147
0.03658080
0.03575063
0.03192830
0.03149343
0.03210807
0.03172827
0.03641367
0.03188586
0.03273320
0.03196788
0.03004646
0.03571081
0.03542566
0.03673434
0.03619337
0.03659534
0.03156662
0.03259993
0.03205109
0.03334975
0.03073621
0.03190923
0.03239512
0.03276658
0.04942417
0.04388428
0.04339647
0.03187656
0.03236818
0.03301358
0.03363895
0.03222966
0.03135490
0.03143311
0.02864218
0.03709102
0.04157472
0.04371119
0.04548240
0.03273177
0.03132033
0.03180742
0.03133368
0.03121042
0.03488851
0.04052424
0.04133415
0.03956366
0.03627086
0.03500295
0.03504014
0.03193498
0.03147650
0.03222179
0.03293228
0.03471470
0.03235316
0.03302073
0.03557038
0.03482723
0.03571725
0.03514338
0.03621006
0.03713536
0.03375530
0.03331590
0.03397989
0.03361607
0.03331137
0.03409767
0.03366756
0.03254366
0.04220104
0.04309368
0.04261708
0.04310966
0.03621316
0.03391099
0.03381968
0.03275847
0.03367972
0.03460264
0.03375578
0.03816199
0.03718305
0.03702402
0.03692365
0.03546119
0.03406382
0.03325343
0.03439450
0.03423619
0.03414679
0.03523755
0.03343892
0.03378510
0.04514647
0.04567838
0.04731822
0.03863859
0.03374243
0.03379345
0.03479624
0.03366685
0.03354287
0.03283238
0.03525901
0.04386806
0.04312515
0.04429817
0.04198122
0.03669453
0.03560138
0.03585553
0.03332210
0.03956914
0.03810215
0.03846931
0.03853774
0.03764462
0.03537202
0.03474021
0.03367400
0.03524208
0.03563237
0.03460240
0.03419185
0.03557372
0.03934503
0.03764129
0.03779078
0.03616166
0.03677130
0.03630686
0.03351450
0.03403068
0.03512859
0.03477216
0.03378081
0.03402519
0.03846121
0.03754711
0.03757858
0.03697848
0.03383160
0.03495812
0.03330612
0.03386760
0.03446794
0.03590655
0.03387260
0.03503442
0.03765821
0.03835964
0.03772998
0.03623009
0.03492284
0.03275585
0.03441215
0.03457475
0.03324986
0.03386545
0.03353262
0.03385782
0.03758001
0.03629351
0.04222918
0.03469014
0.03294969
0.03436899
0.03395629
0.03319526
0.03417015
0.03361416
0.03384686
0.03750372
0.03734946
0.03681970
0.03671122
0.03320241
0.03419065
0.03238916
0.03380466
0.03544044
0.03231573
0.03108859
0.03336740
0.03355384
0.03620791
0.03675938
0.03668070
0.03313613
0.03119755
0.03119016
0.03215075
0.03130174
0.03282332
0.03111672
0.03206086
0.03198624
0.03263140
0.03814149
0.03456211
0.03650713
0.03448796
0.03348780
0.03148890
0.03260899
0.03191471
0.03137994
0.02934885
0.03207302
0.03074431
0.03450346
0.03491330
0.03499746
0.03600001
0.03267074
0.03237391
0.03502631
0.03164291
0.03224111
0.03208947
0.03115821
0.03234243
0.03451562
0.03577805
0.03532600
0.03616786
0.03376317
0.03048778
0.03229070
0.03358984
0.03257918
0.03298664
0.03364682
0.03336620
0.03783727
0.03668785
0.03445888
0.03639579
0.03497624
0.03150821
0.03163123
0.03213882
0.03311992
0.03295517
0.03167844
0.03195333
0.03085494
0.03088164
0.03535891
0.03496861
0.03621149
0.03445625
0.03145432
0.03225327
0.03176928
0.03307796
0.03641105
0.03501058
0.03278565
0.03424335
0.03387570
0.03471208
0.03573036
0.03365993
0.03101063
0.03226280
0.03293681
0.03201008
0.03284383
0.03121352
0.03225923
0.03344393
0.03471828
0.03560495
0.03564692
0.03520060
0.03266954
0.03208709
0.03362632
0.03324223
0.03386927
0.03415322
0.03485012
0.03523397
0.03889537
0.03910518
0.03917217
0.04207850
0.03553152
0.03487682
0.03438711
0.03453302
0.03464842
0.03466725
0.03451204
0.03474736
0.03858542
0.03871298
0.03864574
0.03596354
0.03543353
0.03542495
0.03485250
0.03552556
0.03511810
0.03529382
0.03557587
0.04185414
0.03840661
0.03927422
0.03809571
0.03497005
0.03435469
0.03432798
0.03333449
0.03397870
0.03434467
0.03263354
0.03346348
0.03614688
0.03740096
0.03742242
0.03969955
0.03628778
0.03517318
0.03560734
0.03582907
0.03631544
0.03494000
0.03775263
0.03616333
0.03855777
0.04204297
0.04173017
0.04364157
0.03829455
0.03872585
0.03823471
0.03760314
0.03916121
0.03989673
0.03705716
0.03998756
0.04249454
0.04383874
0.04324794
0.03831530
0.04024863
0.03974223
0.03874922
0.03775454
0.03540063
0.03609681
0.03972006
0.03905725
0.04020619
0.03845263
0.03551316
0.03567648
0.03517056
0.03468943
0.03609157
0.03368020
0.03391385
0.03795552
