0.05750132
0.03278518
0.03187895
0.03131390
0.03331423
0.03547120
0.03479815
0.03464055
0.03407693
0.03106952
0.03251576
0.03206015
0.03305292
0.03139687
0.03206491
0.03062963
0.03313637
0.03347754
0.03443217
0.03364968
0.03395104
0.03461766
0.03469133
0.03178310
0.03228974
0.03239107
0.03286242
0.03125858
0.03210330
0.03195930
0.03180575
0.03346944
0.03682613
0.03559375
0.03658462
0.03512311
0.03164029
0.03238893
0.03115034
0.03165412
0.03209519
0.03189421
0.03200746
0.03221989
0.03192925
0.03393149
0.03639483
0.04155874
0.03532529
0.03487968
0.03135848
0.04350090
0.03420162
0.03295302
0.03203821
0.03123379
0.03227019
0.03211403
0.03132105
0.03309584
0.04084730
0.04120302
0.03975701
0.03976154
0.04013062
0.03652024
0.03276300
0.03186655
0.03484368
0.03087735
0.03133321
0.03326130
0.03670692
0.03908372
0.03923941
0.04034042
0.04150438
0.03624034
0.03351903
0.03958392
0.03358698
0.03359938
0.03340602
0.03351140
0.03298569
0.03724980
0.04264808
0.03726125
0.03758955
0.03415394
0.03518176
0.03404737
0.03349662
0.03351378
0.03540611
0.03461409
0.03465271
0.03481674
0.03932643
0.03847671
0.03983402
0.03792238
0.03489351
0.03545332
0.05021548
0.03477979
0.03471923
0.03389144
0.03470683
0.03191018
0.03206396
0.03898764
0.03999376
0.03956008
0.04031301
0.03564858
0.03577542
0.03672671
0.03556848
0.03659272
0.03386259
0.04120398
0.03228903
0.03267074
0.04071140
0.04797888
0.03864336
0.03854227
0.03862715
0.03863835
0.03838849
0.03844166
0.03902555
0.03859305
0.03905416
0.03917217
0.04919052
0.04437852
0.04416418
0.04194379
0.03770781
0.03702497
0.03770447
0.03699899
0.03716969
0.03616524
0.03706884
0.04090023
0.04087687
0.04147100
0.04062510
0.04105115
0.03580713
0.03536725
0.03553939
0.03435087
0.03868532
0.03399110
0.03381538
0.03384376
0.03382754
0.03886867
0.03976035
0.04002309
0.04037714
0.04620361
0.03885269
0.03474069
0.03438520
0.03516126
0.03518081
0.03626585
0.03389621
0.03699851
0.03808880
0.03850555
0.03933072
0.03880286
0.03459358
0.03480005
0.03600740
0.03461218
0.03376007
0.03491354
0.03344750
0.03484201
0.03623772
0.03743458
0.03834105
0.03860807
0.03803086
0.03594041
0.03596497
0.03475571
0.03399444
0.03460884
0.03517294
0.03550243
0.03541231
0.03571081
0.03618193
0.04022551
0.03840041
0.03744674
0.03982401
0.03367996
0.03319597
0.03406835
0.03275132
0.03672743
0.03195620
0.03289080
0.03212047
0.03355408
0.03267121
0.03576279
