0.06290674
0.05522156
0.05634665
0.04239535
0.04013252
0.04014707
0.03377557
0.03302169
0.04136586
0.04151869
0.04227972
0.04736137
0.04816389
0.03724456
0.03851604
0.03651333
0.03720546
0.03711748
0.04199934
0.04004478
0.03981280
0.04272413
0.03466249
0.03600335
0.03517723
0.03462195
0.03489423
0.03414226
0.03364801
0.03536797
0.03809404
0.03812838
0.03784609
0.03664994
0.03343558
0.03539586
0.03493118
0.03443718
0.03418732
0.03382564
0.03259683
0.03660321
0.03885508
0.03613448
0.03687048
0.03584361
0.03266668
0.03425717
0.03441072
0.03389096
0.03294754
0.03350425
0.03267813
0.03242230
0.03428006
0.03632593
0.03559041
0.03761268
0.03572583
0.03776956
0.03213406
0.03162956
0.03104019
0.03287172
0.03274465
0.03169227
0.03162336
0.03360939
0.03628850
0.03594160
0.03721309
0.03674841
0.03406167
0.03385091
0.03320169
0.03347397
0.03318477
0.03419495
0.03411245
0.03335786
0.04175782
0.03794932
0.03818989
0.03873968
0.03611851
0.03526378
0.03539205
0.03576660
0.03550601
0.03589368
0.03439331
0.03488684
0.03453445
0.03285432
0.03637576
0.03726244
0.03833175
0.04660487
0.03654480
0.03769517
0.03730249
0.03832889
0.03773069
0.03693700
0.03685975
0.04131031
0.04275107
0.04203343
0.04093218
0.03691626
0.03775382
0.03765559
0.03849483
0.03910589
0.03743577
0.03759241
0.03754497
0.04235196
0.04264903
0.04162550
0.04038405
0.03749514
0.03719902
0.03800654
0.03730059
0.03779292
0.03773856
0.03678703
0.03742480
0.04079986
0.04215264
0.04320741
0.04200506
0.03911090
0.03762841
0.03714037
0.03706312
0.03827381
0.03755140
0.03663349
0.04126096
0.04270434
0.04216075
0.03942633
0.03638816
0.03787923
0.03636575
0.03758550
0.04180002
0.03801513
0.03803539
0.04243875
0.04225945
0.04309583
0.03926826
0.03644419
0.03855681
0.03760862
0.03794813
0.03740978
0.03579092
0.03764892
0.04135394
0.04180884
0.04199362
0.04226923
0.03692627
0.03711057
0.03741693
0.03688502
0.03579545
0.03684759
0.03622150
0.03738689
0.04016328
0.04109550
0.04026246
0.03868103
0.03536391
0.03567791
