347.0,135.0,19.0,18.0
347.61715987194856,135.07509613044294,18.541750244175216,18.001527913237304
347.5227614324686,135.63458202809096,18.461797070787192,18.031229127963233
347.50448833583516,135.2372770533931,18.287109698367985,18.013836139562528
348.38785105299337,134.42778566078698,18.087398231216028,17.62105831065918
348.92027027979304,134.95896468035062,18.36782526221348,17.39545565714573
349.6692023874193,141.5552948347785,18.561075771146008,16.989596807902704
348.81509718400264,150.58401629934195,20.01404412848942,18.008079239286506
342.89862480917253,151.94505789471992,19.69705984705442,18.840283085356457
341.94234502129956,152.22011329310473,19.620959660667246,19.560546436895574
340.1327298550537,154.4241071028227,19.687342918268065,20.683975393622546
328.7746848602646,160.06999449829843,19.43210685249183,22.181306318412247
329.66308378414413,155.2575376331593,19.28949020842712,22.43234843774333
328.57941746762987,151.49177609783655,19.94954863842664,21.2936729987664
327.9246739412852,152.16254307225307,20.427052295094267,21.23509476363634
327.91012474053457,153.54743389004926,21.703188808695053,22.08461451381226
327.42324412054086,155.41958529933004,21.888390625666982,22.594286323399075
325.6755827540209,157.12700270832786,21.323322198254086,21.979758934966036
325.98977739703446,162.1398683352016,20.978491679359568,22.867170762155638
324.18130387937873,165.2889646218384,21.192427364789456,22.027880281211814
323.9408023628003,167.4639765429315,20.819131439068336,23.848557395975128
323.01595462355607,175.9228731913449,20.735219013221467,24.39806426773993
322.0175144308668,180.01272429245384,21.84165262860505,25.117931708170445
320.77174774759624,182.03969614141496,22.444488836331377,26.14337089972127
318.7643168659555,182.33606957327927,24.285330209773313,26.972894281692586
313.2074290022475,182.78339444795753,26.04527495677685,27.857107187932584
298.5422976306168,187.464159105906,25.955875135846224,30.81497658693695
298.5768042216638,188.4051474576704,26.59193738525934,33.26892454778337
298.78121941624397,186.45793424820508,27.11972393497703,35.507569295220094
297.8181977694885,186.71466709927756,28.131322348706558,36.64636463043843
296.8185686473626,186.6099672935626,28.96628636530717,37.68519879668347
296.04129048041955,186.86131918815772,29.574805076233655,38.54963462129928
295.7688472920546,186.4770821862596,29.914250784473353,39.98934507622717
295.2321227035184,187.32226872850148,30.927447798186893,40.5389124732939
294.1764133400772,186.15404289749068,31.94516365788744,40.14697596688933
293.9589742752868,188.44697103608448,32.35001265884371,39.19771202386328
293.5473603064398,188.79221189280625,32.3108988325349,39.35666769286884
293.63267818978204,188.61206278317104,32.18013943893626,39.03987062283639
293.5463728535737,188.77562757318293,33.02306426672537,39.7777389899624
292.8276455759116,189.11001782593718,33.893382989553515,40.18388102377529
292.3693350122555,188.66048008986107,34.410630740408415,40.155048243519175
291.7287099551648,189.01276277053012,34.8265191718383,39.87259557547182
290.8585915174388,189.00647131618834,34.62378334407686,39.521936479169156
291.5588082574948,188.23474907185243,34.43204069792735,38.89177416404621
291.198611881835,189.5879984963099,33.91002166009163,39.454129159856606
291.3192723014507,191.11674759915462,33.66551553474507,40.4918695238266
291.03683073150137,190.31235351371163,34.014014007676565,40.68680005378858
289.44289787684426,189.9049134993935,34.09317397228929,41.09412850633579
290.25257174713437,191.26033130421172,34.80967519580077,39.09967579978209
289.47880154722986,191.23154312202306,34.80359953003829,38.231980531993614
289.10638023697925,190.80966673665637,33.71589429253124,38.62699432181108
289.57392890171513,190.91815397765163,32.77911605935205,39.33376546719687
289.6339203559846,190.2373193884818,32.933102492991424,39.79014182292698
288.86772824949935,190.13198529680844,33.29843253916787,38.66019415594696
288.020164330481,191.40414418543318,33.320308352109095,38.43109326958331
288.33781156391836,192.10763435045834,33.41335795505635,37.64586080033827
288.34078291644624,191.54039155292432,32.91641055165884,39.04826178791262
287.9966631618504,189.90566347771338,32.52879766825873,38.96350655417291
287.03154669750813,192.00301927713468,32.29892529071839,38.52003703446199
285.8589566337402,190.41246195123165,32.327776975894956,38.51605517035893
285.6452016577699,192.66659067174297,32.1713731929602,39.35126445762971
286.23447090761783,192.97047858372747,32.17422942650408,39.91054099279195
285.7128575744937,191.55878695955283,32.368896451476225,39.73015906321925
285.128710925052,191.81156082382,32.15749895220485,40.11081164271846
285.3400989905087,192.12684352391983,32.025685584703204,40.697054196699895
284.69089103701816,192.33337981021378,31.898586739666737,41.25262997497852
283.90284968868406,192.63033643858867,32.02794682967976,41.12564673472518
284.07968448099723,192.78086191466159,32.30332397856837,40.335005816140324
284.1959540739289,192.853044716536,32.33961491114732,39.75356783755758
284.8371587711927,192.43999048336792,31.88477314285307,39.96092259263792
284.0155765513127,192.8634976904926,32.17453221440975,39.62572449505662
282.24203370673206,192.941237049206,32.32981830748544,39.17636548851527
282.50900662005006,192.63782268029743,32.16046696848406,38.29123269222576
281.77665702047057,193.52532255778226,32.17999693174996,37.75201437719583
282.67754022038923,193.270338656182,32.10724216074419,37.97170297756376
281.6660149557746,194.7036141352114,32.37972022915481,38.06129312605145
281.9579882399696,194.16948579146327,32.752417855055555,38.292724113552666
282.5562968446744,193.97987319779574,32.97022326347865,38.11174016702906
281.65182160666654,194.1264275674839,32.862053287071916,38.02006040918305
281.15344093801934,194.31503893185547,32.91757254079037,38.1562095710441
281.5001684759259,194.9468327747942,33.03952121311962,38.69111399096953
281.52323377805334,193.18778340535613,32.85194510597479,38.70912976698759
282.40228752687426,193.77354605928787,32.822455545841834,39.39896717057758
281.8320567139306,195.48501451001403,33.08398409249235,39.56568981516301
281.61218160218664,194.56406799259432,32.512668742132284,39.44741180226525
282.1798606758034,194.2165574674983,32.091506378842496,39.14184219833676
282.0396787845766,194.09483737284336,31.97582385957836,38.75803686892188
281.1026140010887,195.18221455615688,31.596924086474008,39.09642111589112
281.83063519310264,194.78170347593914,31.400136866255785,38.18648864216195
281.71796701015165,195.47316105163443,31.06709339668139,38.32433800351275
282.27213175777035,194.59213289071047,31.07551388164483,38.03286553169009
281.7645439746006,194.9251513016862,31.09784650987014,38.708778933319664
281.59643529232585,195.47555213064012,30.91684753222529,39.41195034446817
281.35302485024766,196.17218559243753,31.423702309302328,38.97239034613226
281.49409284543736,195.78300775585916,31.339585028205946,38.991094532743524
280.88861055248105,196.67830291821292,31.48878831771152,38.539096028108766
281.28867401738387,197.98859279226738,31.43203415971669,38.72418396690065
281.3415882196813,197.6086573976106,31.534917165847503,38.34813200763492
280.29130991797643,197.46536965652655,31.553512529062736,38.821510733360455
281.23912460288875,197.61415030776055,31.86855532410715,38.44599529702473
280.7054010628287,198.27003528950124,31.97563833780283,39.434649259283866
280.5563712392215,197.13853060879154,32.09725530339641,40.15540452557094
280.4783401767562,197.63628392126532,31.635263939201906,40.829769963132705
281.20717509340994,196.77110593727704,31.395485890315214,41.08689741890386
280.3780901824955,197.92356667195838,31.437751888644783,40.332722185618465
279.87050058771496,197.065074514016,31.88478249569553,39.710588210120136
280.54883168381656,198.21740174658098,31.58736698751456,40.19233464491664
280.362740967662,198.39878370691395,31.530100254870707,41.31677996607019
280.31441865025187,198.24158332677362,31.794436575360162,42.325800659729744
280.13377854264377,198.06955459262946,32.110407374600996,43.1514974641154
280.4076824338019,197.61324472881847,32.65638488599659,42.92564105994795
279.67803554647617,198.62764215058985,32.576152612334695,43.02429223849582
279.1892265702241,199.29709737544738,32.582804251986055,44.12655240125419
279.5698317597936,198.39698610388123,32.916455720421936,44.41111708148027
279.95923426524286,198.8188710467587,33.16141345661462,45.40894069939287
279.2183953257927,198.0786203322043,33.61287549862958,45.54081442250373
278.789809662454,199.01832207851808,34.271629142645175,45.288486662393176
278.4343818757549,198.029070667096,34.73876245749928,44.82928056146062
277.91192557470754,199.5790832446301,35.35829463561721,43.894385915566325
278.1590544193051,198.3744840457122,35.531124764929416,43.188632725096554
279.3968534199578,199.99813267514125,35.86353833791455,42.94819794965758
278.69658304334143,199.56059255032886,35.888314445267525,42.93519918640382
278.3205146291385,199.30386241833668,35.689848507711716,42.80709843529126
278.5408904854911,199.51252783358444,36.00675549006834,43.99271012303564
278.58554394439443,200.37651057041253,36.49253246600177,44.06370232772667
278.28580879207334,200.68997287509166,36.573203615295,42.49859155116734
277.6734768375278,201.31389055379304,36.715840274839024,41.511594027709435
278.18305784364725,201.54578865500673,36.68368138153461,40.951058487177214
277.5713825326016,200.0569188974763,36.071025530111505,40.149815128007546
276.8814678319978,201.07895637859934,34.87084941013475,40.37377181214375
277.8540462519445,200.86908397495688,33.61395092350345,39.82895910366474
277.93504940116713,200.35263677423006,32.93481791849463,39.615244187961395
278.0541903129834,199.90761152095521,32.268779187090885,38.80103823124317
278.4249776461834,200.75259472229186,31.57902348490502,38.13909183961292
277.76114807971766,201.01236358055522,31.107797758094694,38.036753812204154
278.6605400393575,200.1067870352834,30.595312375965243,38.60940715879337
278.2923411924252,201.73759720012174,30.278021301965687,37.825018306223846
278.5771944433883,200.63611252115456,30.226903431394934,37.4099466664656
278.55543266675755,200.33227587574345,30.02268728437788,37.42546293582365
278.0301954723328,200.3681315919048,29.89476467995678,37.55793355156305
278.5471461631771,200.586427352154,29.819793937197005,37.14666147334516
278.90045300267656,200.05638072580552,29.285235850854956,38.16145595539601
278.5656117754391,201.31165977807456,29.17486715804326,39.09800198190149
278.479626639296,200.86086595257905,29.1553257861689,38.99944133971073
278.43233069088393,201.6711692383359,28.924962304118672,40.39160705856428
278.39369853462074,201.6214046507307,29.146963123275732,40.480730476757145
278.27034119436047,200.21132945890028,29.44564150078384,40.37490303219012
278.7440382851586,199.89254989639292,29.47976971756185,39.68164184266966
278.2518150745424,200.04337224524514,29.453373614849088,39.548013389156225
278.8695908987838,200.5704282572724,29.40755003401454,38.93868940640093
278.16827530303476,200.31102837766923,29.534645420581057,39.286682522204316
278.8862266258635,199.84273937164716,29.5376790300853,38.82843128373902
278.2558920185016,199.51363590747877,29.781895041481317,38.66791652801092
278.88490829821615,199.9782490970658,29.616367038046402,38.31807106974861
278.78408384583895,199.98589124536298,29.608027869380603,38.34580073341253
278.868279888826,200.34903989336476,29.3630440668029,38.43330010162317
278.8265246698238,201.493997684736,29.135144053419506,39.437414258603475
279.2582661620485,200.68562472087712,29.177257568013637,39.987406998601685
279.2437569392794,200.38350662983925,29.46824370627921,40.88892699603272
277.8976001820876,200.9683658428414,30.20166447337798,40.02810200881375
277.97371055121715,200.38554626842992,30.846439900725045,39.37116053892685
277.9102168379619,201.6685862250896,31.06493666076618,39.18218016744609
277.72355659628045,201.045362007495,30.833939720906983,39.9691806114737
277.0581748144115,200.30177165867812,30.861167765745293,40.43280788656318
278.07308362024827,199.5462685456781,30.65557139049728,40.869627604009885
277.34045799740977,200.48819132442918,30.566061755455404,41.40533566813905
276.91061517090367,198.58892350198724,30.47668746125118,41.79816274149202
276.159300581179,201.59053461994455,30.337430164604285,42.10991521072422
275.7109271304623,200.33885253542627,30.168927827225687,41.757030434263314
275.87045940103894,200.30059350122616,29.93419112794188,41.78773884535792
276.74515973643634,200.17578738216923,29.83031350084982,41.78327116743422
275.67070013152113,200.1048069472055,29.656907944798398,41.585384651648205
277.5237176801379,200.1242789029081,29.393683168572636,41.21751079576583
277.25592129096833,199.64150650640968,28.589358818975253,41.87129522467425
276.75597354610795,198.21018607544954,28.127680126784085,42.104839152193506
278.2293559218423,197.97117233854442,28.000217819442753,41.82769533514394
277.4015169570909,197.99646397307612,27.95763296869002,41.52989340795447
278.3692128072637,197.98958183974696,28.13339767768047,41.01128934341565
277.3620879906609,198.22021425852247,27.61577032762702,41.6573168045689
277.54809023904653,197.0462277051518,27.851711967892378,41.27984109773753
277.86914115882587,197.3445589037811,27.80072089920695,40.69179058601163
277.51586468186446,197.61536859268384,27.826425446887725,39.95619639299223
278.14356838008143,196.9554971248714,28.084433399713713,39.72770530649154
277.64484969790453,198.58678952523036,27.649150002382296,39.84473295746829
278.46277497674816,198.4137269140259,27.705192474376496,40.018227756680645
278.0414599370388,199.32307958152373,27.348753544918978,40.42849121710119
277.59150060357024,197.70916212758146,27.662204169125083,40.367643523742274
278.31597121099054,198.37970228962752,27.838644787227658,40.036869019849235
277.676527774582,198.1883022480264,27.497131484288992,39.98720515190169
278.8408509741527,198.76184000236145,27.08250787652218,40.46279266497708
278.40022418725493,198.5460363163012,27.149764808373476,40.70913742809735
279.139392663311,198.25823026731538,27.384810554849942,40.61604940603149
278.3161130311739,198.5327293442517,27.102942582740308,41.13745139145974
278.87256561758693,197.57501972383855,27.525907779890556,40.66859394755523
278.2675663390703,198.57901523978344,27.378401581774114,40.97403933101891
279.0093550662037,197.42114477488954,28.071344781771742,40.47754394138929
278.5886997092418,198.5790206178488,28.15518787842381,39.93034005782167
278.91523996205706,199.20429303180052,28.190831915181104,40.10932086046675
278.42766427267065,198.79221814290094,28.188345400861692,40.08659320565019
277.8747098839484,198.4572390896054,28.161910666542674,40.16547826504175
278.1954812799382,198.98812584322937,27.557826685641288,40.93562410584516
278.3669940650962,203.6435095037921,28.350436339912385,40.58754397399611
278.30370439709117,199.2515388945144,28.733975421335565,39.76678467343952
277.6571051027583,197.68070979519504,28.6485479693649,40.47633836450755
278.03623732749145,201.08052269850322,28.534959919145457,41.67756692704226
277.02995180366804,200.80541027797585,28.980066922524145,42.12350308686168
277.7257959720238,199.9126744756196,29.16179118594046,42.775278209769766
277.87324253897305,200.22479041361925,29.774368042629266,43.111098355883975
278.37858752542024,201.91730477083146,30.153787231241953,43.322650793715965
277.8946998062169,200.56953772502362,30.72791802869417,42.92235661988559
277.5682063708979,201.1158750061953,30.82343781620066,42.48433401283119
277.2486744587702,201.36336943079436,30.887734701504414,42.210323682703475
276.7966366147106,198.7804978045728,30.605084502980013,41.42374957751711
277.0573681445922,197.98412002974376,29.402435687552,41.46748663472609
278.1711515196058,197.52824906639026,28.910693805592807,40.221033400309445
278.0989793293693,197.6097368617868,28.140334604545323,40.28164364815497
278.26758651290857,197.39194121746743,27.95518896392077,39.58435972106164
278.30678252015645,197.96159871688386,27.742084106207432,39.33836682418909
278.1012541452631,198.91974888046028,27.571712858686443,39.64324152665116
278.62369710105474,198.81757482951735,27.49436816465248,40.523126644223325
278.1650230194175,197.75247853073267,27.36933104125626,41.36359143052284
278.28480717064673,197.76251909780055,27.50365262605903,39.88101699205764
278.51722046951636,196.86018056341405,27.63196513371416,38.37529331572032
278.41342362898223,196.79460258145193,27.358929003869367,37.6857484379126
278.34688181436246,198.1342558574813,26.992912991548906,37.44978486130294
278.5336878590203,198.2782459906275,26.953161410539362,37.10336468113002
278.25800201777787,199.03047376842736,26.806509287186795,37.11433793062954
279.14915544710414,198.37555098923855,26.8617912448576,36.83991239459544
279.14883511797245,199.0854154437965,26.86344384771594,36.828259085641825
278.52122686537575,199.86916899809518,27.117156864998663,36.55939267445725
278.6752116131332,198.76749238554947,26.96146269062455,36.98925898197123
279.03770457510706,198.93299746349123,26.869932947320656,37.21800914542971
279.2366167104371,200.68847220445448,26.822443858334218,37.568153899367836
278.9560253436832,200.711030668921,27.254677892062382,37.48476356161739
279.41938567258745,199.93507056060017,27.29009615823345,37.56629764087707
278.78473059797506,200.9778091419667,27.390720466471564,37.715013476960216
279.3704050122531,200.21048366381257,27.412900195960884,38.162149412314506
279.51042762468427,200.54203221781611,27.64458478113736,37.88219842003336
279.6802728639162,199.265035800243,28.113198292376644,38.07962707047665
279.2884198251742,198.26756246685537,28.596517088023518,38.15302893374041
279.5957689848756,198.88285271305443,28.96692392257665,38.21356275397105
279.2687355661282,199.79547152448202,29.290696936765542,37.91303643622008
279.0757801664709,198.8790774378115,29.248021577466027,38.11353213513996
278.6597021778826,200.25397233354815,29.154369755982934,38.83866635942236
278.7372654274633,199.30391371575365,29.332208550277546,38.565465391498584
278.69492211357914,201.66116380852412,29.5582462771215,37.82388242411389
279.3519715413275,200.89422068920024,30.283433869414626,38.478676056724275
279.0556355689808,201.0505699053953,30.60939036174212,39.10130685944683
278.4704844077641,201.7564305338959,31.028989756395525,39.739211966241974
279.9816638548195,203.907959142874,32.03341569916372,39.806567994942014
280.57166539566,203.2894867255349,33.350135854840104,40.47110910599477
279.0637113169991,199.27001990636379,33.78607611059545,40.67292095761636
279.3475361847792,198.30351169986324,33.483665757502806,40.55936391029296
279.02858432198354,199.33002400873133,33.19282813370021,40.66653544757508
279.96845960508455,200.45347105812243,32.89901308216922,42.271699135974444
279.253281100697,198.27534108433352,32.16807748931423,42.35867839624046
279.0183420868541,199.77322905609824,31.894041812161586,41.529297705889064
278.99022761548486,198.0006121843533,31.31569629016454,41.19245576734785
279.2043439352136,198.32573950068087,31.19360135666,41.24984377313751
279.3849150825968,198.63860536535543,31.101490207798285,41.15074758577996
279.8150752541715,198.68007536197655,30.818636380461513,41.490876020239924
280.07470167688086,198.8385221084636,30.777913259501748,41.36944577406189
280.0815626568103,197.5224870204173,30.688180370650898,41.88364009884142
280.0840163409322,198.06446884129076,30.883303285426628,40.89210879957064
279.6508031709095,197.65466377856805,30.712532263597403,40.53871317938245
279.80928709238736,198.06537966400305,30.46073022417893,40.27305092586832
279.64316164383547,197.33834736229744,30.459578590144716,39.19119485455262
280.87498915439886,197.8312970372844,30.077969695107676,38.784064177760385
281.0087718234218,197.97096462498445,29.781505593238414,38.623523677920694
280.9597675978155,198.04136995215026,29.654998913681336,38.32644291434962
281.89811219112454,197.47577566910252,29.301925225867265,38.69683498951025
281.50327121326853,198.4387459965385,29.052020405025495,39.483078393267476
281.7733569864607,198.22830387575763,29.198828386709675,39.33130265644401
282.0211762949635,198.7005251575583,28.940287835216942,39.859799711257004
281.6345861884958,198.88919175016736,29.198815911357237,39.80701600735511
281.1841358763601,198.69501538816397,29.48918542616569,39.519813238355326
281.96660696991574,197.85720099348407,29.541789718030813,39.34466744572477
281.8718152090957,198.04224345486946,29.3793146807163,39.513371152592015
281.8779707803028,197.832725811994,29.510278609871136,39.2277685108305
281.49587769651316,197.86350805800498,29.39446098358051,39.35339373442022
281.4488735702045,198.09492878044236,29.488169571007184,38.99248582411748
282.0288695863179,196.88608956376322,29.556821171175628,38.50526326122188
282.4750496005264,198.16738318831216,29.674443243061717,38.577267266340144
282.44662333298413,198.8042199270593,29.755584502828114,38.40609281775235
282.46423050495304,198.51450241798875,29.82959080943322,38.73359774597988
282.45017943105483,198.60135749500208,29.964815311610565,38.9242891710607
281.99886215793305,198.39938627062455,30.072696522075653,39.405873787174244
281.9175654030198,198.4318326272051,29.784567695666237,40.27678228107912
282.4175031725562,199.20464136623346,29.837536299289376,41.175653480487384
282.0082692271102,199.28728694627173,30.152461321241617,41.79397015982157
282.42899727248584,198.91628347570796,30.685733391639413,42.76860368803525
282.3949254919653,198.00273578595926,31.19421090027795,41.4949140004425
282.26456683814814,199.17637328815994,30.97783752626942,42.20166183159918
281.88853674103177,198.61410828947172,31.029000518463423,42.68046862840438
282.00409176699776,198.5026902039345,31.004216430810143,41.532069814751274
281.80023760515155,198.61301236103378,30.822625965742247,41.35740240134692
282.36458480778794,199.18753336524256,30.83635793734596,41.4416353774748
282.5345112010375,198.814829766785,31.042072006922474,42.335228470596604
282.55516041372107,198.09031155178155,31.377084033928874,41.580766076001346
281.7550849460163,199.09647190913773,31.83665877012058,41.58077681622637
281.60440997145537,198.22937029141085,31.909479717861267,41.364054994124544
281.2229781706249,198.39664214113142,31.76127777209981,41.66470559035527
281.48931800871213,198.04445832089957,31.78589683148788,40.83367244812524
280.9297017002579,198.31116522169833,31.584850482857572,40.61685416535836
281.1526997326291,198.09518933555287,31.467071123436057,39.99942285893276
281.3215998865682,198.94401109028226,31.029160877271842,39.827175043686665
281.65980299576825,199.61651887333085,30.6102986077895,39.866034556847545
281.4841187590316,198.63018424373504,30.420745363865997,39.80830060175448
281.4734976686999,198.2995337478512,30.268873783211422,39.70583543994264
281.7869274177362,198.80040017297992,30.082554256222057,39.64481831071129
281.87001560506627,199.15736832736295,29.89880856704229,39.84819725695889
281.4378543301101,198.71768156038084,29.893886159784536,39.94231635046857
280.8751093161383,199.20482872871418,29.642236721606583,40.06834225142875
281.76142255321054,198.80939687347535,29.591041828137264,39.79436983668191
280.7095557249521,198.29864496865406,29.25891182652062,39.9861975629328
281.8754385894023,199.84011266694685,28.87934967110801,39.77319021624186
281.54235420983883,199.42107940379466,28.75558370999895,40.276573882350014
282.104440379184,199.0789741356309,28.87084104450201,39.859358892841655
281.7532913008564,199.4555853584967,28.79656650151238,40.738315297704276
281.95351982185764,199.8734389899697,28.942108467788056,41.36354823054589
282.4344409849633,199.4623348904401,29.109004417923146,41.24592107715003
282.07039150638167,199.62215222957863,29.395918029142805,41.254225779266584
281.49915793003595,199.83861943955642,29.627263580517116,40.88894052395223
282.7663789419469,199.04881811672232,29.659063750228686,40.60520729262615
282.41836973679386,199.7549636598071,29.502579072149572,40.46182989485341
282.60937266478805,199.51164036097285,29.433533976027626,40.31617550087981
283.00303470618474,200.29311876358437,29.708061384634494,39.83384643128632
283.0421793313621,201.59150715161888,30.03807331754114,39.299520931195275
284.1776259689009,201.66270602549096,29.54336193764665,39.773123557524556
284.3622529549417,199.72149586723216,29.541111631536953,39.97214777133637
284.1646523101502,201.29086950103988,29.52919063068752,40.0297735389997
283.85963408137945,201.89851547953626,29.5969531009657,40.10961567200508
284.57298795678116,200.53759397899074,29.379196141410578,40.32340736939133
284.3138471089187,199.94566290253073,29.37984112818532,40.239386648729734
284.26760032386375,200.3368752724552,29.289268944656236,40.04214980460719
284.38099882704995,200.58192517979947,29.51028590076165,39.85529461364031
284.54508334524024,200.25355309888144,29.78430078752489,39.683256342011724
284.6654537849856,201.42502773304193,29.90605769393059,39.322437003944266
283.9379093836258,200.58821584957022,29.891540756361643,39.8443502659191
285.02241455133,200.60467518770255,29.707834888449984,40.04194789481972
284.6351633180658,201.47889711017996,29.9675830073941,40.26044316565495
284.06464112485287,200.20101262169538,30.25991536305861,40.44681558412283
283.81369797502725,199.48123309593166,30.112672094231463,40.76901827264873
284.6373862506148,201.01641993176096,30.071536836776062,40.73326878695158
283.7127652861743,199.33480257507685,29.874024161487235,41.18131453100069
283.89823175609513,200.35014280836248,29.579032039833976,41.36503934595734
284.01602389595763,197.9301826801111,29.453225256757623,41.2562432704961
283.50472835558105,198.48493872911456,29.4362434620495,41.26378659683862
284.0905237499429,200.30935252976747,29.001411245078224,41.49818429641641
283.40739846629856,199.27481258734497,29.000144057398714,41.47325232235147
284.2964120918539,200.47720445902632,28.895043444606273,41.28131545922308
284.58190918769566,200.11048477025804,28.76235052970989,42.06518871613332
284.96073621979616,199.69564890821903,28.83203833058153,42.24756290317571
283.71888652413077,199.53218782124085,28.75799664720984,41.74597162970384
284.2002691405638,200.45826555067703,28.947054585128548,40.72048459787074
283.6568080002195,199.77596831178894,28.911883535361966,40.44219491202587
284.16234084390476,201.01133600971866,28.970978081784857,39.50440083236721
284.25750449996553,200.7843820655091,28.668146222884307,39.56679704041163
284.40866939552535,201.01399120000266,28.529964353965475,39.602714224400316
285.13780194038037,202.3652980688269,28.585551097679993,39.24612550393033
284.9755220368259,201.5327238114898,28.858779460615946,38.64827676700705
285.42196802271764,200.8344737033244,28.852485996673625,38.086399510810054
285.27352547717595,202.13328636851045,28.527012718328066,37.66402069515855
284.34076659807374,202.44590193641085,28.510793344246565,37.47217867670257
285.0759720866078,202.35127564821906,28.498882144914994,37.35850051616491
284.6884278132965,202.11985174705006,28.40898887719503,37.61250958218663
285.46546833387396,202.17498191626277,28.328494813920965,37.99284285142444
284.2865377400087,202.01483654806404,28.434140116771573,37.80892386899945
284.2696717591668,202.3946579135337,28.125761948853683,38.10380893249693
285.4801560970109,202.7329090862801,28.155639373135262,38.292060098449795
284.1905346904189,201.88075961582805,28.330920002271004,38.07882478496679
285.19069622777727,200.4253059310111,28.33822046051541,37.88082373823518
285.03641410161737,201.76111650343174,27.96362888627986,38.23552704971992
284.48289111858264,201.35013523515937,27.996023455997705,38.08380730363442
284.4763506527222,201.75101644977755,27.87337234394518,38.88505031545078
284.17220210338155,201.76699657239064,28.25428558158206,38.50721264597711
284.589266877701,200.53167646838827,28.482920624188214,38.20183700832156
285.09106313339146,201.24355000737356,28.243711831615588,38.16831800042574
284.9438161278125,201.7222140765609,28.227602794645847,38.29934529795132
284.81581909254476,200.796788129334,28.459557917340586,37.86077159598611
284.5146280917344,201.59579793849656,28.215589520348157,38.27648699850528
284.4790461994144,200.75790853619682,28.31560811495554,37.83538541466045
284.89666287486347,202.18748259595046,28.357960025776343,37.38143882579757
284.05073311449786,202.19031833980702,28.623614601173173,37.16338424418789
284.70483286416777,201.68493667339797,28.621866191216796,37.44982602024604
284.29523033657546,200.8962847390631,28.795043749038843,37.61614444968788
284.2492848375482,200.8292913348747,28.483025326058943,38.790522948056555
285.5059985057699,202.7443988750499,28.658624697973693,38.6721558241508
284.2499772230517,201.55567270126667,29.205201870688786,38.42365519055552
284.41138517379005,199.77284187737894,29.163840158816402,39.2562419635643
283.8768031186572,201.1875126732206,29.237296657077096,39.52395826751732
284.28868673240635,200.77978648255015,29.412555478259044,39.82741390522685
283.63071755763673,199.53130012125382,29.698949166498195,39.97240467440878
283.47025919439966,200.41044832337508,29.459168665160092,40.17575654268258
284.1034966419403,201.04633129274026,29.433888860354347,40.29964037437538
284.3814930030903,199.82320208313553,29.6569039634899,40.38887436042788
283.79293053872414,198.0097008228893,29.656939661446817,40.43167692109372
284.09904084011737,198.10273380570237,29.23584344774939,40.8259591742968
284.1405080872767,198.59177435506737,29.014190540128787,40.95840345588692
283.98391753914774,197.9092935435301,29.29800821228441,40.74763687849977
284.4097800921264,197.24548563823208,28.965469297563367,41.01121189247455
285.13826538826874,197.38546348726283,28.886404920159105,40.60151692538349
283.4821958281214,197.75148354548492,29.122061293834477,40.084862868971946
284.0556287012798,198.33105646570175,28.85328110650177,40.4804480606437
284.5650204363413,198.19899733519335,28.86066037356072,40.66993230485286
283.5263849263373,197.95609260454967,29.114957924698153,41.09682812904251
283.28335182802317,198.68455800273748,29.301876256062933,41.48309247293253
284.33830583742906,197.75633108899308,29.276964553290295,41.81338771161936
284.3733430117288,197.42576384315697,29.2246380868433,41.498192998768076
283.5332386108266,198.24262512835227,29.246753052469444,41.25763566491054
284.40396347621476,197.24284934424952,28.958640748697835,41.42973181126259
284.1383904338577,197.58190340506795,28.937637235155183,40.686200491179406
284.0049299385044,197.19130259105864,29.10608250822493,40.00006245572387
284.24701658223336,197.08299737647494,28.949888399029952,40.11088910346696
284.45045446000745,197.87742908227702,28.868127352221798,40.03006684545128
284.5695044509704,198.6360243921679,28.86445351145602,39.915670719789794
283.91722199321123,198.37907702925173,28.889576494065615,40.05999238358405
284.2408630666282,197.72331275921283,28.971291057336863,40.674941934408025
284.22767689721843,199.01715193433685,28.71744984336445,41.25336008520458
284.70127043626974,197.59360570690592,28.86117707867096,40.967748873312495
284.0522310191392,198.30899923070612,28.744763149209426,41.38637870006091
284.03782797463117,198.19730022215685,28.941019606860106,40.899446949781534
284.42140535960897,197.9992156619513,28.83548026296581,40.39167501737787
284.20928344251706,198.4635430971526,28.966745057333597,40.004906318226766
284.44637289863743,199.6917289149164,29.166804228612925,40.204408898633815
284.51576156205124,199.91034601524055,29.461168281137375,39.51142163351767
284.3090749197332,199.7753347100196,29.815524040224798,38.28333137480715
284.1414109343347,200.1290534711026,30.034302244913547,37.2402667837722
284.8052368571715,200.5221648645701,29.82686221350247,37.39410841098349
284.26709492040817,200.41735960632434,29.465883784032524,37.47193053910415
284.12102829290563,199.44409673498635,29.39362900722993,37.27349260264882
285.2056120731652,199.72108066721805,29.194263734836674,37.624916476958575
285.5677325227231,199.46159092103056,29.039074036548396,37.46001898249254
285.2453739595382,199.66017320695883,29.028245532955196,37.41237349380113
284.72221117802036,200.40925220244216,29.305662501617594,37.44921045318268
284.24558196631205,199.6853210464078,28.923954289838015,38.10952505751593
285.03146482976,198.9349496496302,28.41931708717918,38.69135008740348
284.6473661136628,198.4461057091294,28.481148614939265,38.892551010395145
284.5727934529043,198.36270965343653,28.21806925888258,39.847323397998274
284.7865231139621,198.44418389208602,28.30356764955063,40.66973967728185
284.907143346772,198.29524928761617,28.468187362053452,41.72374925650914
284.0940762210174,197.26745999267362,28.713786386533698,41.84637514181692
284.7968573622417,198.33783762377098,28.7037679194308,42.461089148959545
284.1852642757098,197.94382826175192,28.829943380164266,42.70375238264304
283.71177217228,197.6642573585782,29.17716191989126,42.100973179259356
284.7603291965763,196.82082783222444,29.158049643986867,41.76969416380386
284.500552785012,198.07957346601003,29.16383612408701,41.057901289284544
283.9041880727944,198.1085423646567,29.12655063398875,40.33833412625397
285.5479131618267,198.78026481009758,29.39217425021676,39.945832613635915
285.0560068260502,198.58540315786857,29.493218501534777,39.05081890564803
284.2053463908022,199.81083692592537,29.454962207903506,38.081273769088924
284.68155373547916,199.7235898767719,29.09846786408612,37.981542780146754
284.72329038110166,199.41524826020915,28.763012589596933,38.18500213903017
284.4880494796434,199.49773954889454,28.483997050772963,38.29160065525316
285.28681207475273,199.91610941653215,28.726520000882026,38.35955452283159
284.7035594866983,199.7810877793739,29.038178061923972,38.2004779149951
284.69635630823615,199.49672590955862,28.88223017722514,38.55005329962917
284.65418911679166,199.27693769534318,28.873685510672917,38.75042991223182
284.8011466140831,198.9705786102522,28.65182623967349,39.49779903788483
284.24417597149886,199.8550360334679,28.443376099683096,40.69266123680384
284.6522505117012,197.98155685861371,28.870466499862193,40.25807412445058
284.3945569851914,199.89005076777238,28.718037652732054,40.25526034758255
285.57301591423595,198.4556046316815,29.144897638532974,40.23351153625196
285.48360029752854,199.3678904828247,28.682412179427494,40.468848227748374
286.1470224316987,198.8002231992894,28.814311407837852,40.46653240398355
285.1512989254635,198.22655817163968,29.31107282249057,39.76184504178897
286.49698295753313,198.03214279174344,30.49480346177713,38.343509273330895
285.75598662584764,199.43818356975902,30.033529237990987,39.87519675194607
286.65637266938455,198.58446961268479,29.86871312202242,40.04244291966687
285.6462639698451,198.90985643823092,29.90751011444782,40.16325870336355
286.4537992895167,199.38729283652222,30.175676870437897,40.26951050302962
285.3609866125014,199.37680399464736,29.89927490520537,41.901974414151674
285.59281744051486,200.32813662715986,29.957356177178223,42.55740386654664
284.8926932156502,198.73328836876888,30.238375854997983,43.14398430512712
285.52738191898794,199.60295708826027,30.49993939218627,43.245314502851336
285.76747459796707,198.89218922559724,30.861571747166302,43.19253852185896
284.05519670867255,198.94971151055807,30.8344383211255,43.96381066801213
284.6635408160099,198.47174900858133,30.96602634391621,44.226103068074444
285.0980899886448,198.1047672015479,31.0550731757696,43.541029130071095
284.92020924990277,198.4816568868166,31.90923055670564,42.7848517522076
285.3643538147134,199.01962520325208,32.013410536332294,42.062201367775614
284.7846439923663,198.77336563613076,32.169339376964494,41.93055571061255
285.11260084489015,198.28426296419585,32.880512263402835,40.66186762388232
284.06239720573103,198.355442747053,32.773674832676875,40.81863223989088
284.19708158591425,198.42742999930124,32.24135289442829,40.79686303694137
284.4902987632066,197.81791237024376,32.03876871731442,40.579360071721496
285.07685481624765,197.797118021727,31.78349858365625,40.61209305876741
284.97418264857436,198.292574310198,31.549350463440753,41.10193631025257
285.0383720405658,197.81173904220637,31.900886093616744,39.297668521261926
284.5156350964881,198.7168423672066,31.644414179087903,39.15887785656562
284.26767955081795,197.95885855637164,31.46591536423353,39.14547115291115
284.24291289682975,198.36344559016666,31.055357594949214,39.18934238592321
284.66215344264845,198.64647758426707,30.90838752735797,39.247800644017616
285.0716858291699,198.94698976976,30.84818766099236,39.101495493446
284.86850507952227,197.23649371481315,30.421583629006427,40.752346315826365
284.9598320595693,197.27888439802578,30.585868427409675,41.302282087118776
284.2726545427917,197.7394704242546,30.68486331854104,42.239955530565794
285.28926602558874,195.48409790461713,31.395338074316193,41.463438999794256
285.18982724009925,196.98778079336824,31.614624461817307,41.712281559284804
284.2238464983346,197.74343342284936,31.783243585209792,41.68014945394864
285.27614583058687,196.37099983415104,32.35277867403929,40.85321937166951
285.33208357016395,197.67593572160195,32.52302643289926,39.938288788846926
284.3253153228038,197.88548847332154,32.407331787894506,39.5295190792791
284.9542246224269,197.51424547340352,31.82830142752495,39.924142508380456
284.93859326017997,198.36777946083902,31.826633084931814,38.88940495969927
284.99096746244663,198.85655887907075,31.624430730752294,38.090751951406
285.23386662871366,198.2342465763861,31.437070956352343,36.506582864875156
285.21410614588126,199.65163424136796,31.08370522351263,35.69519605775057
285.29511274719255,199.2576655392557,30.497846781160767,36.69011263732247
284.6936421685194,197.92721444272436,30.549238033623798,36.80241705013664
285.7016799623805,198.16605948194194,30.148631669390245,37.53903330488171
286.0439538706529,198.47777602787485,30.006643719066748,38.343200107816415
285.62879105887185,197.31753041822807,30.20306405264945,38.41435189256528
285.67577991598796,199.56469660199218,30.141310888509437,38.46201359152903
284.92232295516936,198.1215870206123,30.257013251858222,37.993136825558665
285.9112131186877,197.6482097859903,29.9169924709989,37.357901151229
285.39615362454856,198.63747202028327,30.235520171409306,36.29020110243525
284.9441586900476,198.46678708702564,30.150900772237392,36.27774724177496
285.6445611446191,198.15289976989683,29.821798169197677,35.87765986226375
285.61877676903777,198.41082619953562,29.34506289491504,36.273891906967734
285.8888952484444,199.7264711145896,29.50335965806639,36.82755597478391
286.16938571040026,199.49810542392956,29.32696330493598,37.07560338988424
285.9704590894888,200.53062384262327,29.62934161623027,38.063631823664494
286.33268688346607,201.42115197169335,29.704805515328776,39.14076169085274
285.4679759440574,200.33829010252745,30.30529654924971,39.42473871878393
286.05867037177484,198.81209155454263,30.47664906115608,39.68787971706267
286.21378039437417,197.89619547748123,30.59156547010221,40.56789204446979
284.8031470939399,199.64875640030587,30.575729615450168,40.1732003575486
285.1359658376879,200.30053920264731,30.34193574654769,40.61155373532462
285.2109108904773,199.96380568578707,30.530481667784827,40.44496539625812
285.2483921862485,198.48388167408797,30.906321479815418,40.01374841430575
285.3949438296839,198.41653856811678,30.93271653101406,39.925216163757774
285.84708732462684,197.4842398353006,30.72485778407642,40.39975666716555
285.23318449532775,196.07597512328473,30.858454230435292,40.13280041533089
286.0180785110061,195.8481597220163,30.41478163909911,40.73084337024023
285.72491766927453,196.35810519403853,30.226179577907708,41.66526271266332
286.09570802319973,195.5128087451382,30.336860951176877,41.7574912777823
285.3582046644655,196.8463799937096,30.526560966838368,40.75096272093702
285.46758961642365,197.66748021593304,30.568575203806986,39.72883024326596
285.45114337614416,196.76328460959348,30.61016868848349,38.50026233822416
285.9129438840134,196.75442797017197,30.34606530757872,38.46468583061877
285.7574022544836,197.09766992778356,30.139740786162765,38.5042556094447
286.5255832647152,197.05412468558924,29.807447797330717,38.468203968104895
286.9709599103283,196.46513467824872,30.052302361464633,37.65576672309086
286.7989553528749,195.61772185610124,29.83218133898093,38.28479550019307
286.02092443314206,196.0847394406659,29.60928339202083,38.20414429891736
286.6240054547717,195.8578025228823,28.95577004949796,39.113409762779526
286.0802789585827,194.33379081645504,29.042302494996655,39.18961684735837
285.58683326182904,196.8914594950554,29.043825329346177,39.21610015864111
286.12681618012095,198.85547783412792,29.228099923153273,38.472111780698796
286.05633116122635,198.6029377522758,29.440622497826947,38.29782729509819
286.47084862811175,198.52232843060818,29.838179606832615,38.093278212040985
286.05644196705,195.72465269253388,29.993969950792778,38.39307022926806
286.3920029767481,195.38252203396155,29.98621899761647,38.692976785538264
286.12414729156967,197.28659538727186,29.694582710370096,39.84954600741185
286.2830106176088,196.79229653747026,29.92332575938612,40.30840724079134
286.4292849914609,195.43021622948226,30.04615285527221,40.46500813351882
286.7015366664616,193.80069712357144,30.214686494657993,39.488533231008965
286.4451167864556,195.2993860767091,30.320539054744383,38.5748661562903
286.15856408338857,195.05835986046228,30.152872174155387,38.16444794028852
286.39119093831596,194.8881713803211,29.920023610407913,37.71645153170453
286.3884603303547,193.66103549725088,29.613664435587197,37.546960604375
286.72746554898737,193.73379118877133,29.38303864857177,37.98121481268221
286.7032550542064,193.67806514173762,29.19280427405704,38.349408081663675
286.78348195162266,193.52743315288728,29.09543858863926,39.27183950553071
286.7898407999125,193.65552549850173,29.216453805768754,39.656472694120794
286.277766174387,194.3454965461444,29.15457678970169,41.07644324518132
285.9626862031618,194.1426057341697,29.344464154124754,41.41006399128262
286.66388837401973,193.9092640390556,29.808007414658146,40.33395033819743
286.41378222320304,192.80994047585997,29.922436251157247,39.40714139665158
285.81824482457597,195.32018873985822,29.84438861472441,38.88332317471237
285.84545859862425,196.0344352209258,29.50445101394662,38.33024867018081
285.6732403341638,197.52125422059368,29.10873752594677,38.104680861627244
285.857610810048,196.74481930371803,28.965411826382613,38.19279270149893
286.76094161772954,196.85175332842732,28.602991157685196,38.347080837704986
285.84553879530034,195.7579823516198,28.568290750572135,38.14609023682258
285.998798570586,197.83343302603976,28.69522069032233,37.574999484531006
286.92694012423453,197.0479547464976,28.739396788155496,37.48961651322058
287.139278989744,197.9548032344655,28.44737093701611,37.72811724548436
286.97306712566115,197.92488235243053,28.32687214195755,38.52312891954987
286.4214289964143,193.40579982223844,28.65642020740032,37.69146367849004
287.7093552468093,192.54631627440375,28.753236031900354,37.62327628330169
287.6691247007105,192.48320059478036,29.057569396521775,37.54925725329258
287.6803230112339,192.37044805757495,29.29176475391341,37.5788859398662
287.06786366634253,190.9538222161235,29.512180849169386,37.31113627001621
287.3760248628873,190.66778181568225,29.58765436232555,38.02849500269183
287.631733696387,188.41705258317646,29.44990561736931,37.67122876584703
288.24360993758575,188.46003709697752,29.488809075860186,38.57728114814694
288.3970450345822,187.5923787727454,29.37659800015423,38.9223897167049
287.6411347324737,187.78840864130413,29.32870384376831,39.63795472125763
287.05955883946876,188.35681582797682,29.546503510717375,40.50736168608807
287.32759225609755,186.97050987061567,29.611883835180606,40.901101303291426
286.46588300645055,187.6290458266504,30.415406889419778,39.56863451723625
286.47684552447697,188.074220056165,30.126292483840913,38.80720517022861
285.9880665154237,189.05172376192357,29.680557998798196,38.15369910727071
286.34110476854596,188.78732752640002,29.743953770588966,36.916772660133
285.8425833722881,188.75314179037295,28.983616032703743,37.768212196476384
286.22962094823777,186.69979017083534,28.631130851210656,38.26533934912764
286.63431246957566,185.41813611779574,27.87780494486806,38.79007404215402
286.4701752193604,185.22964641489324,27.86690682058205,38.80042780746793
287.4019642901845,183.16950739893988,27.136379273600603,39.49702039883772
287.2623414853158,182.6982885251175,26.86236897684637,39.4521440034785
287.3236380976921,184.28627440732868,27.435999457777612,39.35184651893848
287.6309766883216,182.09788022805304,28.41713384501692,39.30568995495857
288.7815017794317,179.4578357359652,29.513097846326204,38.42668213453665
287.84824473239837,179.62528654206542,29.685662105811993,38.92352383577092
287.32729305705993,178.289792797287,29.855715751458582,39.61862872616796
288.08852507245206,177.09709119915152,30.073339321551323,40.32904248520114
288.02116077337394,178.20210109405753,30.5602163805538,40.7402482563502
288.18126333972396,175.84854884296226,30.258324777989387,41.27984868180741
288.68935408597156,176.18011555056268,30.127339460976142,41.787739492565215
288.32906913628676,174.23488821780145,30.22203277513939,42.03019074410848
288.92255839735816,173.43590842111848,30.859047657126943,41.905240616653536
288.25999768609563,173.37471196518277,30.841692692014036,41.367562688126206
287.79081612827855,174.37969661042024,30.8742123447607,42.03722595679727
288.7150909839975,172.820777470901,31.327230487686165,42.97472404795501
288.9569749437318,174.8404665748564,32.51336078113786,42.04562626658269
290.2230233261506,170.85247483881318,35.35723317889822,42.339407830124905
288.265273853615,173.63324432599282,35.51580924875871,41.88707241337206
287.4502404868717,174.30686245401586,35.79427945638538,41.64958613650311
286.828555920296,175.91344922657538,34.8475741547976,41.58892446399042
287.83522935344337,173.03439403124628,35.55344334319693,40.33542592775599
288.40487371006907,170.2446357733862,35.37687343367411,40.24019465785652
288.36330488344606,170.68069334926432,36.554422328248634,40.24746591110664
289.8752534417205,170.37295202107592,37.51883477183492,39.89092894753511
289.6003082736069,170.3862268028996,38.80947238043458,39.919288472476474
288.8036132441796,168.6730675535715,37.35931927458794,40.38351290107175
288.7711178547318,167.9245145885057,35.81765823962609,41.252927387749175
287.5425376103306,167.4598667596237,34.282251572951964,42.12314709565544
288.3947696854477,165.5561999908133,33.467991121636395,42.11059245433077
289.04810850387287,165.7873072127782,32.78592484669868,41.82789358882652
289.688843543503,165.67642611353784,32.300515753952865,41.84754669170667
290.06569541478336,164.82676912985346,31.990511395309056,41.608744659974974
289.69713338180776,165.66672989946747,31.929343688425696,41.43700440679594
288.79246911902726,166.9703116440611,31.946647617564064,41.111660647559276
289.21694361647803,165.6611333112051,31.763151111391863,40.6805849493996
289.434650285424,165.1626649468152,31.52041814078899,41.045334866137054
289.5723306994305,164.76220779961147,31.421595335650363,41.30550474785888
289.4965090835726,166.44571199977344,31.39812927591573,40.102451880564004
289.72058508499913,166.3152031470668,31.258956549505747,39.67356699800791
289.1083009853103,166.46207793223394,31.032877210547895,38.440907603626954
289.2995940912146,166.65748072118353,31.03450796240623,38.47851566688616
289.9794981397225,165.51896991020408,30.615553528255255,39.60738999725717
290.4315473070432,166.17660452471316,30.481949871323792,39.885881424917564
290.2076948048433,165.83814616962,30.291373154792076,40.42648849609624
290.6357007449985,162.6363900327509,30.713407402233052,41.31562520652418
291.0825277806254,161.81512288897147,30.79790610221025,41.95608250311432
290.76976903804587,161.55911053980586,30.538450323378534,41.980616435556286
290.6915393684254,163.1586736628817,30.27321546682229,41.854354457361396
291.14070273446515,163.3251383498539,29.88982300513585,41.51855294609871
290.6361476870229,161.85689345187632,29.84944175818734,41.2822366139801
290.70453850904835,162.0580593165761,28.892997768957038,42.80285486300214
290.63124769141626,163.04032225398745,28.778996947129095,43.36040348566068
289.98184704272114,161.46011700269165,28.892217744227953,44.06632656135758
290.94524806773086,159.3795805135282,30.016045491178662,44.015805919767885
291.28530669494893,158.0050257787167,30.811334789672276,44.24456234151848
289.1630103218952,159.6468086676458,29.859333027362634,43.03217197862504
290.0867391520186,162.89203461357374,30.549726198449797,41.76450089090518
290.6854749315105,161.07018526427285,30.872243812031666,41.110643980182545
288.9820427734368,166.7092590174897,31.236245392665854,39.22042909374739
289.3834936114332,164.58792722148118,31.278900318683483,39.846082235635166
289.5542372851445,163.78501513888827,31.312800509327722,40.36607046700765
289.9117616065268,161.61390303426933,31.393682777596545,40.86049845601779
289.68698047404143,161.16791850547855,31.407597083678095,40.53413279108428
290.6193066409637,165.52758836141115,31.95062898555136,38.99047152604299
289.73998454712745,164.23994662391414,31.67802657145926,38.793877182959804
289.62380997319906,160.69223968890287,31.220737347805855,39.17058597133274
290.55532675106065,159.38882856804108,30.710101665216477,39.57330487326039
291.00482639098334,157.16883396127162,30.513575825081634,40.15441226018638
290.96441909948084,157.19069464673854,30.458974540295884,41.44540475958341
290.5045244781204,157.8119144166165,31.169025698650003,40.96714446046843
290.6696796782627,157.5701512747154,30.921389284697593,42.28974555597681
290.6427958471578,156.45721235630032,31.42575841270872,42.4530340078323
290.26452860471977,157.39550018779767,31.68451700762808,42.79140637289518
290.33648919427594,155.3899648432504,32.305701510199405,41.72679024531446
290.4051103583838,155.00934249824752,32.22748453998663,41.70166781408854
290.1488850572723,154.30020257381702,32.4316344431419,40.91902655200643
290.9240718919562,154.385952836451,32.17631834076608,41.97922577514271
290.3711881666866,154.17669615150126,32.301411932042036,41.83371007250181
289.8546608082199,153.85361786536322,32.418343687722285,41.659234477182466
289.4178944224134,153.08616576340356,32.43389446424633,41.993394044305425
289.5878061601602,153.01896772193544,32.202866936108165,43.00706368502261
289.7207556884624,152.7459932650321,31.98079123578526,44.01922920764473
290.3151107874733,152.96950804016845,31.857092237510887,44.77559711598208
289.88231801891703,151.9170911377725,32.17688476334417,43.937358376974856
290.0398531892668,152.10742406200254,31.994503418290194,44.229348601214205
289.61005684827154,150.11627176772836,32.35349521605552,42.55230148530371
289.7831343251355,150.2989773547941,32.41430770896626,41.796137632642754
289.38755759149865,150.41744915376714,32.215112443410035,42.11125977642164
290.03619685509875,150.47925220720913,31.57381613327917,42.672993263275686
289.3608191812204,150.25236808534115,31.288674095930105,43.33445264227025
289.3478286850983,150.88154822152978,31.035750481001664,43.907896051361895
289.22448765949736,150.01611164256838,31.450641018652483,42.89272790545261
288.78796493453075,150.06834397178756,31.4322432568639,42.67805056301207
288.17433872534457,150.5263076559794,31.005289450329304,42.64026122857397
288.0431838262633,150.79573828614005,29.772268054703435,42.651955730672924
289.18408712145447,150.1797194198629,29.380260687299206,42.741476243928126
289.6133609096493,149.86943680245918,29.10403026858102,42.9827686724516
288.7229393637716,150.25034309497354,29.170587879233906,43.84245312677508
289.0219628289321,151.53070052592375,30.453894289367028,43.516748088459714
288.79457964033725,150.8297241112419,30.964955034854263,44.47391432458931
288.9374242398406,149.96491080478353,32.00481061998413,44.25204717678292
288.77790012008256,153.10161672223603,32.87212718108893,43.833569046960655
288.3787895278934,154.64629275683026,33.56709387368892,42.785029483021425
288.3802815938369,151.74136019650084,33.69493783317674,42.875532265423935
288.0214355997689,153.47008243654108,34.0143401409303,43.28860011649308
288.31253828231576,149.18978932018717,33.73742279805618,43.7857561627558
288.6803959529877,148.94145934707151,32.789867997772284,44.88020509881192
289.0240058106049,147.17554246684628,32.46915281231638,45.22623785292727
289.1771119429649,146.3701285326522,32.265494584083804,45.63416011219465
288.6084090011087,147.84076739242434,32.57141094492164,45.22607636962279
288.4936328873844,148.36414293377564,32.32107420644737,44.70589561480454
288.20194049278535,147.8557378273647,31.759665004450184,45.13370095352716
287.4435776391489,147.67295374410185,31.225476785186842,45.28327723912352
287.37041602890696,146.42104934563574,31.072962431645394,44.737450532523994
287.79465927842796,148.12010673866422,30.704899541710372,44.24242412199138
286.83489706909285,146.29325972491517,30.27416508200796,43.85893855553796
287.53719983985684,146.18606250271307,29.661363022627125,43.84542520234541
287.8362148492813,147.14309602286133,29.840400051402575,43.42122280229238
287.2928702430255,148.18373223497832,30.08551849075076,43.517506002970336
286.78885585717995,147.12204630895465,30.16315518401596,43.437823455684736
286.17291453574006,146.94456515212096,29.951937845919677,43.75624342665719
286.70719656598254,148.5989861485786,30.664951291433,43.48895531399319
286.4962130908957,144.74224835767944,31.8359431365026,42.12788116861864
286.67496535614407,147.53419240387518,31.286835688738325,43.008355874831565
286.56905976384604,146.74633787231153,31.766313351811814,44.24803609583511
283.8824725125854,150.70095404488103,31.5903939680702,44.06306557284344
283.95882575345803,148.1809062558662,32.13187505829442,43.47293475315125
286.9396573626335,144.15440752001416,32.18724739336088,44.42691215782876
284.06184506193614,149.79036940560323,31.748345502589753,45.83613806060286
284.9180595228489,145.9039118514071,34.074264620222664,44.74154794627768
293.2357662121911,134.68052028033023,37.03893805327508,45.580758023521526
297.08301975909575,130.49509938719274,40.600952829952206,44.21093405830584
296.1003937813912,129.23964705557273,42.98016276447499,44.35926931344741
297.71440462442155,129.42896226818448,46.999409327269106,43.93809894356142
300.2765619976851,129.9729046149263,49.80445244870076,44.606655416765996
299.2404270460334,127.18067811499056,50.26196625109454,48.88470513770947
295.988235652955,128.52943031304397,51.5741649532531,50.70679861277229
294.38598683229645,130.7416291294222,52.04965050747348,49.60861189880804
292.9101244921489,131.03509640148675,50.99376097124925,49.40368639892277
292.0406654650324,133.20272356747415,50.2203282899241,52.35273057301444
294.7928349950801,130.48668555955925,50.75955199340332,55.81268800812107
291.87565710676137,130.25952606325023,52.55064345658714,57.87857795123087
286.6449289007226,133.87315779934252,53.870755214501855,59.18862232810175
286.00893413801646,134.50739340766884,54.76112370591061,59.817626462263085
284.6337211177662,135.24014198472398,54.78040501567703,60.505585513884185
282.4780355305195,136.0372541915891,53.35955103272513,60.556237841103524
281.7275657792611,133.19881076300354,52.62793987899907,61.53955507439413
280.0504868751111,136.61709422603127,52.18047948716676,60.69045149034274
279.5107143638585,137.21741485297093,54.60674575083995,60.231264113132106
277.715078613833,140.1964480723045,55.79354603631919,58.68982957327172
279.1879774611388,140.72754449722999,56.6368251861788,57.95091389978726
280.195806722558,139.46187912905538,56.81381542835757,59.30746410870238
277.7402094080538,139.48544728300615,57.62826224168132,60.86673540952298
275.4728570066865,139.1541496967422,54.85070279779878,62.277585810803416
274.55054140834727,137.86254186767042,51.45690834260701,63.51951525877031
276.1477737244034,135.82272757532235,50.8546045763494,63.81444471641651
278.30963583758,136.962671928989,51.802758243930185,64.07350077423797
274.64386622128734,137.96459364181683,49.80264482647151,62.61223362699503
275.86382792136504,135.47436277836982,49.30945517609209,63.328114814480806
276.56638968472544,133.04340314437766,48.49466445040907,64.1491346667212
276.20969320029104,133.8008726218185,47.8691004331011,64.43289414433714
274.4238240073212,136.78436412683442,47.63481595058046,63.97797906031333
274.2850060495937,137.45229857334365,46.76930583064725,62.744241170109866
274.24773078966854,139.10746815085145,46.67001555653529,60.34392112234289
273.69523431415723,138.74947032001506,44.7712751899634,59.74244061950805
273.9531522798156,139.97500836748168,42.811249459331684,57.873933280377926
274.4592612558295,144.6740307769712,40.90091063958242,55.566922065470166
274.85685615332505,142.69913129262517,40.15046184938571,54.23793109815297
275.95474656740805,141.16344172261492,38.53208067725628,53.11467925224516
275.86521893708925,143.97155421035995,37.28929370156567,52.64518447212009
277.0715395423033,141.0897756879736,37.27044413595636,51.693949918983705
277.9593741726496,140.1418997440778,38.36926475784709,51.50697578643111
275.8202363472365,143.60800089455412,37.98108910255346,50.93300907643387
275.7846116929672,142.65380634760302,36.51072266618715,50.171562915153906
275.35479988490306,143.6405830309762,35.076323212153895,49.30868882171954
275.1442319867776,145.28703320559484,33.03749189088264,49.844485960066095
275.5864974878217,144.673646422006,32.52245660214577,48.621389193103504
276.6659135551736,145.21390806364343,32.171667018228135,48.442614684208834
275.8510705272513,143.69590436082964,32.21780870790689,48.42388653998988
277.78646862818493,141.7849112599597,32.40739259455697,49.12967237480887
279.1466918680848,138.13494892349902,33.213270403953466,49.763978090351614
279.49434792951683,135.31369584617423,33.60360198731664,51.68284560635079
278.15779321911424,137.37864420637686,33.848645130520495,52.007573228239515
277.454915140232,141.82439173709264,34.53950650008181,51.5577291486587
277.326220740456,143.5891393638575,34.89116942977059,50.66860436787757
276.4834694129948,145.63594449052584,33.839456946408866,50.53786792258261
276.489947167902,147.80728347749894,32.77050248605816,49.969063816399434
274.96897449160736,145.23312133945467,32.566007453418436,48.657882641612744
275.2815406304672,145.78336519299995,31.15210366336943,49.60841159278911
275.7850312519381,145.19471018423417,30.99789821871186,48.60023563200025
276.3055075781849,146.74143420823592,31.365019824379534,47.79130024841953
277.2995145535301,147.2066571938765,31.737700146293196,46.839157382407784
277.12639824765955,146.24158532450224,31.924056548683293,46.755856512293214
276.4502084811999,147.56463609209192,31.57188347198584,47.11774539833564
275.7694417003828,148.96387773047286,31.422784233180327,47.384539089975775
275.81063530504446,148.66495571732952,30.852314079688895,47.27590544440713
275.28631183534276,146.97695634206946,29.906961949981508,47.47368732779923
275.6511751988448,146.86738300901152,30.14304384699287,47.67226541751363
275.6583954438406,145.30195050104575,30.229189271569275,48.37011253288601
275.94850876966177,145.65150962753856,29.961492306513442,50.14382912764904
277.77477451759205,139.31036875043964,30.604829208819353,52.04946357814666
278.7369255784272,136.70578729639638,31.58708082477995,53.043565805350696
277.6884041552982,138.36545781760745,32.41667177057316,54.93292647098512
277.0158117889489,140.86077741760482,33.27590259989999,53.684135058880784
276.14086520178864,140.044329579291,33.81214486311266,53.034879822743406
276.48847020716556,141.97964714802592,34.071305413268774,53.443842081601005
274.7173261441447,145.6988319480126,34.94959508077258,52.47545528783879
276.0002807791645,144.40002808208874,34.23823881654404,52.756973728161604
275.1373820126556,144.60759519624895,34.14814066235744,51.83389317990943
277.17833340608587,143.14888584683513,33.62164154507013,51.18674477778136
277.1222110382732,143.176622556189,33.232624415217906,50.744123190011564
277.09058137199764,144.70989303068356,32.88206264848131,50.80218654597684
278.52558265951427,142.95706098097332,32.71385861642116,49.43207891534709
279.2948072020999,142.29009694900805,32.808169479900926,49.4588839424288
277.62179821622385,142.31407454328985,33.79511498328306,49.40129686636615
278.3361792223196,140.71668525010233,34.15478618404614,50.6628607469567
279.19680028894703,141.27640162909802,34.090506367475015,51.713058076359324
276.03952041449634,144.95134422427034,33.89258351156906,51.402998068914336
275.85038206232423,148.00441387298258,33.886318616983374,51.36190473270373
276.25432542524646,148.67035290000953,34.33790311178955,50.60518019342366
275.74232276796516,147.23893980444097,34.592334248487674,49.04582949662901
276.936289704796,143.61212793351513,34.689236540592006,48.85894439276895
277.3589812891135,144.29521769735575,34.88000277162362,47.44029695152285
275.0334644175845,145.24278859655374,33.70758975733217,48.01486319730684
275.5133820894409,145.5757855515105,33.25659627780081,49.42628566813518
275.6644772259978,144.64853852303952,33.52073609496371,50.83700112222979
275.96857906524565,145.61546510670107,34.2736925649496,51.452589152495406
277.05115685188196,144.67734000617287,35.08725406988988,52.35043672250019
275.63559423905673,145.77252087340833,36.22070840407419,51.47314440295999
276.4180680451528,140.1440146828597,37.034167664268416,53.258887190349135
276.9036091271869,141.71770202221293,37.56481721731535,53.92817451248281
275.1694978655378,141.95509616723666,35.885108410691416,53.75629442873229
276.5471835904305,141.91974070104231,35.28874366137688,54.182589790977744
274.90009590638044,145.06986607022623,34.85351530271893,54.508757700451426
273.5292981887854,147.7207056911559,34.68565433676622,52.917374709650204
275.30839411453076,147.8739017069933,33.69053180977981,52.67341492487305
276.057713828112,148.61904037584623,34.249475485781645,50.500462594591355
277.6206099898499,145.4379078722925,33.5054987787954,49.918517208532734
278.15096485518063,147.59220699148568,34.03437399207212,48.643980732361925
277.46900404663285,148.70176788025992,35.034334419238895,47.42158559412158
276.9022946843604,149.8957086954793,35.41700326166881,46.7548047459648
277.13812551859354,147.7978818027351,35.12399840001064,47.60005090975554
278.5578178921746,141.49832636715814,34.55602130392886,49.78034299769306
276.1863544258552,147.24424100919674,34.077335694208095,49.86149906851928
275.432048209336,148.67351565274794,33.90168056110356,48.961726986318325
274.8613407389086,148.7322032596821,33.056739757084316,48.88626110751496
275.4480024570497,147.50175929407476,33.0239229114624,48.74256215670766
276.3166175233984,148.56731991591096,33.018382955676564,48.55996883770487
275.4790597856501,148.86127807456404,32.41801068433139,47.77244336804108
275.61225637731934,149.33796640582938,31.349891996433563,46.8344929644917
275.39072177261414,149.84189976008153,31.26757674339276,45.62517548099721
274.9270663788909,149.18057405070678,30.916174939511613,44.47757953270368
276.0989570945171,149.21045092125047,30.3031842598826,43.4141035862567
276.0017030253923,149.1112179400186,30.046470338498956,43.844552189012006
275.2543513919078,148.4927684601148,30.378626644013796,41.73275607712441
275.85732693289197,147.9612389846233,30.3802831942117,40.29683026717898
275.20409357016365,148.3235148452071,29.734186711148183,40.45294401374993
276.04151299386683,149.3117297178952,29.355068123338025,40.56624474933757
276.1626484259819,150.0177680449096,29.257075749661972,40.46426288764732
276.113438378704,149.703525996674,29.233599546624546,40.91031689538038
275.77145844201914,149.6346546848269,29.249796038217383,41.31274571158222
275.9372289756318,149.53207149950543,29.326623253703957,41.33868963455058
274.8844704447008,148.8669082894811,29.54833879422583,40.91392372888829
275.371605057793,149.593560653714,29.498301679651583,41.42126011570414
274.96306625561084,149.33438114811682,29.5704323192182,41.905877156713686
275.4121879734229,149.732557218827,29.46417610066505,42.63944667773393
274.98857194738156,148.42827424179137,29.044417542877937,43.1352857728137
275.30022394252546,149.70565959218115,28.527135761555243,44.20233548778328
275.15735886501466,150.40730655470145,28.76677920999571,44.206069583406915
276.1865483130276,149.66705754326836,29.630467718800112,43.94880178220686
276.1635111617504,148.5756162613714,30.19978048394372,43.95686529569508
276.18551369653784,148.74086161141966,30.52629982429903,42.941514731121586
274.9911585480212,151.67820858326166,29.635371464720187,42.965826520765056
275.0197754284648,150.21223854926265,29.25073886832874,43.12714770021269
274.9857098728257,151.80723840802432,29.227495007560886,43.65751702808017
275.215780238331,151.443782855574,30.304233233251992,42.85094762551833
274.2058591086211,151.6955275098906,30.150783753537674,42.4865993588407
276.2340387922189,152.8054376842912,30.86316713620196,42.23519044413964
275.73614065039,151.2069078867778,30.898525768415254,41.86763799983787
275.44568298128803,151.81334253382772,30.4356687580564,42.424173410433966
276.0726064730854,149.85050391888876,30.488051074331224,42.56369661612726
277.1834180545255,149.170636139316,30.17070603740505,43.0681364729461
276.0357273305918,150.7977901820454,29.634981378592432,44.347030218957585
276.2207534744662,151.06644959928184,30.02332454607518,45.11643532329518
274.97717579407015,150.46688439986679,30.04039853686597,45.391086568665756
275.2663859007107,152.06162051915896,30.184626292800715,45.30554266235869
275.58712116092227,150.88652872870685,30.612881736252575,44.17292443942757
276.081529423276,150.21037939759282,30.336322151748767,43.63075259095828
275.596659636052,149.78597105392788,30.017861345696645,43.45337386086785
275.27886327773444,150.78114231573457,29.74024149084181,44.01281310132533
275.8572447449228,150.45789726422277,29.507627593262676,45.760316978090955
275.90379980849076,150.223027187447,29.79797044047663,46.757678355069096
275.3938236375534,149.22733904750353,29.87966747124095,47.40581917780816
275.8955671612648,148.98754429089928,30.449958190783548,47.03527573127973
275.83955357377897,148.6463605373281,30.7208001589532,46.78779321683704
275.92472269578013,149.7782904660043,30.444425455115336,47.41452997715751
275.45364910523745,149.99733316751946,30.75449191656339,47.753602889495426
275.4924944653332,149.27065828479,31.267405361859915,47.58578280177579
275.38055787402726,150.34916197160405,31.640728048396902,48.11682637725924
275.41371640477877,151.31018160951652,31.768617905245378,48.345187624428796
274.75022332172136,150.17596641035757,31.956773251000264,48.35209790756179
275.5706679305848,150.30005159565783,31.892002304502746,48.40671843592797
275.4145813114329,153.15261058013306,32.1358538896715,47.10554069426758
275.7937584486968,151.4406960524162,31.836021629637145,46.08478126793413
276.0022946563469,150.89772366260678,31.59383232408956,46.608257571363865
275.7340498544408,149.10487844052815,31.831508395768775,46.302669915188446
275.5307740426159,149.43701032564744,31.544507429884536,46.656680023253394
275.7740973535608,149.0694360612205,31.341772903826094,47.005940305712485
277.1719710862096,145.83512195277075,31.552957581102866,44.79212127054475
276.78215592317514,148.19958830014198,31.388781672269168,44.93496065755653
277.2647636921729,145.94827813689656,31.2847263203491,44.92327340090476
277.1277617850102,146.77556891386442,31.095670246283394,45.64451173384833
276.39661007938827,146.10804225661713,31.31136863124955,44.86549548252617
276.03379442166175,147.4994987733043,30.81945255179364,46.202649911130365
277.37372265269283,145.5451429620636,31.458375561575046,45.788541739131716
276.04090601506635,147.03036612488697,31.445419774085778,45.50933777969825
276.7626531243729,148.88022143788268,31.27672208087562,44.12740407228718
276.5925826236668,151.14511909414082,30.090998840550995,45.06173394420989
276.67966138302756,151.85489201085932,29.2929038983542,45.66288891096973
276.6949888738687,150.05398978783768,29.34224896232207,44.349412133363415
277.2536823891815,150.76470199428962,28.72898441056397,44.60112874599569
276.83943098670534,149.77776963749284,28.519336486097675,44.07285205767043
277.28725810311846,152.13022923946895,28.61536529997695,43.81711217971445
276.3343197725443,153.64308163322215,28.334212890393758,43.87791944264393
276.50854573468513,152.26441192824782,28.579281173657087,43.07039834720704
276.6857414930661,151.53732575129084,28.689155746946028,41.96039470706954
276.6883675859189,149.13727816027583,28.432268193260175,40.92447298239228
276.9494113742683,147.8243868496651,28.51132033428452,41.71381078562863
276.6935001940729,146.95483660195333,28.780227040124768,42.38584935051843
276.8936272121646,146.55891121825087,29.360441064162178,42.299961357069186
276.6829790214795,147.09845273087208,29.588575442005247,41.25461544297682
277.02499113873534,147.19937306027333,29.434814012631428,41.38264822304652
277.69323381770425,146.89612334374678,29.566250919189812,41.02928103868695
277.6294595787888,147.00665262333632,29.647325096514418,40.549279288529036
278.3924741675822,145.9450787997263,30.056734385050195,40.16256629980292
277.4573310168836,148.79433101472756,29.514813011841042,40.998208301396495
277.53876645446036,148.7103490019165,29.70379889748402,41.06394882971946
277.2000989184741,148.265599837637,29.591706035053544,41.9668697045081
276.85180709570017,148.64421817620985,29.136258626845574,44.504974781164144
277.263613903324,149.07300545398442,28.921877906357917,45.61598725476452
276.4497918564035,149.54531367913862,28.675900312978087,46.65429964173578
277.575711783402,148.24905825254413,29.143219755354867,46.10675364118539
276.84695524477013,148.41744346231593,28.75180656201022,46.73998042201892
276.8819353010574,148.64311662247556,29.05411463201472,46.99207350039401
276.8464760079785,147.12756605612645,29.943872476047922,45.77309585706802
277.25867526483717,147.78020174077707,30.126151255293518,44.72833990844158
276.90886192553415,147.06116510938762,29.68598964591091,43.91869224588756
277.16662533330816,146.93183943360307,29.4685905950288,42.59423623884428
277.9552210721294,147.12232809384096,28.91743475850242,42.176814947023495
276.8919730747333,147.79304224464786,28.878162356436096,41.35159929570682
276.8525226387118,148.90308731438,28.53235867636515,40.51234052356052
276.54889753086485,148.95213042885888,28.30824598203592,40.49155650522939
277.5769315705643,148.84300830181172,28.34038560042138,40.74040126563264
277.48673501763574,148.6447050828401,28.677400476189806,40.474766296127264
277.28118553581885,149.3401318446699,28.723537010289267,40.91114112235516
276.7059020199758,148.44078774769847,29.122561964575443,40.156121234994885
276.7416456551428,149.99168259518788,28.371666140745518,40.57199362633624
277.32820874815786,151.85326491648053,27.94256118569986,40.97260258937279
276.6863259391354,152.36488628183974,27.15051331700077,42.595578069319075
277.4634698288325,148.3753122684505,27.550927936149677,42.35119327068382
277.08967287817666,149.35877692582565,27.376424847561218,41.88241971758081
277.3873616920436,148.7379549248552,27.526630021842045,41.290298516230806
276.9074428573837,149.288808128007,27.713584627497617,41.27019793352985
276.93234363357993,149.44621966839665,27.921295519262422,41.29459657848006
277.14337659022885,148.57974672375872,28.3024177674519,40.95785326409316
276.5727029782614,150.24189211903882,28.048381782917435,41.87444560157668
276.9285855634216,149.3641465028948,28.422566636201733,41.65125972358389
275.9515323015881,149.86287603491928,28.22090484849428,40.8591088340621
276.6260859393876,148.3681824649268,28.37889156067913,40.651816278067
277.1709022677341,148.84863922026597,28.507875072355773,41.03297431806564
277.1957700443973,149.038753794318,28.61889965008464,41.166845987892984
276.57353570250507,148.5243540127222,28.718156678138605,41.371452070342954
277.27433610978943,147.90371672658586,29.049134834124487,41.57783998444309
276.2190277116513,150.14426084857345,29.95354810759881,40.69794540893083
276.42582742875663,149.67137931072133,30.14208165397308,39.962236901050055
276.05787593681333,151.49769321777214,29.92905850907117,39.170309927014166
275.4071844389401,150.96003953156125,29.250062742990266,39.45323012728602
275.4124835836125,152.2201808215177,28.426932080109495,40.09443527536463
275.3618800638351,153.49194447899177,28.07173476205666,40.16829959136857
276.38352173718783,151.131485417433,27.67142063010436,40.784821435706014
276.8355158216161,149.9877134509872,27.289278967249654,40.627828927508205
277.4029563361057,149.67576104319136,27.268806664839545,40.61684813318041
276.4530857932217,151.33310027200596,26.931947772687703,41.342642238392
277.3001710970749,149.89999119417791,27.253287032152254,40.49136224155704
276.44890628412276,151.22311124051743,26.976994474836232,40.50062542123531
276.674321216847,151.2500538143652,27.009295886941697,40.22570032061741
276.44707608008144,150.82751523236738,27.02357867288257,40.158343034498124
277.4964790598138,151.4746840989108,27.28162092689142,41.34545106820751
276.76769237269235,151.93060663448972,27.388001549873465,40.98560896144481
276.7007629370352,154.5365750240395,27.92446398095616,40.37840275673248
275.77271557249514,153.77857515519338,28.128352650418787,40.34507208819291
275.95687170431495,153.09412231321798,28.29050550531477,39.86287014751322
275.5533320947218,152.46206782713966,28.21289018708233,40.030707372004684
275.54176955696255,153.35416972728441,28.323775958362557,38.90052547904439
276.0002337922798,155.2017899138385,28.222890465328398,39.00919135835958
276.1533868125388,153.48471866190584,28.001012215638784,39.815261845248244
275.74512745893725,152.72508430867921,28.059097172162176,39.48491406652551
276.03645395228205,154.46700620469434,28.15463329947176,40.29111776458541
276.68129637670097,153.19437589169877,28.08718076011848,40.46085528433696
276.63510565841796,153.22895113173774,28.565682017856147,39.277201970910156
277.24486842876905,153.40048152241965,28.34879304203902,40.20322191511401
277.33254038846366,152.3742071540661,28.258731340757063,41.60922751541642
277.2468252380414,152.3839235893343,28.69926642325329,42.01425065046261
276.1534035759947,152.55022698601385,28.921817369698225,42.35406760072714
276.6550303210761,152.69715874649452,29.420392632678535,42.318741355275854
277.3361547799907,151.23085238774414,29.855542136744884,42.79087971883538
275.67628071115456,152.10116759479075,29.585783150472373,43.674471310519934
276.0209073768262,151.83256527430072,30.31916184417627,45.56518254494078
274.9952920219554,151.78674432717162,31.05131236249489,46.923591990875124
275.5128314840292,150.98329130531542,32.1734711099033,47.337572679948664
274.84447645085953,150.48075784279177,31.631320127134586,48.97342503716388
274.12873024153083,151.84207068724882,31.362711972785497,48.76848540176404
274.3793939700755,152.57546429999616,31.702906488357556,47.21113352508083
273.9353294107799,154.96296422630414,31.869833733892065,45.826767657586636
273.6071743849019,155.8921110707959,31.49363157515625,45.119519350215775
275.6312046343735,154.36429905343326,30.175208400024992,45.595278332582325
275.49467494042887,154.48534990585154,30.014866231784566,45.46028006156883
275.66064574744973,154.4638130148681,29.71078583321627,45.77515996416947
276.31942482530553,153.29310166405642,29.595423994571036,45.500350651451186
276.60077117735887,153.41606893109937,30.014450049757457,44.66204844789945
276.0665674447804,153.60983207104536,29.59753159360182,44.121859032433235
276.4571395826466,154.0536208519415,29.402337785519773,43.864279558562984
276.6221559945734,154.8337202153403,29.08886547067916,44.306139501182585
276.82021750932375,155.43121169046262,29.06457825383359,44.70862529899233
276.7307813089241,154.29218493040082,29.11993055898388,44.130088764497415
276.19475538532504,155.94493938878776,29.253475647383624,43.405157177273495
276.5121505772714,155.12484309890104,28.916392817245672,43.15871231652197
276.6139011683298,157.37167978068092,29.040193037603842,42.925507806739695
276.1416687655021,154.6319527667524,28.916273259315112,42.43432901740884
276.4195284412505,154.44998494891027,29.098641721554248,42.25611392130416
294.4656104021613,126.1011942917672,30.031971984667482,41.31210691413497
298.01886876846436,125.43121827727575,32.724443025048515,39.93154123383077
297.74448786464643,124.15773277658646,34.813729217646994,39.88469626633574
298.1461717858672,125.96101541085642,35.46593700773548,40.563908678484594
299.22405672967693,120.45844872105275,35.92624913228329,44.63038520467796
298.7922237988009,113.22280893557725,37.13874106626369,48.229452944590584
299.52053890822214,109.06707417618705,38.384212366281055,49.694456202195326
300.6356905546904,107.14981966422079,39.21096511586643,51.03733885349858
300.3267225349937,109.69572069467552,40.40890588135989,53.83150742691883
298.53839646034186,110.12436160620635,41.591816550022045,56.41004872212881
297.47448675398437,114.6999328904985,44.08812508313045,57.01802228136818
297.21160998105813,117.67916743583791,46.04821025834873,56.70143055200106
297.22382119727547,120.71317199974405,47.52100033778157,56.86230850648166
291.6994760630902,127.46589865358969,47.87758131156835,58.52582737889585
287.43063890762045,134.6801734376,49.84180694167402,58.909569561088986
288.5861682879158,137.14299108622114,48.81876037933132,59.078195566861574
283.65534416563855,141.70642310540933,51.144022890241956,56.92210439608273
281.000857765609,142.20549366216227,52.417632933961144,56.80585685457551
282.23559028151305,140.64083180113667,53.48145795720661,57.515673678343525
285.0714633636411,137.68471390894342,52.630294305129446,60.83060394215677
285.5376600559049,138.02511079802636,53.7388488919392,61.29312274971959
287.5330031537873,137.73601391323695,54.50118524832206,58.98091041371058
287.20434830779607,143.20301976937856,55.22447544944113,55.5328195116829
286.34794755510467,144.75064761329426,55.31860320418995,53.62639514941545
282.26523489524374,145.56489407334888,54.297622281476606,52.471378346092436
280.9950860910131,144.88689833081077,53.00976753894281,53.534169220016146
283.4648993128262,143.16229979132896,53.82188796648951,52.95915548575689
281.8363086350379,139.67034840402914,53.97304790987078,56.527584864291185
292.86866982793276,125.1751115914776,55.62328522257563,59.99069426401062
295.6667308200038,121.52134980175245,54.63358559226369,62.05392130734613
296.93170918747006,121.54726664533845,53.682088455277686,63.04873289785059
293.0761146350274,119.20226234739641,52.80586856744537,60.63572237405701
293.0503886828683,121.36426402133517,52.32213585156397,57.793661473119926
292.2279978100153,121.77918769165262,51.78824942764005,55.64194118395477
290.935084715505,120.50879233124539,50.76530957852735,54.223871919577164
290.55126303568017,122.0573689765055,50.32742589529377,54.60499555758873
289.0244772756986,121.44356153674885,51.142081605172095,55.39680907877399
287.30458186366576,119.48034368863543,52.14322103142656,56.43689485586766
286.5040604110098,120.1055971737103,52.664213080776655,58.0131825442934
286.3176233860252,118.65387699673006,53.68259812585498,58.741983381791236
286.50069191006395,116.50261176687876,54.67023649428276,58.580967798128455
283.59438723309114,119.34046502535904,52.933575940859114,62.33757120884114
281.647674426843,122.23231727613563,51.71079230093355,65.9900568117878
276.9923368941068,125.46333790587751,48.84252159066101,69.33412012982492
276.68821625721733,131.46418415803362,45.88606580943522,70.59871144089357
276.6267919672006,128.96527691859626,43.08045623531795,71.42052815662899
277.21979758835994,131.07143262227873,42.644609815956656,70.6764400735988
279.0681358744345,129.1507244269901,42.37880404560766,70.35844043988851
280.7720094899182,124.18796701147335,42.3064364159799,70.74706638300154
285.49734124351687,111.54864696050088,47.88334702115907,64.78773831778997
286.2266332448595,112.82044081738447,51.08705161826936,60.95684354979093
288.66550403841256,108.65898478310658,51.920865741972705,58.62209832904172
290.5510731820977,105.14627197635261,51.07351814956141,59.0152664005177
292.7464539621847,101.96617339490251,49.19303886605085,60.52132114190675
293.44467993631577,104.84954171123917,48.80327995150541,61.791246517855356
293.45516624735615,110.09262174317135,48.76344149893606,61.90354126167643
293.62319186804734,116.32000895909289,48.79079389611479,60.677198298485806
