263.0,157.0,272.0,340.0
276.12135294522886,163.51674553747569,275.37427355638147,346.77099672978954
275.3970037595501,170.8048408946912,275.19460692935724,353.50815814939915
276.6168362434109,172.7392127347629,276.40901597473373,354.11626485756545
278.37950899329553,181.44015860173084,276.05903006038477,355.6467984782645
286.213358463458,181.3632738493584,276.82775321295816,351.80890645949614
291.2221466189512,188.41026639534323,277.6522086841627,354.907725630296
293.7647294814388,207.86346420638273,275.6453702797287,354.9410796666889
296.7170697125322,220.07218097568622,275.9353946200387,355.04965072106546
295.486116221169,221.69058549543652,277.44493854688983,355.5560136129429
300.3779891721143,228.9352355203,276.5510033223957,354.94587168951216
309.40968443445325,228.80915720460084,277.2028260043671,354.42976150688656
309.37947738891864,227.23762804081105,275.5102365536213,355.62408496633725
306.95071558374605,226.43704232306047,273.7859289474481,355.9146510404319
304.4039126159761,224.36913876484334,271.29503696778,355.17183794569996
302.1986178538265,218.07185878129997,272.07308388503503,356.30886309640255
304.4329558515381,219.28517909796034,271.12877969834176,359.9147022628904
302.0138602584808,219.64707141514901,272.859077074557,362.3654421163021
302.6002858477277,221.3793352361102,272.520405775594,362.6868846370934
301.6685499612878,218.44687681659923,269.6563718193415,360.98921587294103
302.61981102793294,210.17384527844914,269.369812163607,358.97747573755083
298.90695689560334,204.99805816691625,268.8390423560725,358.8064142298501
296.22627229949444,206.06825721297466,268.35418050179806,359.9812534743241
289.8185624440229,203.94213309167614,269.24630629200806,360.8308932707244
283.4359364327007,205.8482972670498,268.13041574932777,360.918767659083
283.3656353978258,207.7740884497672,267.9842418976363,358.53285351899456
281.14207654215625,208.54306349697836,266.97383140644325,358.8679479152867
278.94284699337766,213.74157689377054,267.300530681965,359.0887958959343
276.81173438645374,217.1259493321369,267.36634066112,360.8747609245061
277.4317728884918,214.70466779986805,266.98833206842596,361.78391868929987
278.3837682136486,204.92698499126294,268.3469726535568,364.0044548465414
280.3565623056941,207.3789206540211,266.9695647819242,363.3619571456304
278.18822762905745,195.0296076523622,266.8787311015016,361.970512337561
272.8296360431293,182.55056081872146,266.36332221260324,363.73114876025727
267.7520637382569,173.51790792361624,265.42692893621114,363.63468997213226
264.83712981300533,169.55161979723812,264.1825576710304,366.0870907732184
254.12703586388187,168.84961071546587,264.5973449249618,368.72569845987175
250.6099747810406,171.27578071472774,266.8178939162898,369.990656877953
247.9487319256607,174.09515111868686,266.86600518586124,371.3658905526492
248.7622210825574,176.07900908992937,265.36426809611146,368.65379669432883
243.58448226442263,178.82183887738066,266.21082903240875,370.02772671724614
233.70843343017359,190.12472853607755,265.8504788484666,372.6687750724292
227.8157287287471,208.71248978529135,265.5428674269766,373.0642372735394
223.71724014513617,212.123778619156,267.6152380406858,371.8751290209014
225.29143960654562,221.82073311286868,268.499758051541,370.32448488484823
219.46510151277928,225.76243874176737,268.5161955140663,368.81223074267564
212.14489769436162,233.16229651229844,268.9191697849166,369.8420849845222
202.93438708122807,236.39713650228055,269.28335042344884,368.58359197094
204.70996457011398,225.9057008778135,271.6432030096595,370.4643234789529
205.81549559950946,230.02555775077371,271.0542985050788,367.7502314305859
212.25321100016913,197.34871414783976,273.8346433552325,368.07646349400443
219.91790227703984,174.8145892960805,276.76524908998374,369.73140855789234
226.64834505487627,155.961603139958,277.25783673071527,373.12844998917154
234.03517910315074,139.84080446172032,278.36923472053985,374.43491615087976
239.8947622444756,123.56531709481226,278.55735618784877,372.3935117336754
237.71548659835324,125.05073115794636,278.016522209268,369.77291550862344
245.76304138976562,102.8166155300404,278.6471446962675,369.9311673674101
251.74962733261313,79.66277802313556,279.7722690044654,370.08278881933404
251.22656092961617,65.5669746474457,282.3928904037967,372.15504409551534
252.5927748914805,50.00049454883907,284.9844903272463,369.36280496054894
257.1274462904023,35.68159305926463,286.5831313505118,366.790933909189
253.86947782651677,35.40443025936165,288.1807482670295,364.79528285810017
257.4090025820816,21.91219889947081,290.3880240558355,367.08594763739916
259.13076046125394,19.211540147293334,289.5370491405713,364.7811584652464
268.95883012407774,16.886999184456897,290.232375618699,362.93255161551417
274.5096820748869,26.99955376320844,292.5664341134402,364.0207126405871
277.324574510673,50.19158077912749,294.94803558833553,367.0678677568744
274.7155851479059,54.15285473461327,297.0485908295859,364.2565275115196
278.345593963338,88.37425815945289,296.6101304022336,365.5904005797721
283.0480098688297,123.29152236275104,297.00494184781513,369.1484860995155
283.7746947564822,159.3421378623164,298.78473701361685,370.35794797110157
285.1334785962221,181.67997001492915,299.758081034822,370.41644577150294
284.0646984220369,192.19593410827312,302.5223222558102,373.8212723327047
282.5088814813593,193.4555142382083,304.10156116789074,374.3866413432884
283.3296893787202,207.59133884543022,304.26550725678453,376.39293081820546
283.0839932172396,218.76610209208224,304.72842917358577,376.4181219674856
283.5488421317796,221.94810128137354,308.43546857110266,374.27781264209335
284.6491990302874,214.67806187281315,308.8878398549418,373.7489048491583
283.19052695966514,194.86412940629356,309.2234777231677,377.17474607801637
281.3177086414571,195.5727452798192,309.4734369084648,376.9733108187343
277.4174733283298,179.4541443492813,309.80228170802377,377.55040475496423
275.7745138102732,163.09974628271237,311.54029165006204,378.4900808458965
275.6642180570135,150.05484721823197,314.9837440347612,377.55356595979316
274.6961449737237,127.01901176009585,316.16878950503354,374.02367485734396
272.7316054997448,116.32857955084052,317.30438788299097,371.2372469696961
274.4129405062306,118.45642905418137,316.85821668754886,368.2188949545487
269.98302931132577,101.84143569658363,319.05031180915523,372.39439049487316
267.4302664082103,80.8072054029306,320.7359479997778,366.00022814344004
265.1594615893008,60.26230835352101,321.7569051418342,367.95147783981315
262.65820772317204,36.50236078852757,324.4676228966032,370.2026044202697
265.12292816790693,15.364669629244133,325.2771921412254,370.4614517247328
264.67420969212264,17.447711731349926,326.6677576842017,367.1791954857648
267.85883471530565,6.9425861971677705,331.381742384539,361.9832823678242
274.3694189869386,1.0,332.5595728168081,349.40930960003203
277.2259973305919,1.0,331.2146751111573,340.76753696105544
275.5477739038412,1.0,332.35682674359055,331.66578510561163
277.06014520279825,1.992815966113426,334.32287070695827,323.8847648526657
277.6085845272263,1.0,334.2299695428354,322.6081536800248
285.55152007198643,4.551982785403055,336.37199529791803,320.8999010369683
294.14880493838143,2.014548858019225,341.09988689431316,318.57557779468914
301.48142634119523,5.547341396572023,342.74725356506633,313.3834734181894
305.99310764872223,1.0,345.674860899755,312.3960368257472
311.0023331086889,3.209476017937618,347.17094394000094,312.6965059798317
313.03515350387374,5.555063548539067,345.3129616265614,311.29914484397176
309.2585171513963,7.3629933731373285,347.11577752158274,322.8889004094809
306.7579945224315,12.412855229878772,349.57592346247816,335.88792481628286
305.50860053550866,14.139556153006254,353.07855293751334,353.30710913358035
307.2235980882294,22.704592835066506,355.8953870786163,363.2064074917086
310.14887262105293,24.882061213461327,358.0157081495504,367.8256316869275
308.6135550685299,24.625444543463914,359.95726078231337,370.898480537135
309.9521900084404,33.10914325983188,363.0329309429181,370.13880427980877
308.84198392940135,36.13844314693185,365.40755223173824,373.23434699479606
314.05375205694986,39.34109365546257,369.8433447802482,373.3977002511213
316.39858485816035,40.345293961831544,373.5156809521205,376.4288677771075
312.3207518599629,45.383069888956356,378.3515054516127,375.7658182602544
312.8006177716121,46.15032106722748,380.8205694152108,377.1464916838844
308.6685373177227,62.38017638605746,385.601769514078,370.5340416863879
311.67801868675326,74.4519923022923,386.7454996324254,369.3794981279831
309.6588864101027,84.18495636911157,389.36614691634526,369.6776033452932
307.7179851367784,97.60432245892858,392.4413522045851,372.5808370646898
307.0647740432169,116.127195054765,392.99449560041523,376.1535322117639
307.1786615835133,117.63742208227421,393.3720723378318,376.1140154130635
309.0338027382221,126.88345556280802,396.2226156897322,376.59610143227235
308.75351916987916,135.60850460138022,401.7479582230983,375.07715393187345
310.009851790622,140.0552231163894,407.0004191506267,376.5979582377928
306.9768320775213,148.9637056782327,414.36754721814515,379.4077863224734
307.7848482162988,157.58179772853586,420.75890444887875,379.31579441785146
307.7892430904129,154.9678186566132,420.50920432155243,382.95656204802845
311.0256009437247,160.70690009246428,423.8404872158242,381.29342386166303
312.41133773993596,173.7319977570337,427.99305229267304,378.8839435732541
313.84565189773963,187.26484002701335,431.5724458370481,378.712193115369
315.6565507215671,201.20190589514758,432.66462502964237,376.1670482817794
321.6523194494829,218.70025844539958,434.42382349516873,374.0862891484976
321.87951099171005,220.55370959071615,434.75660681866157,373.9391938048652
323.48939324969155,230.5937629805413,435.5243403819278,375.6943364860295
325.5239300153583,254.27687290717995,438.5350753813092,374.75904437699865
325.170879442493,269.80352222789634,442.51469564572324,375.26430812169656
324.03333717850256,286.7747547143667,446.9953473526301,373.7414055573706
326.86620661282393,296.2621135095701,447.2817527396228,373.7530117490928
326.17987144600284,296.7938419585254,448.07122373621206,371.01964416072735
325.5043029271013,301.4287317516468,449.7792504229972,368.2449391582453
322.969510469899,299.2210560435634,453.3920651614867,364.974614371221
321.4631018713724,292.01030808097335,458.05101797482143,362.9602322334843
319.2399109385575,281.8989848258609,461.8538755079171,362.80238016525266
318.94431030411613,270.06179890986647,462.6507680314988,365.36319621876464
318.4380319789228,266.68003602803174,462.6155545127626,367.88603478482014
314.9405930589245,263.57068171494177,464.2042936033622,369.599424394341
311.6434820908513,265.18681023075146,464.885173868576,368.77973775098303
308.18052823827566,267.44889124740337,469.91692104412823,366.4888497050778
309.3724149467486,268.52313486889904,472.8739811836334,366.4339028175034
314.01829816899726,269.3933189290885,474.61246170959475,368.5052940054667
314.20525237851194,269.12669264973067,473.91402834182793,369.5467920621699
312.9946645200544,271.00373094412356,475.9484978107208,369.48967575453105
307.37275948394336,275.7750642144161,477.9294948628433,369.45872597695677
303.80715464882894,270.60499677966664,481.36087446894277,371.64282832715355
301.53143724596305,277.4154148061387,484.41099670850144,369.1201533620995
301.4297610537179,281.72269923171024,486.5100318566402,368.6763632088812
301.388380589019,283.06119443945624,489.2125069009767,368.03013300483195
297.30853457151636,294.5636516530677,494.4519642912524,363.21251217004004
293.9501700204929,296.1775113023072,505.0912758743743,357.8642346927743
287.32074332093725,296.90512742114174,516.8660839918168,353.8852757975225
281.6236066629683,296.27489173331116,526.1550527448028,353.2846323162156
271.50993224780376,298.88668005674685,526.5196908546073,351.2945629993734
269.54977242807075,300.34292235076146,529.729429064561,349.7422181060695
260.47769965825995,303.8571872271739,523.7058182486443,349.62837935011964
249.24961739111012,300.3821161356434,518.2660520455642,347.7537895612018
243.96663463710695,290.9576364937158,513.9003785377877,349.21881313083827
240.81691827584348,284.56885929926557,514.4979819435731,346.4977812632921
230.51531131572386,284.5008526908455,522.1194698730772,346.1143689513689
229.2470100170358,285.2287470919176,525.262117534061,345.2180542599158
217.960125592321,290.9296071805744,529.0892982665081,342.4518003813575
205.46784777277185,295.0614044044395,534.6657064928594,338.6932053350212
195.62872921925532,296.59441693545773,547.3219225603087,335.39150454392325
187.67936920718813,298.5930838794318,560.6417928415771,334.410260355959
188.1811565994156,299.5018398088441,563.2132917134911,333.97010114166176
187.30539862185378,300.0257722529539,567.5106891965462,333.1797858524337
182.7528097267106,300.0384255075779,574.351640597355,331.0566565600003
178.47170591788,299.20992743396806,569.9040091071219,331.4245937973218
178.313954417067,300.68470961796584,565.8282473827263,332.67889026863344
171.5194504679567,299.3301316147524,563.0380051726004,333.9693204981188
173.45472551195536,296.01509853497294,561.3979319631334,334.9039570641531
175.8917066303598,299.0990866723023,558.8893598702593,334.3034741089715
173.9433894889496,294.7857104520698,562.3078651920064,334.63052101673696
182.07368507858342,290.7376979366799,558.6243733318547,334.27584186982335
181.21098328611873,287.8928865287677,562.3060167599797,334.07585823409335
180.84721139499197,285.64917158830775,562.644727928451,334.2119413825651
184.3694905557128,282.4448554683387,560.8279781575042,333.8236342808896
184.9546432510466,282.63321189704243,559.3505747661219,333.68482174952834
184.03542357471065,277.4832409755816,561.9736373745191,330.6796425238098
182.24796651399595,270.69144815264974,562.3109891722612,332.58609374879677
189.42337224187736,273.25422212646663,566.519997980324,331.4364048491305
194.64483782863755,271.17016417446393,568.7842615260882,332.30291392007
204.01459556936015,269.5486775260351,579.1401705492856,332.73949736626275
202.94633480705005,268.77590651513174,581.0723084035624,334.5908007241367
210.1162414616487,264.21135752186564,587.1394033973553,333.04731631463574
224.3269013440492,262.909292779544,610.8680718297343,326.8826795984279
219.7157834800242,256.6433058744043,617.2099801260093,327.8586380901317
218.94154459916467,261.08354791254726,618.8785222320662,330.66941954373755
216.6679555965302,262.9347946503996,629.3663469538237,328.73183605909117
214.82758930551353,260.61669288312316,631.4002811827271,330.4602997839185
210.18950602066678,263.1994346242499,636.9404134079754,327.8615011453743
192.20164578380422,265.92907200547404,644.601461256718,324.9286124598353
176.50972150960985,269.99747551225585,658.8607431784673,322.28002179721506
166.3673557460295,283.12798165189025,672.6649092291641,322.12422760525544
157.87057288560925,286.5451942196463,677.2105565383705,318.2470621744811
178.18846226767914,284.1002797393916,671.2034330430592,323.76845269925514
177.9382700679322,283.86085631825097,666.687911224615,326.1495142854245
189.605043185621,280.4402769553732,658.9225731541097,330.7574830028273
202.5374042481567,274.2450978887621,657.6626678408832,335.109108114519
201.54540067337376,265.03337774592325,665.3943423345598,340.8022983668485
194.9139741168724,262.8332633358799,667.0504399821373,338.89342634576735
192.21886085172525,259.38352209510515,664.2519761883066,340.91221233804026
192.38666916381902,255.1216748415943,675.3560544524352,343.2441025177948
187.7863575367595,250.4876410076422,672.5095672605785,341.61390787939115
188.4285598421855,253.09071506434415,676.763318500016,344.25202548280544
190.3822274454197,254.75199347720206,675.0784398383256,346.19274914237826
193.225547424046,253.51249787962388,674.1698399206048,349.39731104916063
193.33417974414272,254.30617383557615,672.5690323887484,352.40046933497683
189.7702735299825,246.72480731308525,670.6161180573525,357.57036764686393
189.9518025181693,252.17927481729646,667.2351849992197,362.8658223872716
185.60028980356617,250.98758983168142,661.2980989052858,374.8933478459302
177.0151020379031,257.8182512517086,660.6454076727758,374.0968709054987
175.88989566769334,257.62426217067764,663.4917743858455,372.1195018709112
175.50383210878454,257.5616154651791,664.2326730358784,373.5232376294843
169.0873141995042,263.83835134180106,669.2260002505375,370.46162802299926
159.50175165711454,263.76834808612546,665.0966903152306,368.71488080727516
147.7787043396545,264.39924275042574,662.1288699459017,364.2506430328631
146.2125193583451,257.980182619353,658.7392650831328,367.2636611211824
144.9762571850157,250.89641033355383,662.4348179635748,362.3159091060892
149.31242318473005,254.34599652585814,661.5481370284041,355.5027540710747
143.8631314209448,241.37079823048285,664.7762324371865,347.4234951335928
142.4594625829493,251.4983647221946,660.6016901841474,349.0320034218471
140.81658794486862,249.40067425142743,652.684538281381,348.92393847336353
137.32110610939452,251.86054199477996,654.2548192580871,344.9582978576685
141.74927475493985,249.0746761768263,656.745774547361,345.12636198219457
140.60136856872498,248.94186308903704,661.0602336486971,342.5307869530118
139.31988471165124,256.15302662390894,656.8625414570324,343.8630496182585
138.5015260326034,250.81153544357366,657.8083972549439,346.98797088378984
142.7999583589159,251.70363362290988,660.8718402503007,342.90435461715674
148.55851695723572,247.1537615044994,661.1727811589515,349.56920932158005
149.59097830540009,246.8367505931138,655.9013818488306,349.66012430644633
150.79980489272157,245.5114842867926,654.0190313033285,347.64296844609567
157.11847943552522,240.47447456512404,657.7146910423162,347.84245767367673
158.02795163723522,245.76200686456775,666.6036741974599,343.5133409535508
169.01412539972705,244.7765063158406,669.4959857945408,341.97842918804133
183.3980154250956,247.80250482358045,664.7836448941215,339.6013459352817
195.74800061540202,247.58876616993072,667.8591575567946,337.0992742653813
197.57092932812287,249.36800194202897,666.5897720704303,335.1282535819628
209.76181864789243,251.37839150889198,666.4869974292345,339.15335357592767
222.89036034922896,247.98325038926873,666.7185897687551,341.39833627818325
243.0361817776551,244.36408078632755,679.3747546335403,342.06970464513444
248.68124498506654,255.22342311589023,681.2823805626879,333.77552571976855
256.47358378720014,255.35529407060267,682.201129659439,329.3172498458979
256.144567833617,258.5883325294086,685.3804904992796,329.1709646594217
254.27080410262926,252.09604683748944,681.1424896181633,335.35486009681426
252.42957446625854,253.24847942191465,679.3202373847288,332.11396891647945
248.8802647492186,238.1050062336127,680.0669022955254,326.8355518291569
254.89252574900377,224.09467581859815,675.3364645908839,328.29400835563195
248.15689082089415,231.57359560530853,671.9895628495341,333.16057147991637
256.8356874378326,221.79891124632965,672.380743996971,333.0234489787294
248.5612756432252,222.95165549255606,675.9273331318083,328.7993694121233
240.850757184266,218.8360969894852,681.8239223435847,324.3250795904511
239.95268749063655,233.5963042792017,686.9350156919945,327.3751189461248
238.9979490053738,221.49857189958865,686.6256141904055,327.0342722764653
239.67827842803814,225.54971821553247,697.6258842175297,328.246566811999
238.57277016633122,220.76120887757085,701.4211771953146,325.0238423435066
239.75924703556916,221.18872749775363,697.1373234749763,326.89478054754386
236.6621217915548,224.02961753341168,702.955450099749,328.1534281049718
225.2400093113053,227.45389028581062,711.1271491381025,333.2544508717819
227.62566796065641,224.70952041753154,725.7736075706055,337.1448164954399
224.4108807641374,228.88916881174487,730.8279117546682,334.40617629178655
223.3513112414974,229.67185688596868,731.3896617385736,329.5915789692367
227.57409895466964,236.01977107979383,737.1691225404635,329.99991761578735
214.2227188126418,247.29919015116582,736.1436739816038,329.8667894491965
215.38970368735568,258.7825336932224,728.4724436006841,333.7795455945717
225.34793712543956,269.54946732597676,729.3340768371663,331.6984299249108
221.74710179999624,276.8887691429555,727.6154675122621,327.9560999973796
217.43150165191366,279.0503358369749,718.0690932311909,327.8311706245961
216.56492728783337,285.00732214320533,707.1031489962754,330.18150554860284
210.12749481454102,288.1403528598298,704.1675254179602,329.2350878826739
209.6140032098665,292.5917750331177,701.7011951089578,328.8057876891273
205.14712279706555,289.409377207715,696.1716421670933,326.28783286775825
205.3777733461389,287.1354550265379,693.4348155417312,325.2679704472411
203.36974325356778,291.0724443821465,692.5997070923261,321.75125575786075
204.8975032669445,286.67423058905325,693.5222855019823,322.30227424566567
194.62172969373057,290.42750148446993,698.1805523222138,320.2176719405186
190.20071335449506,292.5098890247535,705.9579193267384,317.8875364442257
187.9672630569466,295.23585093981217,711.0915758117125,314.4277122900704
185.81327758665236,296.32597946878684,716.3270586768683,311.5194384595273
181.66297334438093,295.9317864972682,718.4778753188859,309.1785504122515
188.1733777616094,303.2551095905055,716.5009862171909,314.6319470373916
189.71280021705235,288.95304032802665,709.4951590546442,311.29598791916845
192.7683689035822,302.6964545538967,728.2628579077025,314.12957576133806
191.27809944471295,300.4582291343397,732.251689114487,318.65653634260826
200.94419285396611,299.78194890910044,740.1635630812823,321.9846440951468
196.8629009570028,298.5602253997187,760.2664226746663,316.0733168989283
204.27019346015732,298.3334131670367,761.4955867190079,317.6001646811925
206.9627597319569,291.155770092676,733.3936670237811,323.01530990446685
213.94237984572925,281.8899144641316,709.1562802206057,327.1090110923237
218.75122746693307,275.21470039595204,695.0816016301276,328.1153388421481
230.0980104295034,265.7645439369471,684.1991959765099,321.4627148632564
232.94018339327533,265.6567082256066,672.1435814809979,317.47075697811215
238.87981297403883,260.10530674230927,655.6608389544269,319.3426278575251
241.79712988815015,260.0761244455647,628.274787750624,317.71658391402
240.98654926320324,257.23524784851554,610.2137310169877,312.85620075684074
235.5114996201329,267.4986873064656,600.1832742498163,311.0825400431405
231.96323499465313,261.74068694891173,578.8044622001933,309.05811818708975
241.2249211749213,268.34802316004925,576.6627107518293,307.4170400100458
231.20037921544287,262.52379200407074,566.2271448220253,301.12440103505935
224.8943254947353,263.90353964878597,556.9892707210298,301.37204435813896
226.47950281136713,262.30335884140675,547.1263304686298,302.02448184483677
225.29386937938028,267.01181654152344,536.8974778078797,300.3494869942277
219.72533136773797,264.09645678926427,524.2398039593849,294.8813980150605
222.98142056811292,265.3031086201926,503.9221685111029,295.8625316202876
219.97704912045,258.36015535669696,498.2484612426612,289.8667142611732
215.6123019252522,252.2351016773046,490.45383913956357,291.68624996835877
208.65483734830738,247.54605600576275,484.27697011675053,296.26690947794316
199.70421705847076,251.06764105318305,469.57780569329384,296.5145448919896
195.55831767420545,249.54236277080338,453.01248970981226,298.3072356050599
194.98608593406826,249.6755242767917,442.4812680933571,299.19009888101004
186.59889380331654,250.92147364028799,426.3221866422834,298.9764712663646
177.28714043535615,251.4289704699628,408.93578018595997,296.62463278698056
163.15921860094792,252.49859760925443,379.8510309562874,298.9453259857173
166.9338537868384,248.09672304083972,362.4638274453209,291.6507454660252
165.2568681524662,259.31772841653367,333.7965882860226,291.5619641860407
173.20747086396813,253.77625721793976,323.0318451893654,284.4587701083941
169.06624804584723,261.367668721263,306.36515948381685,292.3087217415647
178.01276135692115,277.40982867923213,293.2736043620157,294.9596191760045
173.28333255404644,311.6193663593996,303.9214264940121,274.78964553862386
148.6173476997614,277.74997436851106,279.9801959900684,286.76616806574077
160.04934414858855,275.3140955487854,278.1777305650926,276.8490849035994
160.50993840455357,260.652325850613,272.29540701281553,268.2797871156147
161.66514112566233,260.2001184161693,259.5340003488535,276.97809304054863
179.9921555169263,250.21887882851695,255.0695483865229,274.52321390164593
178.74296654998045,251.97257092490253,245.460085494793,274.4048959072504
188.1368077107483,253.44703612716677,238.023296663905,269.8734811603042
182.96334340733813,248.0479780841078,229.9692157408017,276.8855027772653
198.30905796207801,239.77035632780598,216.7676574337906,282.76813045773736
217.36107694985387,227.44637730059188,217.2044807397919,297.08387354282655
237.6820760414071,213.6539485710394,222.45779531784052,292.8985856932534
240.41879743143625,220.97396954340653,230.4232692711569,284.9790098075202
227.4800573118578,230.1816938459496,252.02783926834223,283.0821441435668
210.0814431299964,273.91123387279436,278.1236272673141,285.8511099549087
201.35421823750508,307.5673949748744,302.54197239967897,276.0291276339484
157.2391483776841,364.6126747672224,319.44902915817,259.2817728046576
140.51472261636866,378.73897134946196,343.3184849684334,244.65089792610036
126.27704010550036,415.0721835137747,353.3193130826196,229.61352598385776
134.92281371033317,428.9843835127557,334.137660220719,236.07627974907786
139.61939159569644,425.28927972865665,309.3784600731713,232.86161799596314
145.85049784936777,437.15038392604157,286.8412589685004,237.29066709402568
123.6364977185028,432.51973011847826,287.6162884178653,217.3249142097291
117.1861604691947,439.07552879422894,288.86382895141514,200.11208378564248
98.53779230785679,451.7761381550962,292.1234924177006,184.2112202464143
89.55624288175167,452.3816241565743,290.4555959786076,173.96626592937872
86.97071957372813,448.7243044263688,286.40284675653623,168.52697050991677
88.4308151432607,452.3623976004496,283.5764998674435,160.37069284056216
86.77470052314439,447.97282798768856,277.5721864862318,155.28542549023538
78.33141910565911,454.78988845372015,274.12505688029205,149.670607311076
71.50435418690765,449.64470892422753,273.40649833568636,145.81170914893457
64.75730927615822,460.4615714889578,273.32807352765263,146.19221007176242
57.18679129809453,462.085304563331,271.1357999506587,145.73084918251323
55.87588080751246,461.3549504558987,273.0241673519156,144.5224733989828
53.11213078843113,453.6456911101454,272.54579340026817,144.41978971314379
50.66609254267189,447.08577893332523,272.1521038076962,145.36142726660557
38.0672553481765,448.25348644656333,272.2459302070198,144.70292904161005
21.1159925830066,451.61167560123437,274.1649544695152,142.93285114455958
9.642377054845099,457.9534415978244,275.22819834826294,144.00541894191454
8.954348548355483,453.2059959583132,273.3392663606674,145.99394485527247
4.230851889398053,451.4950191145141,272.12011267175274,145.7784348621554
2.4753918707955336,449.3192665393948,264.1558691967542,150.5354762692229
1.0,446.6847500915353,255.39027573881765,152.65826676568037
1.1419129791084117,457.345047055813,241.6755763279465,154.7536629619103
3.863431292789045,456.4559753145524,228.53526818804033,156.52333203657858
4.844992356008248,458.2771240061143,224.14227449820697,154.44342230842162
4.893185404342319,456.31560504067477,217.59217790171192,151.71967628086787
4.439001068078966,445.35525959386973,210.8913288134525,149.3967975155988
2.481269453439708,440.8431283217891,202.62586806510865,148.24547957108308
1.0,433.2690003216388,191.6540643571692,149.97424555460117
1.0,420.45848333375716,176.54366899119182,150.48682047098993
1.2698129819844013,420.23335629918074,170.42174311548288,148.50750526225502
1.0,407.9301441316,160.67926284627148,150.36316139603113
1.0,395.9728842137568,150.7428817362437,150.51419518407943
1.0,389.1338450806003,137.04608634521483,153.78224100141514
1.0,386.460397148387,123.05151241883624,158.80242074135472
1.0,385.8363818264119,112.5298826199328,160.75102552061205
1.0,382.1852400468633,106.03746934459173,160.41118507575146
2.5752302694395297,383.7676484310666,100.19269471972393,161.92721507672854
3.1953887970047745,384.66759363078506,102.47396765569435,163.26730099511718
2.1369844645541463,389.97395678840564,98.13111866682732,167.61885854078986
4.696455701154171,393.99457081006176,96.95592685198191,173.99683047398202
13.587945968772985,372.81751803999214,104.75127142617492,175.025350099839
11.485672897549918,378.24977845018043,110.49845782640008,173.1980718326653
24.763409827920277,358.6955764824208,123.70069661196244,171.72175417370784
178.37939272533706,379.02963898244076,159.81052155817378,158.073752821601
179.72419481001137,396.05063364674265,172.74048895819777,163.35277457376606
162.82144993979335,388.0420873286952,182.40499309909094,168.73973473205967
146.05698244903738,382.0799344933247,191.60152243709254,174.73009217467862
144.2568603865243,379.90625134280486,195.26230275341746,178.26045090536311
139.72090819628386,379.97485126171523,193.99239729650233,180.49114651166792
126.6157490937385,376.88217895950004,196.9186321790792,180.43809752347585
116.87876518421336,373.3719033214159,197.6453969978781,181.95634948982388
106.771422959984,370.30126628503416,197.25640870805313,181.16061272594504
103.32021688480012,371.22321460067417,192.94231478698197,178.84012966068684
103.23627840472874,372.6907494235455,191.67419986987952,176.13831253457687
88.41520755204675,365.23176037616315,196.23281578781098,174.5957169760805
79.53263422639458,364.32085959834365,195.07033381290472,174.90315058658382
67.30572666979035,362.91376686539456,196.50228755341533,172.7681223099628
56.42010668999892,356.699024047295,198.24415512587322,171.7678445836974
55.04303813406298,342.8150412068938,198.00546333550318,175.9216054101445
53.25431170731517,340.8110269261614,199.13047882596015,177.6536305070116
57.27757344972839,344.2433485020048,195.031855646605,178.96039190650345
37.027129534333454,348.99173185332165,196.71987256667796,175.2286581568587
19.039274948668506,340.56255484050286,202.3101589535248,174.09608976315678
8.69637870289013,336.4554953539994,204.1365948694982,175.6366757216423
6.312082882729811,337.12363713348384,198.35647591568153,176.38239544033223
6.116930925347489,339.52600334740754,196.75078543263746,174.4601159629367
1.4389683062909455,341.26297249272625,191.54682676523288,173.2106922245939
1.0,343.4532444210748,179.12034183444757,172.35707247116952
1.0,340.6528072670584,165.1665923118775,171.6601884891757
1.0,334.2783018002432,153.72093587944403,169.21010133289505
1.0,334.00876500369617,144.19630013732146,165.17762464936655
1.5803589906472126,335.0038884970893,139.0539014614383,162.87209184988706
1.0,338.5647382541007,127.7684600940485,165.08956650310836
1.0,345.9398150684508,114.12568443244285,167.04621255105766
1.0,347.584493490135,100.47507399147655,171.1406344387265
2.3393917372978734,343.4398135933483,90.49145131310698,173.53326263870116
1.0,330.88931636395733,77.94509845536723,177.06489514255716
1.4923149213329339,330.57637717768773,69.75979989249824,180.99455607444855
1.279037787760295,324.8551818716296,60.679367137738794,182.81284927050908
1.0,338.05408282074717,58.64044024474782,178.3011462202069
11.884278494952348,332.94142237177186,75.67428706569596,162.05999725716498
10.299939214969427,336.4471888741533,89.75767372537265,159.36131894420294
3.027766799573307,353.6208346828936,96.3181786538063,154.749163499627
5.610610280366707,350.97478869997764,111.14593093264817,148.4546907696334
1.0,346.48282721993644,108.43592315273942,151.02188052264498
3.6997231405633926,341.5028828336058,118.01396037783084,144.98973657335017
1.0498942837662995,351.6290586338892,118.82028043330888,149.05108262735394
1.1786900930943744,358.75127248182326,118.83074158481489,151.797696465474
1.0,357.08240085575403,116.9744100005253,151.90866623392947
1.0,353.0889359115664,115.88885724607317,151.01254985925527
1.0,359.9263583697874,119.38913968892913,147.99017298452176
1.0,367.72435192353544,114.66427660619624,157.81819163778962
2.7021094313121594,356.29697497432596,117.79184299822627,160.39546723431374
6.957472794666813,361.1538660983411,125.88622962172204,156.0397838066651
4.30814224883445,365.3249922628672,126.6644636392417,155.87584751879018
7.1405110786775055,364.68206896917513,132.83930527096865,154.48919924829232
8.107063360447924,369.7247257215401,138.09223776710166,157.41659760668105
3.8485236533641825,366.3735102778393,134.41231692954585,163.3996515732239
6.245186700398065,362.32586517415234,141.3424197722792,160.52902533897844
1.2312888821211345,374.5456664490418,132.65082315686882,170.2708632420026
9.77752754036048,378.42265492117724,140.81362471043477,164.3572926234377
7.22592667198019,379.24956158504455,151.48535939221418,157.6911259571696
13.147074745011935,378.0153337951042,177.74608274907,150.79046268854466
17.13128923020804,372.4892995918202,211.65171611800577,147.37864443252323
12.586586090163507,372.0849726569767,239.74767515752882,146.64587679693977
3.180515643523904,383.7562438768939,252.67879565903877,154.30908093926774
1.0,400.63569607937154,269.0429384676254,153.9038428725597
1.0,413.9286970973541,275.3918517359545,154.38490287787164
1.0,393.23024042681243,283.5730774482412,158.36025259223385
1.0,415.7765184815434,299.35691064242974,155.8583460335724
242.0203067481363,275.81328006115183,278.32829197622016,193.63696883909097
260.24590151265176,258.0828100904246,270.1052088240614,205.4553569017574
277.28734693888475,248.34000071538514,286.8371004918538,200.05711557258948
274.91462399713566,243.32150288836954,300.1903201739736,191.5515421231175
283.2937336445218,240.9420769001488,302.78785171313785,193.7083989883743
293.6472343710702,239.79250569999058,315.4061560772676,197.85980864842685
312.12998327164496,241.82007002865697,319.3928432023492,203.83363444206248
322.3707086045853,249.53433242674072,321.5922171236887,216.4052950688499
342.0127649930671,257.1944366251559,331.06696068658744,216.57825691567356
341.80035846631125,264.9273928591114,349.9675710805194,221.76684270472364
356.5002729251798,273.9731288282755,381.26155034986994,217.16348855292813
377.3853019506105,286.5417655660867,416.7056332595421,216.37042298779673
372.3484543216709,297.2827012945274,434.565464853643,232.16028421049813
380.25509715697115,282.0045718889601,432.5789296572011,259.60422317932625
397.72301599632925,273.99724024363616,452.30819159679356,272.53224325267496
399.46591915161946,264.08150776973673,471.3087604790537,279.90218680543313
402.077652029729,256.4236856929548,506.7029442507618,272.3277575306791
412.46742569418507,265.5190644169615,564.9984098321656,276.4499145293232
410.75826792218066,266.1578930726831,608.3282970554361,284.83717845188164
406.0227950297551,266.2988535852981,647.0219744890967,293.02438143232666
397.9410538278212,267.35761631931433,675.0468919876032,301.41696708950315
391.90801635094294,265.1938160174248,697.5485064997167,306.02975850423536
395.23023681976,263.655545391673,717.0016414985761,309.9093557648598
391.1967183557513,258.85733263584257,728.2142129569027,307.8294181476989
388.64665831415823,262.7143638396402,729.187113500881,308.9348912276184
384.2433702350539,259.15572872464224,733.7716360546273,310.43087430209033
381.0294998022846,260.87641642227015,730.3218756976898,313.41888451479537
381.91948592041774,260.91267207611435,733.2156498631989,315.43463568637844
373.04761338553055,261.57957554392,739.1168551818005,314.29154073459836
355.792402762349,259.8248702707796,746.2446894729832,315.34266154499437
328.3058078851863,259.0836882538647,752.3776776816543,316.82991202190516
300.91206196741757,259.5702706137308,753.9123488430962,325.73081221766904
263.92039595371796,261.7946289861108,753.8164556100321,318.64090079226514
269.50224031189276,265.39148312528806,755.8093685164407,318.0138695760288
241.89963584042232,264.6028000284953,761.4772017477067,317.7398676379754
220.42794889700656,265.92582494119904,779.700851572054,315.9824071451119
190.98623930101974,271.1683643553128,795.7834764238744,319.1162439033111
175.3052638016652,278.22833788995695,810.1595773343224,334.8390353735643
160.0561127675427,277.28226406120245,812.2364618509403,340.3206533726129
158.8237812000704,278.63272436052347,803.9148115907373,351.6401848884934
156.07962777285286,283.6404429206949,801.6041336188482,367.6509714787048
149.32467556967714,268.11346270066906,797.0718784753211,380.0453896550325
145.58119188500257,277.5065995770155,803.0468068849332,383.91998728010606
125.50897498691472,275.34344285001464,799.6843030727421,392.48133904172136
123.67394544439742,268.62388461182076,792.5829973209918,394.07033118052243
125.96504715414227,267.87828910418546,793.3542239407353,393.3335645798144
120.20373346639224,263.04802866415525,806.2341357674306,369.815980106964
107.43998080172628,282.58218425278847,801.5141469828832,380.13454077999256
106.90243121812125,276.72712629878924,802.8155913105713,370.0871451915331
98.76121339823226,272.5215852402454,810.2583937489211,362.46123033704094
104.17612411708643,278.68873687318035,825.4656095710287,350.60581857686066
98.3812154010231,280.09048444895336,827.8470289517268,348.2193709399375
108.85367457635834,290.08273137984594,831.9605297033083,355.08225445115977
122.18208278769191,286.24061429975666,834.4709099278505,359.50485026833724
139.06396159389215,279.38510913751907,836.313037463093,364.8565824506612
123.0685090194716,285.6523183286606,856.8062256437596,366.93037827583726
121.12026287004687,297.42238485539866,867.1997408195045,377.94435554813253
129.75156975349256,281.5551960910484,861.4845333636459,389.4828369466421
130.47672288066406,290.6744680162861,881.6318347462525,399.22999802896504
122.25360384553488,286.59364196175045,893.9401707764322,403.2832392271698
115.38953953375437,284.0842235063096,906.0343786561093,403.65383486108743
135.70685390913036,284.80421402888936,916.7895222671875,408.9973945755055
116.76634294145367,284.31662561707003,927.7280301235428,414.1897105209082
129.8470471795643,286.8228901081792,932.7410044029865,421.67632950679945
102.58733307043093,285.36268220802174,957.5440879615741,415.45732360110935
116.16851313212857,274.6876883365867,958.0577340573315,415.9310201713927
67.36422183329114,272.6673156205711,999.2592204710083,393.8164333173035
79.48481255976628,273.5790073769783,1002.591422975772,396.34717194403186
90.1474371939068,280.39749201743126,1004.1785937201145,395.30956211754267
108.61829741527083,279.35398800812806,990.979811648461,403.2968550148245
93.29249354410877,269.41146860104845,1011.514263301458,395.14985992573446
99.88582349911667,273.7671669228962,1017.4706828802391,398.04963222441097
146.65792728927642,262.3955739715445,995.6041631157522,406.65645923886314
150.80252882096534,257.34026418051815,979.3734283589738,404.9404572658608
159.1218798684821,264.1415944785463,974.1440843316523,399.5777982169333
174.57640482977087,267.40089306823563,965.1934698594952,394.4410502168108
221.85743255842624,271.23278069878154,935.293946487818,402.10882830313216
229.90004178724882,269.43797027746143,913.7963855212618,398.8110868259013
243.55460626663682,280.74885628896664,900.1724927930152,402.8661366975435
265.6815147203037,277.80075612205934,883.1892434213688,406.1478474071074
254.7673371460392,292.5329075175494,886.9136843654334,395.8994385322271
262.49539928297963,286.77443015961717,883.5875931863688,396.6330028179356
272.2332475570699,281.12743163670376,875.2683670429568,399.2713812671466
274.95853883735094,282.28724590081396,873.5089384760936,402.16280030825817
266.88520000964144,276.4733000368421,880.2601170135905,405.9755198089164
270.419317857401,265.6448660580711,882.6878118683933,407.27492774396615
253.79195279602845,254.49939781089816,890.3312303483999,407.2572103532602
257.9802988406758,260.6605304131714,892.6654209421201,405.9347020586423
245.83525600131964,251.54202062895047,896.6626846584845,407.05225851274304
248.12593189738828,246.30598846647013,892.9550990565348,411.46290404143906
237.33172400948035,249.97603041207128,890.6795655424487,409.0480696682059
248.0620006103249,249.270660320444,873.5096740736552,406.7473861097677
244.26491124424234,261.44684807856646,851.8707178331953,407.02453858548574
246.15164869537716,260.60892730910206,839.0080278521614,405.2119976465374
232.35180996162205,268.7028274540509,826.8119582147749,402.49297089408924
204.32787436862407,271.6050931183999,813.3323980734733,399.57262404576943
185.70498343749506,268.9108387862465,794.6027712274816,397.07237096733246
171.70413165053907,264.7320734864205,777.7781382711231,397.08138138975164
154.1842018327244,266.83213471534486,762.4877021829909,396.73182857457175
158.21726840354347,260.01246543530044,751.6700001483462,397.4859742891573
142.6408041251325,270.8324169360279,742.1650701918468,394.92776911762854
140.18055891173543,266.9466333211764,740.9240724395033,391.87915498611164
142.44420836496403,267.79232711240525,760.687724298887,390.2034510228373
150.3083367588414,270.91631480055344,787.151489237689,391.97066292747587
151.31443741642823,274.9964674037823,782.7166444703083,395.6663454433641
145.2690073068838,270.62920074914314,780.3796521838764,397.9240147462553
147.95294726157027,262.9407923920866,763.4947737723622,400.9214148481316
145.09712018563067,275.21563321782764,752.9272880311922,393.93936323429335
145.09722610745052,266.5262584444438,736.5805322254955,385.98961681372674
157.8922285587591,269.51144017725085,746.9024553725591,373.8708708210583
161.61831338390107,266.31121952866397,810.6751670401259,358.06967188950483
150.90754667608996,274.25825644814404,833.3754331249436,358.6623395461504
141.31100517181608,275.68265872389236,836.522453851323,365.9228777459845
140.5625598022972,271.1998671156403,836.7902148387516,374.7164989734373
141.3218654032537,275.349572001595,812.7212275797322,394.8044872712394
145.15722804711208,270.58057548512966,786.4984573002641,399.58244738649324
155.68001590686038,268.1041257180953,767.7234497820521,414.27106098001116
157.4993164668337,260.8999501888249,759.6595086515387,409.87210314284073
172.55457063275395,267.0842768069881,755.3188531695258,406.42539605337146
187.85318688300777,269.15598058775646,758.1042378206992,395.9199603909692
207.1956116141689,266.2446013362867,762.9913829097654,390.8764313052203
223.05813407049015,269.864804520668,758.4129648514129,386.1075538393037
242.81186979492895,283.8142500925434,758.2597226670091,389.0842201869173
241.92261859146436,272.56093357844514,762.4715062042485,384.20785200789703
255.63771873773914,281.4323666429442,766.5207900929819,386.50904778501837
270.7297016152013,286.6585687586129,763.5008394834731,401.28977812081666
275.1728500005756,284.25247963202503,763.0341613076397,411.0818607461661
276.39349957982444,275.8831833199921,769.1762415426123,412.3877419688421
277.70495945856084,267.97468047810145,762.0436880601386,416.4173876697273
277.35531831564253,267.8325572343372,763.7671869274775,425.54819939803355
263.02319705530124,264.2726545523069,772.8245060070158,420.50331199425506
249.99006060078955,262.3539924707844,790.003111739366,417.341333700617
225.8631547353873,252.84809295221896,807.5277873954205,423.13386238732426
217.27840632901228,256.4928730659202,817.098414447894,418.81298433535665
256.5433811103161,247.05610755749404,782.2502706917289,421.14009256731595
247.3363123628297,256.90945785892853,787.3220522809321,409.095897798151
250.2635503806627,246.50934434732864,779.1632505574595,409.20133698560915
311.5146659978564,236.09386900836776,731.1067860123707,410.8910675818915
322.7825476185567,227.54701505674174,716.3476517142394,407.3687324858292
306.9298835797929,222.03036020803768,713.8611440357834,404.6015873895236
281.75526703050485,214.5782492518926,735.6907694756613,404.55188835260344
283.63029627938005,212.3527256812798,734.5683688384182,402.28479207268293
275.19619682740284,210.3291185122935,738.3390237443663,402.5542747408197
279.8535568679355,204.91724271018606,736.1306820919167,407.88214410907443
269.01314369266413,203.97127545783172,746.1351580900755,405.137532105583
263.4206690664001,201.65555838423694,753.4932584095294,407.52445700794544
250.2849873795011,207.8553204815163,759.4677959611379,406.29049228571637
258.0401558920523,207.48720717962976,753.2454997532989,409.5499880339995
268.06389621711776,203.661073926579,735.2301347085747,414.9621362128959
273.21102820091585,210.28374179348725,720.3694108998793,411.02842571868155
269.6229100101309,216.8047682901027,710.0757429942641,410.6679077351954
260.1667329832097,212.98919911030063,714.126554361502,406.17452915227426
262.7435818230977,214.9523248348982,720.9969252334141,406.98509662319077
261.5649260654655,215.24977843735422,721.5321964871267,403.94461387074
258.86901694182814,208.25350905122878,724.3728341688307,403.3715642516712
261.5307350308501,204.93574306460383,724.806567753305,400.22931928316774
256.31735273168294,202.67543482565716,727.1008399776729,396.4642581848137
252.37052848232196,198.44822560639176,725.8040450313355,396.35578292637774
250.14150174516516,201.46507658608454,722.7708373324468,392.95159915889167
248.62688303762212,201.42069125458588,716.0248299241763,390.27390178958825
247.32140195630996,203.34025799296728,708.6831677879738,388.4898257561035
249.45739672264818,201.60316768024387,697.4137188197325,387.937629111723
247.0351212236228,200.88539367578184,681.7312942627257,382.6878986402833
254.53303554336264,204.62060541759527,680.8881628884021,372.9778256052112
264.94562143077326,208.81610878841644,693.3567304138212,363.3520855297942
257.98052061856936,210.84888295127908,689.1829756430675,358.5601185401717
266.4669042034384,208.73977543614262,677.4040521537884,362.7368615075975
277.65894532493377,209.38342173630056,683.7129750938662,369.3680861463051
284.4079082251195,214.29886530567885,702.2991543726282,361.212321943335
291.6900064297887,226.3691525811456,722.0914688333855,356.95224902566565
296.9804563641799,229.26653000989586,719.2076828794898,356.48118994073127
294.1440147688095,227.85861269193356,720.9038140100404,351.06665071458826
304.3244312062952,236.8026535966211,716.6219809280464,352.3185815590268
320.65027836170975,247.31838619172245,735.9141565359437,346.9062878917836
327.3030591127559,259.4562927047782,747.3477211753622,350.46337158691966
337.8878810221187,265.4858408790345,749.0199452010038,360.9139285719454
346.741857630764,265.22233726474565,756.6343368124558,359.9089822084055
344.009918693605,265.3436275419049,751.7331478866869,355.47258831066955
341.6273407707797,263.38360217834753,750.722088259289,353.54708921598865
347.6366940091401,267.31702384625675,749.8439704444479,350.78581744989754
346.9298709685803,279.45701171874305,745.7052810288633,357.18925859482647
352.44027276120187,282.0217369289928,740.1961711800545,365.1400207018158
347.58603618370336,292.35233752981276,747.8761890686277,366.7266989493825
344.1966477325446,294.2286496380689,754.5767554242353,358.51952064005513
350.6339686217375,300.999877865593,749.9771633185157,363.33512218749166
348.4484499378858,294.9066249043741,754.5418768839927,354.7639592538748
344.4040711985945,303.03158990331787,761.954785294617,362.6790174331851
342.2244591425599,305.8252102725028,774.4805599155513,371.6527833922807
339.8215364303617,303.5939181104904,785.6166009618512,369.8982651638479
339.23432813984266,299.15085345637846,789.6232001567234,371.80424717909807
338.81105317585894,299.33330750271637,792.2631110855588,367.76171191445184
322.1028408159573,289.1175943708197,784.7328199114638,373.00265283617836
306.0416390532089,300.5367230846902,785.9863752994283,371.0189672278957
282.4622625270269,294.72285984662767,796.5524610186245,363.0868497696633
266.87052269769276,307.0863050254525,804.113601423099,352.6890494491111
271.60899960273247,304.0265122405254,800.4465424210229,349.4092133069332
269.4879444284327,307.6802957250162,796.3552372240356,344.6194852606579
288.6750503187362,308.95114307362127,781.5849589113279,351.13559511316987
261.86114824565317,307.7926318546564,786.6207719075284,345.0837554185483
262.4494952654099,313.60153335666837,793.5985231157925,348.18931282677136
267.6122469148827,312.9505874794701,808.0348147117866,351.7354760217969
264.88168462255476,312.71816009293445,836.1074656841633,345.72880640965394
219.8210338961756,300.7005671073696,858.0670262725049,345.45526225962783
234.25098444916296,298.53519607917735,873.0370844728823,342.87167209054076
261.2701607053524,309.96265077543734,883.7205850190267,339.84522827655906
249.94662062632165,301.93768633132925,863.4415411241944,344.72237804095994
245.4676630021308,301.2057247042012,839.8263372499486,349.2099905886886
251.5989205063508,304.40997225077933,819.6643934131899,352.4944080002637
236.66861751148457,304.39107473299157,806.3713730812725,351.0068545102692
242.65536722326692,305.25745132861164,807.0131143348954,343.62489774548067
242.65014006635244,303.87307829097665,801.2210660830248,335.2515382327102
240.24648622553633,307.9511690589356,821.8194982222434,315.28517394650623
262.69456008391614,316.2323045972664,866.7091536156045,298.9731648195889
248.538001116244,317.42636839876735,878.782725878106,292.4783036366988
256.92240130562897,313.04782867962416,878.749375711153,294.8834109498215
258.75636777973824,317.74546519044884,866.1057015326959,306.2437627381777
269.147392899123,325.37980611394164,874.6019729114312,293.1750156993599
273.399401173207,325.1914712828717,860.4709030240185,294.0257504304305
276.45221033971507,321.9909181781785,848.8966245949607,297.61986146526704
280.14861079838425,323.3199152251383,840.2997523978069,298.6312929819048
289.1202871154835,321.2933882079989,839.3399398746731,296.72591930632535
287.64853744667005,319.70203245526625,825.3244057838092,299.792238368552
281.09750657858694,315.0460190431989,810.8616353658144,299.8992563174429
287.7245189559447,314.11710173593826,797.0075760918709,305.4429685602647
284.1934043125258,317.9639303396977,791.666335537305,300.81791409009713
286.4691193168351,314.7191587531519,791.7562808232474,298.64075986298735
283.0127238738779,316.9342552484598,795.7617276664746,291.9278545053468
280.9746497679713,316.9481195959735,798.7651186759331,288.980626285166
277.1439908472722,317.56805635695275,800.6865630837235,287.60714212960414
279.99633203148596,310.40405369798543,800.3725700017694,287.3982987544331
278.91074207770464,310.1323276678871,800.3814643480678,288.5310378486757
277.134109026399,309.8638966612739,802.313874611806,288.2098960213361
277.08591034382584,308.1398100389963,800.7541251412131,290.9489719138076
269.3990510580554,313.9936535605664,803.8269933093718,289.67183603499694
255.47728903712692,318.3824409714187,798.082605119141,290.58125742318475
237.42793211055135,321.3189007254826,800.3059755467531,288.0056443460162
218.85906323103518,323.26463351611346,799.3885157116813,286.9354821967965
223.8985692917263,321.242604944038,797.8319085453129,284.2559853307871
207.39301167979943,324.77285678778674,800.503307569018,290.13803221336514
196.11011127318505,320.2933744138432,801.3414343441085,292.7831925288921
199.5303521579708,317.3878757635075,796.960546264464,298.74373509491573
197.11292373620256,311.6972617593406,791.444855946547,300.0406856841024
207.65798910520778,305.5518676567005,787.7902391146281,301.68206321386356
199.27706665310347,308.34847526432725,787.8295211160776,299.0798766767353
208.19334365427045,302.28317186401244,789.4270516120447,301.8819840709431
215.59292254976862,296.46278052951794,785.0438482232734,306.19722857134707
220.75851698552697,294.47216736280944,784.9608201410533,305.48663374943885
227.56396414409141,292.64326889947455,787.4801885202969,304.86340332101315
227.2757967065694,290.7144627777434,787.9760111361566,303.6476872324572
229.2847922006867,290.4845129149994,791.6653730632364,304.511778174237
240.33742436139494,290.50731419769204,796.0304266340218,307.39391024436975
240.77161477671945,293.443627268417,791.0325357410899,312.98456434414175
260.5432420031059,296.88580127206865,797.6142991841032,311.9306296308775
270.33738197327455,296.2539012989151,796.695058474522,309.80731062517737
281.51689607629703,303.87302839818653,796.5065175589739,308.2334723581437
281.52568176978144,296.9736979663735,791.5770734797189,310.2800111361452
298.49142950127293,299.4424882870892,806.6416237639855,300.7315298253523
306.83367993775084,299.67356434210126,798.1762478013493,304.0757730727527
317.37704037699797,302.0457122388391,801.2141781455799,303.13838260577126
323.4181336117791,302.9550073736549,808.6086644656552,300.9998541593789
334.8955227279967,299.51821700204096,812.8948477846483,303.85527740482496
343.6491480171791,297.90413632349964,805.7322831467825,307.5986170489684
345.2216724984419,297.92299438966245,810.0792506455421,305.4682978205943
341.35423135902494,297.54268189723416,809.8344159644424,307.5048954786428
350.3209571595696,298.2703525390594,818.4651125268956,300.43963790781515
347.75593853459725,297.93584487067295,818.1813720403009,302.52988392649456
344.0945018755582,296.91888658219386,819.4028179979257,306.9737966617019
348.14840318596185,295.69497168577414,818.2395809790672,311.6131975448492
345.97485361929637,295.48674427305247,814.684147186631,315.4111628087842
341.03841394973676,296.9412342381479,814.2357317183132,312.77964522761744
340.42041262012003,295.8471404607616,810.7290239442887,316.6093752211132
339.77771840279513,296.8693025465726,808.879239677379,320.1975186168246
342.83255048820376,293.89924116366143,815.3490791143506,320.96273345947156
343.6703663604825,294.1407258965327,818.1491145540667,317.9912093545439
342.3745908566832,288.7129804085944,814.1573136437237,319.23905184188857
351.8251706883306,288.6069082290585,808.9451747832703,320.9199118777071
351.5583777232259,289.0584259252801,814.3807266245777,317.2831700089282
353.7085633845312,288.6343975256576,814.5047024275502,321.08713651522686
355.0292470255015,286.4310137303656,814.9867788879735,319.98217175034733
357.9858322934273,287.1408631371677,821.3300592058815,318.3857395912798
359.34453128280967,286.24186915635966,837.693261445453,313.5771989462686
349.67181377655334,291.9373307752646,826.2015149962747,315.0092573574756
344.70634102133636,291.77273386384365,818.1311073096322,317.6968697197442
344.7987448426389,285.57591444632476,802.2626751978629,315.55603127496914
356.6425967157056,289.45948985147095,798.2095649620082,312.14902300562943
352.0664705676873,287.96431196206424,791.5037417114648,311.2956112087426
353.8147394869161,290.77979239805865,778.6882376947212,309.741673792156
358.1017789532396,285.60197228507343,779.7447543034867,301.7536311242593
358.1186809382656,285.91627114605944,788.0909525421996,298.6390553175057
368.10458197809976,282.2785419486123,816.4800224710066,290.05529383707227
358.3315942455631,288.36194194699556,839.7716305788526,288.72548636580245
360.48409765287613,288.9749187140419,873.1302086579312,285.1022123961425
349.0306392428867,289.4219994267181,899.7952525184293,283.4321098932007
344.6841691150985,292.1288192754996,918.9845068300397,286.79621531991535
322.00034878885526,291.4383245072706,932.7710576385714,284.45487397000943
338.20104945488805,294.5998886801834,933.6600170494702,286.39137692473804
332.4363309058986,287.3579952038515,913.7603199217205,291.04841614952295
347.3193483186393,291.5551121991776,921.1458273430744,287.91116618454726
331.8167839760396,286.3338545474264,907.668021912323,294.11221624286645
351.4536768438889,283.0272156141233,909.3001032014757,289.29645511044424
344.08341395192673,276.36509674742047,897.7141581471036,295.599725636694
340.1879676652212,277.0392576028024,892.1414039295803,296.3562261595667
345.8830315847218,279.7640622344723,889.4336518617607,301.6173144763668
340.48330665061997,280.65408580778353,882.5296673246644,298.7673570655949
348.7103387308922,280.5142149110542,880.9878085519554,303.62941579701237
341.9535180246029,289.0088311583033,882.2387950392631,304.88380719571285
341.1728163263983,282.7238499932266,869.8624748598708,307.0156347016311
343.6560163893734,286.6699665652252,875.2157818578415,309.2406982186299
325.9101895551586,288.23685176665293,864.692605097863,310.2687220810045
331.18891543101176,287.19067450081593,859.843375169093,314.872124901611
330.8902756132776,292.179394550529,855.2720236871614,313.9631114227469
332.5634027846959,291.39706612857657,847.8015406332249,313.18029596068266
335.6262909212394,291.28099420016525,849.5592784594164,312.6496723551621
336.8499527062231,286.86849124236863,848.2279155088677,314.43678309212316
342.49894946280426,285.99808912822266,849.2455095813443,320.42294805593707
329.8693060417048,283.75716372794443,833.7115976113575,323.14235560724313
324.413311559278,282.3664754967482,836.0512668930037,322.41925260526165
320.7030687054166,279.8504471833659,828.789063872242,324.7719017673066
322.5736253809226,271.46665521129125,826.6764984988689,328.21431217450527
327.21112548586933,274.01273070410446,828.1395092200183,327.6824040738432
325.0723106033803,270.47831497938364,829.256688579799,328.3462774765243
322.16974575504474,272.7012972253198,835.6743300221559,329.103149273923
334.407493789921,271.770736949162,836.5793390109532,333.9801222795242
340.6388165948695,273.65948110408124,839.5828668619466,335.0571985830324
348.1633169842627,279.9183426550759,840.4393310368291,335.97694016451686
327.1513737591934,279.9827667338687,807.7691464003977,339.50223586336267
337.0832431050785,276.152955339041,779.2193684554211,341.3631592979125
342.2681857010786,275.91906851445185,763.1837930786263,344.97580791976696
335.07622280274035,279.75787172000605,750.1991538077633,343.4289658863121
367.6056348980587,285.67221681943374,756.4128373292097,341.49257004971435
369.95253643659595,289.5221841138441,745.5393235519495,345.2804342306717
373.7288915333244,288.1084074625173,733.2629378464176,344.3093160239729
369.63148995535306,287.89737887194894,727.1208638924048,345.01913457801487
378.4023688130195,293.92107466360466,743.0489364197176,342.87807009640414
379.49970046450903,292.06671317356285,725.371514241856,345.9487766346898
388.4806740251888,289.6349344103247,728.5469883513483,346.4437127121345
389.2118456245888,288.4712602427079,729.3458493378878,348.4778531327477
392.01750891527325,282.8653318934314,718.3200753990801,350.7939044583685
398.90623267492117,281.4211919873874,725.0867984073484,348.8716186831426
396.8231381113076,283.630804872622,728.6704493762846,347.8502145714211
391.68511133317327,271.30214241186246,704.7755668916884,351.3026120881906
404.09210599010567,274.09710947969205,718.3731753838738,351.72667721496634
392.0420762515584,257.50310347733614,702.6033215202232,355.7994026957035
396.2334435195554,250.13396540454568,710.068984647836,353.14824738440143
399.90359483363136,243.4491844146952,704.5406091054431,350.2918327764871
402.954237315951,240.34434711111868,703.2490023617881,349.27266921245985
402.9671338579688,231.33924612221108,703.0516181006732,351.0060643450256
400.50230367936183,225.01568451255145,697.188490129417,355.01648146276307
397.3375200331055,219.7939950266819,694.9368055408173,354.36262904785656
391.5075294304028,211.60758987575477,696.0491652812901,355.11208294461204
387.6578908831241,209.77410200793787,698.9067747975714,351.7358159812022
386.13163102525255,210.74712339428797,701.2987717775425,353.61163581775867
383.6945230579589,202.9902674529926,700.0273447295833,354.5696957170154
377.23855728585386,201.59372847598814,707.7116067306638,358.9567613315271
368.5177172971986,203.17934647476002,711.1701727863808,360.09524567682394
359.25161114500975,202.76657034649963,712.5327167052051,359.028887771649
359.33620038259744,201.616244914934,711.7329753866809,358.4253876991088
359.3468646610967,203.35352345128285,710.7035434631305,357.0491173524704
357.9590586014086,201.99155922797212,708.7263281944563,355.25751660345145
354.3443866433803,202.3660815496437,706.8816840951295,356.5508417424453
347.76410798691074,206.37368111563495,705.7263227437293,358.8428633429162
336.8142114243939,203.34339133386442,714.5993834327148,361.34541750590165
329.0049361272812,211.61276786511968,718.1334224862464,368.6060742468725
323.70112235251776,208.60514650824467,726.0573300883999,372.5309633053349
322.48580193313995,209.28459945235198,728.1429419765069,375.2723620558993
327.3875324759331,210.58112036881653,732.6603559080595,375.82968894364296
327.1825683634256,210.26324167582337,728.6338707933953,379.64717127184844
324.24827636711217,212.39689961799695,727.7842774333191,380.94250360560125
317.26315334093226,211.14616629185736,718.0333453442761,379.9964485546486
320.3080508272751,212.17607696132387,713.2908212547441,378.1443458700918
318.54065204261275,217.46379580986067,710.3336524939233,380.1172290567725
320.0109727799248,223.0906046279781,713.4578229071833,378.89517477465665
314.78755551920665,228.16816160221526,711.3277531663462,375.5010600074246
313.4744136584434,234.28407255247683,701.964690992522,376.1514141519994
315.85086655141066,236.26427032055955,701.2647334508323,368.54021526111785
313.6607326265977,238.87275098418266,700.8978334054225,365.6693644856038
320.9852168560626,238.25782425954725,700.490473931542,359.08894969464166
317.9683937609489,244.60695004209242,692.3227747713876,364.46245632249713
321.09976031059676,246.9388356001987,688.859657916346,362.6656906764277
335.50906372837864,250.41895552871387,691.8072927820339,359.1943799520377
347.9627096734912,253.5871149177577,721.8119268328053,346.6151876710431
350.32704552000735,257.2777553465604,738.6143713516865,341.1583775490019
347.25521059642136,264.0740604873297,729.2520866135964,343.4788177555826
365.8990695209038,265.46335895794954,754.6936546128561,331.0604613715932
364.30574770170585,261.7756016460818,754.607506637499,334.3169426148535
369.4826429939701,263.63990427713765,757.7274190136827,340.11347456456986
368.9993071315421,273.0724927185949,743.075990307224,354.56850257195526
368.5268860184083,271.49401007430174,742.0589667675665,364.25113201739254
372.59104513393345,269.73201320205703,739.7553235315938,376.0293216633777
369.0220354495907,257.04133803853733,736.4451136880446,376.52398035251804
376.85348759660894,259.388708129823,729.6170847952606,378.48043637865385
381.94414207972767,257.8151214127548,729.6394924561174,381.09550075296306
380.21474492648633,254.49139658563774,727.5413150861707,380.4901120595009
379.7547778340311,254.19335550858725,729.0476067807083,380.5769033695944
383.20316156070646,250.80619626181377,729.8851222392011,375.7155316016745
384.03664490558964,252.57536351276022,730.7314433989774,370.8642368555999
379.96361052125764,251.92913782690107,729.8582367321404,373.47982432327444
379.48046694756357,260.68911565127337,728.5445302525471,377.77396738551306
375.49847595274343,262.182079891577,726.111077336488,379.2469509886321
375.98840589427346,259.6499171075613,728.0578916796392,380.4520433975929
373.5995193520857,258.262804164628,726.9434219126257,382.9660049903056
379.091464168569,258.42767296332966,723.48305472017,381.60167642817964
375.9995460297869,260.7681121753061,721.8126558031239,379.99133917750714
376.923582203826,263.6428849659767,723.3990199796905,375.6513913337671
380.0351349300694,257.1275512382264,721.9643943389515,374.0935131330645
381.65766134340925,262.42315683375944,721.8038795871737,369.82598855561724
363.2795318920412,263.5984365834029,737.3184447654478,367.22965215156
371.7684465370496,257.82490913554153,728.2637355849456,370.700626089038
350.21112863276664,261.5576198869711,743.7099640625863,368.16175160891333
360.56731280332934,264.4380254174657,737.5972628813746,366.1797954655835
374.5525521167549,260.42714053490386,719.2384495863619,371.0363444622597
371.2643601178094,262.49427065219265,720.6798327687173,365.3910900567459
375.5775890609972,270.9642452799208,714.8271270304012,359.4171118445047
397.4500814185234,274.82154299629684,693.3925825749213,356.4765286608805
400.43663591187726,281.6181014573437,686.3832788915072,347.9973858505955
399.81029706268686,287.38501879922774,681.9290353636369,344.2428171479643
394.5568273669275,283.6523574160858,680.005244112729,342.7803387890536
401.32960120762334,288.37354141136825,677.2721733937628,344.10496587735304
402.17976225189017,281.675082605886,674.9331599267274,346.31411478911605
398.26599057433,287.21105308978804,678.9622104869677,343.4474256766301
399.6068496880264,288.03191589800304,676.5246307128559,343.9382989801181
405.3298380204362,289.28917024570177,673.2527393949333,345.93285878604263
407.2345302693136,290.488929083848,669.0400015848936,344.1132766946392
401.59959386220453,290.2887529273776,670.8590548546754,342.6371685557377
402.47468192590804,292.49599870228957,669.9509174039817,343.114942746055
410.5825836831532,292.6481770423809,664.0945245639932,343.67768421727106
409.175080212678,299.57979293211486,664.5228165409102,333.8464084281382
411.79332798752824,304.3207698092509,663.1540569859802,328.95697343608055
420.86927816701154,307.2950759816122,654.2895187161257,324.66523344389094
419.94522980586817,307.5272966275256,651.5491812622986,321.96792210691706
424.41382074194905,310.2273873829552,649.0016370310104,320.81007761195383
423.236660569432,312.5109415997615,651.3501866267942,318.3762228178731
419.86600443907685,314.90372745435525,650.8637018139043,315.7071782299237
417.8226914089257,317.9248081336782,649.5442965480386,316.2739214055938
419.2092981641659,320.5272076919034,646.1583159179089,318.5872924974457
421.1740759920609,321.33307204031667,646.4779290825593,315.44540153778024
420.62439491032865,326.8778361233703,645.9719016103136,315.09671957979253
418.89617132008783,329.7303608356148,646.712275435853,313.87728749582516
418.0944577790402,330.8939898565024,646.1713618601634,318.51474617796725
413.91311444707327,326.1708233025884,648.8908814571515,328.49015296897005
404.1367844956838,330.42943185238653,657.625708498677,330.9848333025526
399.8674122089137,320.50147080519184,659.5739709690149,333.3888142569671
403.41433090149224,323.2753794203479,660.4568091249353,336.06102463185766
405.51033653411224,318.4291624272727,655.8646224346356,336.9563771456654
405.5274699220055,321.382117626185,651.8608269888443,336.9215933573955
401.08041887945853,322.37630929527745,658.6173115096328,336.59312999000036
401.5965508137715,322.9806720574286,668.2463902495363,333.1831223277873
399.29946089133455,319.06022356783825,669.2550686060506,331.74692010476565
396.2642220123804,327.6460640123369,679.1179223389117,329.63976979769416
395.866805946914,330.5069427676375,676.8071583472007,330.82456764161486
396.0753881236163,332.36284473891897,677.2764488004119,328.0823180531296
397.8760314622717,333.948086138244,677.654101755355,327.13417690281534
398.9087870195854,324.22699087168087,679.0443068763497,325.58329918621706
396.5864997525715,331.44881391076143,682.363099956109,322.10471620029546
398.9224648772898,329.85163958391223,674.8357822007827,325.57258532579476
399.36841649425565,326.5522679744205,669.7717200771473,320.58703316834743
400.4503793341197,330.2115729816749,671.7432479549971,319.70131674833726
400.96313586524144,329.98792673631027,671.1077219422749,318.98475858120844
403.4942008309804,330.5792397264837,670.9769032323638,318.3119947641592
402.9768201471944,329.26860317631343,670.6248974214966,316.03937853842865
404.89361308696147,329.58300478647675,668.4377861212976,320.03197217786607
402.1127660761877,329.2617295151691,669.5350426847004,317.017992492653
406.18709013786446,332.55295428043394,666.8036650746559,317.78271299794136
407.5036944725617,333.25908706739125,662.5439969316327,315.9367278083025
410.9946511186223,328.1474271748002,659.496128715037,316.949344951602
413.31778990690145,332.60786046347584,661.0661262310816,316.64971827764015
415.1019328313833,328.4216519344518,658.7836910833227,316.0154999042607
418.9288096462787,319.6212787196581,652.2613060303603,319.8453338582089
428.37433169364124,320.13471199502897,649.404658443262,320.3254553505546
436.8552622971755,328.61205821617193,650.8846206550061,315.0445667947425
441.9172363126154,319.604649138057,645.9804874936708,313.5864020165981
440.976083076664,321.4824217333845,644.4258508421452,314.1827379118843
444.5423907250361,322.60124195911294,644.4119503741903,310.2187347316008
433.3551507640815,322.1878542589282,646.5586115023063,307.3319324280362
427.8054770474225,319.71503621110946,647.5654676686838,306.343096929626
436.6874659461339,319.7102177637286,637.1723549296653,304.549230586705
446.9529013850954,317.19351258836207,627.9174145337022,297.2954936497459
457.7814442926293,320.2070434005922,617.7699369064301,293.1811447864909
458.3848485770977,316.1824209772606,612.1549455867444,287.7076932065995
453.4336929816668,321.5185466855383,606.7918716337456,288.28300953142923
435.2179270554816,324.8257404966902,606.7747129446559,295.36167710458614
426.27125464008714,328.4902991110335,606.6258300829843,296.2916783164146
427.2599727510252,323.0622461470391,603.817614979587,295.4441149478477
433.31250939919016,324.93111314017284,595.7521880815707,293.4331892236685
454.29202790921164,317.0641309423212,579.3588374531299,299.8563516788596
424.88724035096214,328.09882496294586,591.7414585788969,290.2670444527533
424.8666867666241,332.9048533370859,596.7174638640887,289.11162660265404
419.9432915553996,324.9334588774648,602.1346293994663,288.4209640498039
415.7946002543663,322.29209626294573,603.2679726959318,288.5741726767405
415.6333899756197,329.95188942993536,615.4810838749606,288.7602814832609
419.73486839289495,328.23335676949443,596.2013148528869,293.73471103352733
423.13108253654366,327.164773372242,586.8572766015398,284.4832926489921
434.09340232949774,335.2102095708334,581.8722179731885,278.7327358844835
432.58283067060734,338.2416995897164,579.4913217022979,271.55933447744246
441.1160705640133,349.804417663095,588.2379254004318,268.4588272870035
437.375113264451,341.46425278536617,579.8242009133194,270.1578107097068
444.3108657076685,350.63385993506046,582.2786593730735,272.96256908893963
442.04361841347213,356.30371791145274,591.3990920849433,269.39809898297574
434.9707951064348,346.68406199221926,576.5259388889465,274.5021324991543
442.8424512542598,361.4156333354397,566.4070260244516,270.88071217194135
454.0272386700366,350.40228070079365,573.1684321492589,275.08504072366526
449.2104504067966,340.72270524556006,570.7968484319105,274.4185434194556
457.56937113337113,353.72164918427677,586.6997691631769,270.9398512958241
466.2685215230682,376.48314438053364,624.4145103155913,261.3022066507538
433.8735688626737,356.6453559186241,618.4477480864742,266.4091560394551
438.7707641188303,376.9568071618116,646.6625387915207,261.8597975792634
447.28091347835084,393.9320259690811,689.526007643916,264.5535475316337
413.30210241846305,377.17014836697126,705.7921862782616,270.2747261137615
430.5026572702054,372.39929211132846,714.6465716610539,282.04502836023636
407.67455030756656,375.1020648261499,706.1175521812828,297.12468641164054
397.65301236227333,365.80294172075554,693.7113765293802,307.03819074937826
397.90902502699544,366.2526393833142,687.5536723546697,299.1298666538273
407.1598709974572,380.38596121100255,667.047178063655,308.28025315740854
405.28709516137206,372.1249615650585,663.4142666604815,301.28292086109593
410.20023213063655,377.69720135238106,645.5648317403181,308.2338009325042
430.92153504570683,365.5571202448391,611.6165920617852,318.9026479652018
455.91329699178664,365.62004595190297,585.7442806287629,324.3720608636208
453.58812125587417,370.33431803701404,579.6041214776803,318.0828864322451
460.14143611364096,370.2017213453157,580.5543657610527,316.2663209700592
483.5502405150814,363.53380084770686,561.1969085674815,318.6331257379042
481.2197923261326,366.5858297265122,546.1008247099664,310.76110645075977
500.7510043180765,359.6385812369027,537.6009975819793,298.72159326989845
491.8376228050662,364.0653652356784,537.1490751584433,278.79863408905254
503.49126168400244,359.225950836183,530.3527019069929,270.36765905979223
515.8875563698483,354.8449553077976,515.7180256247746,262.37561867810325
524.9574399703872,355.4605649506427,504.0496920823117,255.3437638445685
524.3085712152288,355.2728212919669,502.1585152779963,245.92987354307988
530.8003660006298,351.40052281319413,512.7671987237237,239.35355383228693
580.91221884888,367.6307367451269,509.52275859591066,238.06419096376595
545.095722727141,362.1206474553933,513.0335768510311,235.4259173258491
538.2605068793212,356.0722547543231,506.962217242285,238.49644190313862
552.6994189484178,355.6410200293741,499.03565649198197,236.78926032365027
548.3260077877042,350.69706978782324,490.198790292499,233.45843583956162
551.5005977295837,354.72017942871014,485.614087683118,227.49950606616255
556.8784484191773,355.66647013170393,471.295963917846,223.9707323942368
562.016304610674,353.5983339720524,467.7546431183543,214.86128943092655
568.0224773625137,353.0586796363864,460.9041585998477,213.87609347986216
571.4626657545673,357.68061917403224,455.8825720120692,212.4469940077594
578.7455199076554,362.3055402304866,453.1052952823482,208.96238400014727
582.3982343128612,356.26604446981776,449.44945391387125,203.9677262303085
575.8450587932537,345.58636430455823,447.56332530978415,204.7524587822661
579.1396184518269,338.50057691100324,448.28533480167795,208.47727844234765
573.5636770323674,336.6708217483232,454.9927310448169,204.01722036852334
571.7561127065529,336.10520236910565,454.1911074493642,201.88841610271564
573.1784702911408,339.26474432813086,453.03976660767876,206.0515422496409
573.6526293411829,342.052731283182,455.93810174229026,206.39862129282156
574.4107916807955,338.1480741859466,452.45091733207084,211.5776346207808
572.7702834978707,337.24132208877063,452.7545338931701,213.31117004801942
577.4835586869154,334.6478896652857,453.09277232313093,215.0954864323847
576.3714992306834,334.3495922282608,452.915172409455,217.1076574516361
574.466965628315,329.6531208971081,450.2777223479004,217.9995097981267
578.293644262483,334.9658622218786,453.7232098359305,217.24562136688954
580.0153471091198,331.63154186880297,455.3313175237336,214.78284500390123
582.3641702422491,329.0899952053045,451.1593376617195,212.333307267551
583.8030979534167,327.8582033934009,447.4858190648915,208.99672650101525
582.3691166153606,333.51905316906897,451.8157459607487,204.67764068540362
576.2429140708915,330.8316778804801,447.2099930933006,203.2457314516686
590.4361094217336,333.0431072815238,442.5030159545846,201.5390652292354
592.6660178205957,331.1735180294064,434.09133063996467,200.07134140817044
580.8820887072977,333.66224136141125,435.59093230116775,193.75711081271692
560.4371452787171,335.5369223659169,440.4787164332838,188.95442997998802
578.66828349682,336.24261268836966,434.6351854274194,192.12988033615446
573.3565545034265,333.1213611216962,428.2052913392697,195.1928378808759
570.3137043121999,334.7169171762797,420.1489598672226,199.6419224543265
564.5334628544008,327.0684201435293,418.24451626191023,196.79056079303345
553.770276302978,332.70485721942634,413.60426719791917,194.73448899334747
562.6356277847767,330.13208607346235,406.66873239495436,196.97298585954152
557.668389296012,332.81701521988924,402.6325852110498,195.34809750125598
558.3565806587504,330.3189761228608,399.87821034255785,196.96880430184007
556.2662252822722,329.4667467125471,399.6170829495371,194.28761354180705
552.1169123503931,330.71251665685395,399.6629259286912,194.6559884874681
544.7334116274005,326.1096239085357,399.281775467404,195.1123197337695
545.5241135205173,324.8244588520932,393.95500129379457,200.18714995438242
544.5927588625547,323.8839690201006,392.0631496171441,200.47975970108848
539.3797654508646,319.09245488263485,388.3632881731197,200.68820140567775
532.2187231946107,317.5134282479605,386.0473229277278,203.0558992325526
533.9198760032023,317.80798220643635,380.91065311948546,206.64233004720336
527.6243599652854,312.3144204408567,381.7872376724854,206.1472205218468
530.5010010717322,314.61491305119154,381.45511980041886,204.4076600191513
532.6744469515409,312.9081122849019,376.93274217289803,202.40844970739235
536.2683565725358,314.40699473302413,372.91277656705205,202.98754292313328
537.060325580786,309.06180260805996,366.78567396967156,204.0313630044062
540.4652155751478,305.11701893529914,362.6233759793088,201.6721092964354
546.0972287588912,301.06590356004807,360.15596559751566,198.414763587449
554.570596317433,302.11057859350785,362.0719567198182,195.69554647869703
555.2147360209518,307.35068449642444,361.66230262834597,195.45593247736414
554.5752853808744,308.1963870994571,359.301077091831,197.96681960822207
559.3366982814026,305.03889713053013,354.4903225875203,198.59138197234267
561.6637343284863,305.30845126692566,352.30882344598956,198.87273667718338
563.4816333455899,307.5553628138453,352.6381764893382,196.51662375624903
564.9603424750725,307.98750147072326,350.4931472249412,191.9927181956893
567.5199827134705,308.8749192755161,350.49175066482144,190.17127210594649
562.1736421278187,308.56284603992543,350.4179703318075,185.75309399977235
563.6785200730508,307.26448173067405,346.0582812530335,184.4554307955792
569.4197837348503,304.2342098868028,341.4884366891209,186.14953079676246
576.8796947948515,297.9035367497358,343.0435638186293,188.95915005936772
573.9029387374087,307.8022872768006,338.6688748822836,185.98608512099466
573.4201396594398,303.07581775410574,332.08115876171047,185.92533377613512
575.0191275829784,303.04951527541994,332.31760141734856,184.2633481184311
577.7501057350681,298.42223086498836,328.01053768087894,185.76100574661103
582.1941925317121,298.00761842602066,320.9205968786257,188.52644337136383
587.1720233537055,298.3275618853892,315.2989506796037,190.00131001285945
588.1334461011227,291.9861924197714,310.9430667984828,187.65928764440014
584.4560686823311,290.7591016049569,321.17222228022445,182.5997763895931
580.2983140883716,282.7218682576355,324.7198707002077,189.71131022354194
589.2264105563984,297.6684292879779,327.2387542758029,207.29113652008556
589.3555475691815,283.96328717902,338.8185455087009,210.76117497115843
595.6869066299944,283.70288234157096,333.94490797610695,206.63489993999622
602.1298202827696,284.9735543519798,345.52213619282264,200.37503016535072
606.3253154384629,285.110198748147,340.53347465113995,201.77896721225756
608.6146608929125,281.01299666112806,357.8288028782556,199.60339870316295
615.1864319296456,279.82438293030134,347.6785430439329,208.30853420741707
622.6843413097416,288.56439980873796,332.7222235526017,201.95148793438668
636.1591395141111,286.40458496030385,317.8332255545736,200.28695515485356
646.3813476391906,285.7750539720382,308.1823879629808,196.07749811326957
649.6747271462458,287.4007832872804,301.93950516620856,192.44074608829632
656.5763765754331,285.1550589857229,294.95943554759964,184.91340542303925
661.1555723602161,283.6178131595887,299.38234741737915,184.56568754014805
665.6304003226529,284.5645349043509,295.0208187203162,182.84590312756364
668.4397627348484,279.57350334642746,290.1821980786262,179.64793737506514
669.8332644079908,282.61334069880513,300.6006763828194,175.69502426508114
668.0724583212474,278.2624388760677,294.70333646293653,176.48631254969092
665.4536945947544,276.64006052941,286.8706882984448,176.97696357666624
668.9705383371245,275.05505838732614,282.2267560414968,176.75390806007363
669.4445002770119,281.20445363363694,282.23855675520286,171.00083015289096
677.1341466765539,283.54261134344125,296.87201216827884,168.69583270432608
676.3223173511077,285.64905531399245,302.4089742581266,166.92293155098656
671.6297312223567,283.79554645750585,310.7117480164844,165.49867340759428
669.6400362256625,286.1707163645716,303.48136349988124,169.6903353613896
671.3227713534259,291.7677639955128,292.6274152037833,167.60771603794862
676.4757448599183,294.1807955030267,281.9197516060403,166.7474795156227
679.3585870872607,299.84604295454005,276.3219066638902,160.8851205515494
683.65981363332,304.07933903633915,268.4188676688625,156.1304322138983
686.731873105268,309.08428574955883,264.5825803495044,149.65104248934352
686.2370787598998,309.19235231475074,261.1253249009665,146.4212454075038
690.31126640764,305.38995565158126,260.5582405433904,147.06118967063887
693.5271440358852,305.8041901123496,260.1792529379128,148.67037280007568
696.7881313483889,306.5873955226859,257.23659159551624,150.4578474692881
697.4476036817783,309.0543698032638,254.86160942059854,155.691900543016
697.8455621305459,307.5011675200941,252.75886136083028,157.76889125980875
