26.0,179.0,112.0,166.0
29.307162087920467,180.91699377093124,111.11054119989466,170.29577572654668
29.179540385321083,179.96001656450116,112.03594831543673,170.78035240518312
28.62687637966861,180.5854359391119,112.3985997669297,171.3606172241656
28.12018128058461,180.029981029824,112.59153357228836,171.64699738100214
28.380005950839134,179.27734666783488,112.49489557319424,172.0370127012798
29.26953143032877,177.21060449477415,112.43425362611987,172.17795165523225
28.753709116010448,177.4081373850733,112.69829468483915,172.07568359469744
29.084222077163822,178.03422580746752,112.45363374430833,172.04355831727094
29.12864791935153,176.84410111145377,113.13543385774365,172.5635489505662
28.819235492369437,177.26689467905567,113.22139324146987,172.15745441797586
29.071804553032464,177.15448680040663,113.16844957338117,172.19485799165292
29.50621678375429,176.36345663570216,114.14552558257024,171.54773318762918
29.54652370643121,176.82648601399057,113.9857307783371,171.81958312790417
30.090978932681217,175.93914862057534,114.38821900991711,171.45240979168693
30.243450051638604,175.15654902231915,115.25836699208617,171.9009052932291
30.668505247359207,173.96703472922474,116.31410724281025,170.89076501400143
30.243221745394173,174.47001867208456,116.58401412426993,171.73662329361537
29.930718607496622,174.41484031119535,117.10881477342043,170.77994181384398
30.024327996746493,174.4300790548961,117.6980625094665,170.88542808112254
29.758865621487615,173.20997238207121,119.02216006509786,169.29618202356585
30.19788399598785,171.02305523149838,120.8761709317109,166.63951675932424
28.97075793845788,170.78320244123375,121.94221651819655,165.63812780436274
29.997725819568487,169.81430187179524,122.5446803580225,163.88936588842677
28.376669704447487,168.21832516116393,124.61392127635621,161.9920277467168
29.012116921900983,167.8447538084384,124.7416262198264,160.5610171899952
28.234899276010005,164.98332434166065,126.76341689497706,156.5090806349938
28.197197689234727,164.65858874309737,127.18883779600745,155.48442137926017
27.78917003287623,164.22229838724292,127.86156819247665,153.8602153122414
27.66590067631539,162.97395133824241,129.51138674454796,151.86748915485703
28.40907195490655,161.48886959309087,131.11601897844682,147.6876663879052
28.840779176799984,162.29817098176454,131.05590519087903,146.50333674042892
28.672295590729817,162.47698858893105,131.21802476557852,146.314261260413
28.064978902259256,162.0963625514458,132.85482801092195,144.15156940172838
27.10652196235884,161.9396095466011,134.22064415971553,142.78508748619578
26.052210292498742,161.9895575313601,136.0090903411732,142.2090126958888
26.557071815073257,162.49912077218357,136.55079230850544,141.8070585417177
26.265582917553573,162.8151229596209,136.99880399673464,141.1884897447185
25.469088869683944,162.5949074381854,137.70024617194133,139.99600959969234
25.72059412925327,162.2876648239445,138.26474469801877,139.38835870508603
25.839582896636784,161.7475840780793,138.41528720117697,138.7445073551923
25.37632254196636,161.5029193478381,139.5352735963162,137.04656067533332
25.658693516704716,161.41594673527362,140.1720765510688,135.80227384721326
24.824695505167526,161.54098592106806,141.14993219216336,135.07267067287458
25.253886792212484,162.28522020388704,141.97466365626934,134.97924050821976
23.831471412769588,162.0079792756548,142.55699468775705,136.3405874924356
23.15392131502489,161.10396605097435,143.1463619155755,137.9123317269987
24.857732159888727,160.53840684011524,142.5276375600182,138.88863193793378
24.088677743371576,161.27219831154613,143.87889056553178,138.2473530878575
23.132847523159455,160.6647119556187,144.47631546027577,138.53048742909954
22.158968785008895,160.93753744747136,145.56659801528713,137.80330612213857
21.939577748144302,160.86190172847853,146.302874381158,138.26202946410416
22.043265449349988,160.80723201438633,146.70728306077245,138.21885874935163
21.854352021248744,161.575460402479,146.64321572785093,139.0252139063138
21.81150441632998,161.32193098357266,146.94037864676244,139.7492701703465
21.88505399716709,160.91230456773167,146.91748761792172,139.56045237913642
21.450625017361602,161.68460789717105,147.56703249774753,141.2558740307681
20.549799522458187,161.63464913897616,148.56601679145706,142.56977634583444
19.87574458734025,161.60116358719145,149.98575186303017,143.762157660282
20.29803036519297,160.44672538549247,150.6249558500521,143.29589516150799
19.232213492646892,159.1677924462375,151.05621206909436,144.10963729958118
18.62449183606074,159.14928094373602,150.9868814560739,145.66764958292092
18.584122747592062,159.14346526178326,151.24757995191823,146.09330462253726
18.552348181002344,158.84663281902212,151.9204746846301,146.51003967364397
17.8534892998604,158.53261795913244,151.64440877658797,147.42640551354884
18.44818464337297,156.83833472715594,153.2329184273843,145.5762159839129
17.82901707115505,157.6491980824679,153.33376028677844,145.9595695599316
18.246880027803613,157.47223827015097,153.61129130488936,145.1237882030242
18.064547823371072,157.5616882085314,153.8392822511913,145.43935053715987
18.433940683051148,158.10503075722414,154.7233599863212,144.85097677870772
18.473938106630854,157.0750951197508,154.63079620632507,145.25093918122957
18.936594042777287,156.89710513245112,155.15299067964702,145.39329986216444
18.552724775178334,155.63183678025268,155.87969558776172,145.0267189760805
19.07655732959617,156.15756222555044,155.84445612262684,145.3959651487134
19.499551563875258,156.0500877924325,155.73572525848758,145.58185507142855
20.39652773255986,155.58680474392077,156.59832008991623,145.85933576958647
20.08646825932817,155.39660198140768,156.43329894902587,146.30469729401872
20.144440980066975,156.16450971472227,156.10691767136902,146.3856145782092
20.491269406874395,156.03988003663423,155.96202761673544,147.21732713831028
19.882324435425545,155.09097134893756,156.05089016755,147.54425649167482
19.858284499130477,154.40430892854675,154.90562258669675,146.93107459206507
19.447460434944674,154.56633915577368,154.87186168579828,146.72444828342842
19.8538718535401,154.61735705114984,154.67439981839874,146.19453398633834
19.59362332996757,154.03876060359153,154.32048135400703,147.01170451767538
19.410168566663685,153.0153826720324,154.14635527061762,147.52548693387266
19.889472594364477,153.9865351266158,153.79939431883997,147.44030409418326
19.919311213130598,152.80916062563062,154.27885909654427,146.1231184969803
20.044442977105703,152.81551506037562,154.0407396364813,146.91041588865596
20.460796027576222,153.03479736052452,153.82698121304307,147.52701810339215
22.15672809879935,151.8021333709706,153.7349300516745,147.96678919862768
22.336138536317733,152.82930046429198,154.30381057841055,149.47429827970586
22.468521292983127,151.69430757524833,155.76318014518785,149.9578483213222
21.88052368259514,152.3884318562091,155.83635417977092,150.1610276627286
23.06970053320174,150.65587990805233,156.05143146806356,150.5141163900031
22.99599058264087,151.54624776559717,156.86184992701538,150.65554519508052
24.108587522698826,150.5487613756971,155.83871217059075,152.31888873555874
24.355637528694444,151.27082552493533,155.30575557681692,154.15750293545818
24.45785104966646,151.38590926069202,155.84026990356332,153.1041737788734
22.891720014415966,152.09701037651544,155.88280584443027,155.15055408552513
22.826680819054218,149.32786618757723,155.05758108401116,154.31619356983322
24.29788591323353,148.36927818596135,155.11408069797739,154.5669466747139
24.543669454384343,148.1186206752253,154.68494319108513,156.0343457716446
24.18295725340498,147.62528326432871,154.22612887801841,157.75455158244142
24.02724575072942,146.84460347995767,153.14563056598743,159.3247853078812
23.507876944330377,144.7360348332739,151.83824848755114,160.77476827519962
24.831125325318524,139.19785014300817,150.32395639177096,162.61411421262443
25.820760087902343,138.38691908706363,150.867046737687,162.62827686868596
25.95899656270214,138.683862776348,152.87548875445472,161.55616482977695
26.607409203474646,137.1491696184542,152.97134648901812,162.68137141572166
26.49721701523589,134.69410971508648,153.9791176827727,161.46520058165154
26.64992702599882,132.01266784257584,153.1392838878322,162.56651191729696
25.853590164135966,131.3914497256468,153.04243946475407,162.43876259262095
26.898758731960044,130.6101995917569,152.91229196907165,162.15538974364998
26.900324238967556,130.67010910777543,152.08646262411364,164.11183092085918
26.510134061998144,128.9383321334294,152.16878317435152,163.66155328356018
27.369055230624085,130.44237204165591,151.4662649258651,165.86172703442344
27.213518110313117,124.94880749979112,152.0995188593753,168.2551868842924
27.529806888228038,123.96334323036908,152.49599910896202,170.8912509378315
27.984338109059763,123.51599578541702,153.1592735108236,170.4860374571965
29.57443842603547,123.14356729007285,153.35874547492602,171.74805879408999
31.182872411670132,121.54397238007837,156.19663056593032,173.10366669646214
30.141706832231563,120.86786582768275,156.47959104804625,176.34693629788842
29.918617647126155,119.69110071238224,156.56671843872948,176.36473405949496
31.090301475992874,120.09285429574861,156.9466613719112,178.0438227546404
32.435411148543324,118.97973887178837,158.1541422086151,178.8726879117248
34.64564354708324,117.51453710828056,162.9475312399592,180.5812436542152
33.531674396236355,117.54317197375202,163.58040901152663,179.38979003263492
33.59732664675333,117.22622697449368,163.49416802421274,180.30284620710782
34.930363217174346,117.46690518016266,165.46556335566916,179.36932905772755
34.667016490319384,116.24852978900797,169.14143946478276,176.92415625813734
34.699772948407585,117.85171862221497,169.97965806789176,177.74135951307636
35.674846020707236,116.09348467651222,176.12201606493772,171.0920746238267
33.55199396225672,116.60339215621929,179.52324303949786,167.63854503780095
32.71222543008409,118.26617359865314,182.90594647881605,165.96265708236243
30.248158060448958,119.3564334190566,186.4352695320875,165.85795755741134
31.850114461226482,118.23935352161554,192.50877098818182,166.73805731968608
30.868370669600765,118.70141041524346,192.9391653595267,168.61613300251508
30.093985073147053,118.97466968963771,195.0178775442915,170.42440304516404
28.78792000421241,118.8796589805146,197.57648227698107,171.85604052859307
28.231939466435875,116.58902937375701,199.2096471409323,171.46365619910503
27.021844772181495,116.75393381219753,197.79871688264825,174.83767316331844
28.260651445764054,115.67007997209872,197.28059362568854,177.56110055216854
28.447805557399192,115.72756328727613,197.75380340460399,178.63635646436535
27.406734648178244,112.17625762216105,201.30355250089232,178.7331983078954
25.3881683048006,112.36249285954715,201.29800954812737,179.66206396449812
25.366400109768506,114.49747488820246,200.41904881680074,182.75539986897755
24.680704531166356,109.6597275547513,200.844848293053,182.8047125414131
24.279736843504296,111.68207638775719,200.27581065817594,185.86844593696586
25.582093915573452,108.91225747879858,201.23086735118608,185.85176838417266
23.523278773311844,108.24209159451826,199.38782527466287,186.82341746465028
23.592594040429745,108.20326321617415,198.91958348471545,188.5713833483353
22.697999808713888,107.66801715449276,198.3706232546926,188.0729535611299
23.716631080816725,108.0648339791975,197.7960322819022,188.73821934785107
23.040966302238644,107.06817372600263,198.89470370140901,189.02342433149957
22.2447848499432,106.39521637248593,198.9003589040897,189.36611082961153
21.446068771571618,105.80104542203968,198.35478501747636,191.92428545106438
20.78972400193355,106.31571221542161,198.20024505934495,194.59690630126588
20.123370708041037,105.20527602744173,198.47855951404932,194.0725105197016
19.815018039555696,104.2563372752851,198.27555209430147,196.1942729771164
20.465283177044327,103.04077914790997,197.79157701172562,198.21274837269027
20.37202410135049,102.35076591359834,196.66190264366094,199.4668091758458
19.69385754859404,99.76878041700263,196.68663989278508,202.13071604311102
20.11345077826526,99.5685171715331,197.57082915033337,205.34369433876515
19.53187776621664,98.74539783547056,198.34236173487886,206.83866082317712
19.28565815639476,96.02354789055138,199.16912826879613,205.8698832350981
18.514635674729192,93.50496430784423,200.18926928196254,204.02977863342437
19.04949413314523,95.5224669267825,199.50751211133948,202.85035430373892
19.012977694406814,95.49964942063616,199.35988164127113,203.5008813503161
17.286471276961393,91.79736723147676,198.20623418379395,204.32410054225278
18.533017109916386,90.28716440068088,198.27199538044073,206.24228041642007
18.13494383522658,84.77762605165799,198.74035854694108,202.80802170054096
17.933940247241267,87.50544801118058,199.02245378449754,203.09792900201998
18.10079784534875,87.15728552939657,199.26087697179696,201.7194083520842
16.804446291551045,86.3589454722291,200.81824406332944,200.44571883177906
16.243218290537797,86.42482093015933,201.38009611817768,200.73950262076303
16.697542281251202,86.0570823914534,201.88386667046856,200.35975763975063
16.515466054981644,84.08183230948895,202.86927194291178,201.416071938815
15.78821571046413,84.36583538014412,204.05796369745642,199.89772812085045
15.57258410862542,83.82312490292576,204.1932677709302,199.10172407165865
16.079255996098254,82.66841945381965,204.68754906711715,200.94071834729644
14.064251763714338,78.73152528274879,207.04297821283927,199.83085844703132
14.025656599154573,77.39216230939172,207.06309748126,196.1913291430314
13.725895011573087,78.16451907617622,209.41558307281286,191.6697672344925
13.00903531967107,77.81814970892977,210.7905255558937,189.53614402214023
12.242324649598757,77.77967424720559,212.62693231843156,189.02162667606663
10.891550109093814,75.03691023302287,215.05619892780376,186.33994073149546
11.848382862467673,74.72833854838755,215.9136742036943,185.66545385054863
10.892018399917234,75.82219581342034,216.29817867363843,186.32387580981958
10.985754234179566,75.06150996481806,216.25444803771677,186.73137535606813
12.50666628704414,73.93541153001408,216.4035217158306,186.7473249158836
11.546642798797862,74.6397218462973,216.5428224036198,186.44331783088728
10.350626355365293,71.78718972000345,218.11473132817545,186.326428508142
10.59285078722472,70.74783017658868,218.98889438909197,187.4267535166179
10.381027213921683,69.14309912724514,219.70284875379346,187.41882997207642
10.780651869272475,67.9474759773139,221.3246659818714,185.11865959013727
11.073303475486938,66.51983545713473,223.2059501018232,182.93930563594077
9.339771374104572,67.84694239556765,223.3487983275865,183.94789950440082
9.877315104195986,67.17227605243637,223.8194105544943,182.3282797796697
10.443600248270968,68.35737442980093,225.3630008678299,181.2013632963638
9.940776363015871,68.069831846464,226.83083571239155,182.70911449332286
10.876570365026907,66.61184884021374,227.28212852193957,181.9447332817277
9.341486063272953,65.98831311881816,227.27730440573407,181.97450658041708
10.528173106843681,67.78353313217143,228.1966968043908,182.42308911525103
8.184695887399798,65.39353420899425,227.61298682981715,181.5029382897336
10.208212264589704,65.19772682008781,228.44737992504906,182.83519900947147
10.575586542622844,63.81832522502705,227.74090245975924,182.39235667522814
9.202613205988058,65.33962816825317,228.6630551577765,184.4367967202066
9.846877656512433,64.59024988334514,228.1191076305684,183.44546243854234
9.399293980753527,65.44758929486511,228.39068385923562,185.72723269804447
8.749410873618075,63.214022258679805,229.72761771648817,185.8190445093409
7.436564472344941,63.41320416983598,230.2708188897701,187.02214237661042
7.992098521629785,63.20976427406457,230.24563369490772,188.74911780974261
7.356083775343663,63.01500427666534,230.8809097824141,188.1216826456598
8.441443206249858,62.39086385690615,230.47270430784522,188.46183388286022
7.34644499916665,62.87273666299612,231.21749024412705,189.63099090762853
6.9067893426632025,61.40897695276696,232.38902063828675,189.6503591630587
6.026101803751516,60.57788549673805,232.0164759458303,189.81723845855208
5.1131108861832075,61.55555699804202,232.64520421567497,191.75054932155348
6.725658807414746,60.96054673875372,232.4651874165207,191.47271117947884
5.826665602840848,59.89066519117853,232.64605144494715,191.56599911627944
4.808732908018456,60.25507475577437,233.36601039286558,192.30061904649492
4.566453582655711,59.40814821981911,233.20530860375618,192.2315124531395
4.745500625336277,59.72532996107077,233.977225525965,193.2871045500633
4.1810833088624975,57.872731290185214,232.47216834628847,192.84838175749059
4.565048094847484,59.699356496424315,232.56514098127246,192.84463389226607
3.811199759724971,57.44673576655303,232.0378451867294,191.9754764756684
3.869414540825133,57.48583061586709,231.46880993116082,193.95793585916385
3.562110373816921,58.2728920179776,232.09503542818098,194.28076811231847
3.683487146180852,55.90946229660348,231.16166326280216,193.7262144773463
3.4256045419585064,55.864692934875535,231.45246815146552,193.10855746416922
3.599900591648378,54.85183974989992,232.40492550408592,191.6801391399325
3.7502154391716687,55.99431360070824,232.09342990137537,191.5175296841948
4.4776996479541396,55.425751301224636,231.35921130461946,191.21945214703175
4.067402659796144,56.266914746584106,231.31846743424057,191.18354511363705
3.984116178097608,53.733396525844,231.11482717555998,190.98601770298336
5.259986826803299,54.232440830849725,230.12020020350116,190.24013240018877
5.983696897474999,52.35133673656938,229.83227752752214,190.47631932771662
6.0658126540813555,51.914074578450396,229.18652173924872,189.5218320171307
5.841162953623041,54.389126241987924,229.25527421677617,188.52642302065544
6.304003393178007,53.16627392403572,229.83182918610916,188.12996481401564
4.799607319952557,51.309651653333475,230.41189139655285,185.78970352807903
4.993740856312613,52.2248769251604,230.4100000892971,186.1172011447146
4.98628991698196,52.66799069930214,230.50799640262107,185.91090245982437
4.622862706407574,51.925703248933914,231.48556305675748,185.8632825160727
4.669418642422755,51.941386196171806,232.37194419242502,183.58696976804538
7.420621819046943,51.98574060365662,230.86094832134305,180.19745492351691
9.508043166215856,52.23543409835057,229.34306200381886,176.9834314708516
9.668084808133429,53.29785167121935,228.16885726011833,175.77838945551895
11.256726830323686,52.90122644888493,226.63408361124215,174.06935933484658
15.761787196082537,52.578126704726714,223.53232133016104,171.6839030496489
18.18029912829232,54.128357615500946,221.5231945687934,171.8837443044791
22.628906254043258,51.56738105230336,218.61233601085692,169.1569507593816
24.723511354492175,54.6007121730635,215.69151716537905,168.0678246217857
30.661848761446507,52.226739191532175,211.43687432600942,167.43713286178462
33.13892791682434,54.20428172117832,209.30024052538965,166.27788978355517
34.35747197658931,52.72441217316168,209.17361984688367,165.3731149285025
36.49806375623987,53.655149149712386,207.44723205578026,164.3122039973804
40.12048660923614,52.19948217884047,205.51584944256604,162.40616535854122
44.799624167199966,53.68742458763221,201.90972046230848,160.95826882618175
41.83939341865528,54.44387906644488,202.95784374558173,159.41512940938713
48.7227196718065,51.80234251327812,199.44082916205227,158.12938006457972
45.57254411082506,54.45666814554866,200.24856850103404,156.382151249934
46.99856066466184,53.99768604002,200.89267962518252,155.17760462137255
49.99794988062585,53.34507208652073,199.8517927082569,154.92374744836707
53.1267840039887,54.99778033501694,198.80926470134958,152.16525731816157
54.36211327284451,55.751125063557296,197.18750376798397,149.62564181149148
57.28098162307384,56.32706643888639,196.03304115810613,148.02797446358773
59.571175476097366,57.455854202807956,195.4261554927202,146.73452158792838
63.378374495961424,57.35331813139089,193.59895413992916,145.09703312076402
64.0018438619598,58.60921833798977,193.02764261956344,143.0195318701658
64.30314622993737,58.853315942336636,193.5445230458419,141.82695767645535
65.76067948143299,58.86335650750016,192.85201591047905,141.01643334858204
68.17888052653234,59.265286923196896,191.8122673956234,140.37810671705415
68.3805523173153,60.30225997178043,191.17707451400588,139.57860058834817
70.36789345212654,60.18881125212259,191.0384771579424,136.4579097083304
70.40544685096896,60.362001902691546,189.66480438023643,133.07190334268677
70.52387697607746,62.368243999611934,188.92809369956646,131.8113921328054
69.6827364364527,64.27778001241781,190.37452004327622,130.96467127940784
71.51404090386542,65.38424042055581,190.33592605687326,131.46194814906136
75.37597133401403,63.569979916349425,187.28928325710325,129.77956870504443
74.81834810683162,63.626226996651425,184.97261270699238,129.93192103983478
75.69511187350392,64.15616435638348,185.42415104102741,129.22328762045902
78.62784046101905,64.05532587291259,184.39583797210412,128.96761022731005
75.74783891443366,63.0117422529593,184.41243604634013,126.80336016876079
79.5774552996537,65.10446057547094,181.352132733924,126.6710028870697
81.68342897756139,65.58834825177233,179.01050332781284,125.23933427422702
83.37775846039068,66.70193112406585,177.2857084432742,125.02882838018952
85.00814724511184,67.40323176861499,175.1391149143979,124.31507888288141
81.68158501616563,67.92020682493424,175.9036967817812,121.95775312460721
89.62232990828328,66.8849344993807,172.07165786133524,119.56407858992505
90.16069605147952,66.83054154379401,169.59448489863948,117.77768671790756
93.71809202482463,66.98821499325216,165.93121898861475,115.95008300530421
98.07016651057465,67.29867572649518,161.82169639457177,113.29122983312496
103.16576789423817,67.80699989326936,157.99868343917984,110.24629267186518
106.18725375841238,67.66858266389775,154.59768533024717,106.16136195291868
110.02312952455495,67.32791400692668,151.38068298851033,102.78853491263206
110.55590678149765,65.61401437727729,150.19947901956888,96.23057217174167
113.18914212132252,66.19229620648983,149.2602072130408,91.61175057597713
121.09861682935787,69.98159000392623,142.94911723321633,94.20071987789294
128.59857694500923,70.23010820807818,135.64196350941432,96.10699677671182
127.48804752009347,69.00769720510064,132.93285586514523,94.02584934352812
133.2516318220501,68.75786706825812,129.74357438480246,92.97064246927131
131.26121888803831,68.1870341854958,128.49482698761403,87.98767663516784
132.46413992977307,68.82667463385644,128.2263632234775,83.3190568893366
137.9046079047502,69.9578075772271,125.29174172144192,81.13915310609623
136.91013783950132,70.47853838190912,124.32895247195538,78.08735805048809
136.3898222913889,71.26827240489938,123.92676513881972,75.75380340169636
137.73104068809033,70.79104387887523,123.07684083132023,72.71630093625576
138.617803400293,72.38398807894208,123.90783508852128,71.82483716288635
139.3078760028622,74.71744289592027,124.25077795944799,73.1452405094258
142.97946321180808,75.60572089232846,122.05403736498134,75.4735044603387
138.8040301186934,73.26499600858233,124.30153298694614,72.92558576826367
137.90692138366916,75.48994277066447,125.6284726075346,71.52928441551191
135.20157682212272,76.6105639351391,129.12784676282044,71.15427079154836
132.30784680837462,77.23866292975428,132.84751642337037,71.49572033213443
128.12799960868517,78.54769855686848,135.3594571142033,73.26944466896934
127.50769590577355,77.03305388259868,138.83710850823257,73.73262366517531
124.5502850810394,80.06794798183903,141.8163621483461,75.4219209691691
124.13867633615584,80.54936540699016,143.84516719419378,77.0760213751237
121.00539093772802,81.99154688087414,147.7873298794951,78.41893494284926
116.32198795551508,83.88293967750829,153.10404428419372,79.89976708004934
112.80325862257078,83.72068131878414,156.68828541375984,81.16467766252634
116.13682975417873,83.4603074378991,155.79110216809386,84.13094422454482
106.6539391381187,84.20957279088503,162.3970870713995,85.42275636296372
104.42281243905865,86.79644842941272,166.2631378376135,87.96104842015002
100.67611501490502,85.6292961721465,171.96058837686556,89.17845786245793
93.21117026641723,84.69879099755968,179.37616978953704,91.62172050209757
93.63380338753286,84.98493368423752,180.0836692397958,97.02055736825395
92.95592313025878,85.75375174904272,180.6749962374077,101.34403630288377
90.53253977855387,84.85883001709315,183.65946629213343,103.94141509093598
85.119065161922,83.95027726873437,188.8130469703311,106.232633788165
81.55628467015514,83.61834924775206,192.23721252708216,107.43218162976073
79.13334469901355,83.50110729682285,197.06091398323855,107.46463101767931
77.62752699887783,84.05565809542907,199.5131415959743,108.41349956234518
80.20760994785726,84.77253218389545,199.8437876765247,109.66993430868988
81.71034750624895,85.60968129196135,199.8556061417877,109.90747749813391
82.70610665231499,85.02868144247499,199.3357299483286,109.95840172756627
84.43148354112614,86.9220464910806,198.06351781946364,109.99736631088965
87.77931732262651,88.30072529596205,196.31661590179047,110.97321004216776
94.83928006558989,89.71163588191429,192.64157363259193,112.76921869708784
100.45639939114648,90.06298814987797,187.97910292213652,114.53226976657416
101.44811701507818,88.7415683836266,185.47334033096698,112.75694621102544
96.42134606210601,87.93710111064112,186.90774186839747,109.87802139453864
90.15795486170342,89.45766315425115,191.28627190362562,108.01709829960642
84.09398403064858,89.32604239096625,196.011581796587,105.58027792325102
78.89230468657232,89.0871810916248,199.4831556402716,103.80750384573852
74.2854219566335,88.37575321452499,203.06838267212183,102.65504855012983
71.54539416706109,88.15247100985852,204.81180228830607,102.64749594254887
69.43251326481513,88.31884374198742,206.1703070008217,101.94662183508062
69.56606881621876,87.72774886186677,207.078364943276,102.05513831955156
69.0206954577443,87.99572620433739,207.99952556719262,101.9639479385483
69.2003623372769,87.87740691887092,208.14790805008752,102.26944485974273
65.51121834524096,87.23558710284158,209.84711873149047,101.78875288400265
68.31315264220721,87.17089401725039,210.2129243699798,102.76120731296254
64.6630185323774,87.30230590039982,211.56668104027128,104.25838278092456
66.98385267007384,87.12171670490633,212.39384103455313,104.60727719527186
61.000112536838714,87.41185774482499,214.95528231126792,105.26752652457336
66.83791377554125,87.83892331201153,213.95187015941704,107.19203977872257
68.18660929486538,88.90247529537864,211.53082195471166,110.37536579042208
70.9096800877225,87.99192387900325,208.77897784708472,111.78604792264679
66.96649209428125,87.70822275547991,210.78078500143374,109.7804016080455
72.02047964294246,88.56896727531951,207.92682323917188,111.39382411130455
72.31428783101931,87.3728054494156,207.0128914734303,109.45216986824673
73.29857620741876,88.92394579064958,204.43370919574755,109.87405504789683
78.40880191948521,88.70658752119782,202.87280861998394,108.15864236741928
89.67536612854349,90.67703482484572,196.49630231197887,110.03988937446343
90.9986293156395,89.2693651404124,193.54357110953322,109.2733286700313
89.7898991487752,88.95745192298077,194.26068341871095,105.73553764223381
89.31068328960183,91.20276212783835,197.14290193729244,102.364024697365
98.07119461404551,92.77691591269003,191.44724902355085,103.11410193473338
101.03547317569894,91.82867922761741,187.34710373244474,102.37125929102109
105.11339090835806,92.96128889833003,183.4813604920386,101.86922727508251
100.18872057552976,92.26543991125901,186.42860075735953,97.51750661588616
111.88847832436849,96.43301110324578,180.7055257021279,99.6150320380694
116.99681141301573,96.46424484475506,176.28298760695913,100.42014286670667
114.09189052392918,96.1776135901668,178.87896584906633,95.45120115388717
117.57434077371035,98.33221049711923,176.84208410668705,95.54461308116362
120.96592260100621,97.32805194698463,175.35628310196847,94.04598661498234
116.82688822067887,97.54017437086624,179.71472948532593,90.46615025713854
114.06322532706818,96.99544719742357,184.24330482452024,86.55376035780624
118.50717185332547,99.39900525989303,185.23730480019077,85.40808426461669
107.73410013036042,97.22695623401611,192.8887843846138,79.92320558468776
112.76310072842314,100.24167832918428,193.15548945043233,80.60890347071438
112.91063473237934,100.09903378442485,194.13241918777354,79.71292993523457
112.64431802709089,101.02037016314532,196.45218540391681,77.95061259554224
111.48742218846442,101.56012335766749,196.96234527713244,78.32268314993449
109.33345585590956,102.6583760675134,198.9968606920549,78.04462081592496
100.65071561313671,101.87535307813432,204.5927533163729,75.35245380926759
102.69250528857032,101.41878467190182,208.14158070286612,73.42157266195117
102.52096314402904,103.66301825097273,205.55455053064313,77.54775911918766
94.86591958971329,102.46645552484952,211.31246445838605,74.57257184191837
99.06972165136366,102.25015850788833,211.09829226772558,75.58826339743031
95.98523539634776,103.7457819444718,211.164316661598,76.23406434785963
90.74637591351875,102.20078535034149,215.45524355741244,74.48003659442216
95.01413860260719,102.86470590658354,213.47922468557877,75.38391850830698
87.46095880787365,102.3023974864258,216.93133623993373,73.66888848060661
95.20310224540503,102.68432981568498,213.46980155585516,74.67731950845217
89.58251172274915,102.32531464410042,215.95634131571123,73.60299543638159
88.73664235434222,101.13771429913008,218.72843195155139,71.49386233178225
89.9116585801004,100.07410387496785,218.30557426636088,70.979952675645
91.03979856563008,99.4987599126056,215.91467241889987,71.12509181753694
94.47164187295348,99.32706119549927,214.3482186049883,70.64910034200815
95.71519567421518,100.78600615038982,211.8724517358972,72.53033089409604
94.86021824309633,100.0537524139672,215.78820059017775,71.30760415683874
90.60466963747035,101.45288326061704,217.39034428911464,71.73477489964458
89.78037166217261,101.12091116697246,218.1327331818613,72.82837006964968
89.32441998177963,101.32640018653501,219.39542636355074,73.34125873008072
92.0633614816061,102.34745811984575,217.0835996798189,76.85687771826984
96.15502994044758,104.47928993081115,214.4795020210541,81.67072086113625
89.62002370474082,101.24470539677895,218.26415029653077,83.43829359306177
99.26926999238896,102.05318719177836,212.75856570643276,86.9754919482753
95.92156181056771,99.65604725881254,213.2719143083587,87.90477899624776
105.78695175099136,99.72847394632522,205.65449748730913,90.46167209437326
104.23525177838258,101.19415300683636,204.05702320364128,91.06708692216922
102.65568969276919,100.63623673828585,201.79359123835326,93.52031747089012
103.23622310055306,98.93666556035409,202.02912258989565,93.4011459920018
103.00227094066551,99.89657031144824,203.00459379218864,93.76701422216108
100.54316735327603,100.74733080659684,203.8256348645325,94.98136850839882
104.3799797987114,100.17081089175512,201.34353299935984,98.48512650466208
107.26244677376772,100.96624629276852,198.27619472666197,101.44491624302681
111.78546426978771,102.76864232577233,193.80342180278856,105.09371546891684
110.5770657384266,99.87168828024082,194.43921391611326,104.4966093438435
113.18698720078837,102.41485618615941,192.25126450598384,107.19868651269061
108.22503554651905,101.75589265419988,194.4835831010626,106.49048681043948
104.7523955616672,99.42715878908093,196.54350091059317,104.17632184897818
107.15722402566236,102.31078964730814,195.51088192151255,107.19783096979032
105.35578101358024,98.18948558627295,197.08450465383504,103.76553670570274
106.37167111249471,100.39777879403994,196.9921415057894,106.64240857440514
103.88712081857139,97.34659151839986,197.78551983418794,105.9519112204283
104.86706713244999,99.21167027722566,198.85977718664867,106.52817133615686
102.18032366211419,98.10137443793062,201.04168931487484,106.13701043994025
105.17452531264159,103.60898296355963,200.20174715866133,111.14728961500296
95.88911657215567,96.39319424263624,208.8740851504612,106.48089634542492
100.76185865593999,96.7883945931872,210.4718388752342,106.85506987495626
96.60447915639716,99.82221414923147,214.5911396672684,109.72483571893318
106.84241009942656,116.12416965361464,221.50884468263018,114.9107677715565
114.74540851954629,120.0350068530887,221.6546355860774,122.26738517036944
118.13265325679467,122.05969041665483,220.964460001948,131.32679666525166
167.4805367857704,145.3530998132751,206.85870689815926,149.72631721056152
175.5575623518265,144.23746324959274,194.16317330458526,158.62461280643046
180.14006534578132,142.26684801566546,186.83222020906823,162.7135481479286
183.4631300567071,142.253601938239,182.13682245778986,164.3779216516447
172.35538436073114,137.7425881566184,187.13287455063676,160.95265374321733
164.10786343017935,138.44063017259055,191.92155118324774,157.7382495043553
142.70131294669295,133.24291018418597,204.68631003348142,153.90247051675723
111.24848903792187,110.51675068205486,218.5585360355082,151.2447136271228
115.10400510539199,112.62389307306364,229.6099734246203,153.16315950755904
97.78881309077421,109.41148065957829,241.14158676163132,157.0273724903116
99.96690478971823,111.29843343859382,246.03995184495693,162.91378897057447
100.1188508648479,115.16624936129159,250.3224098806691,171.34029675874353
106.44203654357455,103.58228123376479,249.21940971814598,180.28211258562024
102.5249645653538,104.94271197609433,250.87363449234317,188.17328282917828
98.51801050150723,100.53903776718725,250.7203000500959,188.2883408496409
100.87901815309854,106.9995321258677,252.64485819258175,195.6179530084161
102.56091520495738,106.67436295528076,249.69076423141348,205.5907903328097
103.75522881648679,103.97553462099553,249.20915785539884,208.65500523441787
103.70583829112394,102.29074682586698,249.37240401355416,211.46459859618747
103.88665920909544,102.57519760694515,250.1623124370051,211.65638517288113
103.74398258462193,103.17876208795602,249.71087643938228,211.9624038110316
102.32189730849441,102.95163083227644,249.56514353427735,209.75154001790014
102.27420495998682,104.20144531385083,249.83104422504218,209.36073531954167
102.6956120624924,104.50633441164996,249.41086989687275,208.9290688560788
103.23357426934263,104.5971271812436,248.13066148857928,209.10968064104225
102.46384661314926,104.6370334352435,248.03315580114872,208.6593022496155
101.82804589980177,104.74032209789519,247.2754021383692,209.02322621748857
101.0124245810258,104.93113446489913,247.85902873720985,209.21752122179268
99.20950075223531,104.46174690580946,248.29644363151263,210.45020902258517
99.24150302347672,104.79384180164632,248.51785601207138,210.07524978994178
98.83068381556933,103.84713773531372,248.21348944573253,209.36940941446684
98.3629545444235,104.46726162984842,249.05231572829257,210.283057206387
96.8543901038075,102.05203975698672,249.44296558743042,208.42099365179172
97.57347909127725,102.62440830356158,249.65546542303218,203.83922097819368
98.14104261705242,102.87923756070589,248.24848517794146,204.25288789913412
98.30953613065314,102.64746654069887,247.51360774410225,204.37865276464356
98.29272468873648,100.80072286758978,247.68483090727102,200.20035067522164
99.51960228653351,101.45429279413199,247.25221170027532,197.1996948150204
100.68704616397089,101.50867872482685,246.43538270117503,194.97901216300963
98.83016716926952,102.25531667696106,247.74614512206244,191.56487652877433
100.03489727146727,103.09651310198377,248.17862154209442,187.96182059907628
96.52724764626004,105.49389699013243,248.9945188914229,187.5240330348665
96.51316999249458,100.73860641198877,251.18391389827727,181.08090285887056
101.61356357688112,103.7611855025779,248.41503679956185,178.80601382658122
98.97156388545213,102.82616019255916,249.47046694615653,172.55592383813072
97.5047564169638,103.09475849432631,251.69213270814816,166.97529104425357
97.34152917961325,103.6702933619928,251.02042373989053,163.95333575462547
94.56514305573353,104.1738882351115,251.28932015653317,162.35342307452876
95.34677482810008,103.59674805482463,251.38836768906873,160.23872346651441
90.709812689223,105.32765640173065,253.7318852518417,162.95985163086118
91.58950928565778,107.04539393576533,254.437777486017,164.64485751775817
88.20308864167342,106.26713016375426,258.01788066457505,164.05340630023548
87.28279135031974,105.98287628186925,259.91494379308637,163.6471576044428
87.26287444407896,105.55377010436573,261.0848794058721,163.64521669837347
82.22625333973639,109.11744164198178,262.59524836937766,169.6498824055062
86.34803082972837,107.86325644329848,260.8408578640309,173.80025779153928
87.5408263986443,107.0471854111854,258.23168802765986,178.14738333072657
85.05429546418762,103.17617907999306,259.3375617440338,175.89583161792166
85.08884754255462,105.98390485288833,259.79611756229525,178.36388130169016
84.67897071648224,104.14252169279433,259.20330602604525,180.70808760901366
81.30728950819159,105.52279353344657,260.56685311891084,182.5850570783597
78.62306710449963,105.6684609939661,262.29174152329256,184.90623345749074
76.38028252308033,104.26132783049987,264.2623713388424,184.50399683334328
77.80136995138761,103.9817769533429,265.2575426744911,183.81147569707232
75.9167447561212,106.18643203030604,264.7687409763892,186.75219571745623
78.13306210325027,103.8023554004644,263.81198415055155,188.36885809211284
76.23281083307947,104.19143454468114,263.00507587148365,189.97957975566388
75.16988686756784,102.7912257842626,264.2566345628824,188.53349797697086
74.62195455769591,101.77820320286392,265.159520575216,187.58240189385776
72.5875093844599,104.2688296091122,264.0052572753036,190.15072726432425
70.56411629108035,103.72742578063206,265.05978144978525,190.13332162499776
71.26788757471823,102.57046656902128,264.72662733747467,190.48149084672548
68.95166962873381,103.07654140258924,264.31814168144075,193.38568425666568
69.64695491274853,101.3841020123675,265.08536330757534,188.88010475409848
69.8849212238946,100.88274485005688,264.2110682680203,186.92753464493032
68.75334823381499,101.50406681311311,264.00167353765374,185.88683258571362
70.07824079953582,100.45864202107039,262.9123409590453,184.56230328517185
63.13303827594055,102.45396580385578,265.61453087865766,184.6922234974621
65.15002494074159,99.47323676286196,267.7044331866976,178.93203921301202
62.53896089243949,104.57201804315977,267.5109769358726,184.14314677168448
63.567022359487765,98.56429502286132,269.23775414155244,179.64129096840097
62.84544111865017,105.02048928546843,268.2247507722516,187.26290482147087
62.205232271621554,101.29357333296797,268.592845479805,188.12062163813667
62.1493311491769,99.46200895099781,268.18834471664707,187.2721492406456
62.772519493725014,99.65497246978644,268.46464290048664,184.97781974425968
62.56825297601051,100.97677458125334,266.8055765776147,186.47214024181753
63.2629558085371,99.7173663130034,266.9328252300731,182.8845974286229
60.446321688349684,99.81914016702036,268.3087834593656,182.15428697391
61.104265477042844,100.90819048401067,267.70379254126806,183.6844669337932
61.12046359148525,101.70753561878955,267.52769416846775,185.7136584453663
62.94215659756915,99.06828700315327,266.53860369004224,183.3302258146095
60.120706921253145,100.0846536286291,267.84780779709837,184.57071451419728
56.37592088265043,100.84394171344151,270.3468671068893,185.75429984717798
56.696620644228204,100.75179008903532,272.72240515288917,183.99560439869686
56.16293001441352,100.141452478662,272.66248016366774,184.37409385435248
55.54247415031472,101.34168643218231,272.7498379304085,185.66522680969297
55.10969294710935,102.01863117514117,274.02043297678097,188.07948143490358
51.73695170561467,99.91021093262538,276.0020275253762,186.2740517528585
51.56750830964208,101.70606086859509,277.79350326672136,188.3164909730627
51.028117481788655,101.53588968198207,278.7890179256473,188.38218464795256
52.09456060961173,100.65138171384251,278.72696919720806,187.46563837773823
49.23720311144476,102.1236943486286,278.46650844862717,189.48004037500064
46.65360115255626,102.18647363934619,283.4606590122286,187.82644782072163
47.11518917093346,102.15110199097711,283.5207293701535,188.0069046732441
47.1425539074549,100.83000528478539,285.86915248359946,185.92132597553274
44.800229045748125,103.2292078211139,285.3955176823386,186.99051922202057
47.24992913585069,102.18748897536062,286.7076714959365,187.2012192127135
46.01554816330298,102.36634988537048,285.9021911339039,187.95004675840613
46.24432941925943,103.08808039162386,285.6282714742912,190.6806312037561
42.05521138931391,100.71398296526095,289.0406596358139,187.79746784889227
46.279252523740524,100.13796977208669,289.80017012712005,185.22231169450848
47.995300133651796,100.97833597875359,285.3071115816819,188.6684459833063
45.25842001160436,100.72850425847867,286.1944333510629,188.52996280865642
46.07367462979775,100.59619499880712,288.36650400402095,188.47215149937645
42.566423883498715,100.12560039140651,291.24558601189034,187.14323789277316
42.119745194605855,100.0460265863381,293.26592629170295,186.09134097221786
41.29525851497749,99.38661803239418,296.0774835245597,184.06317764855925
37.55048735171647,100.14308560018185,300.2299166043686,180.5419338696342
42.26144269824778,99.52409566375277,300.3537801800901,179.04558902341284
36.228826238920504,101.6855865444126,300.4411118165956,180.60936305975494
38.320941785375425,100.78246855436325,304.14453851982876,179.3486584390406
39.3103096232804,98.35717847673595,308.8482322792462,176.6153282325269
41.45009573213437,99.27720462820322,309.0370228348146,178.57645044919926
36.85189958928527,99.90764179671794,309.6177818008745,182.75585150891817
35.62602327554853,97.90564960951568,311.6140028371655,183.07306589427395
31.468132998741964,103.20218895423614,308.8174858029538,186.83961529854844
30.695932070754594,99.96202725776763,317.392026086144,184.03046539979607
24.744241999198863,102.08788511339274,318.1127002850575,185.35990721153487
28.253753121474972,99.27297992247115,322.65546651785036,181.40338659784854
29.2981839324477,100.69255013387443,328.42831786991565,181.25454055408036
31.649744849276118,100.91016121479389,331.03351218416566,180.30105058214193
16.696683963811466,107.22496172549255,339.58589160761704,185.30114445184248
11.975277322303072,107.8438316355998,347.2675816526163,189.878136712536
24.530005052322508,106.83189998538987,351.6316201470713,192.81986015569532
24.805153691265275,111.78765230020102,355.86722743896263,196.43961478551245
13.265500072172728,110.47135024125559,358.95653754258285,199.46186755960892
15.887368760191436,113.21416997047791,369.4699424710737,203.43666093949992
10.732576334241458,111.38738518082572,370.80407254840725,205.1574628459127
12.29216739883421,114.29892611930708,377.3882735015474,207.1656116124595
35.29381830020404,112.65053138447766,375.30083139356924,206.52201276926178
48.25981333076993,117.73612136011812,372.1469578758335,212.59924129364845
25.49691810819192,114.50658218081102,372.87691688367636,208.2393951249523
78.14264037523782,118.14512330332919,369.641778901714,211.9172890531864
39.217311878883294,113.81004435054903,371.0466307001195,208.33964608660287
40.76645002233087,117.55454994456257,374.57333280842363,204.14210275709385
43.267246021419,118.45130750388424,376.4029127259317,199.9461561817725
30.0875250316372,116.46019793602244,370.2565787523515,198.59436009507561
67.43078043598854,121.65496910617014,362.672167181411,205.7571826502218
43.36604364954121,118.84816486500272,364.70412996729056,203.69950990069626
52.924590644283796,118.76284435593313,362.34768847355804,198.89901643593979
30.760263867447634,119.70163562587504,362.1547043063428,197.7655026375
75.84635735870069,120.74334696875268,356.1845004664148,199.39920397224543
70.27581834485787,120.46144136412562,353.63777871832684,199.2862282042314
51.999770641626355,119.13043576941936,358.94416296981393,197.36854386749286
37.96562095969219,118.29180401603512,360.3386567914383,198.34354273313858
77.80807976023101,121.59685287007811,359.25981100905426,199.8198676271298
81.48936309691362,121.13279432000971,362.7700798325984,197.69044021274118
65.66389551381724,117.92355493114829,363.2969974533223,198.85558378634312
97.37547776855291,123.85518563043289,360.89276337802085,204.0849976308818
105.19029991527509,122.43864466990041,362.5214982267323,209.80238891386512
85.97619303726509,119.3882229708132,371.9756350183836,211.85946360628137
92.09225756947257,115.24018006443993,370.8209184601891,216.32814650332347
100.02817069105842,119.33193613934402,372.7485316859068,217.928874894997
28.915844687563663,114.82654760144727,377.17664938894256,218.22983014245912
27.572982222544738,106.90238344410048,375.2587653088179,216.888632005038
80.25955652971626,112.07766081744171,371.88941298948026,217.1634732565824
92.5794582703206,109.45037893428807,365.15789196874056,221.48158779980037
113.59913890240185,116.39229636196798,363.9219208220284,222.87815855355055
68.21802308584714,110.4539925792304,370.9741582738405,218.43820208694262
60.706325772926135,104.15526077859799,372.36545250561056,216.28774848399078
55.79599771732299,112.97701750551778,389.79270295062975,211.0053035192944
55.494799989307865,106.78517761183383,385.28381704028675,214.7570151734517
48.13048337823403,109.15714664543046,388.83747965916086,212.5929340727729
76.80908696906997,113.05482669340826,380.4394811344809,213.75397004779958
109.72425220125479,114.50255345094368,368.0233002718451,219.71851364048865
90.70282181374748,105.89610571564133,359.3241473552104,225.23601526392403
119.18318385979273,113.88068918410858,355.8900188282905,226.00089191606236
86.9099572604236,111.40829986880635,366.0734891680281,218.0199726409628
132.83738316387783,117.72165115692393,349.05647241353137,223.47341264704139
136.79599511665012,114.32269598138879,339.1223548319452,223.35945419834383
139.15143972760157,119.23704305564674,334.92899304514816,221.04652890842803
146.07960731250958,116.17644225466235,327.9023054990633,221.52811775866687
143.4749655496301,116.34726230915999,325.1501874656285,217.3977607555272
150.7197500333129,119.01970513278779,317.07524564881044,216.0564002752927
182.01769332123382,123.72273440952911,296.3506366309498,215.0306056366857
199.43493482580615,119.7634358858189,279.4049754754271,211.62439327759614
206.88515859537546,127.09945264254482,265.6380698603117,205.16443613522935
223.7271229455803,129.1052544981065,250.27513683910325,198.6576589863232
224.2757131849732,130.94423533702502,242.84075997096056,194.0162216526705
227.4967404866539,133.7717913803801,235.57736782031577,188.71658229731997
226.06773598466708,135.02878005313968,231.78412548315,184.3440010898297
229.41790364343728,135.9326816337348,226.8098483193343,182.15323883690462
227.3059794931943,137.46305028286008,224.54062941723032,180.0840420417758
229.26524597297092,138.78432625389905,221.96198498967448,180.16468138699483
226.15848796670363,139.5672233262683,222.47315752364165,178.00765113607088
226.34152535736854,139.07135535440625,220.06975818150897,177.26870733383095
226.47843065708258,137.9890062195123,218.68985808560672,176.268736158235
229.181544375473,139.6531342988761,216.80624230750578,177.8269914614723
227.87338501210053,139.4276016071385,216.58550331303744,176.0005281762152
227.60601586952697,140.47412708356447,214.74438900515577,176.87537930976112
226.4330773804461,139.3042463121243,214.8904994275738,175.92659412702517
223.97911840832364,138.14049057227567,215.58427899756035,175.34496032127927
225.913278887071,140.4176924021075,215.49853470000903,175.80107319768814
223.21059597055458,141.0534197936899,215.78508472636366,176.27388732485147
222.28324224507975,138.78838118758864,215.697494160053,176.97988632313618
220.59811603907764,139.30921707749118,216.04375034125735,177.07817848211374
219.22866963853545,139.11508355850822,216.21034544360433,176.98785766170323
216.59598311517638,137.6845576209908,217.0786137233826,174.98178383164117
218.27877265585334,138.5752891798934,216.33024978443234,174.8021648020039
216.89902516649713,139.4944214066089,216.21285500772382,174.91384313202758
215.94035005215693,140.6750386472209,215.36830883568155,175.99325900072307
208.91287641351727,138.8023970674417,217.81134013820838,173.25482626574706
211.09384129928083,140.25920921315935,216.39633499915058,173.9111608844044
210.27873067498302,139.77011131612446,216.56210003603383,174.3460328882727
208.52496305391895,140.1425507690329,216.96679765016336,174.58861502176325
204.73388227584647,139.60145182943177,217.3681213499886,174.43484260578035
204.95100386206488,139.8458125856436,216.86022351695414,176.26939801966338
203.26363323725514,138.8486099097431,217.19557764866795,177.00716918915475
202.29697801846268,137.38519048312034,217.60604173635926,177.30470672375787
201.75526917191715,138.06382140418378,217.50770231007033,177.44595901549172
199.95762491128744,139.20957681804222,217.6970486447117,177.92070767736368
197.01348495586026,138.66367433559446,218.39476186557073,176.31170372930129
195.36828225689953,137.80822542956025,219.00303300949736,178.3394291828749
196.00132007654997,137.09366296917875,218.7776821966808,178.4396614716758
194.83340590799736,137.30351463918146,219.20246297956774,179.02108375808646
193.2401557319722,135.70596083345208,220.51711279506856,179.07474617078162
192.85889255637656,135.89718143677288,220.14777663169065,180.93841000475362
192.06320419710835,135.95095418721093,222.4193198130513,180.16012591232482
191.22747257264626,136.2330834839633,224.8345075812109,179.7603672662666
188.4078374779545,133.84818602162954,222.98720823941733,179.77519786082556
189.020814136882,136.2416565832096,222.34299622013643,180.86062323215384
186.18870893508614,135.16646743682247,221.2514064597765,179.84979523117514
186.52026498705413,135.37182043763295,219.56651650054366,179.476688652535
186.24920805871668,135.94876903936586,217.5476308260108,180.29306780096204
184.21141805535163,136.09571172007688,217.8053112168049,179.0356355446727
182.21826159719953,136.83243640536296,217.46129148709252,180.57306031954678
177.27747942537547,131.7840395342298,219.59251650107205,179.77114875360294
176.78660761169914,129.8696805838208,220.79302886653025,181.96911104637815
173.66527217353348,132.40594547682272,222.5078159805979,183.06119633927403
171.99693845607993,131.19176488526853,224.43944754785707,183.00139940700134
169.26272265713496,128.37474818936641,225.85673206174675,184.6325094366222
167.94901924311364,127.66810916547485,226.98909597904546,188.59374663160014
164.51414416766903,121.39765915586044,226.97469282116649,194.45942655578253
161.9488512256916,122.66554790229897,229.3000429306979,194.50059228796832
162.43757160732443,120.37987744548285,229.42466194715854,197.3270953096716
159.05776710342178,116.50248770044907,230.391599201484,199.79884543899684
155.0476851226164,114.0176634897229,232.51443434226104,202.7606003585119
157.7056344411654,110.56283533367001,232.6450808532362,207.2584487687034
154.0603561755936,101.97439246284983,233.5350485935377,211.30935548407808
153.59144621422882,111.71274308596435,233.97235867155112,209.52164324875014
152.12522610428314,100.13218571083479,234.17515899224037,213.65234598650363
148.88755262952952,103.78075548958411,236.1630771148524,214.7023786366499
150.84391774008688,107.57919122031723,234.5701938173193,213.0921495174171
147.79878616500628,100.31200735161377,235.88242068162614,215.12233038588107
146.7329074899336,103.15396350636385,236.24929134380878,215.0068140090263
149.1861895786605,100.32415050762802,234.8562805724938,217.5432595917115
149.56179536598322,95.11742615289178,234.79969222651738,220.4165811019266
147.14587370365177,90.85764889194125,237.06601530917544,225.27338596080463
149.04518877374036,87.39994750277314,236.2157139799926,229.1266629052068
150.20322433042404,83.82108445837235,236.17296554256524,229.69406434348622
149.2503027373146,82.59068521624768,238.30503199654038,229.25580612424213
148.8547256641514,83.56324195336265,240.36085597167443,227.81874995709114
146.68391278641482,85.35445225637223,241.33179919988055,229.74177794765623
148.50734049893788,83.45337248070612,239.85883463461823,230.56397488363694
147.12147329478455,85.32486906390038,240.54678015380395,230.96607962972908
145.44185983310808,83.76888484537258,242.01650044291878,228.7638708468911
143.59594751609285,85.71800198713146,243.4920978092309,226.76894426529924
143.62678180205234,84.80462685931491,242.88628449970778,228.03223659251933
142.82277971969984,85.71797244534073,243.67644317756415,228.3840034423103
142.85113829503672,85.5636583712398,244.13059492787963,228.07365282649084
142.10742313705845,85.60090821264575,244.4715893599567,226.45113852496746
142.22804052035121,85.43572300332251,244.34318353985944,224.18870597602032
142.54160498559133,87.34284284705694,243.8364096498108,223.96126879989532
141.8433539701756,86.81623965777258,244.39332927827058,223.0636349101641
140.4334375488239,87.71454683386959,245.3631104001683,223.25524887207413
138.50248706748414,88.45581449289332,246.89611494063482,221.71791027958812
136.91411653639972,89.28236544275711,247.91479468853254,220.79601903831235
136.75476775705997,87.77912877412943,248.3874342553566,219.98279838254822
136.51947225290604,89.81250345822244,248.24429097540107,219.83977908780815
136.33393019965322,88.04747200896516,248.77011664701246,220.37363014957387
134.72290152222206,88.4264422263659,250.08723393888715,218.67756546907427
134.08515172967026,89.44819752721332,250.5448187907816,218.09475359406412
133.67219664580728,89.60518655072238,251.46318438998776,217.37056435919925
133.52954112952946,90.57055246706497,251.7069799498958,216.90924101653303
131.80088985573371,89.93843774810605,253.14685010982464,216.9186324324645
132.62484767490378,90.63021142128692,253.76213721579333,215.32962476589833
130.0672941116419,91.26833887492896,254.7710759702991,214.98649203515714
128.7326957004474,92.45899574615069,256.3145918050355,214.9836005403007
127.1125027593558,92.64399498094164,257.8577755401056,215.22580687837814
125.51828345050248,93.76527454857722,259.79064408829953,215.4533768707944
122.8217162020145,93.44734989024342,263.3704301435311,215.24731084609803
119.64305107545016,90.5691296853703,266.3510902242066,211.73070130947352
121.02359124718845,92.55272835681077,266.15902950109785,213.7871777112603
117.20038251500213,91.37805461953234,268.64157694346835,211.32715976739948
115.88967222057948,92.50201374371555,269.3363321889225,212.3915030295581
113.84753049752274,94.0351550872109,270.32084231996373,212.8845047437284
113.08780213287139,93.38190851825745,271.46516601211175,212.9709824292498
110.65735714884332,93.67881633474347,272.60436673335886,212.99325076879487
111.21893448524551,93.56861046791332,273.16483135983503,213.93434636676773
109.71932267784635,91.65359232028256,275.2514411433118,210.2966440826015
109.65641088191956,90.93891747716667,277.0226153320419,207.60870285880375
109.16785477842632,91.93216561020127,276.3094269213571,209.04367292469985
108.04919995728594,91.8474644452636,277.997923047237,208.00938974794605
107.97620386633642,91.48145347846425,278.5094079690074,208.22719272099712
105.8845517568275,91.89322605386862,278.9358921471827,208.45254163488394
102.69042115652599,90.28972441637765,281.1428789626026,205.92038581969422
101.1229388791551,93.6410813740323,282.3144642517743,206.4301898691939
101.10171424121012,92.85406131363793,283.6542146241413,208.1159767083012
98.45405486561282,92.52422220483643,284.91695140178535,207.23797623482835
95.69395338009997,93.4996486523959,287.549385894255,206.19699212479372
94.4971734253298,94.41763737183307,289.0471006595654,207.02807209568724
97.07374565015132,95.498115063704,285.6953909608431,211.51534230979405
95.0875177560051,93.37447511739916,288.24105786261555,211.03050310244788
96.15251265851256,96.18333641528818,286.81841871350736,213.58608284500139
94.84020874950167,94.12051628523966,289.2643565519851,210.25780163615667
93.19222105506245,94.02743603983052,289.68754227868163,209.46241419191534
91.72198376209892,94.5924667830395,291.84190787156035,208.00207245377948
90.87765680941982,94.69080483979081,295.4684788613089,205.38953042365603
90.8236682103103,94.57236037686364,297.08770312067315,206.23980627609487
88.89957063379913,94.95950062823502,298.85866917977336,205.75936575872782
89.28851294330596,95.95102778133375,298.9661603838074,206.93671963843843
90.24543680720109,95.26949246601242,297.38508315848253,205.7528172027354
90.63496598846731,95.26160978274928,297.8315880142504,205.86235885667872
89.01503076096449,96.14115976953038,300.78067952910214,205.3713187218485
87.14623497225955,97.27620410685049,302.33427904107845,205.31993562178684
85.69274060307873,99.6865008497617,300.48807875662806,208.81793899941823
86.74436829382498,100.78433157623506,299.84497508033564,212.5699397113659
80.89806467210289,99.53598630963131,303.81318973002874,210.0094008179392
83.09911467228406,100.16622843141674,303.0180836812551,211.4064827817406
80.48328329172827,100.10298041767606,303.7364849079413,211.62096564713715
81.34273711543054,100.03923543354443,303.4274309467103,211.0994724104301
80.54531895249647,100.28264875978773,302.96318083212293,211.02119367755725
77.406974102074,101.61954178105526,303.87279881841073,211.20522263169107
80.98018005931127,100.5665901667077,304.31028675879844,211.42364877707706
76.80662558465366,100.85131500886838,304.858125119242,209.7359357316703
78.49228896790135,101.2575573831553,306.5092745496007,210.82285509805996
75.78261253292209,101.39883744896078,304.96714512069707,211.88453073109216
77.47391300513266,101.1622214305996,306.5862316660314,212.5462628281913
74.07268476789616,101.19806755782298,307.9582453758071,211.7268607446723
72.77215669462092,101.41498566322203,307.51561625833335,213.650980301131
74.81527964609649,100.12730997143038,307.7749113216663,211.00387003991648
73.09568110211922,100.28861450774536,307.85353153867567,210.17214847313784
74.48978423061476,100.79724400909596,309.040837612897,210.1909949792641
72.74105936904309,99.19728503451357,309.1783550551588,209.27800159044088
70.15466615710613,100.1608380130414,310.3135447986961,210.81239584285913
70.43480661511131,98.81969697536071,311.70977782374064,209.25446068556008
69.81604494031845,100.34059073760272,311.9418718323982,211.17562281688282
70.07534512801794,98.0140970849721,314.5171572982183,209.64477967563124
67.66182748341097,98.4666549696538,316.35363073264773,210.25389980497704
68.20124314229412,97.6842208034461,315.482090299625,210.15330422249957
66.22879975939969,98.83149790783888,319.638546652455,210.57356577537664
63.97518552570648,98.73084258339202,320.2842471694839,211.01482786775603
65.44290663108782,97.7875679854766,321.01887877939555,211.15933017246036
60.692851176829464,100.07225165756236,325.03974717281017,211.12502043646077
58.4703716731284,100.87330156061105,328.4527549050297,211.49399208389372
59.44482366514879,101.85214805648127,334.129532263515,211.7821724480304
53.834781131014154,97.76292946830303,333.0596675269637,212.71785746211535
52.42602582857782,102.6510522337255,336.79369194639963,212.2968554090168
56.62843377034312,100.09315404151627,336.87684194782526,212.99858311021688
48.537422349799584,100.67770761408607,338.9124127989985,213.08221368063624
55.76235974348569,102.32384722013589,342.36545455819055,212.23005302525763
46.04871870732137,100.72408566095795,344.40265431457226,215.52165631052108
49.067855195120075,103.71874979725402,345.2957513159695,212.38171174663773
44.11061002077997,105.62414653672504,348.57497069530166,210.42662903926558
40.13221829224224,108.7219257313708,351.90042263120085,208.3992057032688
46.46019878575538,107.72577691556648,351.85807964773426,206.5745630764664
34.3764504430886,108.81632980846058,355.15337958667635,207.44919982120456
44.082024866244296,106.83680896828693,355.56554932562403,210.81029728937438
31.0539498077774,105.74053845487687,366.6572638495636,209.7127884513291
39.42994060180217,106.84814118601824,369.6900976803539,209.37274219691665
27.56576396354859,105.97896190876965,363.957238339554,216.18879838627763
33.64034237799419,102.51060573560918,365.99586663522825,214.8858309196989
30.000988276545115,101.31478605603122,370.72727856929976,217.5425970333653
43.169135589172015,100.73821289678241,362.9001906057918,220.87397106015135
31.979020774290575,95.24403895644065,364.60539434190446,222.427686898104
38.96380374804562,94.5382757798201,368.0113960970037,224.68905083366414
32.87084309090352,94.70337404739199,368.7161159930308,226.85969246814724
34.45271788044761,95.0858992934247,367.16801466148115,226.63067214987436
45.018167230698054,93.83143722106783,359.8970223356032,227.95793636429624
33.592732787012324,96.07436926068824,367.43007917728374,225.06812220147188
43.45151079254046,92.68461955533184,361.5910087578246,229.05341553542672
32.13924609581085,94.50675771780749,370.84066504245004,226.30109535052674
40.222992159474956,94.19695571230538,366.4109105722905,227.84217987871253
34.823845795848456,94.12103403076733,370.2046505395643,227.45127659264472
40.106933185827046,94.11045978140756,371.76295393193243,227.63919771103681
27.79708350640078,95.31174456601738,382.46095814712567,228.14137300103357
33.14683089535424,95.50760775038076,380.89188092363986,229.42980997040237
38.39755559965249,93.37227749770278,375.1299970229155,231.08260502631788
35.90687905857337,88.9126522061548,375.9523567836887,230.7774819703851
32.032683982593085,92.05144727689517,378.6537800670933,230.1321182481641
32.41607283741661,91.00047981821074,381.8324217907103,231.71110141728857
30.806661956241953,91.6444195224152,382.95104768047713,230.63712102504275
24.45055897297121,92.22145330903662,387.87337060237746,231.27696132460014
30.982494592853726,89.46748896935267,386.6467061268128,233.3702937458902
18.496962545851346,93.09516655537125,393.327902713162,233.89524453295078
30.34372071676691,89.52762421433096,390.39451822535335,236.05773484073
15.63823393937031,91.69929715050424,399.746476198222,233.04575773777788
22.798884290692484,89.32443104368515,396.21255589668755,234.76450381619307
15.414613671562421,88.97805003585194,400.497498160606,233.47271657986926
18.433470693762615,88.81072097486737,398.2113032871523,235.23691003499079
17.373720510693715,88.31827665752019,399.41578073457003,233.40208499525767
21.294119222552865,87.87617430555733,399.58254265791385,232.08280984887529
23.208882432423195,87.78353419933312,396.6455591730829,234.2547366900054
23.152911502588296,88.26956022332328,396.1192992389855,234.0683249567876
22.19569715481481,88.83778510707265,397.2103017728856,233.6237953216318
19.86991442312197,90.36552460534288,399.99148145921595,233.13240761355237
15.442388101148282,92.07593465949127,405.3415874765242,233.71668737256405
20.586255784537798,91.39900235693574,404.77827283014085,233.84200767475943
19.802239568307925,92.0443238909514,404.9321572928358,233.92764532432835
23.14261851986504,90.46021156733875,402.7223979489291,235.5646954007534
29.58486298460963,90.60293488620923,399.26123455752224,234.69888452341365
16.00966922254534,91.98063126158391,407.73688430568785,234.08642126498512
21.572473251551145,89.44070755116827,404.9918035305773,233.5143700144025
15.88345016096767,91.49709195791871,408.4632502293351,231.27898264834062
17.319045809057684,92.08197575329348,406.9820674712536,231.93445764917146
24.69968902791186,91.69142186246417,402.2133252224985,233.17577402566624
20.086251988970815,91.49265469890824,404.17147413380417,234.10994316607645
23.128734698777663,91.71590982492,402.592482828798,235.86212414424682
20.756958418194017,90.3949320688264,403.28277228279933,234.41423540434474
23.777071444371984,90.07921215978861,402.286878899459,234.67058119001624
17.639021615032902,91.40797169636114,405.2474166012447,234.2382136077908
31.778836791720323,90.87778304413736,398.2176930809263,234.27570514900086
13.529658882373838,93.50111173902768,408.06813606103333,233.3958969220669
21.794569319468877,91.322716637637,406.1943324773589,232.13261670742742
14.624956767368417,93.8342677286767,407.19191009482205,233.41370888405146
14.38461134707049,93.27914913042818,409.7758605949221,233.46420450030138
15.118252238692236,95.96275620552429,409.93037172265633,232.98713453964197
20.000308567954733,92.85629385630898,407.03444004127897,232.58913474444955
15.659918699315284,92.75803839716653,408.5302262286279,232.6559460077745
18.137332476074874,95.28038635728907,408.83516618993434,230.46633197350127
11.716144439436704,93.83654313346204,411.25626325707356,229.42902519421528
11.817703531835832,97.30235225976583,410.02694737715274,231.28564627659762
19.772573930494076,93.66211618339705,405.60219302926,229.66096774809768
14.750110474710397,95.43686707791616,407.5123110384967,230.68315149796558
11.796674891022889,94.17167509794469,410.6371572401228,230.42822615317547
8.952161711812863,96.67891401413218,412.91411100817544,231.00058704427903
16.662576408950258,94.60633013209718,409.6305982277108,230.76043352642637
13.162915072426927,91.55055275869466,409.87626809087675,231.52563534352117
7.844039975758648,94.37222650437928,411.92350409458123,233.00012911135013
7.423398257169538,96.04439889539707,412.44199283508794,233.1240623647656
17.507980758881274,92.87040353768927,407.07243350700946,231.91781064105294
8.36813344508397,92.56088841082034,408.9127938324355,232.47025059419897
10.90393915228475,95.29485563717746,407.6550069606375,233.39293956568687
7.508483712933327,92.16832510889095,409.49649267639586,230.11601268691217
8.190667889609955,94.78685066408033,408.75451195665846,231.3806477539202
3.9106832034022148,93.69884566188207,411.1222477913893,229.587327576655
8.315547173576675,95.60069927232253,408.8287232525199,230.25137716080027
3.6281709245786544,93.56678809790371,411.0063385191343,228.7179350150619
7.41442276303377,96.2442849867272,409.5028187315194,230.2032364059421
3.9988734798547796,93.5177612590604,411.42693299360786,229.02401666057168
6.740003361833516,96.47156358042554,409.104155246423,230.23787561046242
4.866090480871918,93.57514874084985,411.27325270141773,229.16288062143374
6.5834881643384335,93.59878991111484,410.0106564921998,227.96223513216745
4.649130711599895,95.07771336896214,410.3899855225108,228.1904011852865
7.180620363367922,93.11326005384458,408.4453615112062,228.651574468175
1.0010689087906144,93.87883193601523,409.14409650298387,230.81679110962656
8.422769804861446,94.36111169737461,406.44790485387745,228.9758597642744
2.431142631811184,93.31471129002014,407.7333474020392,230.7502753480057
4.0385147308338105,94.61173780479707,407.06572110946314,231.2295042658515
3.681109061412826,92.72805749705688,407.985222682448,231.38681392049602
2.8049510752555875,95.27543156277088,408.86796537383685,232.4936504609887
1.0,92.75660892510196,410.54555168722817,232.65415556976293
10.735322697869861,93.61200156104601,405.317140271783,233.7049560813383
2.346642217545309,91.34329613372971,406.95095398672015,234.71137820865627
10.783594756874265,94.30769499738571,402.9715840320968,234.39526927630948
1.0037673800049447,92.68732552812592,407.4749553576592,234.21672970200146
8.502885724030449,94.40896589270272,404.47173610159916,234.07791512614205
3.3278003584868543,94.78644769811186,407.06397474697854,235.42065755850234
13.785549307946894,94.58218747302418,402.6488022805859,234.1588744993168
5.533655582779517,93.40036976275363,404.2176454927166,233.10398774976568
4.059978142074442,94.83485701754267,406.09223119901606,233.92880235513167
1.0,92.22267801885411,409.9616678540001,233.1554422016079
8.067518595685584,94.31826933958041,407.4544271684866,231.99067262005565
2.340078394683502,92.76579714320248,408.3801731052201,232.99006979269765
4.363341613741682,91.90156642527694,407.79269871990897,233.57178929962515
3.43569048811662,92.81955245946756,409.7042287385686,233.38737906745547
2.0512290917853875,92.72106409053328,411.20352274036935,233.63197119016985
4.6012471846461835,95.9075857423022,410.64185360499033,233.12213399500328
3.664294140109945,92.25741066790033,412.12019317987153,231.4737349988668
2.4295927980290912,93.28895253525482,413.0488975138046,232.11166323682738
3.874527403590662,95.57133277325855,412.8511469337837,232.66391979199432
1.0,91.11925764440238,415.43685293417633,229.92530785519284
1.6984548822331078,95.59030681736485,417.48439740065953,230.1894147144851
1.4982159363923984,92.80483323519596,419.595522404765,228.80113927372207
2.922820382956729,93.28132816544469,420.4616138330557,226.6134852827257
3.237787734489359,96.64739254500805,418.84431431326203,226.71467820159899
5.941072477507419,94.89869107670935,418.42210633319866,227.4967062821358
12.158573581604287,96.10213739910876,416.0082802335764,228.23533795838114
20.499325465200315,97.19305313014286,411.3151881454235,227.15489234263345
18.873855149800306,97.0891907771213,411.9023903736309,224.53327387872577
27.902318353381332,97.652378555631,406.7915844200761,224.5632770062266
22.396272381566206,99.84864929526493,406.90975363208184,225.95173177741825
39.58125564458487,98.94240046614094,399.0500894459135,225.8306325243387
36.03567337547602,99.63185203811024,398.0325408836495,225.05653927930635
37.105522951630206,100.59762742467353,395.9656454222072,225.64626113148648
60.50684297054795,99.97120351720665,379.972275711007,228.30047947016539
60.54540116049512,100.11573481247066,378.0415038775825,223.65231820103043
86.9966929083408,103.50093201217848,358.8021628563651,227.51163561181755
92.97489895029244,103.5640757601561,347.7165515950166,225.95990812312266
107.13842482492743,103.60213070588807,335.9704824562816,224.66678085112363
143.31471099482746,103.68187559472645,305.964080872555,226.01406865440487
165.28380754852077,100.82612336300858,277.8553638176114,226.09616241790394
177.42753912001712,98.90607259312131,260.06729666603394,220.15646313308525
187.1751292254255,100.50443175649147,248.5094978319265,213.77236909850348
189.97294004959343,101.85774820863799,242.88201746117102,208.04002479873287
192.952483922976,102.16153313976777,239.41219893989523,205.67447384861825
194.75869192274033,102.14212753315203,235.86581873654444,204.55268891071688
196.927904198957,103.06086824630495,233.1741375550352,204.0901707746691
193.5866864718953,103.92706615044231,232.71313218670093,203.07555040378523
194.87900215869536,105.63248806851948,230.82427807795662,204.9214323363163
193.51467073731033,103.15576094558688,232.44463953788406,206.163054881883
191.31492362645105,103.05162403823186,233.2447901087196,206.43694094315498
188.05918937157287,106.73065284929557,234.06919975963436,205.129816051365
186.91297386451473,106.86038674162899,234.43707445688227,202.99570396940646
185.36220362821473,107.53973228778017,234.67616727389327,202.72961630477306
188.03796821987237,106.35389207749675,241.9820205612189,201.1899202155581
190.72186551464532,105.34044808486183,245.09529613383899,202.3094105394075
190.20865907593512,105.00634376748378,246.11952101049104,201.9233450984203
191.7945972030355,100.37974832294353,252.8062973149692,194.0605602445803
191.76265410875124,101.72008401116707,257.69941303778126,188.57267695286203
187.44846110110586,101.23699839368436,263.6289643428935,181.49503990690334
189.08618188436986,99.28779340765831,263.9506320067285,172.00300734384996
185.90613170939258,103.41242775215986,266.6062230814973,167.46083925176526
184.6772240796849,105.3044715164639,267.46237765587864,167.48648897238468
183.5600785080819,105.2080713216981,267.38695091452763,167.81998369353295
185.22479379482303,108.22697334651082,264.6508733679881,171.11411372681903
187.0898116703309,106.00062070512159,264.208455234662,167.41516519239602
180.92186128500904,116.95234132760068,260.271480864991,178.8557834500215
189.50630520651418,112.45406721311326,257.2494279286715,179.9634305722265
183.19889537262304,114.58890451175891,259.3845370170304,182.0772121506956
188.16522612320918,114.78914088324852,255.09073406452256,189.43804758061586
188.79497932807644,111.79262370468757,256.37274391559953,191.1285179752914
188.8674019062173,111.39578085669342,257.4722945813576,189.48669348364717
180.85985644847173,110.71594678659534,253.2648855218344,194.9031757846035
184.8383733887224,105.88105074796063,249.7493157851732,202.3675024539967
184.4366789189749,101.9909186105688,243.99644513515773,207.87406104568544
183.20502942806945,101.48986784549045,243.07079468422685,208.36718817256988
179.91044223261125,106.802809907522,242.96140059554654,204.65054507176694
181.8525114795629,107.3807991445234,242.39469710816297,202.803681128706
182.37866259754628,111.26934499772855,243.87897142262412,203.4401817241066
184.25764614839642,110.9888039133678,243.90806348624153,200.09766485899286
185.14327372827614,111.7801292145634,242.65875306190617,199.1914151521832
183.2750656771504,114.8489762735793,245.1095438443342,196.37996802085718
182.45901581155965,115.20923380072567,245.449182154416,196.50588464305108
182.24071717581472,116.27435673246838,245.63069402919658,195.46204808060887
182.819360945481,116.16501756999341,246.59938170321124,194.54081336955238
183.1694335899764,116.58910879805178,245.52541585098993,194.17304476808513
183.68311704242757,116.76650043201244,245.92873168074948,193.66279435429135
182.05463799097902,116.6090032867968,247.91079123106167,193.66833330000728
183.15019992346024,117.58129539675951,248.68858371167886,192.5275412703425
182.37609350833466,117.00452933910248,250.24048657788234,191.9136982627188
181.85273219719897,117.75313909137003,251.24065471697986,191.8339256120156
181.22098809296054,116.43143297970757,253.67339755690074,191.92488239538326
181.15329573064506,117.12823094140431,253.27883094820396,191.90656959954717
180.10818856240593,115.145973896542,255.2950737456545,190.2648948052673
180.81966616148262,117.83515882316367,255.7493777021254,189.86426358589947
179.8659215315879,117.71727807177558,256.30970657379123,191.3561169326673
179.16944644381368,116.0369242060554,256.3892003804433,191.40888953316062
179.2763655813985,117.69150103831537,256.99952941025157,191.1470728805581
179.694800875138,115.73418011128217,255.76343830195066,192.04128890165737
179.55402930375266,116.28193533304089,255.82392928160309,193.36304343161223
179.5628214253885,114.73112823793763,256.59722955413474,193.6198153306474
179.299192583481,114.91838210665925,257.1759787458043,195.78070114559526
177.56406282956343,112.7429443481316,257.1463414322621,195.06403257011607
178.29474723978083,112.85258198651394,255.36511485057218,197.38196488828612
178.99641172119874,110.75605787968917,256.0507402095359,195.7213403478836
176.95589162304663,111.7046255215009,255.93793319397113,196.77651931257128
179.294321477923,108.91456240578766,252.9224356637719,198.98214142814098
181.9686326118309,107.19798580286479,251.9380221525738,200.0545312642147
178.93807214244782,107.07037598942743,252.95384079979252,202.45068428462744
181.62035929768243,107.14236466442162,253.27707251299677,202.0839323581572
176.98168670180794,108.46943911747411,253.735588866221,202.06334513710243
182.3178385652801,113.85939080490613,256.6305129944618,199.00561800199733
177.74788443015186,113.55877200772343,261.5424594707801,198.04779408728666
176.4944816153438,115.40853291856388,265.5588396055189,196.58624738698592
176.44838783804073,116.13243013916909,267.52977800913607,197.0369573882727
177.5727926331126,117.79709881720778,269.4220706294426,194.0718389475035
174.6418127625547,118.10886189269924,271.01697186418494,193.4082530991133
182.07358337690746,122.2516334872561,272.84542356400726,187.52115268839964
187.69174863686032,127.56447636068737,273.7726588331292,180.0798780092897
188.0110997914684,129.48974535524957,272.0353213709146,177.02098025589996
204.41794992582504,130.14940384432222,263.2415016391842,176.48233715929592
211.43695777815242,131.4743865352562,256.0849889523697,176.78236282598192
216.59675836578455,133.29710303467147,252.8835652225127,175.1985843645342
242.09999031764013,132.16498482420792,236.4465377531165,177.54091364456943
261.2204845146945,129.13773326328794,217.14035250203474,175.88016963536245
271.4083460117482,130.32696960571863,202.7600988666353,172.88249206163334
286.42893139699316,129.50780130590613,188.8111490037603,173.9899920902338
295.557310999204,131.33032456056984,180.434111201539,172.78866893941273
298.0952846596206,133.0689056416204,174.85705770538186,170.86328779301797
303.4993545322903,136.8966829320632,169.7404748286726,166.6297607967735
309.3225680984486,135.61258701930183,164.36878920897644,165.47992200471467
311.22683309733185,134.5513019248109,159.61756144343983,165.1885385425385
316.201501554092,136.46145213994276,155.35330720045204,164.96162529533703
316.6830566029017,143.80909461530302,154.56314448295586,159.33649847394193
318.23560107083836,143.27253072942494,153.77656594971126,157.4917901107508
319.632536273293,141.4917519524128,153.12485272767657,157.55473791264694
316.8178890256155,149.44658255281024,153.9141327419941,152.89565825817988
321.7254230784596,145.24907120173717,153.89857264687777,152.86955455061866
316.8689822316423,156.76484338910615,155.2791833933188,146.73506305450084
321.41809709506464,150.12249930985047,153.36925341349377,146.7470864630268
319.6056175782178,158.60070644285543,154.39679828628067,142.39653466854665
321.02360671056687,155.68656853203956,154.23880658050032,141.099936605422
323.9135292532728,157.7818997583578,152.07111885269154,138.61488603557513
323.88184339651843,158.82945557533384,152.55671193180535,135.3641780049518
322.19814757218046,163.16437825950695,153.69846787293514,131.93897167047004
322.74605803769066,166.47954078361985,153.6046445820328,127.95928669343316
321.5244403452267,167.8789510562978,153.59521310319866,125.14383938739066
324.9181252325761,172.79145954150508,152.1598754223505,120.9680205376195
324.6875304040382,177.7866952658651,151.5615432948182,115.04469937991634
328.55032534924214,181.04243488501695,148.74908438525358,109.75192777481676
333.79024656502463,189.21863371423032,144.90721864226504,104.15321866016461
341.891560174342,190.5244445806913,138.3054996658065,100.95118302867806
349.3647074421449,197.2730367500616,131.88286671969223,95.42916926765572
353.62750987332674,200.61729801035918,127.80773383274118,89.84713783431762
356.3476936726893,199.7698138112903,124.53781248095325,86.99771832447774
359.9312928760015,203.01235243610677,121.05928859337465,84.08108686812638
360.2514279458462,203.79985135815645,120.6887518770414,81.9686104748341
358.6141818375883,203.6411673510452,121.39981891589584,80.72978524562336
360.4953851899264,204.698479273028,120.72046646287626,79.68229605243411
360.74712463677207,204.62240688464402,120.40603026738071,79.35931618898061
359.79360182436994,203.4643260947478,119.99291462599669,79.58803811751847
360.34363115980545,204.31486056899286,120.65812798663377,79.52975218249472
359.4139443948283,202.08546510433263,121.44722008668852,80.3876328589395
357.65690433816695,201.22420407744403,123.55367920130622,80.95743095074883
355.13721661851014,201.57843663215414,124.94669403375404,80.74821852069816
355.6838952478001,202.49137664921398,126.15818603837273,80.60443531478636
354.0389630872919,201.82027379596556,126.56112090634058,80.0174566533686
353.50164638732394,202.55236176225233,128.03778799019634,80.11806275126658
352.9928958477343,201.99770244301254,128.55141172226197,79.89492209364074
353.23326163508835,203.10207559729082,128.80826497452972,79.7657651598306
353.63878946149293,203.96305221952287,129.3023033629552,79.32315210583124
353.22255538091696,205.01951092158134,127.77811312667322,79.87965655353443
353.49523612083783,205.1289021012937,128.1809929181692,79.66909291296824
353.82423166684566,205.47136161822442,128.32342854574193,79.46254804929507
354.5855875167226,205.20187664933184,128.35742507694886,78.75121595469835
354.4023339351669,205.47378126146367,126.69247998443788,79.20468779377285
354.6572943453953,206.45196030474625,127.19539398528157,78.17345705928287
354.60550669186887,206.66848660924725,127.41810440029388,78.18149894147929
354.209930092468,208.3592941448165,127.62943978273687,77.97301134864884
354.18767029463936,207.90622405052,127.74998964081931,77.3973767743238
354.4472391551605,208.0991152838169,127.4073309920748,77.60679685636812
