783.0,238.0,118.0,116.0
784.331396442768,238.2674146495794,117.64578636166992,116.57844322671892
784.6010000571816,238.7676663215038,117.71814992603879,117.20339920128056
785.045014738869,238.38401306206663,117.57100004945733,116.86502449853606
784.8878000120449,238.3948170294043,117.65403428472507,116.82643187809103
784.7796052229157,238.3974152180475,117.67704565797627,116.81616800791573
784.6832676129545,238.3971806126346,117.68195286373276,116.81479887631053
784.5842699392722,238.4034709237231,117.68688060858007,116.80805384665051
785.0447000646383,238.23560198718144,117.83113975518931,116.75939927170771
784.971447868297,238.21481586121922,117.77466628594765,116.81184760256988
784.8881356546543,238.23352306637892,117.74348466144416,116.81316999053017
784.8005045368739,238.25668634972976,117.72259347375555,116.80488132883089
784.7125682419269,238.28059152869122,117.70463001233009,116.79492451145765
784.6233691483544,238.3031689977449,117.68865172606726,116.78295923644264
785.0941114978193,238.158123141934,117.8192302186413,116.72411505339126
785.0067786725119,238.15244968936557,117.77669635143059,116.77778100958399
784.903344872725,238.1545505023299,117.76272922121561,116.80797802995282
784.793871476594,238.16062109736575,117.75940271169843,116.82794447091449
784.6806198434858,238.17077938850954,117.76240844876145,116.84090748350654
784.5658930826933,238.18240280593622,117.76834921792042,116.85094251033361
785.020382756414,238.02887139133753,117.9129362215278,116.81783139664574
784.8493197738991,238.94718420266994,118.01950564432501,117.43718211225264
785.0308964193586,238.0398792022542,117.66457048674631,117.40817554354291
785.2741574788881,238.68112883607216,117.81873105626386,117.29986461910633
784.7869725890453,237.9192250887472,117.77606271859,117.31730483584518
785.0595988355219,238.40843346446542,117.88119490707967,117.34550742940304
784.5730851611868,237.64138127177995,117.83477353664667,117.35726223952375
784.8526671587585,238.1378994102849,117.92753170023708,117.38256380976905
785.1427284735815,238.62277123224814,118.00441160547534,117.42309554602816
785.3624621976753,238.56525810179608,117.53884314955155,117.2073157538563
785.2008334641146,238.33782993363477,117.69896364178624,117.26780952726205
784.4844853913304,238.8058634915802,117.94500436044937,117.17416602786118
784.9981456857753,238.13471129168312,117.65279107341615,117.10133440388677
784.8560562008106,237.87393676804402,117.75857563858634,117.24454586396504
785.1512028778234,238.38028083207928,117.87432982828535,117.3233959162076
784.6508188973852,237.59683225764883,117.81893266524739,117.35316466866539
784.9466233770054,238.0852324871414,117.91394126172399,117.43996218652975
785.184371902597,238.07721936526713,117.4705671933493,117.1815080047692
785.0198682129925,237.9471362169187,117.63441316835836,117.18001192147958
784.8744995408742,237.95860190783657,117.78310784213399,117.0940750689042
785.1780453090732,238.77865218447835,117.85887634092536,117.00571717051504
784.7394004142792,238.2421506077613,117.70014330895536,116.8990091457903
784.6226050522072,238.29493577530525,117.74602912636078,116.87823456838375
785.1107956907937,238.20519582751228,117.9410726862596,116.8269616503045
785.0448911725616,238.21051831781023,117.87158024335058,116.88771517665873
784.9388317363016,238.24422814629193,117.8600977546817,116.91625865196973
784.8446194616017,238.27298804381147,117.84486522628197,116.94164522425518
784.7598854121475,238.32136808376004,117.81706028384276,116.98263353316614
784.6617197241101,238.37083509690174,117.81623443604228,117.03082865822849
784.9898381919525,239.15351129571195,117.84967217319274,117.02885971241128
785.5075585545677,238.75660928842467,117.47997606086847,116.86563798788211
785.39893957237,238.83789046257363,117.54632185948219,116.81493286471132
785.247449657947,238.90401020987014,117.62475932519,116.7876487541831
785.1119684944898,238.96066877490028,117.67710819873732,116.7847737170673
785.0183275466278,238.9788575847739,117.70320451880353,116.83893115653896
784.918641886091,238.99452809944685,117.73062326242902,116.89390104994817
784.8148606618868,239.0333767880735,117.76187027316585,116.92357789610409
784.7169075781009,239.0737894611676,117.80197430713994,116.95317877481892
784.8206229746115,237.70073400309735,117.59025630802958,117.32775606545852
785.0137737890129,238.5662931916696,117.82418653856315,117.12801204801922
785.4971203136653,238.20355742174723,117.55305234670438,116.93263972362703
785.335757472309,238.28146530028815,117.67938439867011,116.90030952568547
785.1976288122963,238.33735320160832,117.75996213705403,116.91430936973654
785.0778085037548,238.3248031658395,117.80703395210551,116.98639738498889
784.965412388004,238.34208700224713,117.84100027930171,117.02786598563333
785.2181903595632,239.04863876291137,117.9469458764675,117.0674714834449
784.8047138007871,238.46742463123553,117.7842502483758,117.09316380380473
785.2807175611375,237.97392866595493,117.51873675653113,116.96085144013806
784.9790720144192,239.01531805877346,117.83816455299338,117.39659172213018
785.4134584806626,238.56081158788064,117.63846067727755,117.18816847369152
784.9167221831366,238.0386810717149,117.60896339457311,117.09224135408613
784.7426614534944,238.05661115601538,117.72838512706065,117.07349083799082
784.6131173703154,238.04511526313107,117.80059347733706,117.08238420872607
784.8147602550567,238.7597158360636,117.95957289283773,117.12484536328978
785.255297039064,238.14435207810936,117.71412883541151,117.06613122596602
785.0601605214397,238.12016769420302,117.83363355063759,117.07772337180702
785.2415435667455,238.82378527675257,118.01682701426006,117.11756503023699
784.7873758189622,238.13942428142218,117.94536256734537,117.18187760627245
784.9513730314134,238.8333047846597,118.12495033323303,117.23602221562199
785.0862740016612,238.98429518403515,117.74932472222167,117.0132235948129
784.8663155824864,238.91910461617402,117.88737877427232,117.06212053535953
785.2454480961333,238.21308069972994,117.70346104063177,117.09344834233804
784.9642407357343,238.05740902701132,117.92953795368138,117.20426199482895
785.1102487163878,238.70397349350668,118.13963422106653,117.2739662304526
785.213004633036,238.7498517020214,117.78029407429514,117.10846174312117
784.7092320858441,237.988572035047,117.78842511977786,117.1969555589386
784.8364233196535,238.64618846057704,118.04522560960407,117.23440399877208
785.2409451095758,237.9009434675798,117.85850560769656,117.25014975391422
784.4601636613669,238.4960943246905,118.10968492253654,117.0972484300546
784.8839312431368,237.72181494564063,117.87629014345397,117.20538893470857
785.0099494316648,238.3586154197926,118.1213437589798,117.23483273918224
785.0582520826682,238.37419720735372,117.81466836327864,117.11016250493282
785.1917888963735,238.99990143090065,118.01809605254309,117.15560872636271
784.6240653044683,238.20397893016732,118.01950513452351,117.3327563831762
784.6419127882166,238.251204823056,117.76690743933204,117.14734436282694
784.7345968663778,238.8780619936404,118.03252349998367,117.15132871512112
785.1658428973724,238.14386333210473,117.8214250144387,117.24802759712944
784.3766886014187,238.74081298324373,118.05608268567195,117.061958275402
784.8222059029686,238.00140512378576,117.80797155068518,117.19363403679559
784.9736977292961,238.63268008173452,118.02615540455427,117.20645617782046
785.4074457177353,237.91509048274258,117.81893550537335,117.28168152271154
784.6199457671925,238.51980444805804,118.06098126101789,117.07513990868803
785.0913967607211,237.79133808545694,117.78901722372741,117.16643759309333
785.2649107624738,238.40326759577306,117.99093088810015,117.16307979398414
784.5354381439123,238.9542822918816,118.13008664255213,117.0423414978969
785.0294257734499,238.21871404212226,117.84109367868251,117.17598704502348
785.2071107411464,238.81945513233532,118.05021955272107,117.18479373465874
784.6583379305739,238.08873392174388,118.04288497919295,117.34356826424553
784.7249198068209,237.9212560765902,117.74621012151664,117.35558483774999
784.8630867635584,238.37771646207588,118.0302364225461,117.39958021312549
784.9203239598171,238.22083025562063,117.75640361767964,117.39342655844848
785.0512440818472,238.6772995465168,118.06043438279946,117.43312868278863
785.1063118341024,238.51052604381056,117.80239177030991,117.42744780054365
784.5033801401605,237.73914605352473,117.952164470176,117.50132040674113
785.252412362933,238.86028492945138,117.93699720477719,117.36623384405755
784.6662854301308,238.02075962239968,118.04115532766804,117.49861419805163
784.6975741798241,237.83618341268624,117.81985598090009,117.45342155283195
784.8310105009516,238.24482187559175,118.11338482305464,117.47790759164562
784.8720988287619,238.04863561076147,117.86803947563453,117.4630271159536
784.8826961529124,237.89121471287913,117.68903051768115,117.35504093233914
784.9669034290672,238.3022845669998,118.03388955737043,117.35181693276286
784.988871500648,238.0654713646049,117.78973751314741,117.34943035094102
785.0479367377891,238.44532271125166,118.11874314181242,117.39854268154912
785.1035336524114,238.19708486043365,117.82292628693371,117.42019311718529
784.2648351776918,238.54072545067493,118.10447542393368,117.32774478940519
785.106326522788,238.14121656783374,117.94354128377338,117.07703403033483
784.3457378145365,238.41435552667986,118.07271694182998,117.11380822680962
784.5486021799406,238.71053837317524,118.17039585137285,117.32688698767303
784.6218159458468,238.44619047374096,117.82261780241225,117.38373006927826
784.9829972781389,237.6712827011144,117.78371228531957,117.3817291026358
785.0946583711012,238.05130712557383,118.05134615657758,117.45088666525453
785.099149338734,237.82577059865588,117.79160609176292,117.4395508062986
785.2109857911151,238.2196221195827,118.0628807834849,117.54883341537207
785.1994188579793,238.01129353832334,117.83662607494705,117.53410474765141
785.156923943722,237.83483613042733,117.67551172662118,117.45769731174286
785.2187091694454,238.23724670154547,118.01351646325303,117.53085356615338
785.1830371155263,238.01862494816098,117.82296384086492,117.52955429866422
785.1336146894573,237.82756729577534,117.67446169007655,117.47335663224615
785.2114686522749,238.23791395477244,118.00625814036623,117.5357842612512
785.2173845226257,238.0726919500387,117.77566480268558,117.48033466728961
784.3723296792391,238.42248102456165,118.06699873065361,117.37510972753662
785.1578519989307,238.06663923237352,117.97547255803612,117.1414697718668
784.3119182816865,238.3474447767804,118.17193469021981,117.18442480083962
785.1224604688513,237.94998566957722,118.01430038432821,117.01176755148428
784.3107553323551,238.1978633923818,118.16154253821193,117.10519806175787
784.4818530726895,238.51216198764388,118.27816931711843,117.37031759136333
784.5140465810243,238.28156615008422,117.96104607856216,117.42744558164617
785.2742806599581,237.94969107750597,117.92426745822274,117.12538151178771
784.4529756695313,238.22411833793296,118.1169791515251,117.1627931584072
784.6052069710197,238.55022471282675,118.26715598918149,117.43274257814487
784.6273558965136,238.36360285880326,117.96746137271546,117.46545254575172
784.5988044744369,238.22247670477321,117.75379976831391,117.40340542430172
784.6460612606527,238.66266898864495,118.0616746393415,117.48169535978934
784.6224506696514,238.51894044717272,117.81910350898139,117.43352115596188
784.8920617570835,237.86468012210946,117.86571813665708,117.34272453815893
784.9494303440515,238.28027956645153,118.13691789974779,117.45614810967932
784.9432816744566,238.12121402650928,117.86560333925138,117.43506370432488
784.9892250200428,238.54922094755872,118.16452622353262,117.52362236464164
784.9818538116224,238.39534721348946,117.90010842847133,117.4950084312103
784.9452146194543,238.27836834720003,117.7031854658594,117.39499546061627
784.9732942865681,238.71675708434668,118.0263526808616,117.45398053007384
784.9599034594818,238.56890557779917,117.77729702242307,117.41481755492279
785.2154591860198,237.90870783861482,117.84531942281359,117.32160041112378
784.3358773214236,238.26321161352294,118.13212880981938,117.30208779722507
785.1246204960268,237.89181558215773,118.02189776712159,117.04711626742255
784.3106043214341,238.16375157238463,118.17869937666813,117.1734682896724
785.1388529359717,237.76341489904328,118.00555426070235,116.98332563806474
784.3478137345321,238.0312011273332,118.14615707314542,117.11691920760006
784.4791164335151,238.37070759486363,118.27372565231443,117.36732366658256
784.5585772154802,238.14935816770702,117.93380716295351,117.43572014300035
784.5784252286637,237.98775461457458,117.71332253524434,117.3850556864316
784.6106721109281,238.4320569718144,118.0411843624425,117.42826681437043
784.647836328945,238.25454598626482,117.79119265955461,117.41106923985168
784.6875576568464,238.69609502937197,118.1099448757979,117.46740825584594
784.724743211922,238.5092321586266,117.85355358102706,117.46065247899394
784.9969095395345,237.81925538839326,117.91646846604914,117.38525743885945
785.0577293394093,238.2388655485003,118.1912589764132,117.48570511266882
785.035246309422,237.93874425755087,117.97640738480703,117.62993152456465
784.9805113337588,237.6895446046497,117.84630295677505,117.6551939003
784.9025213056367,237.46095764775163,117.7642405579881,117.62895449420286
784.5374981613878,238.5839457335532,118.20804111259027,117.68659733291963
784.9915871234557,237.84027095120598,118.02459903461559,117.42107508147225
785.0051494784979,237.54705963896333,117.80292867691446,117.52755856495392
784.6628163095451,238.6590962168418,118.18395901916341,117.62842083105018
784.6668302776202,238.37125104217102,117.97827750346381,117.70899268224194
784.6240652013473,238.12535235418514,117.84648271627691,117.6967379263038
784.5854865110517,237.89529082671285,117.7381298458204,117.67824375529399
785.3696957319738,237.75733404038158,117.76011937220119,117.15399466600692
784.4904992503649,238.07630613343804,118.0867825301905,117.1782801555344
784.6574865003873,238.5054725609807,118.18305335833517,117.43259688274931
784.7152361985977,238.19948171471685,117.88656582464694,117.58834140566466
784.7084935913724,237.96097452104334,117.72231121253992,117.61280690335424
784.6680893988624,237.74669949299718,117.61634181714149,117.57359253252679
784.7060565140587,238.29985912423422,117.96242052380393,117.57560648667437
784.7072024207306,238.04298249549564,117.76202583237409,117.61498396905228
784.6143748967661,237.80032806723574,117.67871627363341,117.55958156106087
784.6116559093705,238.33340842510884,118.06101838738263,117.55998960156336
784.5978327857781,238.039063465454,117.85779823250809,117.6119799822222
784.5457329387121,237.787437511361,117.72501663793832,117.58627120815963
784.5618027177416,238.31562203752168,118.08477878426822,117.59553665666418
784.5433433365354,238.0252839188596,117.88350630845332,117.6409993691407
785.3384162660452,237.74887052183487,117.8364384851165,117.22667519217781
784.412528812506,238.04868457230137,118.19002858323245,117.25551651973142
784.4628419442389,237.695811937175,117.85687296407383,117.43195694320272
784.5241263260831,238.18400005787652,118.1319423960235,117.52616627676528
784.5262936040928,237.87692195753607,117.89326147848081,117.60721228791078
785.3284672273662,237.59533567758535,117.83313630354235,117.20457404935209
784.3744743037128,237.9215007618913,118.18887286676535,117.20243195609463
785.1550397298516,237.57411647243754,117.93957897014806,117.01892941046609
784.3867136384071,237.96876321262602,117.87103589663793,117.10021250731404
784.6186802112236,238.31954345373924,117.59382793104868,117.19288953518388
785.3159725612795,238.15766911632033,117.77122528855676,117.2561832996029
784.809673013113,238.7176214775227,117.77620275614873,117.27569421351959
785.3418753510625,238.09353241624203,117.49289434431284,117.43987384149891
784.7521918542642,238.54551125905198,117.40962507577197,117.3215707669241
785.1475712180322,238.3451615936859,117.3087551791509,117.11038224924896
784.6213815355561,238.15870946193488,117.16537643961728,117.13181578726487
784.5418232324538,238.50680199826073,116.51864773340853,116.91641013545443
784.6601707578299,238.2702767965285,116.37643861827773,116.857221203965
785.3661140087062,238.5709089458888,116.1563993626052,116.85811904405588
784.9612464140972,238.88233839986145,116.31684005596551,116.91289376911257
784.887475639651,237.9583778841112,116.87334241451302,116.95998473450553
785.226153405861,238.1930763814815,116.81293010442803,116.63185789052463
784.6138604784685,237.68757158820804,117.46764905141919,116.80342860482943
784.7611993888861,237.64340792324123,117.57419492789984,116.82821372025604
784.3508113740841,238.80565570263622,117.72081724916045,116.86320509535345
784.4172691263444,238.5904122264713,118.12476469528926,117.12015507293435
784.3185094078962,238.04576966243235,118.25033425794012,117.02153064208676
784.2753062718871,238.73067468162677,118.25213286353198,117.21294670433319
784.766323028465,238.59656641934228,118.2542542488613,117.0428219618231
784.6319411528582,238.04292899793109,118.40358630263039,117.03479197101716
784.5723737829859,237.98463220521072,118.03138801010087,117.11925823515794
784.331404904754,238.45339744741273,118.2838881967842,117.33829553386009
784.7627290865698,238.17236817241374,118.36886730134735,117.4858610627909
784.7158896595635,238.6991531092975,118.31420689118684,117.43819490698155
784.449130526055,238.56918935111577,118.14333612859562,117.49429133497082
784.148935880653,238.4658947468856,118.03373692443876,117.49861718159838
784.4303749043584,238.1556747616393,118.2385498234761,117.51495397437651
784.18677701786,237.97093688319507,118.05814386756353,117.6548038832186
784.5372441423636,237.62428438617823,118.21567222870547,117.6697216322704
784.3858458599863,238.09832014034117,118.24818655589357,117.584694106263
784.2591334599084,238.55701023942515,118.25675965432097,117.47857133861304
784.6278134093147,238.16698700372285,118.3774579971054,117.51371026139545
784.5787181783289,238.6327294065016,118.26284057338378,117.41931444455349
784.5281730525351,238.4878755579469,117.93234566583533,117.49306497138446
784.8688084138005,238.17119283532185,118.11519757499846,117.43724526554912
784.7931823074109,238.12579420231535,117.84452618627537,117.37000204279724
784.4895950334005,238.72707183393283,118.19953204374184,117.18953116227304
784.5455971298247,238.78895911658427,117.79958383118108,117.07113360712326
784.6370233685392,238.18725244389202,117.8869936888452,116.98600183308189
784.3808107181281,238.64150872621335,118.1145224174856,116.9562043242749
784.8738868029197,237.9483047854913,117.8750669477476,116.76901170773877
784.583862823408,238.92007867597522,118.10052743800591,116.87593668258884
784.9986728703647,238.38349608305913,117.8589166520921,116.7120283618145
784.7946776300944,238.32208264036964,117.85663469874328,116.76790269216504
784.6290956566556,238.21713136703306,117.79484294464606,116.78508012621843
784.1427120461025,238.13479322784485,117.94687128136738,116.71536929766788
784.3754980727805,239.03283157562163,118.18440341947695,116.92121741577367
784.8178282135455,238.5088125005226,117.87763106482139,116.53606596615154
784.5783498708817,238.48876367635677,117.91907789028754,116.38165454776495
784.7262272543877,239.00351887041484,118.06538607182375,116.34958677859153
784.0388485422037,239.01299595633682,118.30461218230799,116.27792666091007
784.4724581913913,238.84415739511346,118.3064431343749,116.07173396054458
784.1588825995644,238.91663559868482,118.20438386367492,116.13822197421351
784.832716839177,238.7844007460134,117.94763577548395,115.97153581174842
784.5643376785423,238.6241616277833,118.23677098890265,116.23314884383974
784.1027174412936,238.18215718667253,118.33852212369926,116.34449898490668
784.2239738491872,238.19270054316218,118.56230069260486,117.02206337352618
783.7308179192687,237.9368047259931,118.48068207919152,116.27125809332861
784.2997051210095,237.99689853283002,118.21187887008372,116.43167855225656
784.7921864309011,237.76385981668824,118.1248936001692,116.6881327891201
784.4543556318353,237.33446717553593,117.97891804674637,116.39642222631568
784.8670918400487,237.0481644963537,117.82292145328012,116.01485161969335
784.764948186975,236.85193454035092,117.92974046507956,115.94329586564602
784.7595891705893,237.5922041434622,117.94378824255139,115.91443051434683
784.769594470657,237.3679795818013,117.99829875941884,115.83272535501513
784.1554485424539,237.34324348788493,118.36981443642722,116.27469903898647
784.5435137249802,237.4494461254905,118.27415247417275,115.96140949609992
784.5615258897986,236.68600575287445,118.17136691256096,116.22732331316709
784.2666888709181,236.7454647677527,118.10733461270561,116.14604768941669
784.6835567728109,236.99209525852214,117.80207753635138,116.55323787737659
784.4885356963891,236.611919206192,117.72392160649663,116.7033528550655
785.0904270584502,236.0570359610136,117.45821436570208,116.69638763045775
785.2304441273965,235.75877272405756,117.5569509884869,117.21929314887186
784.6861651010579,236.0146125372255,117.86003957629973,117.80407129500409
784.2208095675835,235.73274606407332,118.07412686370743,117.6864002332464
784.5761155062693,235.34828609867978,118.05615622142024,117.46064090975693
784.0001533888587,235.70390493043027,118.20066708872548,117.61880586716369
784.0879113420182,235.31421452907205,118.34868803423504,117.45892680417046
784.5559569716347,235.53752464529268,118.32378126984608,117.69083073553332
784.3547830776944,235.39897962946088,118.53927648864789,117.58078166836741
784.2418858102335,235.01797000460812,118.61661812008961,117.57966724803359
784.2286046347524,235.9019273580589,118.71228194815345,117.82547174622343
784.0312028487203,235.21358794739433,118.35644547480808,117.94254614120231
783.8207189233442,234.94719540132314,118.67071704715579,117.8093214587914
784.6241725491851,235.21612078035355,118.35844865515293,117.79914490936542
784.4333731574466,234.94031512273003,118.56545971740438,117.70491820513318
784.4118022805648,235.7279426940981,118.654202205967,118.02588149402905
784.1780996321334,235.13775447327947,118.3950523545268,118.09749354628488
784.8345512860583,235.39460769408498,118.35220549775744,117.97371718418468
784.1663388647225,235.63459616366447,118.51490842705098,117.93573290773564
784.6884859987856,234.9126793334055,118.41379065055506,117.7949033580081
784.5827825005001,235.677390837438,118.66219802637937,118.07383397662798
784.3163415936874,235.12029435662186,118.43911668018085,118.16396054410664
783.6505108136837,235.33416440648386,118.62141352545814,118.1561673032818
784.3383822717736,235.48755663574988,118.51493890755384,118.19058495612516
784.0498832904367,234.95003706062292,118.35900732350764,118.1862993099276
784.6991893093925,235.16898207734874,118.33286322870305,118.11224407756501
784.0578481059556,235.41523596405384,118.48921331036826,118.0472399722809
784.750216437367,235.59360335117415,118.3836318820415,118.04128531488952
784.476588958884,235.0579094587543,118.20518911154319,118.01543961070932
784.1768343303683,234.77392237483272,118.58808426885862,117.96191742353511
784.9181958427148,234.81661559711532,118.45334662035037,118.10970373676315
784.2455750856055,234.8956654836137,118.61344922440918,118.25047425578428
784.2130260866344,234.52304162538883,118.59994427807622,118.2606015960795
784.3878019300058,235.67786517677544,118.54627354293638,118.07217574804004
784.0370224152415,234.97687107617034,118.4383393536024,118.25691062509333
784.6897828618386,235.07400429588606,118.44315184740393,118.3169656523267
783.9408415232136,235.14099946369157,118.68622106848217,118.4270476173076
783.8271714688979,234.7917493071542,118.75255034888067,118.38853541117226
783.9794262687407,235.9116131584774,118.74168292273848,118.18551956848785
784.423246258503,234.7166245399522,118.24805563451008,118.0055452814596
784.2755964604877,235.39699197692545,118.66022848863,118.27443287150996
784.2000614234965,235.05603050358133,118.67460972749038,118.24311715591782
784.1310053787453,234.70730252334792,118.67299343189237,118.22285952945735
784.3358273480228,235.84009375952036,118.60059853827433,118.03908039191481
783.9686827493249,235.16201093484182,118.48179304071817,118.21931947327643
784.6290732603746,235.30795149420499,118.47338271508525,118.26390546901906
783.8868533164843,235.4310114987934,118.69257057096652,118.33123989647063
783.8061542055086,235.0921918797415,118.71235167857893,118.29040624317813
783.8306148227249,234.83172058136043,118.64129083376253,117.92500982693542
784.5810889245045,234.69488398518322,118.42487752643564,117.96749096850938
783.88258978087,234.7246283023548,118.6025086062506,117.94213094039073
784.6088681614326,234.6055629642905,118.41793884366767,117.97650209827914
783.9076790864996,234.639671017841,118.61986918574922,117.94400542616587
784.6407529417611,234.52015467878527,118.41876319651811,117.98382030634659
783.9063044734752,234.5723827952324,118.63700013003103,117.99237004418225
784.6336440568148,234.43303944051098,118.42244543148244,118.01920156004212
784.2553162316741,235.88732873202093,118.40715006788993,117.78394412993498
784.229875109875,235.5990986663855,118.52410304072139,117.5830391748036
784.2477584939965,235.22753174036814,118.54919924082643,117.50374993345385
784.2871458503016,235.88252910791647,118.60339959381457,117.69517978730653
784.3181423847535,235.56725144935643,118.62921552369637,117.62385931960719
784.33133712109,235.19499433675475,118.64841987052657,117.60463271616558
784.3338790698087,235.8356514533525,118.74008000003153,117.76846121419543
784.1125775770583,235.18430884054692,118.42708497299809,117.65144623894693
784.0843908265738,234.89434197778905,118.49409863658097,117.5919171825459
784.0602818844436,235.57965203920293,118.60908465117602,117.70338574413096
784.0606809657748,235.25747089152816,118.62027873085063,117.65798293657461
784.065133230657,234.89466732098376,118.61641312235099,117.6475846562144
784.0655818972839,235.4967030339396,118.69918166832862,117.80425560108047
784.7816763076127,235.4684178117294,118.44702910436095,117.81149699581195
783.9618181772438,235.28817253807438,118.39455948631891,117.85779409830651
783.8506823719533,234.9672224950238,118.53432946497556,117.70665381161743
783.8017824989979,235.5839587869895,118.67579772596189,117.84275401342495
784.4646897436093,234.77371043850206,118.43162968166783,117.54119476251243
784.4205127986722,235.4193258139072,118.56561547103134,117.70448612385341
784.3859502360127,235.08831381444188,118.57215010389265,117.61100998501144
784.3742074689706,235.66270374084587,118.65864646154535,117.9032497840973
784.1647112871375,235.10332015761648,118.37124296626362,117.6313733797262
784.1234190734734,235.6932660309738,118.51886003245644,117.8329644369684
784.7661145990038,235.0158187239371,118.2745477738296,117.40433660972138
784.1114599361753,235.19963283436076,118.54005864494562,117.54344955457867
784.1029532555788,236.03310596784615,118.60224663152951,117.57143636962553
784.0137719414985,235.75973261556658,118.6690217596891,117.50670414657233
784.0072563296834,235.4648891204741,118.66599929395991,117.46223493713985
784.0290431404364,235.1269037727764,118.64324232873363,117.43553177531344
784.0652318870413,235.81528496369413,118.61814810172982,117.57354995142155
784.0394379157786,235.4837161220003,118.65578477005617,117.47260972642943
784.0323900367355,235.208902452897,118.63223674948286,117.3465392168264
784.0877828709349,235.8810372043378,118.57107107990714,117.47395046755292
784.0702006702444,235.53269887084124,118.55911847464908,117.34345796795658
784.0668503558634,235.15294136852123,118.51774917904257,117.24575315017763
784.5010081715066,235.12249714738144,118.52224420633144,117.35600388060693
784.530117144326,235.82934515478217,118.48816148374456,117.43820282657734
784.4333136471772,235.44469552068537,118.61497467758366,117.33831104937785
784.3500331701,235.04562699301636,118.67276684346291,117.28993039931629
784.4156247086074,235.77317494019138,118.63705344058872,117.43141419393876
784.32994992397,235.41691186406263,118.75235053451648,117.33276423901941
784.2694146591675,235.02743990646005,118.82096706332251,117.29526024899376
784.3714941465626,235.77150885078998,118.72585394639988,117.4460265332817
784.3110837215488,235.40409100845542,118.81445091235454,117.3568352535346
784.3010461731262,234.9958269473771,118.83720038684945,117.32993063765704
784.4114033510616,235.7353462055378,118.7377885193601,117.47248293904322
784.3390710579566,235.360971942989,118.84111397591178,117.402356269931
784.288256984419,234.95048518017077,118.88685750418243,117.37117007589819
784.3720308585587,235.66125652258705,118.81501238133207,117.53303889598644
783.658947486359,235.7180173608057,118.89269068870192,117.53210985084678
784.5421095401654,235.64355603853676,118.44325050565112,117.43957223356742
784.460719311542,235.19010971023073,118.59742245329265,117.37966903738356
784.5414728249963,235.80446684600125,118.58686892613052,117.58027113000747
784.4562090978451,235.34098659794932,118.74462766093939,117.51114736528305
784.4041242019612,234.8443562471195,118.83574719644709,117.50750757785354
783.7480791051614,234.89044780643945,118.85333271796411,117.52721197298763
784.6051767742252,234.80618863606347,118.41223351545082,117.44011138813535
784.6641067835728,235.4391906508597,118.45814076558601,117.55970724503291
784.5843475323672,234.9837579439063,118.59917404331146,117.4924933678228
784.6792967104873,235.61354120458446,118.57520173161728,117.63155476285377
784.5904402677305,235.15057903958382,118.71124612281366,117.57998999570736
784.6452562926355,235.7775239716784,118.70221696729269,117.71179330413298
784.2681532556873,234.95019433395407,118.47824689251019,117.56903464451784
784.2878125690675,235.68391747858496,118.53347522694655,117.61709070710349
784.067001459688,235.2344362675011,118.75953039710619,117.52982705468742
784.1442297313915,235.91551312302232,118.6877123860575,117.6828467711789
784.7041914505918,235.05993810702608,118.40191047819783,117.3277791303501
784.0676604805082,235.22271002814048,118.68785305320976,117.455570132712
784.1023288389682,235.83743696400126,118.68359118069266,117.59764246278061
783.9323439544388,235.37996160409423,118.86078054650713,117.52298683941383
784.7561387636609,235.27878759372598,118.44680221594898,117.4188712878327
784.7731172837351,235.9215180092064,118.51103880170659,117.47977542610032
783.7717436498754,235.6461175174362,118.6257102714517,117.64267238527353
783.4848131685135,235.1954539618361,118.91611185405837,117.57515134555743
784.1986705860028,235.07617168506505,118.5806031485578,117.5172034264532
784.1685539923753,235.64346343382397,118.66985181609468,117.64155066487638
783.9111890517905,235.1715860277564,118.92811439213928,117.59820234161438
784.6110437937001,235.0822914908357,118.60432961397628,117.50559807234343
784.5780308181253,235.64014729480573,118.68594026034522,117.62673326588194
784.3129715924538,235.20092096326962,118.92540205237606,117.56112761977276
783.5857202768907,235.28634804209585,118.98301685014353,117.53184249243687
784.3251262732324,235.18997560443034,118.59724028485337,117.4730006395357
784.2843784178716,235.75566548154046,118.67890617521907,117.59484151087598
784.0120431470042,235.3228213664666,118.9396177959274,117.52758471619742
784.7673636162082,235.24186555012193,118.5473692466448,117.45629950195301
783.8215811708193,235.75365163026956,118.71994490033954,117.78104217903835
784.2706748548429,234.88368005418448,118.51398726230858,117.39701349513658
784.2494108945737,235.43880214489064,118.6032511309862,117.52504695777785
784.0015564377229,235.03894179339466,118.8551744355689,117.42701218988034
784.0373784534855,235.61095779738974,118.84955185031278,117.59848366962657
784.7827776539112,235.5759515351934,118.50191027200188,117.46538147556402
783.7571013570216,235.24890161303017,118.70567613794186,117.60683295281945
783.5524801447979,234.84703435165986,118.91300256246976,117.52292212537753
784.2705960936129,234.7507537539301,118.58374118051603,117.45087765436982
784.2615735407204,235.35393802286086,118.66716439939799,117.55476548276863
784.0084349765243,234.93926730133387,118.93608703614615,117.52528980534865
784.7152595767488,234.8250209920493,118.58415624854217,117.520417307707
783.7042473058709,235.341574291167,118.83741620226166,117.78304168677136
784.3564368190184,235.28184474786428,118.58644562605201,117.6759824909428
784.1297458795348,234.9419259686442,118.8656911795295,117.5146141423648
783.4951968240242,234.97654425054898,118.90400781749409,117.51518598797276
784.2624401098245,234.90334857914297,118.52463119260798,117.45417707071337
784.2913551733303,235.53627533230247,118.59716846681323,117.51515077031402
784.0994509150355,235.16116093690664,118.81381302004672,117.39196815365948
784.2707072549769,235.7594279259908,118.6932139244938,117.57371704214131
783.9707955570027,235.35301080338743,119.0193414116124,117.49815820519126
784.6304099725829,235.3074422814686,118.69745853605848,117.46106023400495
784.3487142506272,234.8787792903168,118.98225056005165,117.39969726078996
783.6888491488054,234.88462826389022,119.04277421153311,117.47730869580123
784.3609146760803,234.8029882170194,118.7153625025565,117.45249148354642
784.3099129012492,235.42751259796205,118.80852015189208,117.59970105232858
783.5819942683402,235.48350987622172,119.00904486716006,117.58427255018138
784.1995772015584,235.47191152656637,118.72683819565313,117.51026984914498
783.9210087897903,235.04779033748096,119.00106793403884,117.4363633513246
784.5582001719087,235.0418828326346,118.67861433104355,117.38192894904601
784.4794838833768,235.71696701033073,118.79356405410283,117.46796326172588
784.2115305820671,235.28772371485775,119.04201754544971,117.41862643063621
783.489440339717,235.36995610180384,119.14591992439198,117.44241403648653
784.1730287448313,235.37175809472933,118.75643181348303,117.41127292693714
783.8832456608937,234.94275345716161,119.01591081755221,117.35527542507891
784.5705995133419,234.9414779948068,118.62860191655844,117.29152099736952
784.4769594359665,235.63255846656844,118.69496851635986,117.4264485315594
784.1768919691763,235.20990461808788,118.95736927997898,117.41336199244915
783.4531419579047,235.25194938286626,119.0631440793606,117.50382169885086
784.1344214514589,235.2380876829276,118.71711875539435,117.48128634025245
784.0357042165359,235.943235814977,118.80775015352853,117.59698844851624
784.4102529462723,235.188147247671,118.58478045877621,117.26055075383351
784.3259332933993,235.877579296193,118.64862887981106,117.40417052154758
784.0473426591101,235.45409349953633,118.90958491918377,117.39619139200394
783.80895693507,234.9917593012715,119.0923339110496,117.46620087186659
784.4995027213095,234.96723052209754,118.72945170660714,117.46317893542897
784.4078004159436,235.6620901898073,118.81538512840808,117.59412082136231
783.6441548847904,235.73876696555408,119.01855526165654,117.59789121666572
784.0411754689403,234.95806871020045,118.77531954301355,117.31161136354879
783.9865159146134,235.620134080124,118.83928975077595,117.4938512682472
784.6372596514359,235.6470939257953,118.59166205717935,117.3912486472439
784.3524038862292,235.22791557218443,118.88617451226294,117.34672844456824
784.3055643855794,235.88409175739253,118.92974732112945,117.5478541408659
783.8422411018348,235.05934801817864,118.76264583882612,117.50170291601819
783.7545867615707,235.75630327763832,118.88783092455031,117.62145328407095
784.0780646011368,234.95446194198274,118.67473787898744,117.27809986483314
784.4665478331235,236.47783954338857,118.19586954644902,117.35703053876163
784.3449774501437,235.5745376106895,117.91215252711501,117.5185131956073
785.1635779317002,235.62840095597727,117.94061277575847,117.58005646211026
784.8720870286529,235.64773165063184,118.08138888423936,117.89957896425133
784.6805816493589,235.28040194464248,118.46397789751056,117.54675921700418
784.766770278926,234.90306210444413,118.60442570299485,117.43577875637473
784.2625575651529,235.41956674012633,118.20687496634702,117.96819783021073
784.7700160604585,235.10444814424062,117.94505558582732,117.56473122767815
784.8566051155805,235.1705079523471,117.57867233448204,117.60154938889667
784.7267647058363,235.73265107767017,117.86340600270677,117.67993762765121
784.7200619272528,235.34349448563987,117.5778357171722,117.51842395041041
784.9718741468959,235.2403198271154,117.66103589380558,117.25361385167538
784.8034040348871,235.75708979362219,118.06419079926391,117.4594117967824
784.6057126808994,235.90084402849914,117.90423912943994,117.41044193539086
784.934104666875,235.56282836156066,117.65826252074251,117.36905352814267
785.2185482360695,235.26054279219957,117.50818439899884,117.27443305396497
784.7990659694766,235.22577799825046,117.59057542675323,117.41980863772382
784.4249197044792,235.7689155928709,117.78398441928364,117.55310331866752
785.1981863044307,235.03859068580965,117.22477396214201,117.13950957589188
784.8045843194024,235.00643700947262,117.18687736618813,117.18896337959747
784.9272169423041,235.1519140671204,117.30540826279017,116.91406737640094
784.3529233652589,235.7102476000934,117.69205730622195,117.06667102477107
784.5537394509809,235.81875100913047,117.56867137075722,117.1065410584179
784.736871495806,235.9495360481666,117.52643966995753,117.092293358718
784.2106762326368,235.82051423469315,117.42111368081741,117.1905338470811
784.3207365726863,236.02193246171305,117.5573152999685,117.00875907520984
784.9723741838473,235.10604297452238,117.30489220021434,116.93988504008951
784.3005153870034,235.6880567215622,117.97959477272293,117.06723535695326
784.672504775831,235.27038271993888,117.36272223770516,116.95722031108326
784.1179757610795,235.78686172322278,117.95368322341528,117.19459474422501
784.5391629116712,235.34518143922645,117.53561977913945,117.0252336770283
784.8528270009738,235.44216559250594,117.69398781025211,116.95909182221814
784.5205422122433,235.39898350327277,117.44595538069646,117.06891966723555
784.7945044913894,235.5710614990306,117.43620846821626,117.01682688890632
784.538146692747,235.43677239003358,117.34312422920098,117.11814087315167
785.0192606686627,235.416748831325,117.54175177085557,116.98776279384477
784.8483336897975,235.38617685199566,117.35651099634164,116.87996423658346
784.732197009843,235.6293349839571,117.80681182427149,117.01263955281252
784.6257971964147,235.51205126573447,117.55643101412599,116.89623684283828
785.3842784148608,235.43257179960568,117.31540005994944,116.73428068855412
783.2453539721217,235.3693238151813,110.48702062633885,116.48638997906457
778.0031920922122,234.41437159874323,96.24639237706882,117.9693524051281
778.8653405425373,233.13471223119572,88.94936814196413,115.97629264736243
783.8380925003022,236.38953256843533,84.94054238934186,110.46111989045943
770.2904399584331,243.81684212463526,81.68634970643828,104.61449997773131
766.8533001513251,243.29424783559642,78.3433271890251,101.07943446987042
717.8376718369592,344.77715051837833,93.99656170833941,104.30734679881624
712.0861270544527,347.53881179150875,105.40233192939199,111.27800238621624
709.0450662439913,346.0020854717232,110.41165795865858,115.48226788618115
708.4455269384775,345.80281805830873,112.01294645433472,116.49250178911566
708.2831071324176,345.5897612658147,113.13585917661179,116.82234407113488
708.3027291687863,344.7872526938338,113.65908905239515,116.71005610634023
708.1175496434087,345.2203766116562,114.35676198240564,117.1444214032171
707.7286749050692,344.76888719719034,114.86676107213215,117.58702476808233
707.2105495994464,344.48907100213796,114.77399000564644,117.61024400171097
706.8465022642381,345.2211440024549,113.96053248299506,118.06586804553788
707.5102350901378,345.11844107760606,113.83624728936724,117.19351286488084
707.6215395760366,345.1120993050774,113.6595310776799,117.22056760615637
707.7103714184984,344.99656412001207,115.03127815327673,117.49657506652059
707.8469145134321,344.0981875180188,116.37415820357758,117.46131201655017
707.3121232865637,344.41041675538105,115.84647190376614,118.06760136744906
705.2330649358275,343.90713404344933,109.94154455352036,117.9477523052345
703.5484058889832,343.7432907384391,105.48181521218481,116.48957263915793
705.051838435286,344.7294413610344,102.4870409767544,116.16528722037064
796.1648607066949,234.49769632042984,103.25120976686382,113.79288104625758
788.6226246376405,236.6082910297265,110.41142828688812,116.10794821297304
785.9423483431176,235.40096276917976,114.23061130239647,117.77829681254475
784.3103699283907,234.82301516481448,116.34557450609803,118.95665893185256
784.8138963010147,234.49314135262256,117.13759491504523,118.03655811662324
784.2789897150341,235.1252591695403,118.01155058858626,118.05378991348222
783.9081357177549,234.89914343024608,118.31222466997123,117.51205181970367
783.7964937097929,235.64583485462558,118.43069147689663,117.46031554878978
783.6388430401457,235.3105649899705,118.340567483892,117.21179223157796
784.1080831468886,235.3063774916639,118.25320245959314,117.06138418261773
783.7409869651058,235.72729096193353,118.56665094146528,117.6110789082244
783.6235227771394,235.30468363257154,118.44750450457084,117.3953496049846
784.8884391155035,234.51831140374046,117.86705154534543,117.33101917078892
784.4458779917269,234.79689071329702,118.36942590840644,117.79664332286285
784.3064282213384,235.43771977349218,118.50628451134844,117.84809936365244
783.5973110594796,235.4126715834143,118.52154202359543,117.83106058432188
784.2956860291945,235.4220773108796,118.16496912711403,117.48131468545245
784.6131078305028,235.27617616432804,118.1874648317184,117.47115121450318
783.7561726201089,235.22596783234587,118.44930819280847,117.73777734934127
784.8676080617165,234.5642295384744,117.98459572048557,117.60320740029687
784.0186013368922,235.82109502787492,118.28585182808743,117.99272753043562
783.790070589245,235.27598488069165,118.32487313093633,117.8302927976029
784.8830629088869,234.6739099490672,117.88803580788664,117.64762548131611
784.0428318198792,235.9175007961448,118.21876074608355,117.96183401758188
783.8975463042086,235.46212558399404,118.2481747506411,117.65270239756212
783.8064379165451,234.96421245704494,118.20111804971054,117.40587661361872
784.2632030478773,234.82196464917683,118.06604125047173,117.41977580707592
784.6905279561257,234.71715264276466,118.04151483113696,117.37999605130737
783.8526230036553,236.00675212187537,118.41390954175411,117.66032202132945
783.7706863916221,235.58986247797438,118.37710180579012,117.38060951896371
784.2013950546577,235.47355338817584,118.24375871360436,117.47632939054508
784.6418276089338,235.3790647955267,118.19316281479321,117.50414806139507
783.9811105562837,235.41276377979614,118.44060298913362,117.60760278784934
784.0165374163132,234.86747103476037,118.32671550838144,117.46469442633867
784.5474330745774,234.58583109300957,118.17420827245999,117.59544899504485
783.7578919887409,235.77102593597007,118.57728950630228,117.97415213463165
784.4226474198548,234.75762273202778,118.17902948597093,117.68453917384973
784.1884631945715,235.33397710903662,118.44170642148495,117.94621596075531
784.9977130435215,235.2521264083449,118.09964857870665,117.65247203037143
784.323369117332,235.30431590707315,118.40868413908817,117.72924987960178
784.3523203699585,234.82421563889122,118.34838779204647,117.48492951720704
784.1761592917283,235.36364741100897,118.49178653990845,117.83678772748013
784.9990080081625,235.2777219387841,118.10379977450549,117.54510065730895
784.3312621564746,235.34845322626023,118.38644083827731,117.58647449390128
784.4907738598627,234.79983137582536,118.12317443660004,117.3480769105511
783.8535229800781,235.9703127747515,117.94774811037354,117.73622492189057
784.7157132560535,234.91033661461157,117.13964717627628,117.50903191274693
785.1465646800881,234.8252803388379,117.1168312126297,117.38991359086607
784.7723184792891,234.76427727981033,117.04252156698013,117.22674491987021
784.6987492354488,235.13564242094833,117.41791438023533,117.6668663752105
784.6306343986919,235.5675113841482,117.7242139555468,117.7739214834363
785.4170244972081,235.57590628919274,117.68177287430635,117.79901124326753
785.361200628079,235.77174070596794,117.78521577842635,117.46869122773045
784.7817183439872,235.3962215491747,118.13859550009761,117.4389686656983
784.7388668982317,235.54731988484815,118.23361045008448,117.3660566682039
784.687858853701,235.52097725924324,118.32347939734635,117.50617091059416
785.2575363627182,234.59098621025709,118.3054797239197,117.67804226169582
784.7824710178616,235.10230649349847,118.14617166772774,117.59897946024512
784.495117443507,235.01651642763608,118.40313708305297,117.60848100096835
784.602173937299,235.29550086058765,118.4844007349297,117.79899717038612
784.7787659425651,234.5173782975096,118.5413481186358,117.65918796287623
784.0856232012984,235.04537618267221,118.46109055724892,117.73045058467233
635.9677656661355,229.8312756867958,119.69215504457642,118.89755765156956
633.2804077101999,231.4208809231905,118.04313966634362,116.99442598796905
634.0879609381758,231.2605690018709,117.34139869919876,116.67793441679255
634.6636744035202,230.76353574561318,117.16034269765271,116.97178433720543
633.8451307255136,230.7814551006092,116.76185141119768,116.8469934960559
634.7358023212079,231.74605936601708,116.62862496573709,116.51341876597456
633.7319739403688,230.99758992928054,116.0064851336431,116.67272973126708
633.4828791992192,231.66694612439358,112.45072302442817,116.84954866520118
633.1496957127644,230.2300410121291,104.49721535962516,117.47272740725704
634.942183962188,230.9949199010279,100.1653928540907,118.1078860258251
578.2346866342981,342.2678539451013,108.33141018475962,117.70856019011089
636.7336104425675,231.32381096327384,111.57476742933241,115.1640239620483
707.1179111413734,343.85081062424945,117.27438396018266,117.05979091054067
705.861729671553,345.2398210340282,118.73839712341947,115.86796741416313
706.0010314046614,345.28539892692066,119.33019243203117,116.29213240757177
705.5644940660602,345.3732216081528,119.53795016862495,116.29522975479193
705.5676601028296,345.02315273029336,119.3561372962438,115.96128600250547
705.5556772531571,344.32097998652233,119.34734968738753,116.07823352019224
705.6884352795946,345.71131915847764,119.72725988919672,115.56582815494315
705.7768052119197,344.8779190302453,119.50333927098619,115.9292141573829
705.4735634632575,344.81347451067245,119.54633890287792,116.10623876542579
705.7643044145758,344.6309590573442,119.6993165344852,116.36275878797174
705.6566830550366,345.26533552357637,119.60862906304027,116.26291769988313
705.6461405091085,344.8683371169289,119.45927771360469,115.96530867470936
705.9418576735802,344.6831554618063,119.60115326380875,116.23526022942308
705.8356642707914,345.2922604586915,119.47066381234264,116.14511552976285
705.499292827959,345.2932664400216,119.58625479705911,116.19114586110067
705.7929229006702,345.1522451534169,119.7567039920532,116.38501928971007
705.7373546173801,344.8055823875665,119.62120245171789,116.03938011148777
705.4031709410111,344.79030664634763,119.6700531896492,116.15137131161863
705.7013197403187,344.6416756589732,119.81827443943857,116.3880332444354
705.5924911838364,345.27120763095763,119.67195727273973,116.28006935412023
705.7022151515896,344.748984016159,119.41141121692974,116.11296894377456
705.9326747266425,344.7671087695501,119.73286378905726,116.28519814880518
705.7375960110253,345.52631696829076,119.85735077540897,116.25275617412403
705.8984788246527,345.0119358468054,119.59304315026641,116.02026137283127
705.4451117474786,345.16264402264125,119.65393792131846,116.17990925875333
705.5849550906748,344.6649814876051,119.42698823415428,115.90913904345499
705.8373847447845,344.65329422059875,119.70566098814555,116.13482370902307
705.6698463853784,345.38638558116327,119.78053797428338,116.14825601463777
705.84974274117,344.82806244820716,119.46524064269579,115.961575271663
705.333468194358,344.90525932782225,119.59684040071927,116.21876747636485
705.6203487067723,344.65576910953035,119.82140526400536,116.4515826195091
705.4153759121408,345.2886072477497,119.85396708199258,116.50305213679943
705.8267085124603,344.40708475714285,119.47625953981293,116.28426373651457
705.2635480557469,344.3936837004037,119.58584040790589,116.46951511945242
704.9963292223961,344.9905951920406,119.5923532065157,116.62707713186175
705.1592497843509,344.85618344276594,120.23280465257663,116.22303987386286
705.464863081601,344.64871166473483,119.91649548737183,115.86532817383369
705.7425584672488,344.3887532631739,119.86042923114209,116.200771738402
705.4875180119794,344.91563240341316,119.53131710792414,116.00503492684774
705.7682312661155,344.79648845164144,119.48204240477527,115.76890342553637
705.1939731609948,344.96019846259105,119.51211885080924,115.70230747545911
705.0583808437193,345.1569211471876,119.88541956176121,116.08698674973962
704.6754412573885,344.5169948429493,119.53158502511172,115.69094906709053
704.6101481124344,344.8396789718365,119.43692756777494,116.08623009524791
705.041604685102,344.78864558922254,119.35498784825839,115.74321480155403
704.8123725581331,345.0327721260266,119.47287918058309,116.06500344147398
704.282782290407,344.62738989425196,119.39921514857397,115.83128234151093
704.6164855144232,344.8417451393534,119.44441202867813,115.77947978960842
704.282118770714,344.45327000598866,119.12613673706136,116.3570217830417
704.3565180157549,343.6824522518795,119.17939498488391,116.49959456804075
704.303266506601,343.91439641698156,119.19905317244685,116.29813081564397
704.2858211278782,344.1166358836625,119.16627890992685,116.13695877040166
704.4023911562638,343.70562764754743,119.39213348776434,116.15885676809103
704.3048242420645,343.44085986659377,119.19662764938894,115.8162230423776
704.4888352665629,343.1428529773491,119.27321717482513,115.68555179337565
703.9408485274487,343.68219904899195,118.90987534113505,115.63197780042172
704.2916372724261,343.6172460512107,119.1733311300747,115.45501059620254
704.0816058994205,343.36662019452154,118.86566076142618,115.60555307450343
703.8196698869892,343.0522330716421,118.56310381303395,115.57333696691272
703.6977497559838,343.305674054969,118.70262234229159,115.8428199515396
704.0023034160885,342.75571388464306,118.93378929827568,115.84278368711831
704.2718116385339,342.1995163930987,119.17551598145445,115.86711335550646
704.3618480913725,342.0562179795705,118.87917527241203,115.89979750930799
703.6770744916054,342.58753170453394,118.93656989594267,116.54629585231586
704.1227962694695,342.34146631661264,118.82926485410539,116.01799337483646
704.2907263243835,342.1571388132736,118.54475770072384,115.92317031464226
703.6962548776154,342.6085175153624,118.65986608999924,116.37191247950396
703.7268430747348,342.7343879806444,118.5720680848261,116.06204310968414
704.0035295376894,342.04999025854863,118.81854499004612,116.10444484973064
703.9307408562139,342.1826447175762,118.73580997515037,115.89720895892486
704.2307851288576,342.73589504647606,118.938365742786,115.96702374792834
704.3129883045717,342.49860569188513,118.80654971057258,115.82027673507892
703.8749700445929,342.684836918628,118.82543587585948,116.07462584966359
703.9362818288665,342.46847110542785,118.87458719007698,115.83591072482245
704.2986888803046,342.80972093509445,119.08337744923382,115.9585530915917
704.3194760320132,342.55807382999507,119.08503733207996,115.79654984457343
704.3068249786261,342.29199195463116,119.13646396372576,115.64159908338766
703.8957572139819,342.22851604566006,119.0833898024482,116.24986651573863
704.21143781448,342.37835811391693,119.3442451806887,116.2061142274968
704.0554718929111,342.3806109687897,118.952041697344,116.10231350461844
704.0871807444028,341.84434685128383,119.03892848010777,116.03777972681615
704.1037228039983,342.36305214659205,119.16774969762879,116.2792518357762
703.906296321311,341.44536475697373,119.08275431522794,116.20001034999338
703.8122840597267,341.93448123908706,119.33168269748056,116.44261071795364
704.0240897353268,342.0567725982456,119.6286674014093,116.30237148116812
704.0567763843878,341.89730422048535,119.48004920729682,115.78038384513322
704.0577250032715,342.2997708531964,119.52428781589325,116.37469730806149
704.0570900640889,342.1522456625081,119.43547218058978,115.76646221366327
704.1516507400924,341.5326031784061,119.33999133802354,115.85957463013946
704.1518834868118,341.88025036244994,119.40960561293117,116.42945320897246
704.0797775050746,341.7674361674631,119.43068777837377,115.80539248698409
704.1200349899112,342.0839146663989,119.44680865273467,116.46267627006883
704.0611584168649,341.9583612402242,119.46585565414618,115.83627274164044
704.0975729604233,342.26953892071333,119.48755513660528,116.49626191841435
704.0363950250427,342.1397308646954,119.50982703079032,115.87673385915119
703.8534529843406,342.126478350378,119.20294940261299,115.85700048368471
703.9282958820475,341.4793814752115,119.13899699619319,115.86802458489561
703.9877008468387,341.84690176330497,119.21392101842761,116.39874519936993
703.6847913302398,341.9439979569655,119.16108308802048,116.14213395302268
703.7511112492675,341.33814901945436,119.18952215425402,116.0490510041451
703.7494861607731,341.7337396407447,119.35476057843405,116.62354246476696
703.6670413270966,341.59263011938754,119.38968544098972,116.04795197686556
703.8440921810918,341.6051832009871,119.62598947207317,116.39078776777866
703.8632094634684,342.145886876677,119.47476228102693,116.54195990255893
703.7227423307214,341.94771230223364,119.50310503010914,116.03055408019122
703.9429125283831,341.9288150498236,119.62633576989285,116.39933396501118
703.8169699419806,341.67414306725124,119.5986672287184,115.97067749328276
703.6125275159809,341.6187394879244,119.31645154773452,115.94831155897872
703.544016686833,341.9595001589507,119.41616227913111,116.54137882510875
703.3792501211875,341.7173577027323,119.49603740799543,115.99694604623176
703.608540113923,341.64338308731845,119.69623669336497,116.34427757913859
703.6342468752628,342.1077975382646,119.53226603011433,116.44217455172438
703.4979790816274,341.7187367618333,119.5701526087459,116.07306686475636
703.717336538579,341.6370657789061,119.78158475875273,116.47084383419647
703.9030177118594,342.1531338620879,119.47813953723886,116.63907952001362
704.0548156594433,341.83062849619847,119.16490190287452,116.29910095550171
703.7427232519567,341.9189209301648,119.05840572386666,115.99395575374764
703.748450188538,342.46408952473166,119.16304131449222,116.28916957800186
704.4329047075413,341.54629582473854,118.82539218888071,116.13644161507403
704.4061604284606,342.139502547354,119.03119419810037,116.30499471320613
704.1055091253742,342.27065624103375,118.97203549981359,115.87698706718044
704.3848592383204,341.31113019725944,118.6340374157345,116.11441756967845
703.6197504670719,342.27340554240226,119.07762706757777,116.2462729153647
703.8751012090122,341.32246974380564,118.80420817512764,116.4278492588349
703.8113801249251,341.9361736200345,119.09357912150452,116.50485560674804
704.062978135125,342.1507568928649,119.30166231662433,116.29612391029366
703.8131768756089,342.19570728279086,119.12627608501467,115.94232616092424
704.1160629911312,341.2026916026569,118.72096460836178,116.21322006545458
704.0270605072849,341.75755848151715,118.99352115228177,116.45990519769714
703.6667856017299,341.82470818001536,118.99622407057888,116.04420967727391
703.6365467288933,342.31186258456256,119.14466651419829,116.41821401582172
704.3142660074246,341.3501033107916,118.93746170362515,116.23616153539962
704.2430800179009,341.91770236051843,119.15183489831445,116.57218144723043
703.8827344288269,342.0763397361677,119.13579618015,116.14549076892678
704.1505622419787,341.06450580335934,118.76454013078835,116.41845826071818
704.0165477778396,341.69369805577855,119.0635663326712,116.59886504970345
703.6584244070425,341.8781671945881,119.0465378845695,116.12701610962593
703.6161976154397,342.40693801400187,119.17468087747002,116.45679158877653
704.3023741540744,341.3735482882507,118.95796295003944,116.3185169463754
704.2204921174621,341.9129112263036,119.14886386257089,116.62552246244869
703.8767411582916,342.08123155019007,119.10782393876507,116.17930433995126
704.165001711281,341.05305320138257,118.72726865040727,116.46259759909043
704.0280048560869,341.6429469883242,119.02304870185274,116.65661402383631
703.6780424785193,341.83664133182185,119.01111806604942,116.14791221229643
703.6434683475312,342.35377483284213,119.13580535227246,116.52390061819276
704.3160697544686,341.3732363958614,118.94451601241863,116.34270721078215
704.244697396259,341.924685869315,119.14567829567729,116.63641638432668
703.928305543276,342.0978931667326,119.10359966156105,116.14948263384031
704.239296850845,341.0699472941573,118.7141005903484,116.41744654491876
704.1546414636861,341.6736458874282,118.97676426746149,116.60901513924263
703.8172146151144,341.8810531048248,118.98934956537353,116.09170198381537
703.8680041965014,342.3572887647774,119.05521477234882,116.49773379455473
704.5531660882987,341.36224793357474,118.83998048469937,116.38874263891192
704.5334623696825,341.905940993462,119.00849518282853,116.68818032384308
704.1850371465525,342.108599837075,119.01483992999268,116.19676844725309
704.4816461303811,341.0512661908615,118.65432986595286,116.53506023824642
704.3902385271361,341.62156440362816,118.95810723199136,116.77709033066083
704.0101236577291,341.83217463620485,119.03038686283166,116.31122251704258
703.706061404629,341.962217841055,118.94606245508257,116.00364767552551
703.7321590526116,342.41038763872444,119.00736557970586,116.47663903740342
704.4174334326157,341.4228678492218,118.79689464227448,116.35871890654647
704.3727652429487,341.9375894443461,118.99880543537671,116.68869051802103
704.0120491095922,342.1221718493067,119.02951458864823,116.26162446443024
704.2937880539514,341.0635974619829,118.68727191230913,116.59645660022252
704.1970044618265,341.62475619595614,118.98853530976484,116.81867395127622
703.8165237430917,341.82615039854807,119.05697336310998,116.34649119627763
704.1128523693587,341.91598169012525,119.26855092736203,116.33845909109309
703.8437951566285,342.0089680856397,119.1153834975929,116.08766292451371
704.1650084296763,340.9161984081157,118.69457837722092,116.49508781268268
704.0833467110565,341.46112317835815,118.96222050326601,116.74847826160588
703.7081359477245,341.65623592207726,119.01844123618218,116.2895169730213
703.703019513132,342.1254990680781,119.13298810649901,116.69522349030288
703.8515225941493,341.82281648858645,118.85269894347417,116.31235900272446
703.819340739208,342.3186614816754,119.02131353762674,116.66408847618014
704.5071661369061,341.34518391403105,118.74331603467971,116.45101971293053
704.4783471521346,341.8613941035106,118.87772332984248,116.51971320866923
704.220284946518,341.99211234253096,118.82575452666495,116.01109415603975
704.266174255694,342.4315568137066,118.80786304449518,116.23162111225534
704.6200771754336,341.4426499282937,118.38159737261208,116.39484763004124
704.0706066524102,341.3956702361428,118.73701284077694,116.53327990839165
704.0330192336518,341.924663575433,118.90274079581636,116.58872062513808
704.3243444346886,342.11260240163944,119.11826697150764,116.40036150665375
704.1186133226206,342.1936300018201,118.96475204113166,115.98926431999043
704.5316464594337,341.1535205266839,118.42224635044056,116.25298911599172
703.8726866687053,342.0865715486442,118.82015204613663,116.2714918440672
704.2281169324426,341.10626825176064,118.39639151106331,116.40682658885578
704.5043528110581,342.06982094898916,118.75864666807979,116.45222882355561
704.8136859386694,341.1437644333514,118.39747278280385,116.54617831501172
703.681918387476,341.67633399965916,118.84819881943595,116.6473086383605
704.0041938392342,341.86355213050246,119.01600734334478,116.4799454971546
703.7907133095989,341.9713555277657,118.86163394120113,116.09501359053552
704.1727441617261,340.97238694748813,118.36515205517317,116.35360959562823
704.4418480733824,341.92175345383754,118.72962806606921,116.39447966925965
704.7667854928299,340.9878656530201,118.34571713933607,116.52262620881753
704.6894077504072,341.6072912292379,118.59242337659984,116.52844002491972
704.6464442021305,342.192994742908,118.77039989354556,116.60303355682855
704.3718507384888,342.3216271919073,118.72108651634991,116.15791964322972
704.7292841019657,341.3427354450907,118.27650912875862,116.3800155082525
704.0938435694849,341.3176979212977,118.65521771697256,116.584779975114
703.9818552117508,341.8907502440249,118.87104046210695,116.64873088644606
704.2100899481002,342.0722756830633,119.08984825145862,116.53768160352703
703.9416865647152,342.2053078379477,118.96156348244597,116.13427254929944
704.2909127600304,341.1598749305926,118.46375492619651,116.4056940857366
704.1796204171358,341.73249774629886,118.70648078825606,116.42451320425566
704.0992792810456,342.2730875774563,118.88600592596747,116.50930647210468
704.0112371009902,341.11705151399315,118.65716414360683,116.4836035890682
703.9104611248617,341.72883656473397,118.83372775169656,116.55816666652437
704.1363624293512,341.8925651199893,119.06243159209455,116.52912910674326
703.8404779906155,342.00032213311465,118.96380619505516,116.15794581434469
704.1424531418594,340.98591353896825,118.5159839904729,116.43305056766312
704.0595557430702,341.64459178054454,118.69223034072367,116.54948338661845
703.9677923827661,342.29657240061135,118.85896146727934,116.70558709077798
704.5035201098332,341.3949799416681,118.70738385842616,116.57342529689475
704.3675460771598,342.08980083232433,118.9362511639198,116.80996912717514
703.9611864079433,342.3024231741729,119.00252330388271,116.27640232595593
704.1866140813843,341.36702440998886,118.63712153185537,116.53584662602776
704.0535227477905,342.060360313482,118.90538096116451,116.78250937660425
703.6535318649,342.27331646077346,119.00718976265378,116.23368304567533
703.8875765381189,341.3264244592535,118.64618974326645,116.47473660609042
703.7744474493661,341.99872454650523,118.89080270529071,116.74458768411829
703.933877993966,342.207618974316,119.26992351268343,116.70932393648195
704.0681869768576,341.90341672120167,118.88056853598863,116.331546496242
704.2496171276227,340.987770939366,118.61123063409686,116.51438522041443
704.1152428160666,341.6766199967171,118.9017596824703,116.78552320961239
703.681356088381,341.88620912487966,119.02182477650803,116.24929639647434
703.8889322950168,340.9412867043554,118.68903843403673,116.4930070292608
703.7669828006173,341.61685013263826,118.95755575173027,116.79123050370518
703.9297095783402,341.81812657501683,119.34085032912839,116.77630102953785
704.064258626315,341.49965941100226,118.95638079583475,116.40644536597699
703.6958760405871,341.64252500596916,118.94673193333492,116.01275605123519
703.680497086171,342.2112221715876,119.00456884566469,116.52404041822437
703.8829123985743,342.36507432680736,119.30099521150316,116.61053273603945
704.0320771115304,342.0318215963554,118.87173148808493,116.29057035625824
704.2119472555577,341.1163831505628,118.58415857571154,116.5057972110979
704.0707682476616,341.8073135884161,118.89094171399739,116.77222960819152
703.6339226830775,342.01671620649824,119.00779889207374,116.25502204905436
704.1891517430582,340.9270554047127,118.49832950468422,116.69936038339306
704.2601592301401,341.36319831097035,118.68825079881279,116.9030875313303
704.1764090713544,341.4055634398428,118.67274825778864,116.65795644624767
704.2707579874151,341.51507046105473,118.2315614482885,116.73961068886842
703.9834295876772,342.16588549993094,118.53555904676702,117.08918241663066
704.2269065272563,341.6058182835689,118.81980726874876,116.55325629817641
703.6566910704531,341.9986429065609,119.22625700207155,115.35967162530962
703.9562427360875,342.215262874307,119.32501918474287,115.30644089613557
703.2893299972035,342.12759660942584,119.66601208725767,114.80236882032175
703.7070283321202,342.15247403366027,119.6811193927617,114.45464180200537
703.600785309768,342.60057661411054,119.90440704197927,114.33999531504377
703.4594147904315,342.8898254516136,120.03646878556957,114.53811126415386
703.8247146350694,342.59567787841354,119.95921291434618,114.89666199850133
704.0148215018974,341.0671746564389,119.80839373094643,115.38748620633272
703.709358518199,342.6207910159077,120.12204842922725,115.36916271546977
703.6214950536192,342.1382565722729,120.06310450726579,115.03785516033619
703.8306892169223,342.1191335669236,119.90465046814943,115.52845998655252
703.8437251121811,341.7836751653904,119.73381306483465,115.1242028945158
703.9820198804159,342.054033990613,119.72474978977426,115.35514596359775
704.10483122039,342.3676716204501,119.78631369413927,115.51283247819103
704.4634190472435,340.90997447723237,119.55386883171936,115.86256075750853
704.410347822162,341.8016908520091,119.24879827935679,115.6911070191973
703.6333759471154,341.83370539317866,119.36813219468503,115.59665304186362
703.4628146446457,342.2251096041045,119.52684200740373,115.76962921592008
703.6421948950845,340.9272389448029,119.39130443946024,116.08773687614499
703.8697940592198,341.9639047247896,119.58249905756588,116.03779418286935
703.6449572905752,341.6767997971839,119.58477101378864,115.58447296693305
703.6307071216212,341.99614572422047,119.61404127536353,115.77481584556907
703.9868535890147,341.7601359928326,119.62794329911506,115.83701129513156
703.7339879815532,341.3467741784632,119.695466846324,115.59105969852905
703.6164261459676,341.5580124291299,119.94545248022722,115.841127646232
703.5019176532415,342.0922764670782,119.80465189475993,116.03300972067257
703.6927676636427,341.19375371094236,119.78766653332565,115.91268410049514
703.5721228945979,341.63874769344983,119.77654396997903,116.19059235923716
703.4876403080452,341.89857225532546,120.05328931885103,116.00421340217937
703.5102866332941,342.0347739128774,120.17570814582841,115.95758317311736
703.6661388093361,341.0561067732735,120.14304912809689,116.08252992258807
703.61452610457,341.1177241911428,120.37083151841689,116.05315804890259
703.4844168025234,341.57597195410676,120.05758819277033,116.29127694748911
703.1645609338995,341.2880512399404,120.11475034453778,115.82790900725361
703.0779460071093,341.3700196363965,119.98366961258101,116.00755382546589
702.9716650419543,341.44484837126396,120.00114972759053,116.17497695978366
703.3903784765806,341.709212542263,120.24937720336179,116.67961111669837
703.5540963004669,341.25466530568906,119.999204645232,116.31155532892973
703.4764803208343,341.4750084982657,119.8448569096131,116.34760293558212
703.2760920890565,341.74266065620617,119.78617004522593,116.21914341134585
703.0695518853526,342.03829323761335,119.6924235843954,115.95114359402763
703.4648476508719,341.8329423926188,119.53433253519916,115.85228971981266
703.8071973423425,341.84754854553034,119.44303275029816,115.79878812494192
703.6812478772015,341.9994898629731,119.36465057148611,115.9306534178844
703.4538713702726,342.3106500514888,119.58631453469665,116.1461772555005
703.7370772276917,342.5547142091617,119.63072383725057,115.82871389578956
703.3185941500111,342.40112498748914,119.36060526394208,116.02139242692645
703.4935483702898,342.7340635044533,119.68846829171424,115.93519431300683
704.0249716636766,341.69347527020915,119.56045262552644,116.1360259065349
703.5749814649562,341.6112720640184,119.63718791645857,116.00636361943383
703.7558999310874,341.76618537972814,119.92736611146118,116.04708332615246
703.7151129474485,342.2355423602587,119.69941218247901,116.39830637151977
703.6618806374388,341.5771886853612,119.61338538035287,116.46653906403358
703.487631109695,342.1919824364087,119.63184223633806,116.51783992070416
703.4582739348028,341.56048710151197,119.57857828055607,116.57038390642116
703.2973883162359,342.16364291954767,119.62998337736045,116.60575130800845
703.2869431998382,341.52864060339306,119.56163144185122,116.64266077682623
703.1208385390443,342.17741258950383,119.53855089146904,116.60724437976623
703.516288579502,341.8119344105134,119.85221796902324,116.23391020516226
703.4531985886885,342.34269546720157,119.59959098307242,116.36777155414941
703.4421528783308,341.70854448636635,119.46688960738928,116.44699692887134
703.3094210279302,342.3396215744003,119.37676380454292,116.34907561008475
703.7950759529178,341.44432816697,119.33967044611803,116.37544862140678
703.9485204772725,341.6112251609907,119.68645241819186,116.34515789878807
703.8987275515495,342.2077496155796,119.43066995952697,116.44851280415082
703.9017885168171,341.64972465670536,119.26439254818331,116.42851092445395
703.4744313710247,341.65138507171764,119.29509574339795,116.2785620502697
703.6951756721796,341.8353641028424,119.54324073992927,116.25242773346889
703.9418072913685,341.9867604926238,119.72177325745277,116.2817543614099
704.038350115656,341.3394174996614,119.4579783603531,116.3957022266709
704.0718311233667,341.91760347164313,119.17044671850749,116.46015488135943
703.7002677739902,341.89249821047554,119.16546934787962,116.22779557289726
703.9229684970811,342.0571421431756,119.44854898683153,116.1597294730611
703.6327717848147,341.9503774616173,119.27058295055522,116.11243311549165
703.8665539999704,342.04101827849286,119.49815166176764,116.14331269732425
703.5635789121072,341.88664943179225,119.31236012076349,116.16494377934984
703.8046460929144,341.9800512923676,119.51548790082552,116.19880301184666
703.5027050010253,341.8350530318851,119.31685883093851,116.20954066855613
703.7392410839082,341.9384489593915,119.53325275014411,116.22989555876485
703.4349597431533,341.7953656451634,119.33846139334456,116.2344864020541
703.6779125816042,341.9044443068619,119.55920357891543,116.25412373680054
703.9494757247752,341.98155899667995,119.72405333643354,116.33432930376736
704.0543575895778,341.39394783549557,119.43173015763867,116.35787779822662
703.7200096669047,341.2968408470675,119.30174197504041,116.28643624835256
704.0349560198522,342.5406384176961,119.49760098427298,116.29052465279989
703.7223859976814,341.50671372010333,119.33862807077975,116.49915820172714
703.5275487818302,342.2737715981525,119.4158675950921,116.08121838365429
703.6468851760108,342.4701548755937,119.77225547987932,115.78227400941324
703.247084003784,342.3589270425625,119.71504266422237,115.74562910500282
703.7492836592952,342.40546397759994,119.62020899218592,115.53243613380555
704.1141428944532,341.08446385047523,119.53573886184745,116.08506736949464
703.8053310486407,341.7829440949622,119.73991549744157,115.82915918396739
703.8054472617313,341.15763505735197,119.71328422662951,115.70530383074903
703.382241352112,341.48520246482644,119.7888076051621,115.57832386946708
703.4146176042982,342.25965994229523,120.3663770321803,115.3965212888576
703.1494263458633,341.8991198990987,120.28254216287147,114.86922590540487
703.3595868533489,342.0641362114784,120.1556020718032,115.15103153785729
703.5107481344003,342.28422265129757,120.14299763934876,115.2988465955303
703.315818324231,341.89267465686953,120.02445949461696,114.86137567456524
703.4849096926642,342.18834856481453,119.95456513479395,115.25224452443608
703.5705232747857,342.5319058991269,119.98898704283269,115.46700453343432
703.2296389434957,342.13996904633746,120.01682331856398,114.9539999141354
703.3837485194811,342.31207099929145,119.98877612013771,115.18788576224401
703.5346126919717,342.5294697949929,120.03040377549405,115.34556428103265
703.178512233579,342.0511436349007,120.01689255842896,114.8974024346195
703.3683919338464,342.2251322729856,119.91099304173143,115.30804328387755
703.3893229512524,342.4550188879486,119.99576286205703,115.6327990469042
703.8840437404315,342.1627279180054,119.9462037815041,115.44913994496198
703.4863569698872,341.4834396467508,119.86565891589194,115.19818954823128
703.5989467669057,341.35335948679136,119.78711389557061,115.11373849817303
703.4269334186708,342.4299378464951,119.91180341759781,114.89908906034404
703.7673473210295,342.25425664360523,119.63592236087936,115.24041207611054
703.7368536954714,342.48453871180493,119.52314607477116,115.55431296339184
703.7520038232858,341.0803272356301,119.48656173665509,115.6513237809579
703.5081842014893,342.03504880938834,119.65795900355249,115.22716277168433
703.4975359675651,342.0869083563989,119.33407198491616,115.3097219800081
703.5874914358596,341.66116672953,119.08292256031679,116.1136365579618
703.8687473118669,342.19445296869657,119.07192222016567,116.50590584488785
704.9054474517759,343.2817791392574,117.90820871827876,115.94762532914268
705.3686897734129,341.8433266722894,116.9746436181237,116.27894796849556
705.154660502578,341.1389104536845,117.04344034688613,116.61434233093249
704.2260915329056,340.9370974926941,117.28959856979901,116.88145037694892
704.9305397325716,340.25912104570125,117.17558772731525,117.74861114123803
706.2408107136617,340.90359520538414,116.22215431185515,117.47404994264764
706.6906696418821,340.6448546241339,116.01454907143065,118.59063177657558
706.9247346410268,340.41370752952355,115.53058507890535,119.27357306304015
707.9764637218026,340.1766257511088,113.97173813019822,119.28331682775206
709.0823680282462,340.7071027107886,113.02538813955923,119.68862598262767
708.4118238424672,339.9593573471117,111.9906488477059,119.12876644273521
706.1126740825772,340.9977976267183,113.2406512516571,119.35125494914617
705.1608404483935,341.0600943804509,113.50940685003765,118.90040562642524
705.7391346860861,340.91846558425715,112.8991619523068,118.890031816528
705.9625057895868,341.55847594893027,113.08403790998817,119.25258171439796
705.7311789414629,341.0983697937993,113.18072985067077,118.99661124576942
705.1737809951352,341.12831639833064,113.2128487476704,119.11490832049043
705.3578957692389,341.6399171598064,112.78267322343126,119.28515856488835
705.8445438791704,340.9000106678926,111.52289876908948,118.67486950779283
706.3204577049269,340.9162066003138,111.69849125432751,118.10039508407422
705.8717768518492,341.00609581589356,112.32600307607323,118.39958751569114
705.7453075798095,341.3285575649536,111.9634802171163,118.27671997950475
706.3065754371528,340.84161415228203,112.31844639362681,118.58047411626193
705.3637060533299,340.5233150549875,112.65099965236242,118.5496049378545
706.2127603427815,341.38373225210137,113.34797538768044,118.54132867090058
705.6376580790065,341.41853730283765,113.76732661800459,118.31535837957028
705.1998146149069,341.1429474690548,113.99418498739293,118.5927765758033
705.6377004909097,341.5522933314266,114.08618327194064,118.52600198324434
705.11319201266,340.5524885642148,114.89881039022796,118.81132494500534
705.0023857083479,341.03690887565307,116.13451023996434,119.00020169026597
704.6349890255448,340.6655747829529,116.37230088851612,117.84858686491798
704.6213267294811,341.9871087916497,117.44533869954321,117.1902415777435
702.9312418132167,340.2235960053877,116.13433586063742,116.45088319388063
701.9986404879979,342.1126308034873,116.08072749726793,115.84091024175034
704.9133011826801,341.7696423990094,117.21059983707278,114.80947197376207
704.648216145847,342.37559450167026,117.72539609725047,114.88886356512076
703.9153427660056,342.4490413693112,118.03583424462215,116.23565058691811
704.3593108146435,342.0769620999573,119.02531559092192,115.81673163326235
704.3046306943961,342.6229402934393,119.18937791678408,115.65508807491838
704.288091895039,341.89384242148645,119.33044245061426,115.6395679376017
704.3084855719405,342.3654531283747,119.37956858081691,115.61898661179823
704.290647841705,341.56486228824576,119.47298193684705,115.67784299232704
703.1784332480488,341.67748763818486,119.51700188324827,116.07669593552359
