414.0,343.0,100.0,106.0
421.0285551918179,343.3187347166112,101.90429209447517,107.38709047064485
434.6976957692295,331.2638447819372,96.19315644043591,97.4014247148798
451.0508943875496,303.4558429981114,88.43353649442858,98.50145561003005
457.7139121293551,299.22254678371206,80.37665077277168,97.13679777147527
439.1070932465806,309.9776523610549,82.19287068743175,92.29169264957676
434.0330995369261,314.7072831113478,82.37368836308127,90.385799713697
442.91157831694295,312.37392582618975,78.7062043737508,89.25728261671586
443.9384066414176,310.23385272438856,70.75155120505504,90.93184756315163
433.5956501687422,322.8942444654517,67.29437311790686,83.10291395942822
431.82578201917863,330.8866193879669,63.34918284802197,79.30379618526601
434.5935189001091,337.6313526685501,63.8937154132686,75.12242416715432
432.9807239566109,332.8459724461814,67.04563016833345,71.98805966616669
445.57476367508286,337.51105634353223,60.230577315062206,75.76602848934755
459.851443022692,340.72226838351486,57.35367126024451,77.62869461629086
479.74889269451955,333.6064544547324,60.520600707223075,74.55553570967678
502.11097003985583,326.6753245747192,62.4413480551289,73.36908827591355
516.8533236450052,330.65820633871203,61.42698496615568,68.09931725447635
517.3970366623057,332.4872547759825,60.47514927070473,65.58628346794457
522.1926559359754,339.7619615364794,58.27626651378438,64.02708049773047
526.7742493360238,353.3754391044565,53.58390034100558,63.90467419482986
521.0257064884083,360.61018596143515,52.80472147443265,63.772466753853976
507.12924612655155,366.33369905118997,57.996275173124864,64.30532874690253
521.3565676886564,371.0975810504184,61.43374118514388,63.4114437061621
542.1542617996822,388.262884545122,61.756928064632866,65.41657166600099
546.8695339943905,417.8173326451096,60.70057861494343,64.09676141661795
525.6207375357117,441.5695864645775,58.435227963379546,62.34016612245763
502.70487755483117,438.53944276913,57.938649072471534,59.780215399611166
499.23928026865264,420.8235675025726,63.602120769526366,58.93245826086962
488.05054347153145,407.3290165265578,72.67317444838798,55.78420111382944
479.47045291648055,410.4726833558026,76.1233752518424,54.409222466242966
476.97638333482575,415.6055086589712,73.20899195504495,54.48231047333537
472.7268614887745,418.79968088391536,72.12195122282827,52.37456714470148
480.5700228743453,417.07560311747744,67.74238248709537,51.56035317647313
477.4754135631514,415.7224398185321,65.86646177392952,50.81348198914791
457.92636817343526,408.0251061854249,70.9350160091599,49.00644153880295
443.67402945071444,400.26241349929893,78.97997341547466,45.593936192424806
442.34424534663725,396.425667882647,79.66947682092977,45.057410685386884
446.87276378903954,391.16337616329423,78.25555501454514,49.58849813260655
455.8060730260426,388.075062082568,74.75138628548372,50.63401025468083
459.8949679306624,383.3445275056945,72.09561675989978,53.7451326433311
465.11908522976125,370.33643971816235,76.67706335345764,55.66678495127624
476.0164827527971,361.20563743376255,82.76863425509615,51.329517222733394
468.179329519939,362.52348105330424,89.46188425389732,47.957757357875586
462.0105844199185,359.3539498383517,93.04051865879714,45.52828951777629
449.57442753966143,361.0400580541599,94.51670704294482,44.87228661793095
440.5070190312509,373.6780600510932,91.61505258064332,46.925396786755144
437.4426201124165,378.3506799537721,84.18173527573947,48.54389564287722
434.1521340614378,381.4417195045971,82.44298161077734,46.213237384478035
430.7048486630837,382.374680354177,80.01172528573345,43.6289022390505
434.3671541222335,367.17902454720485,77.88724617735062,43.371112417554194
435.19401349731453,354.2848142022008,78.25392272729835,44.005009019077164
426.81886694701745,348.8531926802269,74.19678683356143,44.94351040958138
421.2763333272942,341.1103626705326,72.45561591467964,46.16361732608664
418.87747076042774,330.3124768345421,72.23107538417486,49.66604125943651
416.3165334689279,333.7827693985825,71.41044397681462,48.030319251351735
416.5103674512157,343.9779648095512,68.83486442914352,44.974884018378546
407.5954078315768,354.7578288662496,71.27548332715529,43.334193414037216
399.643427854684,368.90872444649096,73.01824079373102,42.16979628498323
378.560927589867,383.35003122793944,78.1529713607203,40.25313340598442
366.59823593690976,381.52354640010583,81.50132645681941,38.989791750022334
351.92141916100275,377.9546082763076,80.91009712323665,40.92791328577467
335.1147752905471,385.49122879980865,79.7931722332643,40.569746981698486
310.12788529894857,391.9025869510587,76.12862363720986,40.40486141551723
299.91501494722934,394.8392540341586,81.9004740140692,37.70700821765311
302.3862527082415,392.0120998117196,83.25399950240703,37.738382812977854
284.8134693603876,398.2353932148684,87.82379528689557,36.781599064672946
287.78999881604807,391.1532529515399,83.60866940237821,38.31100856308716
288.6868299302447,380.80865806852296,83.03525271759885,36.23009144583166
282.9626091921964,373.951654644683,84.8260180863503,33.349128529672456
283.44898267398736,367.0892443287368,80.96093781497177,32.948400701571195
293.13647342755723,352.65770243545165,75.40512247224889,34.12981849095186
300.30484751730535,342.7872385738485,77.18193061307113,34.63227836115284
309.38076215292074,338.46678526633025,79.18896994140891,34.273093153378724
312.4736248309572,327.5316506109844,76.75624371481297,35.90879709974482
317.90045042966153,316.0719151932105,73.10578998496955,39.294327707186504
327.66724589130007,311.86933913512615,71.5942331541901,40.19801556126593
334.62786186581906,310.3808868825501,68.04909212182244,40.3230115117482
344.67603241664926,315.0113204482052,64.95126644069703,39.43056923123993
340.0248157662945,318.9589519738292,69.18400799226315,35.521312004051964
345.20348275123,315.7500804513448,71.89801769747623,33.61244119446347
344.2129427879528,316.5298265882188,73.31457501679512,33.36847237725216
346.24547783331496,305.82433419410273,72.5650052023138,36.050463404788154
336.10271640696004,297.6837330879941,76.33647221509182,36.74497547760658
336.560121020293,296.37910637516626,76.40696423966378,38.31740226093139
342.0769110610772,298.47857588310967,75.27122873249353,36.881017098712675
362.60701510422484,307.7568979776016,70.09032143979772,38.389693231245154
363.55308548177686,315.4622382556076,73.17126379718493,36.614603908287876
376.75113212699574,312.89515467387054,69.688893455368,38.66923967623195
379.3083312094627,309.3098771773803,70.61570529546137,38.154836732744066
382.6616168875481,306.53401021489987,77.65139161937151,35.054043787541644
392.5458400815861,306.0704595146826,76.2535441796357,37.26199423555053
405.1842134380268,308.13026833578454,74.80858038645741,42.78437924860134
417.6577899756862,315.4647771166729,74.19568758652544,43.2164096245875
428.93066264170386,311.81297150157366,71.23565873164668,41.49046461494509
437.8584285821304,309.1961815517025,63.74982411302,41.64581718028738
431.8050350594483,300.7723002635726,61.1980791595293,39.22269397294778
430.4267806154138,294.41005273285555,65.27682126184365,38.962547354680225
431.69486338014207,295.8199409437317,68.21945413883624,39.19114055689784
431.49350506381586,295.42672265330265,69.43778629867775,39.885673622476546
432.99271627521034,291.8076842999777,70.86525680132709,41.58197634361888
422.63154847300535,275.67501316435636,67.08111271624034,46.17474861672624
419.3433330153304,254.72801101491126,62.64563393027484,47.39691315421172
423.11850676232507,235.87854861669928,63.03453998262949,46.506205969448715
424.75028251909526,228.98533086433255,60.03093392248222,44.301454509110954
404.0672068695686,224.69018061760147,63.25739853868998,41.53642833459955
392.31624609898824,228.5009761878275,64.04164341140235,42.13532748385069
384.7597371949786,230.42347656021036,65.76158174546354,44.171527930512866
381.6598983593847,221.69288957960867,67.97616898917833,45.856743798255884
401.60695405816176,215.95249900495563,71.75220403295212,45.65905613718047
423.7202226759218,211.63885172141266,68.3917481146261,47.52573646180936
435.03029642590127,205.09813603690108,65.11727985940848,48.137015191986286
444.50987567731306,198.55002303991074,60.624588084436915,46.272950014481594
448.76869947484977,197.08837874069494,60.00392254777994,45.49912579295271
457.6065480506182,208.01388993530725,65.9201952238094,47.74124961712343
464.9649101094152,218.7506766915376,69.8666383735609,50.95424802183325
465.25318595644626,218.2123596078206,71.6390636567786,52.03546795742373
465.8626583101615,219.28493001096717,69.22698692482699,54.18146753016304
480.9410991465592,226.47683230465796,71.90693757375938,51.18837464128269
500.85855235166673,225.15255023414312,67.98869546685316,50.019461217777376
505.09718813876486,224.6186075895957,63.798949435382426,54.685672371016835
504.149958456444,221.4870761490911,66.93631018447579,56.230141837450994
503.0324996429797,223.00384174782002,71.70984718921456,55.237042698789125
502.8261152295313,224.07348718445604,74.01722781440732,57.74908204592329
501.36786186944494,215.66439263620248,76.453068167727,57.51166981039686
494.13378458720274,205.33057328375583,74.14976539940423,56.15219366795658
483.02165565964026,190.93573114066479,70.50136972763792,59.71480585907516
472.5229749081028,171.93526857124186,68.80130321110703,65.7493231741741
453.81531683220396,165.13927732722607,73.90504298887129,69.31410955158717
440.74960758699365,158.5001360225328,81.01946280578458,70.05650289489255
433.1041251762382,146.03679967909954,84.40719387380301,71.14550130635378
423.69311471267423,142.94159057743707,81.41093251356108,86.36675892085117
403.9826916334591,153.41606400295862,85.45874295101666,95.58457694038675
401.8206828715728,150.02510640876272,87.16575108049757,104.95899934396404
365.1064454198971,182.1622543167561,95.3565512892788,91.3819133094612
353.025016008987,189.61180707876,104.6631621714079,83.64263472629794
334.65617731482536,196.59937190473502,115.88885576133623,84.20051421500098
334.3299254717457,185.592853341628,125.03135253552591,88.76360571148064
341.7915883317115,171.81764619059697,130.3105392026954,100.38935903583294
322.9460313555534,153.8069048778508,146.21370947173426,107.4752767158725
316.2602822499223,168.94205733088364,155.83242892009739,112.77962457715944
324.27926075130677,193.42372893360562,157.28057544474967,114.98071717105299
329.73487525999815,209.45560333349889,155.58016722681492,116.3277762990884
305.08415961972787,208.76532941702484,179.61054803066634,111.18432943203862
300.16057861976196,210.42487016238684,191.90954582103578,113.10223290478898
323.20802865211937,211.2460297330557,194.1505678722566,110.32163051803329
323.938748436825,213.66268095026967,199.14802540436716,117.04153543085347
308.62487858460986,216.15120453337283,211.0051823369842,125.39672694637228
301.9988472545508,214.41346981977955,220.28398743531176,131.16959874251177
254.8685587938092,247.49785553640214,235.66946222049103,140.86476408887475
203.25100071427676,269.3071964702924,266.389910398329,146.8799734503153
180.52360815010277,291.2007328054457,271.6162973799475,150.21451361217652
99.86295107106676,322.50942325373313,271.60043126526347,148.50432312026575
72.14460988077835,339.1541620970783,259.37544294804684,153.12087457982125
58.97982052293062,327.9826989671347,246.2195055619294,178.32843621319046
1.0,339.90987575006193,213.02498684103978,205.4885646396387
1.003549611660631,325.2846212208574,202.32869379806658,226.0940991077253
3.137211150381731,286.6616916251662,192.0508442000316,254.87103508121453
13.196741425430773,473.6245386468998,197.09115351690593,249.47589348141526
1.1723832735887072,475.38847501680414,194.83230247288935,248.85911496201606
14.254117730751673,436.6514405639846,202.03364854851154,262.28431273290084
18.602166891054253,411.30733469811213,196.19702507092055,287.6934399744622
27.90717111705935,406.8096763293521,194.40880389993723,307.9462511823686
36.602485009188214,289.36110137922054,222.66560098913484,285.76427802316255
11.534485731208719,292.1776036746785,237.06541679527805,251.67537091945132
1.0,309.6616473691729,243.02147372272321,214.58704643327195
1.0,331.35235951679624,237.7416955131613,194.497127842844
3.007871909805303,348.04621105134925,239.20058968365902,173.8185787450505
8.190675916655422,371.93040245576833,246.9251649015155,156.27171834496676
6.795520524059242,374.237511057181,248.99679028261903,147.79096741043833
9.334318522164693,365.513652844313,261.39150387476656,145.50971182043799
9.35566546706724,369.84016635109225,273.6383271518466,143.2980630050705
15.86729951965009,362.9469964416134,279.46179627959253,146.88501005848912
47.994747012144074,358.5518678327263,277.8602063307221,141.57520306560167
86.24068044021328,343.6254368621745,265.1396255551191,150.14343868190826
99.68548930341049,338.61129232245696,263.7835375652953,144.64724986871852
83.17256661184402,355.7042966555929,275.9000281254931,132.93178951589422
69.22207876477484,354.8821553271715,289.1909976484062,124.42263374210492
72.35681440481096,344.3037249469332,289.2081019683586,125.6090027050188
84.91675187619288,322.6456772301996,301.72246240638776,129.7855043361408
109.9387779752125,292.03986908495364,294.7910948388865,128.5620578827536
126.4266164651956,280.2163234952464,283.1586560803107,142.35094341910894
141.19743125396894,271.78237560065566,264.77975507790404,148.254189762627
149.58991575489313,266.0751654860418,249.02421008336307,143.91424303238387
132.40671386037434,257.49448461417694,252.8019502375134,133.59399065675106
104.09734986104635,244.59053873866623,266.4737595773966,130.51990619620003
79.6468189753607,256.0826295309994,292.18804813190144,130.5747442892776
107.06727202015193,279.79964247551516,296.06825872664785,133.18047037741513
144.22296212270098,279.88979305471497,283.86819852019136,146.60970543695421
110.26485787738122,301.20150699882214,297.9507723079168,137.40221227639543
72.86176436808938,312.8312774290572,318.37506027090217,119.41499890771516
52.748151517660915,320.8975339172111,331.404832649121,110.86125478737722
27.633374062300703,322.712449517563,331.2633062843946,114.55290414858196
34.70599410822962,328.49760114115315,328.9346838959877,119.61499268535601
13.627584297707813,327.13520662003504,330.6944986830804,120.72502692672042
7.928556028111359,325.99400577722986,333.47275967744014,124.88478730843113
1.3046638735054898,336.56016470993814,353.5717956665768,123.11769779325255
1.0,339.5289124363427,348.8186903190095,134.41998837878816
1.0,344.2740944154657,330.0625042587201,138.34064502183918
1.0,335.7548270860657,323.44938191458556,135.6743648144587
1.0,317.89721985235366,332.04267045563483,136.8036134589289
1.0,296.30180438514276,342.6556289134797,143.93689586099126
1.0,270.1299469336364,349.7945794056905,146.4428093085268
1.0,264.3318339154024,351.4336084086085,147.07808471554614
1.0,249.02380550746085,362.87112140342015,149.60133467365574
1.0,257.06926557985355,366.3669428469458,149.78744206381145
63.60767747287562,232.81908268533925,357.5197934949262,148.7046912104427
117.669889921987,233.13920814483816,316.28954459382334,155.69296444709616
148.4112182399236,223.2707480214521,300.8865342276537,154.96643522669748
157.777503063785,210.70325628253727,315.33108418480845,153.0799559856903
160.1523234381581,215.34061268345005,332.49269793589616,150.61893375618502
177.28984451429383,232.10494807114614,341.5062904154168,158.2993069929832
186.8033932952397,227.58514732405393,339.8367607014861,164.81985639844774
192.53448858972138,225.77112401824357,348.32423761862253,170.11824896425668
205.12379405636625,237.41042111376532,329.86273634279826,184.5185560944757
183.2585631285778,271.39703050489175,342.612474983942,190.76564053054688
128.66801618898185,293.4187450276491,354.0179080702832,203.62120723881284
34.920761682405356,349.7278969125706,379.10494600913756,203.23697263743475
30.07452958325794,386.76670798756464,408.3879582789382,204.93859619704324
51.308545839929906,405.79587518934295,423.9618969361765,212.7341375359759
45.899499151989545,417.37223837387694,431.66672301559066,220.29339501710777
22.03309315908581,424.3706174673635,459.9938942104026,224.91438421825308
35.34915918032959,425.4575039488386,505.3969265425195,214.14181395335007
67.11806439752371,424.37122677150217,548.078613821229,206.2511368947375
98.57138848529314,409.1411327720624,565.7875377577866,204.29400088632207
124.53241657071351,396.57761299530875,570.1632073477213,217.04255647025428
166.34244509548898,404.49266315170837,570.139949590659,229.26882023458944
198.148508746711,410.7022982505106,580.3581769823938,238.14718234325846
200.85052301842467,400.93024054131115,596.609112011828,239.78328084767412
226.77476209041112,393.09223295623224,602.095663558055,246.1419769353538
231.0801804073334,392.64720545810667,624.4124724302212,254.31647310863926
287.45790329922676,379.1370398593759,605.537999153862,254.59092931486305
312.9036386356484,320.39053089467586,578.3063436594576,288.7290764099557
392.671572503611,299.0678281939212,520.0146056800273,331.01831008809546
427.9009795258779,329.0899195242307,481.9816578259908,326.1894172871605
394.455814224554,351.0647767837253,489.4919633428116,308.53946045055744
357.0291920234465,370.64857907715225,514.8760704438339,299.02631433609895
387.17356980513296,346.280648154808,500.5056608497928,284.8445856989586
385.8900431082193,356.1385729683026,488.71412659781055,264.0412057307528
422.9370233284927,367.0794047763277,445.01942046973403,263.9488740753979
452.39093467484145,354.2993775700983,387.96619435392853,261.70410973203934
486.93710811152295,330.41793027132064,325.1818589556491,264.87767252042147
480.79614565303945,340.6498643348667,282.8423131084802,262.5241221262204
450.0999441107924,354.9011173213002,286.6684938561598,260.32249848309095
462.9858230709402,357.9363315709443,259.5867608702794,251.03260841864488
474.0969889767965,346.2030450155323,241.87126998718924,223.95768178461722
498.9002842150843,321.015879265351,216.52977341622892,205.6362878683168
524.3526231204764,313.06023930785864,187.1479820928346,198.03381588077042
518.9987494454964,311.3551629015008,164.528063647609,186.74533952573157
514.2212880856146,312.82441208429816,143.00790714428123,188.73724723993888
526.3357869164699,312.84011093998413,126.33405034471066,188.13322219319053
544.3691787097554,303.11823277562803,117.46349594632747,171.8829408496332
554.6740773364585,292.0578098987394,115.6741047154017,153.06760452479597
577.6698373392794,274.1921627561394,122.82371848301543,139.8663160726891
599.1537578971731,256.4698388483705,124.07993905168716,133.61825509544582
614.7657846521442,253.0227431355681,115.09096688403415,131.22723315578838
625.6795151389522,269.18055775949097,106.30618721730501,131.1460697541915
639.6246017860207,278.1986466010989,109.01078066033095,133.2819598247996
665.4995841337267,269.923604894644,117.34694217142298,123.28195759406839
685.7523233127366,258.89896295977337,117.2245018954843,114.46597161625411
688.497687588889,254.68175829811054,119.31899707259356,105.47198869552926
689.3471453668086,250.5206439925156,114.75351829116556,102.26602692127906
690.5863248654617,254.55762453686916,103.6541903765225,103.85614472957724
690.9804184592873,258.03994027387444,100.48316754802094,105.36816006880838
703.5073566935095,249.0352775940857,115.8056006169903,96.34019575836388
705.4330980616087,252.8717856116588,115.82224154168068,90.26146649403397
704.5529555193758,260.2916539360539,109.84212683748888,90.41273260326271
708.6679331485201,269.5206327185054,105.65170260784522,86.9222876326443
710.035544198728,270.89898427908406,103.97495296723105,84.98062205598156
729.9166412642572,268.7383849773088,108.91649828968852,80.51903977336062
742.3728624985396,266.92026830299926,109.24171836511941,76.76572011367074
750.4032780744918,271.2738566830511,102.60841874528812,78.10901010173546
761.1400223537806,276.69295189230286,107.00614686016193,76.4227539670822
781.8730124058727,281.56237072903957,111.3897069058491,76.16740057373742
808.7506741724917,291.5976604303649,114.3417490359726,73.75983577046671
826.6560825118415,298.0201318706086,105.59317782565572,74.00872800064792
857.0323095099568,287.75498815813853,99.35110430341737,75.82095395636091
896.086937561677,285.4177018110186,97.62360062926207,73.33110563378203
919.4119410629002,286.99204766644846,99.87243566405853,73.729707515992
932.1133414517208,275.9940090620278,96.0560065624074,80.40429516204092
954.2643809159441,282.59688125315927,91.73793166298006,77.00540279683274
978.6739950407491,286.1579414408347,92.27141144885024,71.48680731415803
994.8055763829218,284.4322381096733,96.91733263665444,69.32736907492698
995.2208280332237,295.02614169286846,104.14599049376898,63.70152249254758
996.1179077971148,301.49221403345325,103.46770047120135,59.470034386327406
1012.2801601819995,295.5396317489454,106.20451957437345,55.44210080198272
1020.0130117313772,286.4866076567349,107.9014579706863,54.490707162209766
1012.5027572535564,283.77471234504975,97.81900051679656,56.736450904487924
1006.764312593309,282.0515269415103,91.15074409942983,58.66712100456434
1007.1412169811358,277.2746372793395,94.4112930840133,56.451861353691555
999.153102784891,277.0244437304739,104.1514947616379,53.194603822573235
976.3975933360559,281.96482988768247,106.10082469562155,52.44619899321588
954.3876345047014,278.40024289159487,104.38212163417305,56.90124076775416
933.5368581809927,276.2724268042233,107.86681547471053,58.55090892654006
910.2618673893344,274.3607362756864,110.71410982062572,58.68748325147174
882.7882077183614,274.05441593268125,111.84479608969778,60.93035278461037
864.3621241466526,273.7526761269245,116.1722906899139,54.93602801991833
845.6414986612289,271.7487868691209,112.66562180778354,53.29312633222949
833.8857545777319,270.02493645608786,107.70157869675963,54.23962965713093
811.2319088430104,275.2300241623192,102.69125158105793,54.13046373910857
799.8798971949159,289.39174643497626,93.9181321238051,56.546923661852084
799.6664964681588,304.44528047584816,95.09112369871391,54.58428704464185
790.4497530498927,306.6980705229637,87.50807961621433,54.594784847658644
770.4277548160909,303.2371814818418,92.22266148508149,47.19246215188034
770.2462117368157,302.1110210879674,92.76385617861362,44.526951222219935
757.8520562182158,303.66708227934635,88.21916411061767,44.36757923302156
764.2184776538481,304.7729102322491,80.04481877313492,45.727327691073356
781.8449499968892,295.9945947785794,74.2047914226763,44.59730420644281
785.7076536537824,291.8909131681497,70.23734613197203,43.53099403227584
774.3157758644209,291.1582932751369,67.58527092687457,42.78540578935258
762.8777478146551,287.9410050954357,65.78146192873866,42.519222106882346
767.1840460783944,280.76569798276955,61.208746507827755,42.27634785131691
770.3628770905785,284.90171447184605,57.04305078298729,41.26824316263027
774.7159020964456,292.0705064881471,53.25481518241511,41.972687618812365
782.2502030398908,295.0371570746749,48.67303083396499,42.76197162132827
783.5370920361291,295.8836024915491,44.069842418625115,43.99412601083039
784.1608909714929,286.24454948112134,41.17459617664946,45.65944949593123
787.027412853457,278.25654285605566,42.39521013841227,45.99547883989272
800.251285328735,276.4242969167694,41.25469473992278,43.55269391901233
804.3892978774015,278.6640823871027,39.93454718118828,42.884200807035036
804.2859686758823,280.8247792663706,39.02165808149802,42.7180425330632
805.872115329299,280.467584424489,39.396421573522844,40.3137142771216
808.6205292494974,275.052448891435,40.65618866143771,39.33797204121662
813.3387657702558,268.00510157625865,37.87600012219207,39.13994784284995
810.3557464354728,265.22751964763717,34.887784661701275,39.46399150291284
801.4583973168442,262.3854415965106,32.976347799727634,37.85691048826587
796.3689936692899,254.2139615630601,32.02465079365141,35.204622113173706
792.4153455607236,248.3252592059688,30.77260733457849,34.312822797840106
785.5562923151848,250.3422227587384,31.80958917395116,33.2396688703436
776.4279126734472,250.69476753293995,30.45680972282963,32.40358812854147
772.6401341047269,244.64737047207947,28.849549292565197,32.41326472695012
773.0994846367718,244.01419963954177,28.12256687008613,32.42459382119391
774.6706939741089,239.72290503986542,26.06654889616953,33.917574784442984
770.8148458373142,227.91362244107682,24.38920036873391,36.43108758179859
762.5642014786852,212.49675216214405,24.927188170734702,34.76559454490842
761.2369459575762,207.18355251912567,27.47208764369988,31.067879018719857
765.419974538497,205.64582858168833,28.828080610375086,30.166455583975456
768.1751349929395,205.95154191836846,29.000349974329016,32.13166448113197
760.5911190845429,206.4228730246686,29.721924002899865,30.668622589945073
754.8197407264923,208.63817358380072,28.177518135560522,30.145106262954997
749.8945616397713,208.28362756390632,26.024430944686642,30.46159942790091
741.6308734589334,208.70413261512815,24.907700845345985,30.61132942987289
732.3366245419849,210.32886322677246,25.134715747428174,28.259800104338808
719.3944749329922,218.1997166345425,26.875039509002697,26.631055962528627
707.91946015878,224.25510517520922,30.492617518055333,25.9440488984157
700.3144966510971,226.05372489186868,31.57664101189078,26.324641011348753
691.2372003757109,222.8311149076286,29.460975106311768,27.40030120535105
680.5336811047653,216.72488572145414,27.528836634986313,26.601236014071343
675.6598607162329,206.10246601838676,26.457236197566456,26.349664980127677
674.107845568665,193.629215037697,28.08551652574507,24.652688623534498
671.253381841912,193.30354066484782,28.453121949826237,23.487068829881085
656.8530677118989,200.78223420406084,30.706890514003298,22.682919555848564
648.4734735997791,214.93646225839905,31.485308298947583,23.152005021584916
646.3986377070023,221.82241306439315,30.49827141918031,23.794380915648183
638.5849407192917,217.597974021389,30.265917275679904,23.6968291455366
635.1182500527889,206.04949631646085,28.37052765600155,25.02751342475883
635.4480746860044,198.81781866276202,30.550615181936095,24.741511941630023
647.9428160700107,199.51304809656,31.730851613448976,22.66382715969395
658.4513718926796,203.16533221449004,29.367199954991836,22.582154289962272
681.1818763936826,207.5625207490965,27.95828891687977,22.546041857614785
696.4967093892288,210.93119599982305,26.017644274092866,23.126250086721598
706.4815406088576,220.54100632978196,25.297621619723195,22.696863689494837
715.3701349643193,228.86658560769234,28.170022803934867,20.941351500359723
720.7289272955123,244.12452480964228,28.435982320864305,21.66862941901746
732.5455461925131,262.6322610891847,28.731663606863282,22.355751408276404
740.7251456481383,266.90133564730894,26.71696992404437,23.799756886093622
739.6846977664375,237.6813287205435,26.279805997951257,25.825970371775316
740.1391091329824,225.88205481155214,26.70283124474776,24.332900688205164
728.110515190527,228.15275191142175,26.831334680565405,22.530401250095686
709.9294293040977,243.30724358613676,28.53215726108149,21.03801561530518
709.022088380378,257.99376161207186,29.437593732645936,22.030612418212428
712.517688320604,266.57075014024423,29.70304882517075,21.873013261949602
715.5320512343268,257.4038577749327,26.95135112074119,23.457519026807955
705.3771230440492,234.169536025872,25.310583168495043,24.52527111846286
688.3587670900984,225.53681096557682,25.038424457083885,23.26464317431443
660.1824798161828,240.5934773566686,26.622928907504278,21.71378029998195
630.2683113313321,258.84686812641894,28.220550331453868,20.47531170411314
617.1020268942254,259.2332697411256,30.287465180044148,19.848460892570902
616.2512783724063,257.14641735055886,30.144696958666536,19.97711994817916
620.3819623385396,267.68697699208775,27.847729637968744,21.370706173799825
635.8128720390673,291.4505633771762,24.961232412036072,25.53527388843898
634.585429461709,284.4814310201852,26.830398710986564,25.716272645518295
633.5263409359401,282.21822949954606,28.572092512696393,26.12467707738096
630.9918636892726,280.3180723854622,30.7751130935716,26.174049011729018
635.0194585929988,273.9230019404597,31.71982621908908,26.997755539366416
634.5981960332219,272.63681301865273,33.12156984477305,27.18146070318418
633.9218058277924,271.6613688608744,34.700648029562814,27.667264192108952
632.6091060862051,260.3490635367036,35.78057534393411,29.2261958004435
633.8585607956102,255.14875701937711,36.54128760386658,30.342850336896646
601.715716192086,272.5889143281674,39.39377466382214,25.470025902926636
616.3407509016392,270.25333550383374,39.52309560381357,22.68544663078615
623.552547795786,290.4742734378787,36.79069778261312,22.268104416692204
631.0587603877568,294.8712702737933,36.35501480816437,20.627306648382415
630.7377757333898,295.8021400342101,36.06061666237808,19.202866853552322
628.0121816559466,289.6893668316694,35.699869271353535,18.163578661250856
641.4431869650167,281.7681316120087,35.06506506469109,17.38989695120773
670.5741660955975,272.9793728021949,37.27037224003279,17.323174790026247
703.8705473873714,271.2346282315431,38.30881664116137,16.948019225251315
728.1489041387174,259.32615755643906,37.72676687346986,16.575332078056974
735.9229749634134,244.96948602142783,36.27295752684777,16.856567964081364
736.885135081256,233.1881377914336,36.21800790550489,17.224916298644075
718.7516085774598,244.5240901465792,35.93041652684791,17.265442147043313
692.6890668869605,265.37053493556783,37.30287422079623,17.49756022711995
676.5929154975304,278.41434738777167,37.69538691992138,17.603092837535627
667.2280287487308,296.4701652136757,38.19586138817141,18.069784885713432
655.915739078949,309.48989050833154,37.72274712005104,19.15517142211852
645.7340495117974,325.575563374077,37.15378930785462,20.57542171462825
647.4664118216675,329.192167678095,38.1367583579192,19.68307725659482
658.9105660870385,320.85822731735897,39.39198067425079,18.715186800661467
685.7120215701664,304.8213013224769,37.78163515752816,18.491877936220497
700.5413767373236,282.9704690347727,37.44441395422977,18.45500560012881
704.124690504473,285.57108690588325,35.76784700080211,19.355568671808367
709.7750819215823,304.64324878165843,36.470089740881036,19.12942333048737
720.878437450677,314.6188480003351,37.332471130913135,18.882782866210015
729.8861362975726,330.83484548920916,37.05724744082032,20.120867939023295
731.8329385420324,336.45236434890955,37.731891184030516,19.346074575006867
722.1011154424498,335.34567616193215,38.6732684997361,18.68182347307015
716.6282063289513,338.0612231723737,38.33835006289111,18.598871710051654
728.8322094767153,325.7580931422024,37.342704304127174,19.196353061105675
760.950155189845,318.0570551912479,37.392501284340725,19.483177137088113
776.7154997770707,325.2902685086134,37.44467645100397,19.590519255778545
777.2506222733113,336.5944795484065,37.318724291717416,19.357026484627944
787.8397972152296,348.413405835633,36.8326017156073,20.299235019594622
816.8660853522267,364.0399939547898,37.25452022389133,21.140817777904456
844.8170171210593,377.10024603417446,38.34286920819609,20.883213940288194
846.9054823092475,368.23451335824717,36.86378077339151,20.862568968635667
836.6729771756964,352.3584224550308,36.209341542762445,20.598526587094373
834.9038761331999,350.4885446926559,35.047256826002496,19.834481584259052
827.123951724751,350.5529554044939,33.939997075861484,19.91644568271233
821.7978385427214,337.0947858400982,32.90991381837985,20.547079871901722
822.0222945538093,331.82886333346266,32.66062147844029,20.64910869312277
817.1333224430741,327.01909401890214,32.25767871400189,21.71349392557615
816.5592782195498,311.0434527664078,31.510952685403332,22.661683298860428
810.5577228773586,286.89775658231326,31.69215441753077,23.02390415284263
799.9772497082505,270.1966337575249,32.61764009345032,22.537757980433327
789.5482060788438,266.5247574399026,33.79127722862895,21.538234393177035
792.565887369741,273.97970002408204,34.43982888939743,21.07338350349481
789.3020765773912,280.1627087800428,35.6825229505947,20.408552753661308
768.2678740122799,281.44869915088054,36.272992675129984,19.626956830069922
799.4484951347864,288.2885835389669,35.03764737750107,21.13019936006632
782.6661340481363,293.55939185274997,31.53978970512141,21.856001193751453
768.3807851641552,293.30809787253236,28.732667754672022,22.459145059569444
761.0021523557074,289.7809527701179,26.20852556326836,22.650800442649526
755.9114815419571,283.7643653634233,24.413079938510585,22.016857964982815
759.4996950211971,279.3413636004614,24.135410577103734,20.538696127730006
776.9074977150995,285.4561329572725,23.211899309259366,20.36930890404369
788.7963221312144,287.1511498749464,22.896025700378733,20.245040301889325
793.6439121220237,286.5236875240226,21.952139879123912,20.281530859608296
782.3729654791854,279.1190112401833,21.069571274260927,20.90178905652509
783.320211388062,278.9474026019512,20.55373041885352,20.842645563022174
765.2963416511129,261.53023451499683,20.142555737516624,21.620784229283498
763.4546853342661,263.7381345196571,21.06558432768182,21.59644716299831
771.5105081036286,275.7517908253882,21.29328464152805,22.68292694490259
772.3804159493545,283.6549668020799,21.330244134449874,25.585491186602663
758.8355557760912,279.7062457534765,24.474728772160454,26.491766202883397
747.2318309596104,272.5604806598909,24.058119286109566,28.276651859555557
746.8544734516277,271.5903065680753,25.077598039484002,29.36641645782563
740.3624852090455,271.02351885106856,26.25970011881808,30.38742604761199
735.5582836852077,275.665212437609,31.53627813203891,28.54579681951242
745.8370748464741,280.7855029518694,38.22448030205079,25.453718565991977
762.194955910887,282.1506151105835,41.77944259669889,25.282921357054043
763.9691631483316,281.08752729685256,42.72631605318802,25.4882129122584
761.1349126908814,276.1161181094346,43.56033327501031,25.94618638229761
759.2089094660091,274.26037234963167,46.266849546322476,25.753408144221236
754.2051761934757,277.77255020499064,47.34115481983834,26.46422808994502
755.9032249763884,284.20024280934575,48.5116612128493,26.89730805730418
759.2651867972684,294.35371547867635,50.56754838165109,27.02559886240902
760.6976516534784,297.9663321033509,52.28625477404427,27.595736219843467
757.3422360296323,302.13669792683265,53.73369172066254,28.253889020303305
759.9865409074106,307.5658925796482,54.04644813559445,29.52831993210126
760.5536614724164,306.66108273426744,54.694145119058014,29.953880354588897
756.5175675191543,307.5525119870231,56.41100076884417,29.917372802215947
744.2110037981881,305.8543962228311,57.44594876719408,30.115678892702782
731.8962194327244,293.9619016843196,58.587155468722216,30.162383249572237
729.7873101568672,295.0260413420981,59.71013099406056,29.94263949804702
735.7903087750163,300.6674449936386,59.824955625004094,30.558900038923873
732.9063603804755,299.5183137424056,61.42376925875749,31.033049350720905
731.8835410925234,299.86263817379427,63.0815910622624,31.386625876278984
733.9433988934434,289.2127275042019,64.20107149906354,32.50781358619637
725.2835151833026,280.5946007326078,66.16567244019689,32.7191889925658
717.1031911817422,268.23705588798003,66.44353914768624,33.76948914726678
712.6329299824563,246.21124867862446,67.67217860239809,33.976565748130305
715.7264943598487,241.87830657936803,68.49057338141318,35.092442785454324
715.1259881009411,246.87953876454253,70.1271753730621,36.49803194463911
709.9321436892527,250.37835784598963,71.15365311372352,37.064744782717426
691.5843864797807,254.49209717846276,73.02474546930236,37.047553082575064
681.1794539843474,257.5480251735149,74.27079794825215,37.63352699658005
684.3865710498397,263.1718094346573,74.2823480584686,37.83495564729118
678.9819790332219,269.05112665305955,75.06353003153686,38.236211965654036
671.8615148103631,271.7751243535728,76.80503339826623,38.40016612335644
663.1348000681909,268.9849629763004,78.47338907365204,38.92795320500746
652.0945093322691,263.57637368807474,79.69814372803208,39.989124032383074
640.2210993806261,258.53085227094823,80.79159856506837,40.06555184303669
633.3208057215064,252.45764955331822,82.46864463567205,39.99323809162374
624.5500957551147,245.77735287728146,83.86991379605621,40.25514440616776
607.8985204327042,243.80871773915223,84.97064986010955,42.01068090351889
591.8902339594047,255.56328136188347,86.09245850385972,43.24291693322573
580.9656973440016,261.93242152556894,87.4521497386398,43.44871133430704
568.5574204888877,266.2654609479866,88.54810115734149,44.56657241560168
555.8860735066993,273.5309760370403,90.05205141803,44.462058161826064
541.6668567777183,266.41443610665294,91.58090847797143,44.44980110391401
542.5168360751084,252.94183014335798,91.56259168210576,46.05023327647717
545.3310320554599,238.79785299761488,91.85073003977217,50.162137638128655
552.3510442021895,232.36948309050888,94.27593836232663,53.484555558273
556.0708150512288,220.84655107722747,93.98731875928713,56.29262044345558
566.7500575870858,212.0074026121735,96.45080114548682,57.73979178520995
584.2419256785586,207.6865027349393,98.23490869591402,58.20423104604421
606.6411035513208,214.75221894837895,99.3893525513389,57.170034546651955
600.9766068649014,226.14878069110503,109.0893956475399,51.09513577974719
612.3790354641437,235.39144718177548,111.91633503301506,49.14797360954236
629.2389026130063,240.1233909564437,111.18282689441818,50.83567757448442
636.291242812354,232.11685578921643,111.96883804160993,53.97616203021622
644.2504245279223,223.4049654705058,112.8507177046553,57.20847723486031
648.3191682885406,217.29345882011452,113.14346092255845,60.37080976926791
648.8177384425195,224.59753054165878,112.01511362161715,62.96589096619425
642.6697216870307,235.5078616945676,111.92867297166684,63.684731005449116
642.7448819317268,240.7203317700641,114.10759672181666,63.91964519453995
640.1189784772237,244.86988549650013,115.93768200425733,66.75545333255279
632.6225733470702,248.04079493742003,116.39001855984449,68.77842454653427
632.3386887912351,247.105712907405,116.34863422813844,70.51181190166722
628.6676814834071,243.41995947839987,118.21023351178243,72.04109535955327
630.8098572788113,258.3810086554079,118.36798704537043,74.50371256944807
630.8788183635271,274.88121533467165,116.41869787654485,76.09139373566391
621.7612229159488,282.66768958103273,113.50090213727786,79.12054725699664
609.0191061101356,284.76660043239633,111.98775529351221,80.94659513237303
589.0029457434783,284.33950165891196,114.15474820779838,83.08581876281859
572.9324153301255,286.65707592935905,115.79833446747634,87.08522119441565
556.6687177774628,296.37610715776685,120.4351877449964,89.17984927509166
540.461541792334,304.01297909411875,125.28695060056438,91.40401522222193
523.6637591168961,304.5476352716959,127.75690203000185,94.8817861287084
512.8942228615426,309.33279243995975,134.70698872089326,97.94339064949723
484.8070892943434,313.3345844340669,139.22432296650865,101.21281628696894
477.7032139723084,325.2153047994153,145.34849100717548,104.0851816777545
477.7826630730451,336.1243224138294,150.1357946520631,108.53537527600463
459.86854261423514,344.42507394517384,162.21765893204093,112.86561510135151
431.63364737595526,356.8141347721156,178.4467441824116,114.94386644307349
399.635905355156,364.86827543087355,194.64906079152968,116.50772216313597
378.6723895093909,373.18964273015337,203.6603842342708,120.72742895616805
347.32527684468323,389.0671911640596,212.88878794603545,125.02274716304494
302.3117232209264,405.9788383096608,212.41473398714936,132.63255454529036
269.4048495038727,404.53434559062407,220.3984643244088,135.9041368031554
219.48080748714327,403.5977226794429,233.28189970841407,138.50567686424847
170.145438740955,409.3874651952524,245.87676478145036,142.10064780447178
112.18149289616329,422.8370089976882,259.5141239165854,150.42967135517586
54.79123139881207,430.88322471858584,270.6800876073093,153.3730641184574
2.760374906053272,425.31380501259673,274.8953010775465,159.37028023808017
1.0,425.54275788640166,239.9017808151035,170.55824348604995
1.0,403.7146226706627,197.34391655761686,186.00462575203477
1.0,367.1083628802913,172.22197388138818,193.56748092116462
1.0,354.03002215550714,154.38971456523603,204.1081396851112
1.0,345.6533410849361,139.37328007910767,208.22621238334517
1.6571904889707554,370.95492014392414,127.39678337702779,201.68491999995928
1.0,361.6124463731268,117.25691704369801,196.71047242232788
1.0,375.0939334661914,109.37904387801157,178.37841049627167
11.722675274579338,382.3845788234057,125.9535201193887,158.18919015918644
13.958720065645878,388.6407054170891,146.89457608980698,151.43689315902247
1.0,395.5515093044496,129.63274267282088,172.2085069045591
6.219858247430196,405.5801823042709,147.97011172954578,162.28477601899638
71.45264651352699,390.2407889887234,166.56961040935505,153.488415916725
145.54996781117927,362.19554530538863,173.78870222404677,152.80057586070075
208.13099878579584,350.9481229312836,178.60438281709506,157.11219738351724
261.44524461304127,340.92473371686276,188.47359048994605,155.84202778241536
297.34452977741466,352.83338021824017,183.79218899227058,164.9597882935963
325.1297688532957,337.51959806434365,192.5640398007432,159.4988420433379
351.98566279958857,342.71281074631383,203.4807533085881,165.3006639806939
383.84304811192663,338.3658556763669,232.34504859400053,166.95352482703584
368.73545458604383,337.75003367108866,256.57048125465565,172.26235923354812
346.83111048099244,326.0632156761409,271.529322206713,175.70922079804242
311.78415496206003,315.32428670102934,281.01487409357117,177.62395909969325
273.9096784305989,306.4075669625661,288.91519752547134,177.68694480325456
237.410837804593,291.5183340956998,295.88404402300677,178.26839479636396
206.7132909906113,281.51274564663925,299.43003868967025,177.25777384395627
207.5179097036935,281.44065629305453,300.399034679385,177.57579866841775
135.03448523146832,250.08856127015144,305.44985200913374,174.51051542567572
131.78436317201238,251.26661822283637,309.1846234020901,171.71914191190365
132.03148467355933,251.48556126376062,309.96302114815234,170.55648951824418
80.8733859343705,223.69715211974548,307.74003740184014,167.68752940087205
73.32173533816999,225.5327884944948,304.05601861737614,161.6922843741196
67.28970448170566,221.4567781035185,300.24916093616173,156.08886777445116
68.52516559309123,229.30966393230702,296.4450733088652,154.26581884233025
69.36817462528612,230.9845098652526,296.2831486533396,151.732804206592
70.33914734808221,235.21786083980518,290.063621859908,150.87498912977088
75.93089986869185,238.56298936983478,284.3132099738661,148.49069083212297
74.68619891684364,245.7660027340723,278.95985308498905,146.18537906544304
75.0419248039882,252.25909015273783,272.4896634268295,142.402323416342
80.27912448073093,254.32977048219686,266.2791394962895,139.63172403937213
86.55743458968055,265.02005210153203,260.59811973706906,136.98992328795057
87.76878072890537,264.9054030392506,257.40001080112035,134.19621835981476
105.69567126935341,261.1387732207877,250.17211053151456,128.55675639805682
108.34257622341879,255.59191368089583,241.99378681769852,124.25056808839264
119.58119470393596,240.44650408288769,238.03521780078435,123.47436631429382
160.82063500968763,232.58822855129284,227.11976578325653,122.22493972850478
187.00657975542458,231.3947426133209,216.94710437742,116.58017564704028
200.81726921050245,228.96155200584215,206.3794838495124,113.11396153329993
226.04369487882434,219.64949321317147,197.31346530303654,111.09945646384791
245.21602289030022,214.9310986674673,186.40940838279766,107.98088785003331
252.63148645021352,211.78746057904831,176.8242006766276,103.99568865653164
265.3357802910069,209.0532856697836,166.6891061186554,101.584571212767
285.63160032965266,202.35290480708943,158.0957113193397,99.3018587151482
303.9502194095286,198.39880365205886,149.19812633690086,96.39250416360653
315.587612733524,194.85423916579876,139.9547643900559,93.30887507188542
326.9021064530484,186.61274205920716,131.0427624447009,90.98138540103562
339.1527015720185,182.893580989191,127.06969720720886,87.93880218134194
359.52915153499373,180.39413658110618,125.58236791450594,85.47025516997635
369.26866525535235,175.55291145269368,127.80474517059388,81.40460158442431
378.3528881296956,173.23491512564283,130.9287137872673,77.88254857722723
400.5084085967899,170.3735318660426,131.55582839054637,76.49081107176153
418.86984655796385,166.1455040212019,135.00066217376323,76.53757520953603
440.0217694346414,162.0768395531257,136.89302994751702,75.76874845855274
459.6377189101155,163.92329977367098,136.94231674532665,74.12424653686165
490.0323990480422,162.2316882946548,138.67279855015843,74.53917852584539
548.0595280698049,259.8621884657127,126.01250010939947,98.35242375077691
550.5180872948557,253.21674773647678,120.10246630613099,114.3198798188168
545.5318770575319,230.8322417751873,106.69760746897106,114.63433535844797
549.7497125668708,209.25932593319098,100.35290378714222,111.87863497599784
547.8537330990112,210.9607860777559,105.79685543201936,106.03184369505236
546.7834122306039,200.44359151348465,110.27082459271996,100.2452092736315
541.4667259439401,195.75090606608526,106.34218172386946,104.71522300581626
527.7079122535628,194.23166827518205,98.12578229448103,109.57642624940407
502.4245097405531,194.0105629014671,94.01541199654899,102.8104912740969
486.1353656992826,187.99614546159424,86.85768275502299,101.44522806049741
470.3680210957284,177.44125272735448,79.98235850817758,100.78263515870859
442.55968209502237,185.9347922652311,76.787170457901,93.09495964026088
420.55709636765937,183.42150804957453,78.08047009074858,87.83906959974854
387.59365757045185,184.737427375983,77.26523570989464,88.89641046324971
352.42090047760195,188.87591246527924,73.4936155045979,90.94207867527679
309.5348834213747,183.93592445218735,78.62268187823622,82.25331256908552
291.62109784611516,179.5665776016364,76.17102086061684,79.28942844973308
263.7003119689261,175.21059858377822,80.3784106899005,74.99773845543714
247.0022693266344,166.7865945094632,76.21126263571226,72.53067782159587
236.18129185295422,165.4460541416728,67.45019659179302,75.90438252500613
222.8450798207802,162.82024175932378,64.61140218590484,77.64011812410524
213.39686248659368,159.7304832421285,66.07694599484476,76.00855053589616
217.2931385962904,159.7850360749828,66.777370878993,71.27423314245266
220.36490032243944,169.71549980232356,65.72079172720943,67.84748191250316
224.29327374719122,172.717330468831,59.50201160984554,65.4294617102712
229.24567792085398,172.6327866741117,55.080853211520264,63.811281694385585
237.5611501530071,175.72643928902988,56.77767276602384,66.48929922644146
254.6829245886056,177.00291188319756,56.685973774157574,69.71944262647006
281.2736236523645,186.92082123884944,55.62132471789565,69.27538880789277
296.49232532367705,195.18940453820278,55.62490794006601,67.47602661601958
309.97043641346136,198.14691197522885,53.62041132521828,63.218117433021334
332.34222870926936,199.5019502237802,49.783169310605075,67.5543810967863
334.5803978573376,198.58718503914244,47.04305863018942,70.94490674963323
351.2754999463403,200.3131960748065,51.43181627965023,70.68123698036894
362.19107732373527,217.4308990346641,56.19276136093771,62.442143050986175
372.45107475294014,225.185994087765,63.44810655198648,57.312412088545486
388.91722891727323,227.19954586796902,68.7692624689947,53.57141234112443
402.69673588749527,232.1345620435048,71.23242630355432,50.83511277385471
425.25354874017773,237.2212563959705,69.70371526160618,49.55341334774767
447.4949979279695,238.0387484123272,64.82483711401287,49.94727456037175
466.9999894415137,238.5256110219794,60.73038457779663,49.509283708759455
482.5360417829233,242.83504371355926,58.455068093449725,51.43442585264035
498.1973726776122,238.01952887371888,61.91763578567654,50.847892513151635
515.481341522375,237.6236010631838,69.68442381374959,46.13055951265403
539.1354096211215,243.0163072718962,72.18050743137624,43.646610165747205
539.4865646108244,252.2868309561483,73.09577364552365,42.62537093917054
536.4135211191059,261.4121717050202,69.87553281522133,43.951481547912834
530.7996562031361,269.2690981224581,64.78439890909941,47.545115478374576
516.9872084666645,284.4363468056244,63.95412451554051,46.114115436763996
498.3761314665744,288.66711275524,66.31874394279129,44.461206225527526
471.2927928977566,281.7036011965856,68.77803218257235,42.78875209243498
458.3876651242417,273.6441985151081,70.74180267587907,40.76097403347163
446.2406689364603,270.62916229752784,72.58591837106357,38.28376926864608
444.7949955283606,266.3000091770686,68.74138148211937,41.70703148777626
451.2653711430774,254.05957858604503,64.72788781856602,41.304858778174385
459.63190686435047,248.5539204027771,61.77973682966888,41.56723169382399
463.82350427346006,247.52931870888304,61.89615607238768,40.98593573458487
463.956172175149,247.80121853120156,65.66132023509174,39.56582776647424
466.08734698761566,252.68652125736725,71.20669286569824,36.95770021467516
472.1520085224493,256.8692085488376,73.45691758732258,35.074218941680385
482.0433199849691,266.66070534836103,68.39694105729316,36.4087768491558
489.4873157717344,274.2259289645201,65.96238604408148,37.20473861252524
503.7901341616631,284.2650130501093,70.27163976024077,36.76353010244255
511.4375375107927,293.3973948619862,77.81002464506032,35.812305753055455
510.7998811566872,290.1685328695973,77.17976297614405,35.80127795870024
503.5523097217194,281.4704240855109,78.09149202356738,32.27579060855735
491.38841332579955,293.10867887155024,73.61069696666712,32.868149291941585
501.8674915027325,297.93865845666824,72.09905497707308,33.07427655655489
515.7210203046101,300.02608525888894,73.15553020808875,35.246713708366634
521.883459947809,308.95284245900774,73.8517081879233,35.484104417770105
516.262667680815,306.0184825788346,75.8766549597369,34.13081573592691
503.96708347261756,306.04763671371126,77.04073889876462,33.03749683851007
481.66230035407546,312.7667658704035,77.86932795575149,31.432218052566075
471.842214848819,320.61186496788736,74.12961857497416,33.31854719416351
470.4956746331835,319.9091997863861,73.00480797352981,34.35691694719567
475.83241639684263,312.7908830596578,71.97240345671146,37.49207543666259
477.83722220879304,306.87978749499496,71.70691906558973,39.395580568209034
482.15488809589806,304.8746230380003,70.54485804223846,39.59698308266499
483.30938449377305,304.68825977907704,70.39051659082325,39.5833460135504
476.6919057889213,287.8422363547933,67.9265760486685,41.3297431381546
487.2239399757071,284.92072580372997,66.97158651428084,43.30012605012345
488.6616137268496,261.11366269605986,70.30990573591242,51.26510056622934
485.12539062435843,245.5952342351854,71.16118453286511,57.911105469478116
481.5567397813266,238.25752241381576,73.66392244451946,64.29896135783555
512.4317906341207,262.9970393972525,75.28183741470998,61.320708641050665
508.30003461302607,263.40799109445055,76.27514278604158,58.94456897794133
526.0302404922176,265.81776444560734,83.05547080200512,49.9201318982399
528.0895046098051,270.5300902551291,89.44769768720937,45.634246662674556
526.0291800013789,271.9863204826321,93.54606607472468,43.15320952576744
550.8467111340349,262.86590240977915,103.94659040849103,43.45620952449521
544.4433076661276,263.3121584359411,111.45677249328257,44.31605926616959
541.5024104737778,263.6446497806985,115.92625685441199,44.930232219971955
541.5653604813742,263.09169014418296,117.45125321100926,45.66573291258159
601.5589582443588,279.164849330771,125.9581679344411,45.66997291078698
598.2390254514175,278.8219207090886,132.44973288689022,46.118994222997685
597.024643935619,279.12365650511197,135.28507923030014,46.70640525534315
597.0120659844503,278.5268085625695,137.43773705839476,47.145631526974896
596.0070795317174,278.29724810400046,138.45398950677918,47.91763466749004
596.9260943052327,278.6090935413091,138.3527591206901,48.367976301650074
630.5487575364741,307.0976732140154,137.53575180531902,50.427928052142775
635.8508198227491,317.21237329874185,135.11284689159208,50.533095091306
637.0724165660889,323.90534687438327,135.21830805850368,49.064974071480364
632.6129087948616,324.6043493740076,132.64907822541176,49.32502866917495
613.2346368543525,322.6639937747626,132.92400697813895,51.21499326158499
592.953726207141,319.88411235150335,130.706655290794,52.77260818933773
581.9580213229018,322.5856217702698,126.46349889414816,53.85909125809706
580.0369533837068,317.5727584624248,119.73864315882754,63.39436328284138
609.6265765729298,311.60840471579104,109.64876513343809,78.92731772156164
592.6992568561409,310.7534274588513,113.1184488590704,76.15183066301613
564.5851490651861,302.9854650995918,121.34644842747947,65.19261239622011
555.8723802263124,303.10446105271444,124.00897660877882,60.6803853952285
538.3219238656408,299.38278070343597,128.37209338978855,58.4456125722732
516.6512853928491,292.0698400816135,136.35672124117107,57.47665047709319
512.9875448440168,281.8235808513326,139.7876954973172,57.24670391723649
509.069381665063,278.04931068255536,137.27215292043587,58.554437130826464
485.6665388088474,275.4046028477598,139.9608972232389,55.83221354380859
475.19857329039627,270.5869618055699,131.9871919858357,56.26616240633464
476.80561565058713,270.27777877286996,128.51932009395915,56.272208345285335
448.5771652702015,258.43344575270197,128.4293517095436,58.82049370244151
428.72556399289584,257.3832792749214,132.4408810829909,60.564508602199425
427.8967120938415,245.8429838160342,132.06379972125816,62.14430685312886
436.43733838436907,228.61897181816062,133.61107799163435,61.40155687137475
435.91191234753745,228.54596239410736,134.49297614010902,61.48727532619608
435.7146966985222,228.335479359838,134.82950158446795,61.398913373879
451.1205479570327,222.2323917590776,138.12066886691997,58.72901626161323
450.8144765145034,221.8741529909484,139.45773802117117,57.82688270958211
459.99166128739046,217.06819166242863,138.28051225014627,60.60546896069649
463.0377096897805,219.68643514703848,144.64988675363338,63.50166045516761
465.08463769302784,221.42239880494452,147.61494412721134,66.39486711583581
467.8862623970044,226.0750484782549,146.4553664709318,65.16440808780676
471.22463279019104,228.767471075779,143.5476572081767,64.7486313269473
466.9625027637602,233.35812125105954,141.40194804617886,62.52980185692358
457.0392204984595,246.97449720980617,137.60553420030152,63.896384295061424
447.2032315649142,256.27131091332933,135.05754586645918,64.70860697575728
424.2801830188952,254.818859598222,140.40381520432976,63.8579271685111
408.2790368149762,253.91635135107967,143.51833704008482,62.32107847263653
392.13227423589683,260.3690117080545,146.34103063714966,59.03294217157654
367.7574170940222,267.95932507514556,149.25623677298734,55.20925118564419
347.23646153343327,271.3024938862092,141.2028235193841,54.88406752846398
333.4175125049452,265.9919953619807,139.87145952652736,56.08366076407975
327.76497127278265,265.13353118204753,135.3511136464453,60.586807550863526
312.86219268713495,259.7150926696599,136.88104377735172,62.646340729046884
307.92998034554853,255.19322715244854,140.0212480000725,63.78569277743607
302.8930988326009,255.2076084474181,143.73497412845688,62.97242177978109
300.6243191009976,252.83356389980136,145.26821279670463,59.92358317011208
302.30535287592045,250.79188138519626,145.51906839052333,56.954907727234904
310.2219587858926,247.12385673325574,138.50506365395813,58.61443483297824
325.9654776697213,248.28042143836396,136.97544761850628,58.9058706969898
346.91456471036054,245.96016995091227,125.36166104942444,62.52742021811281
348.38191243765027,245.31481331721724,119.93049681123199,63.350707376566056
365.04216259716003,230.36621071414083,115.8226329040305,70.85023835010848
371.87684313718984,213.40930307463108,108.19547447931348,84.2404044292867
378.0158826159025,222.07693295531766,106.32602051923797,92.75899983388172
406.96212967858594,255.92982021082912,115.46896894078913,84.45953983845621
433.30336679285955,256.9029298898565,111.74129166073934,74.97819286538412
433.58096244448757,254.63882682273203,112.84805074322945,68.07554650767699
443.23783441410245,258.66641652611304,116.0331251720618,65.91678655522465
443.3160783959874,259.012034695889,116.62472910492718,65.1755895490978
452.43326974211595,260.0091119735072,121.97361855417239,63.60527595371543
463.83045449558597,258.4560735127422,131.20982953668883,60.80049136878809
487.14124048965385,263.9487383557271,125.48203646196079,61.98055405765943
514.1563465141231,272.2493856063797,118.69178252279266,65.59102570223635
542.3096240118546,275.25094309805417,109.15195401110032,66.49292925759616
548.0323010073944,290.15353947123805,107.95971151078918,63.714244567027066
561.7756557875604,294.29481046942453,110.69084744812676,60.8136161444213
584.5774871032621,289.6661857798733,115.01440769994954,62.765137246596694
597.5576044876597,288.1116757938634,118.70163995571556,64.94247738530143
620.353811877318,286.0249470092931,110.44591628770313,66.32098697366177
662.6662748777703,288.98587706555156,98.99147624323754,70.08302784789585
684.4392987181755,290.4495124464757,99.84534015996073,64.25021286045468
698.7524545830956,291.00646522212736,100.92609050322515,63.107817073401414
730.5079716983734,292.2569355069351,103.41819763207488,61.75788381124637
729.086230728004,293.3976604971405,103.84830344668521,60.99426464871696
806.0122456647746,303.37895805664556,109.76019011726162,58.30191011420843
833.2330483432103,311.41095640882406,104.63594816003423,57.714447756226704
882.0997325176247,307.0865479105118,89.633020377718,65.37178454598029
922.4084798108591,320.1718055577208,79.03309805582238,65.10167678636047
960.1970191300295,335.77438753817074,72.68884232024439,62.552789648290016
988.1264553499847,347.95790586677737,72.54141570903016,58.732823021866395
1012.5125760083423,358.63297484549526,78.0615470950826,57.49519996833205
1009.7298749504918,358.79435981724635,81.70864746906196,57.03801005146366
1041.0018155721498,348.3503777552599,77.56008522073915,55.3133270633748
1030.6884840249093,342.3689825015405,68.9800952253672,56.71811665854944
1032.1496776660026,343.1344811626792,63.31928854667048,56.55732460536009
1023.1361234494825,347.33930833835296,58.62262805558712,53.166069575962396
1015.865836177217,334.5436569243826,55.20625040017506,50.31621239710503
1003.2594077022515,323.23235523093297,57.89528610912416,49.325001974946474
982.1181238725135,322.41174170306664,61.335683290688834,46.82635570155219
972.1851264516542,324.0511811551753,60.88025334387193,46.910481552860944
979.270903011368,322.4449859577418,55.233921718196704,46.9468125859502
977.4215056116531,321.37696528514005,50.335298893557464,48.931415298320786
973.5115177583751,315.7719598567441,45.02142909663808,53.02456546965045
978.1073340503937,318.1734382621627,43.202067312782205,49.164108194735064
972.3204799303753,311.86714596382876,44.620717538076576,45.454582832911626
965.4892829514057,305.68991993311795,42.72140577556928,44.58779280772862
965.4642712543717,308.12869447986924,39.84431804584994,44.190545785489576
969.464820040436,312.6172171734207,38.597192596401946,44.41374202050434
968.2038979745954,313.99794754596223,39.42647055286116,42.53711480060295
951.4983214908019,322.3040434141741,37.82455887117144,39.99321835404773
941.8125857191957,322.87663621082487,36.44856241707785,38.41693672739625
958.8884152512322,328.6182205393682,34.64153580917602,37.14861502170015
963.871483993284,324.8801541573668,31.86017659957338,38.38410735581122
951.4055398051515,313.4925680030611,32.734426385025806,37.63445088158387
955.4819002393898,312.3573631656804,34.405494643055,36.685538672996245
969.0332035675247,303.92643547893897,36.60239631876557,36.43339695519348
970.0278884268241,303.27875991781644,39.373458397532914,37.1353410783407
994.1193374487128,295.4988944933605,38.183512882442876,41.03917626091584
1007.2483467200467,290.2988004345122,38.94622654303127,40.50645629278624
1012.2525892563099,284.90507850407664,41.43781926959454,38.37894480680413
1017.2179203863966,289.2334157786656,41.86900284068733,38.63806413583647
1012.1591431791954,290.3462495176071,44.71865016138297,38.276597815323534
1010.6978851806942,286.4176693725348,48.38959684884926,38.78226646045255
1004.0494169069689,287.8663381428311,51.46746534649989,39.43797639083584
996.3886016528958,284.7620729711336,53.2387681295838,41.07283966171977
985.2482697878592,289.2459106914187,55.497494065973584,39.3230703745
980.6087809139325,289.073329834782,61.30116090077531,36.769712914438756
973.6043005027421,283.21752442258634,65.32054007517655,37.35019030888055
960.5811468017409,273.57751692750924,66.45713679088573,39.403429291605626
947.2267252693681,271.01885026317143,67.57582599640354,39.61172407747192
941.7312438495388,265.9784972956835,71.04458186754024,39.180300901116766
940.4035979035585,265.93431573241173,73.30878484546193,39.427023620477016
929.8327499292527,259.233728538887,74.5192205916055,42.091622277962045
925.1458002234726,254.12845846260902,70.41257695760382,45.237661217117235
930.1668594414629,260.79782828474504,69.67557929347693,42.939637474782344
943.258676328359,272.4360688314472,73.53666174459235,39.728848805316694
948.6101008097639,278.0643113147712,75.01070284355849,39.23074118219604
944.9676084277056,288.26706721795074,76.6599056245812,38.19855657038633
949.9277970531053,289.96949474865716,79.92874396848573,36.62910705272698
970.4123886007231,293.0568560544411,79.85263821935942,38.609860614060516
977.8414717860883,294.7732231018852,76.7488508989797,41.785544242075495
999.1323922107476,298.821524918638,77.42699139448547,40.17458623970901
1024.2894693877613,295.2135661480801,82.27189271856608,38.128651409176555
1039.8809423344524,293.811133499774,86.1656360154623,36.415514966900915
1052.0935573077884,290.31307718477603,87.09861626088305,36.30212324794317
1064.7239394365038,288.9301614793755,83.48727309925042,35.89934575206238
1080.2367654726238,292.65986442004606,83.16743819689196,34.46620649678174
1087.5083441535148,285.9568463754258,80.2272659468386,36.138432087966876
1090.696448505786,277.19025599039145,76.72464967322357,37.57682104375361
1085.7346829909347,275.98846431854747,77.35584496357455,37.74041545765046
1066.101524138199,276.3633006149598,84.21773851365154,35.22707775775735
1057.624494096356,274.44920677035424,87.91146730255093,33.78574234983951
1054.7507284769322,263.4025896895271,85.48009495210229,34.290081533188825
1038.529673962287,253.82195337913478,79.8006681743228,33.76013768039541
1012.8041459936876,251.9432626053967,79.05396738963097,33.06478678895489
991.0063489607248,244.74850080889888,75.68391711755618,34.81834345584898
977.1894632428131,241.88730633393408,73.83257477775638,36.05901113442828
951.7151771447002,240.24698997453453,77.4493534373582,34.67165662026685
911.7908592328221,242.6257647392036,82.78227412797901,33.62682682043978
892.7920034763555,242.4248774480909,79.49550371151832,36.69737739624612
882.6830069038165,241.0940274813525,78.59559550942558,36.45520666030177
870.9665301916651,242.6401772372354,75.07223999708876,36.1463161086355
866.6687059506303,243.37862398230158,73.41365560992527,34.67303571682204
855.2698697740598,222.17879728208143,71.97475159670597,35.18808473295468
839.9912805576892,210.16675471168867,73.238663944976,35.285407517260474
843.1677165595505,211.26130444515982,76.33007812312103,36.8862559055539
842.7882927375799,211.33967747411708,78.36796570649913,38.377283439780065
828.7312708471519,227.6206448835595,73.82506789324748,39.68191245537904
850.7821526450674,214.51880621426568,72.89632548162439,38.73513748120287
862.5441107983086,208.87175819210688,69.49016670684753,37.638189010105464
861.9497453686974,198.2508450164725,68.24052903214653,36.12458714306415
863.8584251591567,198.19333819085148,67.44260055127526,36.30242707474932
871.3158660942406,194.17050089626332,69.1049926350173,36.115627833824185
878.6684010018286,184.75793156449276,74.31008122496365,36.18108541105248
877.9409801110128,174.83802266062443,77.27273116376318,36.448221169884526
864.6855464400551,173.58902399142724,75.17535691256326,37.3856026291049
860.8301786826189,174.6308030088635,68.0769698820678,38.81586397520975
870.8120634097393,181.1115053905312,62.51849471391443,38.99633095125599
875.1719847493112,175.67342196463653,56.557465640421114,38.13144299647091
885.1429915781297,154.75456497036882,52.72341114781263,38.087863123642265
899.7915694950548,169.8272619485011,52.94182290415277,38.56198496673674
901.651345196831,169.81521055921132,52.159124935363025,38.97198672025911
945.458137250329,176.67643844408445,56.21059787397753,38.52783260488633
974.2549145495428,162.99906757303933,54.886850801235695,40.669437572444934
976.8308555009,162.1758429785616,54.75027771666905,40.19099793782763
980.2132084954436,164.18115618960903,54.44368304129963,37.52176812250947
993.3766793910614,166.2818841457398,50.81798871588444,37.68099518116382
994.6873854442474,166.23658116900404,48.627906309398035,37.10194129727709
1019.4529992453857,156.34715279533896,50.22934284552474,38.78708969776008
1024.641094624795,166.53374902167442,49.16547167777355,39.45895270516944
1023.4493776935103,178.5794551202343,47.18564719741323,37.97534090631097
1009.4261994390511,174.83926231256672,48.94347541398376,38.49936381767416
1007.2267271714126,175.1389087587035,50.56741578088881,41.80090659333125
1004.0880805507203,176.37544549839757,54.56127974410964,46.388469840296395
1005.5319652223171,182.42341808804633,58.78095541491686,48.99511814627602
1001.6014280283864,182.67221436187324,64.30197054056325,52.81426350873369
997.3439709258141,176.2078430083849,69.56823418943179,57.567527100993914
983.4618842833586,168.0388561587074,73.13966380623035,62.32391364286897
979.6761494782668,164.18811321776712,76.30114967835772,67.99829105756842
976.3327398592281,159.35311306356198,81.77864820004142,73.42086894900083
1001.1793358044418,145.71388404353684,83.98641854616854,75.54869321326655
1003.9125706400539,138.8483862848746,83.975345132585,84.6900849446445
1003.684724711993,169.1513555407492,92.43310411815204,79.46425464375966
1001.1245977548377,192.17938581660323,99.14523506483128,74.50630744434409
994.034185806499,172.930892766059,100.85807320756518,76.07570577593887
992.0527217062973,172.0875170483676,104.04898512563445,75.52928154643132
978.9881922661506,168.0892281464007,107.1716686997463,70.63185992550173
972.8776550641358,172.26251168063462,102.89393884810367,70.18690722819541
958.5495386747358,179.84302572575538,105.83638688498955,66.44315593234428
954.4992807267527,185.61046122148073,113.94200248119395,62.02160336023794
964.1723330174593,177.52731823789043,121.56528576279695,58.4281901518257
949.5550315741701,172.8651216264559,124.49037949077825,59.09698455553922
939.1801465449842,185.73891748079936,123.94777220623357,60.4135068806692
915.4227888404945,195.23591454325057,115.93224395199772,62.681308457084185
909.4154501225983,213.1357548387932,113.0296701610276,60.13623713857799
893.9313139331588,233.76124382468922,112.01916885853065,58.98916491668051
891.0915314254509,241.08618633952423,106.67655939359791,59.19417045937628
898.5785636818941,251.15308971231238,104.6449739847884,58.26943896264429
899.1177053524924,241.30732203916318,98.16544302076316,58.581042268502785
884.7433505139367,219.76464788315764,87.12983204086716,60.86399026947431
884.6275142432617,200.9862494524022,75.69945018062757,61.603007193644274
894.1593430482912,188.22952472914136,69.74971192676645,57.34212972523865
893.0264883557928,183.3650755935052,63.33798312273963,54.014024013085624
876.0843304818363,174.53163669182814,59.56518098645774,52.20990766087094
870.8828346389408,163.46849716950837,57.2328619860473,49.87155654572198
871.9957775709008,163.05335801577425,54.74719007333691,49.69112100891489
864.5671186360133,164.58214809313466,52.51504679154213,48.737714965414995
863.9326143575299,161.91849335377614,50.69104614922896,49.31864025499858
869.1867653970769,162.19950340542306,53.74249694292632,49.35865205449764
864.8248525609729,172.03008507292748,56.02892344172422,51.33180952083394
860.6256316720385,174.52361121817634,54.37045828860245,52.30527119290832
852.6653328781782,174.32008626305355,55.86096360362654,54.509331867667356
859.785725543399,174.4923151238425,53.09593956028273,54.17501181029218
863.0127188304896,175.30395342059086,52.39561265953234,52.92185271435633
852.2572996718668,185.59845810033698,51.07346018980793,54.84010894820907
838.891064446041,198.09757968577287,51.58729264872974,56.804095530922666
838.3333384017924,197.85263091138398,52.24371593910151,57.951698600435634
831.9696690276644,214.7321686739332,56.38128131274355,58.68373715099299
816.7087083004548,217.83326544273928,54.801299118216505,60.673927362657096
803.3817997544402,211.3409701572754,54.27258069689206,64.66551892297151
797.7528664414165,202.64763268398636,52.2710696701952,63.841207725511765
787.2540302578312,200.6853369025038,51.78981162652458,60.61743542589875
767.6611317954557,211.97458275497874,53.61544405828812,60.73003697497917
769.2801684613008,215.81472489249296,52.353681747455134,60.7209841631612
773.2026887758631,219.01076659507788,51.487294198023655,60.50622118970355
760.2120974725093,217.2771471922275,51.79802847942233,60.75544851960486
752.7341392409735,211.25713205992128,52.68643445217392,62.113812352378275
769.9631242037201,203.9489871829776,51.22223329783142,67.59279437053547
764.7317897433533,199.7645128083646,56.03979695929186,67.75172670119281
750.4928437160606,200.06822922195386,56.13046239001593,71.88024361704063
752.4195205876441,199.2277097124338,53.92577769013538,66.4342574115103
764.661747704847,185.92461468037493,53.62682713787093,65.86320282073692
765.4990037903048,185.5543636332876,52.58240092173199,65.46738879556447
753.0652388906881,177.651652063886,57.15831509975535,67.75912191146517
732.0327708309557,167.9402163501005,57.44965166785809,72.32394666102405
732.467174306968,167.05057619097772,57.592628017606714,74.28432265335138
737.6371386266771,139.91870017023328,56.78934578240458,85.33078506017542
725.8343525801396,159.03096239447052,63.13400512087189,90.13991901634398
700.399904309591,177.40242400216323,65.22162403469767,87.02605041119529
699.5462373279917,160.18311792213032,60.84060646208432,82.1409423795871
718.8649338610294,159.85050060611638,59.49196220752412,79.20006443040691
716.5422371752586,195.18099242999378,63.40867124220703,78.99335595976663
726.4894520411544,192.2962114767698,65.62925025295571,83.35106735294694
746.161781443923,211.1314946889856,67.53516320653884,88.21077707123028
728.0917785542372,232.1256702091694,70.28927558879963,92.28276978895579
706.4263370369563,231.66770248386098,73.59007100714989,92.99478322346354
717.2734772702269,209.81755335743526,70.53592471185996,94.99464409756106
730.677765626994,206.29767495870954,62.63682102350015,94.27709670580055
730.4063792679794,202.7785849914692,60.79596736595094,87.71062038243522
736.7329674706227,216.31603987629927,62.928304361504765,88.9831642790755
735.8450069010041,237.03128545463096,71.71528938998348,89.26080821711604
700.9119213021953,232.96454808490432,84.71861938188529,85.3594357113383
690.545686833712,224.13488185827157,96.38256190677933,86.20607991521214
676.0542482862264,202.62169279536744,94.59838399898825,102.64853814823525
714.5951408918854,187.4340953019591,92.38123318680323,108.51578126233672
740.232461206502,207.79373057992152,86.48227230341735,121.67102448623376
763.9904561537342,238.76711133069293,82.26776331403505,125.57979194735499
796.2847846921323,267.4337162590959,84.36196575670716,122.20269858827164
797.0907048066741,275.72989003217214,93.58928057703659,122.59730917767442
760.6020483743846,271.9797037020926,110.30622023711973,117.58209408725315
756.1604154934527,262.4511733599118,120.56411053950386,119.7783713263393
768.5388393828911,280.02375725797833,119.85594746633322,114.33899072733965
768.0135867802593,281.92662603607266,119.48813705849176,110.63955834834296
736.2606783666422,314.79732086145145,126.95452004810224,105.29642670135475
734.7450109346255,316.3498521107248,129.93147946282699,102.73227901941283
733.280910950816,316.3507942035681,131.55356098694682,101.89286116343887
732.5369704826616,316.39125108807235,132.24287377070158,101.66186072427101
694.832204959665,285.27946093771703,134.88181217917167,112.1419393994054
714.0521836717484,277.850421811787,135.430071844711,117.84832831264256
713.8080205400826,276.61250323634266,135.06369916928276,119.44285174693997
757.718677463826,272.1667922335663,134.20317092049248,111.75384548716227
757.6782679925882,273.50926147230723,133.4062069342331,108.03602368468924
723.8805666855745,291.0696878083292,141.32255227861296,110.92458032118368
700.7030759584201,311.87793794601345,157.1141287523094,114.26063898569831
702.637295272354,326.5804091890854,171.05841701768625,112.27730975451045
698.2053178664634,326.5070974097699,175.93263115546162,111.70774852866025
695.6243638198554,327.0301978032185,179.09935337513087,111.71761024273849
680.7364734243163,336.8531990808081,171.02445450187065,112.14281578996008
683.2643935171752,336.68738799742925,167.55126572252536,112.82147197263185
661.7286920803813,321.65076016227056,164.4224724249949,122.05932311657436
630.90027903181,319.4169703224428,176.81381621992122,120.34171582786782
611.5974987829197,319.23200222657783,186.46555040458153,123.5173049711582
609.8550731715704,318.811424596101,192.503052720191,126.59134448888088
547.2739509408713,342.871197614832,201.84708103606363,141.53170788108645
538.6824672988148,339.3743248403608,210.86379922663548,148.55785828344523
482.70129026175874,349.30985029227344,218.04438739606204,137.5273045507499
481.1913721345955,354.2276178862162,218.46786683356876,132.92719478575418
477.3260565315456,352.76713807542745,210.96460461950196,125.94351873401037
480.10471160066294,355.4366148933409,206.4006360738052,122.38773623237756
461.3594969951969,356.4324566946822,220.54059298110866,122.47760643368883
461.78097774514544,348.38954179445733,232.2566545520152,127.56285080463037
463.0469858691106,341.57165684930436,233.577261294944,136.48993411202616
479.8111451873343,345.6675516888343,225.26261774384244,135.6777922653661
492.31355374352086,348.98414040275225,218.31071188372331,127.80817227659755
492.87320587033594,356.0780415252455,219.9552347394965,126.69560362976961
500.0197639305391,358.99514447884917,224.12386252165143,127.96026880686458
485.19420905368565,360.4864040611364,239.5247449731912,128.04414882387456
505.00862786104614,350.042844436658,242.59202873053198,126.58315323450526
505.9495335120217,350.09056904399614,242.95734522998313,127.51023779049854
537.9384668462443,336.5224879573007,221.81419872848895,128.76862150479246
541.437984041151,326.58102434386893,207.547282058777,124.3059393569215
550.0646621143159,323.2341781755998,200.58539006710245,126.61968673989439
559.4827928181151,326.38845637719476,203.93378204099542,129.31982571954387
564.0907882783542,334.0858220458647,201.73472217250682,121.52209542151728
581.2301653140178,332.6988749080302,180.75581194481782,119.72915625876394
591.9441433903626,321.0275196851401,170.62966901512092,115.8717070092958
596.1816241166953,323.66614978247674,164.3160931403155,114.11022553334777
599.5326929348776,324.14669276960797,159.97881616467055,112.55596290802652
646.7083968073991,310.92690557039737,153.7935354715452,118.80805218753778
650.4902178236753,313.2493305814331,143.58261126990715,120.25998349751453
651.336046544977,311.5667559798237,130.1113811470652,109.28537301701691
644.3053036193264,308.29796341592055,119.11968403638166,102.18624142279302
632.8590849571995,292.3383274558982,109.41943696269229,100.3272562434904
644.3075147676985,277.3918114358141,98.19376418887971,98.46324849140028
651.1868458112718,277.7448798266131,91.23911909977859,100.4619544923514
650.9384284970882,277.3976241429073,88.95757994504916,101.88672990658681
677.4831154751818,271.9057510605289,92.01703845669161,104.00796782398692
684.6638205298577,269.65470542741355,90.36071172272804,95.76492661706831
685.7930119416526,261.8576934395603,85.74935633297936,93.3449327704827
686.4389740896303,265.6084772432386,83.49690740339116,89.32072738674658
713.8512490021318,259.379409567699,75.80339349516984,94.78981285427433
712.8376506004394,260.1134050321036,81.92765414913534,96.81753933585706
700.4079091181216,274.3280271983088,83.53073575117246,96.88577262799662
720.7523668016661,295.730332727,77.74530079757567,92.00282136370774
745.459698555447,297.97978627990204,69.5024928381918,86.91541424141754
752.1997254822863,295.6371112141075,67.59812818927077,76.84445475910763
765.0077140086123,286.02491368639704,63.961088199405346,71.89216388112264
783.2699869401882,281.1669706397469,58.133058842027324,71.52064485791288
791.2654384364738,281.91776902119943,56.223340688533895,67.4412700452232
798.3429135039653,274.0481636256485,53.234567792291884,66.40501379946407
803.5761066989231,271.6293772535705,52.2962387212697,65.97151881974892
808.9539606028497,273.944494629677,50.56937856414771,67.89282485934388
822.2489510570919,273.7737540638914,59.14637163136288,63.43151368738522
829.2846968752519,271.70361372006164,62.67018195244373,61.67942320814385
831.931854836119,272.8279258793139,60.427410082688155,59.919458363033
831.7464984409014,276.25818654963814,59.07773480743056,59.48146669733528
836.8882785120655,282.0723287129182,53.79678861819648,59.76757625399717
845.6673466171522,286.3890103184369,53.127476667786304,59.55987981192374
848.4527543029753,287.80025441653106,54.531957961182485,58.665464855721915
852.2668302553415,296.2189720469682,59.095293601280474,56.66624808921536
857.5788884281152,293.1804770717022,59.03410504167947,61.85848983125824
863.938194865058,306.6393697607873,62.96889882482276,56.62698051006603
870.7975709038888,307.04069751442864,63.578048207191294,54.75893258492508
870.0720057784551,307.4047938133087,63.94669040843776,53.94942186998822
889.4806706244121,295.1213553545486,59.59960095807068,53.3447530024245
899.5343523732395,289.34180850510234,63.56886747228813,50.93544562080056
891.9685149202099,284.3697200890273,69.11523094030576,50.07323158448389
882.9444912604258,275.35135830313095,68.44152238625438,54.017905835036494
879.2770464993141,274.6460928175662,64.82601554143523,52.76047996127467
868.4528864020477,271.3266312400185,64.44929872856774,52.517838846123524
869.0639258685251,271.53716663913764,63.24342328446987,52.405437843947
869.8818106053421,272.064372303435,62.7254181447895,52.49471641397476
870.0323331492333,272.2836406022217,62.585587184077625,52.24522989905743
867.0551357978683,258.10683166081543,70.37983734138547,48.707674473719436
865.9619530091597,263.5030610682398,72.96194451741641,49.95346527566251
874.369417492296,260.9038325092843,71.07336108161137,51.8508574225389
875.1027883372816,261.8461751807667,70.59455112610006,51.84581684514563
869.7952474008969,278.5497180163268,73.25239980062508,45.35347548849971
863.3564324298704,292.2103807723753,74.59335368676636,40.61961149585642
870.0251513793297,295.50775191508444,76.30076387508444,37.814328131839986
879.437963441139,287.75370414941045,75.8754056589729,36.41424408629783
879.8683919771295,287.72762439905017,75.74171560122564,36.633354960260185
881.0286075316749,280.7025951421499,75.89080629248906,38.441281402162176
877.1169454017123,275.71133063239824,76.88171041451794,40.08213260383215
878.8393031244884,272.1150008035657,75.44751005087434,40.63387653866725
876.3510309894596,270.0601959121867,78.89397927525717,39.86583476378755
869.7096048431829,262.22693150673484,79.24146333646884,40.36401615884446
874.2807094965098,254.05839001550052,74.80578696681727,43.15435265530816
877.3197009473291,262.6027218013015,72.69483887747165,41.95667616610422
876.7079385580686,267.13724728234513,69.0188705710905,41.89665226689975
883.1676535712562,275.95157030066076,65.83558145181291,43.16569661535344
885.1814707403714,287.71219054536596,66.11721358259356,40.50421714825514
888.3630433122838,288.6115244312436,67.7966078299778,38.301698694741404
906.6864891509075,275.63352907566474,72.51346463467793,36.837769066902304
912.5380096765082,262.4768153703989,74.67087437074292,38.69400192380768
899.3117150868545,255.39939631698488,76.0892949532768,39.81814668905959
910.1646234197144,245.6913331073315,76.55372508222388,39.05571243222923
932.3689741781633,240.79366183922156,80.19921034202048,38.358348909498176
950.2606762491666,240.66772259045217,80.15548229786914,38.455224320867046
965.8263936129487,240.4369031132492,78.32065286048564,37.00410367488295
990.2602161491955,238.35228231001898,78.38074379620195,34.70277429275216
1009.6614769997677,235.68462201458146,79.46289472693708,35.76805972856105
1025.0220150985983,233.66511914430728,81.0610651795624,37.60834919697152
1042.21203669488,232.5296140692391,87.57409629246317,37.50526408584521
1049.950209560303,227.7687081695321,88.98613797705161,38.51035662392507
1052.682843845652,222.21600754462844,84.66099416898507,40.97394941714727
1050.9533493314127,220.09352847750185,82.06788514081111,44.75082737100598
1050.0991726722664,226.0370731543437,75.73439767824367,46.99677034880309
1045.3781565360432,231.70183745695613,71.20238264987596,45.98026896186694
1040.494356054233,233.87285615840895,68.89820894658564,42.764271549572
1029.968929791029,229.7611364814259,70.18596881698805,40.17889606299536
1020.4568855632674,232.10251578836733,74.29520557889278,37.7140424674246
1008.1806438177603,240.1926944589735,80.17246429605615,35.30414080047628
994.4912429194588,242.3871101062357,81.71549788321656,37.12933783612252
980.2915430758784,235.7141366833007,79.26377433828347,43.394329760699776
967.4187650581054,230.0540065591896,72.4159977412941,50.289334300654474
946.6560649955715,230.9220054294038,67.16014818830648,53.12521395106063
925.0636444850404,236.52901886736717,63.67617833378559,50.56207421113535
912.171067662433,235.53809724412622,58.3769505305482,49.29644509630897
898.9177877318258,234.62930644707944,62.054925258850666,45.83736411424732
882.2114740932157,231.35524652592505,69.6188383236309,41.521121545272166
867.213484940357,218.2320328846961,70.95392870076608,41.17923563700488
865.4246337150248,204.53235912472812,69.84770265510278,41.88503847804266
863.8306216518324,201.0613484271634,62.67679612858578,44.58761984703976
855.7232745706076,195.9395166698794,55.71134742723585,48.04725276371664
850.4571739472681,200.33921190703052,51.53406689538686,50.18292480971519
849.8846121277355,208.95745782741253,53.52986945550324,47.58382914282316
831.7287421783246,209.75454355371735,59.81730544535708,45.71118485548692
814.6831558565948,226.61739495418118,61.12757650234914,41.334509274132444
813.6076585404401,234.5229913535633,61.00109346947218,38.04828035985916
799.0244426732,235.39993156152218,59.1866551248642,37.52045012429543
799.6441590379802,235.63048714692118,57.47337048590954,36.46920554457501
774.9098215601167,227.65761428894245,51.32733491881058,43.52454468654382
755.7035684232533,232.93695663849576,49.7569919242634,44.02589764605791
730.7638830121008,230.85659338243292,52.35973414955013,44.4659810303304
722.512571617921,228.53545230920975,56.18584713948301,44.278089961427554
715.7657684323926,229.08638281651392,56.25405308219824,41.341667276477075
688.4329566673174,231.38863218742875,55.76993663963305,41.941460052824624
675.8811687906338,234.34932164225083,50.16234891397413,42.3159903722519
669.6565722447016,233.6889197454958,46.26049662507916,41.72912356806779
661.3824715506125,232.13614554380462,42.656467741711346,40.695549523677805
649.5214656913539,233.89546193564786,41.004779534437105,42.37864712813013
644.0880342836956,230.2181318786363,38.3371352544214,45.17207841013189
645.0423702304674,229.681235625961,36.73561476533082,46.184830859870495
644.6710764554656,231.15913813601048,35.814716231250976,49.61029085666098
643.321649312175,234.67675133201092,35.560380303357235,50.379030734071485
639.178785716766,244.34539298519763,35.73336131500768,46.60065782210644
631.2264277059893,242.8690835810332,35.32869420355696,44.005652201850616
623.6467598163439,239.05085135143224,35.599162009361706,42.57092042308351
626.1672402494953,230.75164651953057,36.259450623004746,41.76544884851114
636.0522963550567,224.98519224948035,36.30863594447837,41.974786755369905
650.4605809253965,213.30458913958773,37.396498579550695,43.16758992135877
668.5096224072646,197.71432875072185,40.49553565577495,42.63396877670826
689.6332711872914,179.72307213127016,43.88091397110171,42.39757454945743
710.9705426423767,155.44528739814416,45.876857614073316,45.78565751461319
726.9307460425191,135.4792699886964,48.086491438078305,48.115124664996685
740.5858546276166,116.56832120024072,46.89209947238733,48.11286580511218
753.8080730474974,107.89246232643747,47.87235963528751,45.335305533786624
768.4552868639549,103.00230146153129,48.08256322425762,45.18476444268375
785.0274604995134,100.99244393826534,49.29822193340385,45.18388256147537
800.1180773385439,94.7691534408027,46.58409301642611,46.76105630691362
815.8832252190464,88.20031678751292,47.11690537381294,47.14610717722117
833.7058343208527,78.64901848532139,45.77554478908152,50.95916578802597
838.4743589322304,74.2577383551351,46.83618701857527,53.68368368021753
854.5194876402003,61.32297662605532,50.84087666381286,52.572389235514144
880.8416517306849,54.100248797810366,48.62361467450114,52.448211825277724
895.1887093148403,46.88156585279459,44.54011437630675,54.155426050403676
916.6274271946844,33.421860416259946,45.50948229698655,55.222354490367884
