373.0,195.0,40.0,38.0
375.3181363390971,196.39055697722682,38.34264810103199,37.472376901155926
375.60907848921454,196.2953429550239,37.62765019847355,37.31066402286629
375.1079820266881,197.569049172824,37.46578637121502,37.19684301970317
374.93430171214936,195.94314017001494,37.41187537199516,37.281555594937224
374.4155314298836,195.88413932749646,37.416074901379744,37.36336970294873
373.8591988198272,194.9825556109717,37.33119903469496,37.60474255543103
373.72491876351927,193.92654244136588,37.629407292206714,37.954593858645175
373.03129816582145,192.84818755434702,37.542270346218665,37.798123004785175
373.2289415352739,190.48423363702514,37.63129850448281,37.80792253070739
372.75371492688754,189.9690259784983,37.45639404480528,37.574329153590554
372.87361560565347,187.75255666859144,37.48989728793319,37.42427756692866
372.9768289569313,186.8992893359284,37.67817406084178,37.687218223386935
372.7900055470593,186.299992300879,37.694035310874234,37.91913816360457
372.56968426239007,185.3160660830827,37.590731439366664,37.76853646839633
371.73717307533747,185.11352631586163,37.92164104333833,37.75191747605518
371.51854269730956,185.31148213944735,37.80260902092537,37.77135416201566
371.9125949967668,184.25663140090873,37.889719689644046,37.58556862489543
373.14449204003176,183.61137283159354,37.88862177513422,37.41734620245438
373.1290926790265,184.39082995570448,37.539283418439766,37.52546775498057
372.56099679759046,184.2796832922345,37.325331468439735,37.451355735809344
372.64563534411366,183.09677075357916,37.51111129211863,37.42676064628442
373.171065814665,183.7578616859904,37.69224179269974,37.31074331072557
373.7265444836921,183.07023033183324,37.70531108653543,37.42621099900482
373.9439506644291,181.39725104945379,37.61365340430176,37.364143441918586
374.3477623066943,180.62194475515497,37.65330765657,37.43606849795532
374.655615070961,179.8037159784601,37.63442290571242,37.518538152000595
374.8345185794394,177.8885520253391,37.37477752727938,37.684524936847794
374.0341491942431,176.42835780596874,37.23156403837927,37.987739911166926
374.2008538849949,176.62588911124973,37.467764051984354,38.07569325272217
375.42019657976095,176.5906616018304,37.95825598523915,38.006266332139965
376.47843027963825,175.30077037962667,37.66443182430322,37.75066205524341
376.8086060145413,175.0772134857253,37.716536269149,37.65426732306043
376.6981973838269,174.11790324742435,38.17105486165473,37.7625644681594
377.84719413247103,173.80312792606915,38.325675547161424,37.68354307221323
378.05260525163754,171.50591528160592,38.157074213019,38.04653221019544
379.0183697783023,170.13940697619734,38.033074609389686,38.40969317809035
379.07343044194505,169.83085442034084,38.13515915882022,38.517613250596625
377.50907485823365,167.73343346158197,38.36032039288874,38.347226446678924
377.00145174453996,168.4088367873333,38.4590930949371,38.41497871619509
377.289027667232,168.66197791204462,38.65103354044824,38.26538240953493
378.2707609284747,169.25568718849945,38.63204708466241,38.31101243153484
377.5454856969563,168.64663003656398,38.645462497157865,38.431417329536984
376.68864908651227,168.80264571696708,38.584821796955794,38.30156319698199
376.07183479384526,168.89815951562045,38.201413089950464,38.214824901838085
374.64352434879385,167.97674000065805,38.21407056118246,38.14109553167117
373.7084000467429,167.38985894415325,38.28855850519772,38.27035578708787
374.04845806078055,166.73675149280555,38.002382190635245,38.07321356192148
372.9020583047112,165.04753465292492,38.1555434646446,38.16306322889599
372.1060019993363,164.7852787760084,38.28809598201438,38.08038516488878
372.34781564215416,163.2730143451077,38.28019238671233,38.18791234317473
373.1173119105952,161.6907426301228,38.274184382839046,38.36238910617176
375.05557785601053,160.7975592231652,38.301524306997166,38.23095247487302
377.43556390349846,158.2298245265278,38.23882862046652,38.07122750257796
378.8303490600048,156.3701995190561,38.489524168265504,38.246641461080785
381.9966416507842,154.7605658135286,38.10824774050386,38.30143196912204
385.1612340325287,152.614333381963,38.14533697375468,38.565895991474555
387.20204292802896,151.14487682529057,38.184102994191065,38.54485723747208
390.3586341194514,149.32639808975054,38.29751995390581,38.41688500557343
393.77942190605216,148.27953654299245,38.5249826224438,38.578581219413664
397.35599801218234,146.64364418119837,38.43805966093937,38.598308520903444
400.503059670274,144.98114149699626,38.322576002118886,39.08997067975106
403.55648003221364,142.97837401430854,38.14698127085015,38.77414974730894
407.31488518969593,142.22849780149053,38.51386168510251,38.46188367125772
408.7023831553097,141.55974806393692,38.44975162217369,38.30085586661576
411.80230350248047,139.69261801222737,38.226492983226414,38.75919721790994
412.43183028857,138.38087853654042,38.313647189077166,38.98422153940086
413.21559360815746,138.5457232486451,38.043572680402775,38.721950604058534
413.91052717631675,138.53070100657422,38.07514203782621,38.69325989144148
414.4897039653923,138.3521453439549,38.05879384681136,38.79258040748136
413.81524029753723,138.1174490082888,38.11934498605234,38.925662722271014
413.3554320882401,136.71723640455895,38.13205510169646,39.2325520662873
414.7130118711916,137.3583024617194,38.51943351356198,39.2061741666767
415.09582137625773,136.28986174077738,38.3351687938224,39.19172757594901
415.1494847142863,134.3601388323268,38.05641005835044,39.321563790597715
416.5165297461375,130.78345656944302,38.48460722612998,39.646600090053475
417.0802304468524,127.86517380342974,38.42984227685208,39.62076860194123
417.97590269112806,125.51600731148184,38.89101756578056,39.92067075161038
418.52406208152894,123.15171370067146,39.1745591177501,39.91704112444805
420.29161587263616,121.55683055102705,39.37641101426097,40.32938132985599
423.24576034737674,123.43281274592692,39.64966161678192,40.02723692096809
424.46967706462857,123.52965957171037,39.34122245089965,40.193091565155164
424.6034219963492,122.77951339997738,39.30716277349588,40.29507347686833
425.71316537749505,120.19427829838806,39.20813940672111,40.60354334239164
427.0219063887541,113.51556307821421,39.26830351714548,40.88958367099311
427.2818019523056,106.76942549846376,38.96588901773724,41.05886738453076
426.16819654386137,102.71684098272978,39.43863476819648,41.14325454521591
423.8198789341261,98.57553295036055,40.259311689010765,41.01663879143912
419.1474089476489,95.34216850504185,40.532529167830454,41.74812974804338
417.6505564252516,92.22624560958485,40.57315496305107,42.20169075512736
416.19374250581075,90.27955908830697,40.60874459296191,42.22792235154007
413.2450944480134,89.01921514450251,40.54529197374562,41.9804723302773
407.4760851963757,87.43265696781256,41.05109854169257,42.13653861806523
399.8354032582454,86.07930458396623,42.1908999473182,42.1651149134802
390.38094352769815,85.23074768609352,43.33060507247712,42.425294011828576
385.1947412096594,83.88750264537549,42.16761678417942,42.8115780347498
384.50609197126187,84.92297634659319,41.766543429644024,42.76613684722985
384.24256704852826,86.81715500894691,41.5131298708321,43.36318366899819
383.19764102859926,89.98783080455804,41.97837977417696,43.4883733834616
378.6952872029806,90.3917351852215,42.44804144061,43.373101887045806
376.7483739972238,89.42565382326495,42.535964152934014,43.44200914698548
375.19230447245485,84.80041180361216,42.53615264723395,44.47293415679732
373.0435152020367,80.8010017290974,43.164489389783,44.15438043132392
370.390552515829,79.69451401571087,43.64627134990044,44.350711461582634
371.86154347065275,81.7810451216956,43.987104761089206,45.47920996835956
375.9283464187415,87.96522953153615,43.931460246982404,46.215271954717316
380.10657693275624,93.36899654352793,44.25484323408011,45.45388669313699
382.46599051845703,93.93180268622339,44.11864368617078,45.57250391816659
384.86743894442327,93.80113947549091,44.45933633330861,45.662154834961356
386.96800598463216,93.29700578057715,44.64223822332119,46.02332812911007
386.70399099874294,92.84433379091278,44.98163062577518,46.12064417838479
387.82281356861864,92.4932025110411,45.23597100458627,46.31996203732172
390.2747131980685,90.81807068861977,45.59057519980372,47.08925030034858
394.29966418977705,87.89235512011354,46.21797957930305,47.358489391424534
401.42124678834784,86.63292216541603,47.272101611315634,47.35652016506305
408.40697669672426,85.99145516586779,47.549466567541614,47.783148237332426
414.6772621281909,87.85470018913145,47.54039070142012,47.991664436380255
419.7327034399056,90.75478904708956,47.541121259807696,48.57465918775689
426.7113774881879,94.2476105970324,48.61857752566575,49.249739112920615
435.2145349933751,99.46391732169951,49.511630568204126,49.56108777637219
434.80878134069906,99.84747664822935,50.13620416823714,49.62873999448482
454.2301088746435,106.6019757094468,50.630788329046744,49.260298284970524
461.88273654678545,107.56237863472207,51.25473524165478,48.76448930166746
470.89267275420394,109.05469580685617,50.485432668058664,49.054218575107406
476.84997979461946,109.41888758504854,48.59517590467315,49.864179643193886
480.00840280597595,111.03327008415144,48.491172900116545,50.03975551654621
485.5540810264539,113.06851623155754,49.7174225299495,49.81836242814471
493.16551811810626,115.0634206346957,50.404566472416136,49.47580313002865
499.638501989704,112.46721482983327,49.06117355408002,50.04832452329037
503.9521224939416,111.09691560053875,48.73689917380943,50.475823807122886
507.8689678031166,108.79349695131077,49.00211646181732,51.3592107448123
511.33135522565374,104.2276153841091,48.83516918761114,52.273299530596816
512.8091532390321,96.99688619765233,48.78286107011559,52.36633825279828
512.0817373368019,91.35185747060024,49.19667138484334,52.95279280242018
510.64451281904206,87.32204973245797,49.72019204465953,53.70571216218703
510.0369228456643,83.14037365802403,49.90936004995498,54.34834460191081
508.74106282177524,80.57581686595343,50.68033234688781,55.04689074605565
507.1283937145024,76.77064517380255,51.5551064507088,55.32362434826154
505.71648302369846,75.34654238982581,52.10905506575849,55.7137993385642
498.06613186959476,73.08176077417913,54.9769183744495,56.43962502707382
487.2225267462111,75.09453014748667,56.46203149498163,57.52282162231084
476.1600992631253,77.21853567187017,57.95017359685393,57.34394469584637
461.66554911795595,69.0611121178681,59.739614412810624,58.75471227790292
452.03961879153786,65.8066524821455,59.11566777953067,59.01778012497947
446.8515849675533,61.375616466201166,58.10721352686889,59.97405880690143
443.2744717658686,54.03594734073741,58.34389556198541,61.093675474819975
441.1922386145561,49.97349561765454,57.7439697730522,61.88109941697128
441.6806784353376,51.09533021308182,56.20727788713614,64.0433568666478
441.51879476312996,49.59095052006396,56.904835112242345,64.08099544733516
438.53894836702796,43.465860068830104,58.113252617801834,65.29428200353736
432.9807606858652,41.87319990114983,59.121213970594695,66.25173435240455
428.4547980169015,46.783926546802235,60.03858687359592,66.36048486821434
424.66168625505816,52.18637686900517,61.421839168768585,66.06631505659999
418.9132906826365,56.70639148559472,62.504420891731456,67.46556956275734
415.2583908468596,64.25626528745272,62.48861889129967,67.26723185913927
413.37915755231484,68.78466883380621,63.20195337967751,67.37073534824873
413.15294677654225,73.96431309744858,63.66858256307508,67.66192961175982
412.7661538572308,82.01909450410844,64.61608516539499,69.38333948724294
413.1192761674135,90.89791048137546,64.70103442375589,70.78479786223568
418.02337937447476,102.45998381340476,67.49829573077282,73.47312124245849
426.8390330557189,116.14824384344723,69.8189444209504,73.89800036322617
438.3333886791702,125.9890151509612,70.39852751733096,72.2314152411923
447.9269679326095,130.47347485567371,71.58368502780719,71.69080799861749
456.94746222695665,133.2832874262724,71.8401769477001,72.13629705467444
462.8985803859092,138.44267809250786,70.67684277813939,72.89513269310324
464.0188461938807,143.99345237932837,70.09941281899087,75.32986442124849
463.36935979853047,152.14991698591726,70.78353927104979,75.14121230515228
467.3935087816325,154.42207589120304,72.41751474978729,75.60761899898905
475.5862515418885,156.37613489589955,74.53379881397133,75.78641739433691
482.13101303810254,156.82181199853875,74.8887236836097,76.70965213046671
483.3007120707061,158.4573677949736,75.87125500071654,78.06142995076993
482.43905083946055,161.51350977451926,77.18587352285513,79.26272767900613
480.0186717088789,161.18739042768343,78.79905734576515,80.5262541271665
476.11761356513387,162.85632848559908,81.03440530463587,81.96850674352359
470.53766590609683,163.5248872447153,82.70652066284235,84.6194260025091
469.062157180204,166.2104152334585,84.68874348354268,87.36353596705965
470.41593584316377,170.60319846828685,85.84656104018269,88.44782446596112
469.16932855016614,171.94820193085198,86.85916241823209,90.03945164569598
466.0452549834672,179.91150715193058,87.78245329150681,93.50420658750424
463.8140851387001,194.35484153668358,89.33778965199957,95.22962826731955
456.1029376213427,194.10838386121964,90.8883864831401,95.63479012473246
451.33475622524634,188.01287736587156,92.86812265152744,96.70290140055675
447.4453939091194,183.52536037835068,94.21426182377844,96.85250618717171
444.1227315423841,183.22721775307747,96.01937609991782,96.63469221003356
440.0250375071521,182.37686248862488,96.91092002832754,97.60708939906523
435.79019133178855,186.11774423175302,97.46922325807827,97.37069399703218
432.48881371618006,186.43715566263072,97.99084817318052,97.58345733065873
433.6410511402282,194.9570604926628,96.32652786919519,101.6196018975999
432.0541348804178,209.77612087871307,97.64816825841928,100.8997664201967
434.96137467452826,214.64666037845382,98.44801636249147,99.29901217001759
443.0006718292992,218.013435903306,99.31550973046325,99.07510525944747
449.1645016410001,222.11349835017649,99.48890487085623,98.27303106997547
454.1926504419987,225.71503061359556,99.84637854740825,98.19387789155908
460.9388327424373,230.90483198699923,99.43579077076097,99.65833969157481
465.6865357809561,236.45330990210826,99.62184954755752,100.7586983278167
470.15050255584407,246.38269511274345,99.77094587711365,103.58838875264081
466.13604180411056,259.04711315548195,102.25549939677093,103.83580263453645
454.80436605300457,256.2542390220632,102.87280142170333,104.55100398236672
450.5538048340064,246.8133000645454,102.93722782428905,103.31074704348727
446.0668949718171,255.2306913855079,103.01407919683663,108.85489663737236
442.3792399222633,269.9069492897226,102.90364343690426,104.95504687192457
443.47425536163155,272.04111124303677,101.89690336364434,102.30239542033752
441.1471533998717,268.1798232371881,103.0739332968623,101.94162178894904
429.82851954556736,269.6360549381847,107.51522885163874,103.0559777664248
411.67402922674967,277.59474317294865,111.53335266150901,107.77979645565429
395.63999499531116,288.0817141398265,113.18878011850306,108.62212147942996
384.7974469648746,296.16280471441155,113.25842297694467,108.89346153865854
377.262428660315,302.93985760396896,112.89454973698736,109.05134285229175
374.8663314734753,308.4983983997016,112.76206181326907,110.13147935201602
375.24876482170305,312.0823152094657,113.37201313885446,109.58095166121119
374.41154620400243,308.74866855107626,114.575037004877,110.32595548108489
368.76161429462104,306.1286206272531,116.19278780279005,111.7342443796051
363.219093817413,312.59417839339864,118.329873850382,118.05486159769193
361.83699884079243,325.99474534368557,119.44646423263437,120.75501310775519
365.70500273607865,334.46295730282964,121.47389594646629,118.18481854149317
373.5486019085188,332.5187520339207,122.58660190189505,117.11411552658035
374.6005718820022,338.1708852827519,122.56350615698076,121.21600612472966
369.1126062753549,346.77855448822703,123.80540665514067,122.6578091835997
367.839019389384,355.03545436438344,124.38802248036745,122.94929769264462
372.87200888996733,359.40911616200265,123.9983042849837,122.78859624630948
374.42824984514107,368.02069225516726,123.70898728627454,123.82428181530203
369.0918035107604,375.93106892399993,125.26401772621375,124.87899908848028
362.22314756779997,383.1418482485568,126.6015727533458,124.71854538458575
359.0060598877999,385.99803214751284,126.30370613743082,124.07828117275264
359.4687103428905,388.2618280787365,126.3810615212613,125.44364946988308
357.6237082942248,391.4062979663829,127.02396303513311,127.0338964743346
359.1428072582489,396.70750845414017,129.26634469665757,129.52021836973964
368.6497575262434,404.5872936279881,132.33448178690568,130.67417441665896
382.9282668415372,409.8664139929683,135.3454462631344,132.06664726692944
397.8332142083192,414.5012259024267,134.16542652019365,134.55345920343905
411.3588267482715,423.65271963509224,133.79367612493908,136.0417496383365
424.39541338873005,433.4112863898176,134.12548259845343,137.4792530123275
437.26857938185213,443.6383744353489,134.0615131089279,142.2912492449565
444.59649402493443,459.51618674979403,133.3880085602533,144.9260442175984
445.08548998096745,472.91853774381946,133.2394440183183,144.52263846191062
440.4615133359672,478.0397745503523,135.5905445584041,145.23581240372425
437.323818438507,481.26232664690474,137.08922428297433,145.7025950652515
443.0827883900695,469.83636240561805,141.30664716521346,148.24865276185432
457.12774553579635,462.60592456293284,140.91762257059136,148.47201545386088
459.27358244304554,463.3569389073523,140.69623207288882,147.6480573155613
451.6030819443021,468.7954728601225,143.5717560389497,149.51831366308
444.97007034620583,473.05228225540077,145.08734506442966,149.4777520601008
443.1109005342941,471.6354663030426,144.29538947903427,151.07452458134674
442.57384090229783,477.8614010861162,144.56996153328654,155.551611822064
441.73243172095914,490.29781038348153,145.76467696367612,156.1399083627828
448.1518266768948,500.1364644257334,146.0336493897736,154.10916293125638
452.52066741325507,507.6870361334213,144.56397377419972,154.889627038787
452.65822600566753,515.0689267066388,143.98485898410192,151.9366508637779
450.01678717338774,511.18047628775275,144.00981011903323,150.4044425080169
441.47130546984545,510.31908460285723,146.89572027765323,150.7760909563677
430.2097167424439,514.0112938490389,147.5013467349309,150.3924865598875
422.6726787747099,511.5687307528423,148.57389317579532,151.34590964113465
411.5495752832843,509.7765173723727,149.64130851384945,152.64962245412286
394.7069015086648,520.8226306930117,152.8307986934829,160.0514020939547
388.991626262035,541.2271479577541,152.87323554339162,167.295981122911
390.95390406021096,559.2458932680809,152.20055622789513,165.36600745494007
384.3497983394358,582.958504607997,160.56414668468864,145.73563872852947
375.0228791035334,613.9480996691894,172.52448588464165,117.8377278905802
377.0490224798108,604.6285763911881,167.9593293334372,112.99377252727753
372.7689492877566,617.4777287661761,177.6668972672628,99.70725119693665
379.4724240585676,601.6798595152494,167.84450654066404,116.76145030266247
371.35925103858835,590.8408613904171,165.36525988806272,128.52046372390808
359.2143537938095,582.796875325654,165.49991414516876,137.76634212556377
332.39710635944897,571.0144157185255,166.16302888786436,145.57648577469678
401.5750292553844,576.367897018114,177.85670313297555,143.1824346643287
410.41671785687527,570.2992368656709,173.42571546412196,145.64394773009144
411.88703609672905,571.783381346958,171.6113249277893,146.19482546650164
415.61523405004584,571.2750474449463,169.98810744449884,146.71038416266705
413.483534194279,574.3435569823359,169.1481190782913,143.52469204085298
415.29418347967317,574.4070562166269,166.61911137831913,143.07667166790094
419.0735480822275,585.7129410242346,167.16372455923377,137.60533045978337
421.27586673367136,608.4739338511012,170.2654586282074,118.699292121655
422.81939306802843,632.8271083146665,178.26171635304937,95.74498719101405
427.9417527579826,642.2831685520334,168.82944267741024,81.82227269809692
432.5402072561071,656.6515245511789,162.847834058429,67.17788682993616
436.7009611559593,670.7882808831462,162.27721373571748,55.44689145125699
443.94077509247336,668.2501435927124,156.82085798650627,53.7046154258042
447.31224665392466,660.4329697746905,153.92161321985387,57.871457035616665
453.1633921189961,653.6286661041325,154.04854277804873,63.80084759718989
463.3529704802896,642.337408813398,153.6522207360174,73.39604706468015
471.68203586869765,631.6578026232995,151.56494610028682,84.24774023953259
475.1657093593378,624.3285441296034,148.83761111188988,92.70414200597952
475.1488910483733,619.0329306627506,148.63788012910354,99.2909509053125
474.8806728992491,613.7128499012501,149.38031625682416,104.47851553912817
472.94231662682466,606.8246328593594,147.73385792092864,111.93863443584368
474.2194323755581,599.3362843680933,146.12573847956838,119.95077981207967
483.03320549820836,584.8573311128723,143.3645557089957,133.54415728819788
488.0158100025227,571.867443191108,139.5158876917339,147.85102176090828
488.7858260080417,558.4984838372282,139.15528783754218,156.5400855550135
486.63539259185285,540.974403335963,140.24829489862293,157.41891602786993
479.5542912012388,524.2436485447587,141.67180640314155,155.1251765188281
472.8360529544842,518.0483409097429,141.48885432725257,152.2281567925363
467.7344249928442,513.7362434137343,141.4148185939651,150.04541363296644
465.89412821975395,512.8055286528476,140.97957470573462,149.3604742164398
466.56025679052334,514.4217018168007,140.6211576258947,148.62914198431727
467.84105872707926,514.9388340195671,140.41590427498085,148.1934463930565
472.62144534876325,516.4002951080088,140.35074084338618,149.1202830642011
475.4983074469961,520.2084525149955,139.68272591270724,149.30246411176884
477.5258298209984,520.5912310971117,139.02346476114735,148.3419149151762
477.40814024664667,521.4863019048953,139.31895934674247,151.6534167093874
476.1246142413326,527.5145858792208,139.298248461604,152.70942650919798
474.98682565135937,532.2637552948925,139.1568426253047,153.32607965717676
471.33968604757223,532.643680475984,139.34193834215452,153.34080441675522
474.1303333764235,529.4656356958008,138.07957533489397,153.57925229507967
482.457698470252,531.5975200056175,139.40986789497873,153.74628501924272
493.9181673757955,533.0438607819148,139.10091220729413,153.33132779759939
506.3727120610976,533.8401668068966,138.45852490295954,153.17345564245863
515.7079087868501,537.490364036985,137.43246852594635,154.80248712622057
524.340920721455,539.2899986318919,136.58823372792864,152.948476632169
526.9582640109859,537.0250210226278,136.66151280413735,151.91699452125093
531.0210281736173,532.3090367969836,135.9812645613988,150.29515223593717
535.6300693544304,529.4897967774534,135.72001152065388,149.41446844830756
536.8083945965171,513.0821861771708,134.3968334771221,153.24609320073057
533.1873941166397,498.80888834757894,135.11662752039223,151.91056495294256
528.6320212414792,491.53623982108695,134.4075772140094,150.31080294520672
521.5894990176465,481.2632653155988,132.64367782518235,150.38968135903428
516.7337075762798,471.752268928355,131.16903238471502,151.02992747863928
520.3230331911493,464.4786169226792,134.10818646816176,148.08530138641777
533.6417260761291,455.23325526876204,134.49022075570863,148.18801763580427
544.2282809289101,451.8863963321209,131.87593051405068,145.06806094396381
546.2670116181042,455.2018903886681,130.90887048542342,142.78297505820535
543.7286673354829,459.9140475149024,131.17723448191205,143.23652852385715
540.0192155103689,415.40514435359984,131.01534300852782,150.6474763064308
540.7106150927361,338.06398766174124,125.87916172339176,157.20170771593033
544.9696623545818,268.85539657337756,124.70547844317369,161.21602999709458
550.8099056932465,205.10846107893542,123.31538722533598,159.07722038233146
562.9357357881948,148.56331320255765,117.75135407082021,155.1286566353625
568.2361069867833,108.29969927636714,114.23797564394688,148.26525658278427
566.4725355662032,75.93003737103695,111.92982453098124,139.59724888942037
565.9343324827282,51.143472900504165,108.2517471940443,131.4521359965822
575.368163349043,33.43727592859855,104.23848677487325,124.04865240162388
585.3632044580196,24.003477248696143,99.9630236732812,116.77916181004412
596.26816687909,13.913631989639903,96.75815838075349,113.4090977758551
607.9137176637868,3.2300339611774547,92.87815088458754,111.67826649930853
613.899464788216,1.0,90.46693832438675,106.71449510537562
616.7914967203715,1.0,92.29438636146679,95.50080623553299
613.2124013168012,1.0,95.54307720581288,84.28821550245007
569.8837837471102,1.0,109.38885910605,73.94130494002955
545.5718810411636,1.0,128.95514349054815,60.50919112363147
519.4113719754486,2.112594869492675,129.44055344326233,60.31286864662279
525.4613683305845,4.802310583332726,108.15686446776078,70.66783481258399
543.2828210080486,6.4505529025391795,95.0718055256382,84.3191520838377
553.4055406641739,18.923270266378076,88.02344883204469,96.22916184706956
556.9895325833121,43.55342226550139,85.4119879187721,99.80374894536043
552.5292765036373,61.179658760333126,85.22867855965248,104.56283604630403
546.4601448091037,90.32606347411615,84.77800033801878,110.60883487239317
535.0945638986342,130.28990677730292,87.12576683056119,114.1955348311742
517.6179615571907,183.45412263014646,90.26991156518105,114.3986415842389
507.66479575397153,232.2980146524787,90.9729697334802,114.01306950781651
504.3093628815471,274.8003712594561,87.58965387971702,109.80583084285595
501.31275669846553,306.39422680168116,85.97485164756073,112.05600635601607
498.9756302344874,346.48716783719624,84.61044891377246,110.1822199482188
492.24817575049417,379.6512480029088,85.01323906338983,104.93177615845613
477.5000668365344,400.5243644834797,85.2869385805691,98.96826071365659
458.84367787055123,417.9935216775259,86.2301459863995,96.21272499184622
449.4487698800085,438.73749952738945,83.75407654381593,97.57278408836287
447.0127441478711,460.22065979382296,82.25062424030872,94.42564180080359
444.5656225176964,479.3014990484904,81.50847543775254,93.40036152765083
437.64938374690416,495.49583108241916,81.768064591793,90.56977081588735
431.3776095783811,509.553355971105,81.58784033401712,88.82181124531647
437.2374942959636,521.3777733890166,81.00928372730816,86.64606625431502
444.5764543044676,529.41246503114,80.60153979748628,86.16181361569328
449.0195019308341,535.7128665236448,78.81707125779141,86.12606299365262
445.95359140567206,540.2510902099211,79.2836721278409,84.92033758490504
441.210600811569,545.0858010803844,78.8248124637288,84.09510996082784
439.45578990218416,544.8358191324816,79.11021026224111,84.73180827555407
438.98070847133937,545.9932396223982,79.89114397885419,85.11089531230846
440.2178299898857,546.8116008082033,79.53993031744209,84.77146002241228
445.97175118518777,548.0474300163156,79.6832218588412,84.69391176249843
447.5033308906602,552.0360981986605,79.23392361418105,84.82694654097945
443.80865355515806,557.4215900762008,79.6767602086042,85.70522113080531
439.54130813940986,562.2497214979909,79.29405409401943,86.01426274677483
438.2129420228265,567.4412621062652,79.02666476665539,87.14426031196987
439.6879337667428,573.6206715937792,79.05432281394702,87.98600403707533
439.1802458874488,573.3429246150113,79.9957160448717,87.48536926219438
436.99074681589707,585.8929446669772,80.41072367683378,88.72614074495522
435.46516456842465,595.0986580131361,80.34399658463863,89.3965635443756
433.66732380140684,604.4508293147187,80.37209509738358,90.46321574117147
434.0475015609243,615.5896550837534,79.63969851706555,94.19925629660048
433.52104739523634,626.4241661647627,79.33866028244807,95.4458025884718
430.52528392413444,637.0371879935711,81.02307420530119,88.27271585783892
425.4529821760775,647.0233314859183,84.49007429322397,77.74722984549476
418.1397784433669,659.6826513663292,86.47922085440446,66.87614557197661
410.61822294737885,666.1633237386234,89.85073703332748,57.73594736260486
405.4408444298211,666.4331947452722,89.80881467456105,54.765774104568244
406.15554675237007,661.3453038150678,86.48364489648206,57.93053894320184
407.01529563686285,651.6696746160991,83.77287594989149,66.46414907140321
410.29020866505147,642.7256335186175,83.37194119221256,74.58816756148633
416.4914755006112,631.8128581554865,82.69219536707014,84.58170349634909
418.3936483474012,620.2534768609515,82.60463330862771,92.42312817469124
416.746643225371,609.8797155668793,84.0739250415952,93.68415175917751
416.1648308425161,598.4279469889545,85.55172583947287,95.03883771342919
413.792769331978,589.1184292582782,87.09624750075747,96.86050489926635
409.1669064633232,579.1368430624258,87.74944434638698,97.27857893174334
404.0093980840326,571.8143542710081,88.88678633534464,97.81020846742116
399.93295068855593,564.0652818316258,89.62881350665799,98.05004264118294
395.483843503542,559.7446156527241,90.34463949915039,97.83580230479869
390.27301999416625,555.2470815128602,90.5787519119269,98.99219758542247
379.46757901923326,555.7627386941048,91.88207238820073,100.71932212721589
366.42347005540125,560.7621445598716,94.09341164393066,103.10377837585142
345.59037285124793,569.3087201804277,97.08286318183355,106.07505222815122
322.80090892898295,583.4599753996604,99.45699893564807,111.010533336674
305.752380420793,602.9011418600228,99.84483319938789,117.42938498051481
290.0273443793378,621.7386326631494,104.67731724459313,105.74117745476296
280.36830417371334,640.7459380294898,111.05058839477961,88.74271343412957
278.1045026071157,632.2925788098546,110.57660178251768,86.19391974724314
284.6132843226175,625.0249394280172,112.0601845227902,91.15656921113897
280.24334272895385,613.722393072642,114.96616146410378,96.24032949613468
301.69236795411894,615.9233239113886,118.14931260938229,99.69764459069415
295.54573811175015,605.5420014802179,119.80854560652082,106.5669281856336
288.69857826272874,606.8572798172816,120.86413506867557,113.59227260567366
199.5819188141669,600.143320759536,128.05071730004536,120.43792846793295
156.77423738408288,599.0943573050591,133.6941383974122,124.26260852410628
129.1572161874952,596.9025593313678,143.92980615765077,123.7016487852461
118.58771593786952,592.9300403006592,151.36130973166405,126.87515804623256
113.47319745298158,584.2564054626533,154.09822800641652,135.15103660616242
110.8467783537873,582.1990121930486,163.42148990384845,137.96273146937867
125.33269867258048,570.2122732307873,165.3187001222925,147.41053919438252
113.7472241061057,565.570456152874,170.80871746328,155.4083906872229
142.715206625424,553.9246956471476,177.64055311364777,164.66395435936852
129.95974382347367,545.8378435974071,184.17264786680727,171.99476442172016
100.61323525256137,537.043578810362,195.0007922471138,176.49189973467202
19.0705025227887,515.4582271174658,191.8919961214141,193.44778181871425
2.7360665150120127,460.9405620961178,173.6114370180631,231.84436771126732
5.219004583248022,319.2847314281006,167.373351359087,247.99580710924988
14.038595934261977,295.8074088219454,180.35523569543227,238.85835174582868
12.350758347720287,267.14821251289226,174.20777170061046,250.05562031426106
10.826150535583395,256.8950430927984,175.41540186317414,258.3405658639043
16.204157117256713,93.92724525131372,190.51657782876936,255.43002403347063
10.487733909274226,3.0203770147591342,210.39667248364947,226.64590467042348
5.690203486313109,1.0,219.68943433617613,197.9281633859477
5.554909408430106,1.0,213.9913434656765,172.45720322250276
1.0,1.0,204.5865696646733,153.2779366685123
1.0,1.0,201.1620790874356,135.79251906439524
1.0,1.0,198.84331331527352,121.34209246203767
1.9131844736741215,2.8894139387365243,198.37496262230962,110.45689487214271
1.0,1.9974545018551169,197.66988530230182,104.25118009823505
1.0,4.32046586643888,198.86131903605346,98.62114088990727
1.4362470124969917,4.276533125532545,198.97890734649957,93.778242283061
3.8188563951023724,3.688728679019995,202.4263567691701,91.12234591979549
6.106892493181547,2.856316067647569,206.63788745384926,87.25541340347472
16.637059067166916,3.05500895256408,210.1305741534118,84.18940151818072
31.692974480080167,2.203303438622264,210.70115028230495,83.23662525397538
48.38165558120252,3.5649234309581885,214.8404517954486,80.76639951799335
53.5157576289312,3.9868258031841393,216.2040581054589,77.29269942904743
58.84907756262443,2.0045910257957757,221.0283393869498,73.37391978796425
75.8360429501446,2.8362262417858375,223.50252591323587,69.97590878722247
85.87932228844939,1.0,225.6762599006939,63.04335321747598
72.17516617874189,1.0,223.25869609940312,56.63978120221199
63.691238880056375,1.5219163129323903,220.19246439635958,52.0954557534986
71.03859760415818,8.813813478135678,205.9268699094734,57.476173112217054
86.35169354509758,24.045685097672667,190.32321248132783,71.94703529775678
86.21977325711096,115.11007495414043,183.24419190123697,76.85002982289723
86.71908987232052,121.973455399177,176.0311001421411,84.84043599142065
95.8083790063212,136.31144171138942,170.64966222575814,91.802166484037
96.55872660330306,128.91178684300542,163.7608685765344,105.43680740466544
94.26555038048006,131.80376624868808,161.20915267965924,119.80244385331615
89.66255013455373,139.24581311466687,163.79068772728903,131.55006758483785
87.76800342593026,143.8447527207866,168.05091629491255,138.21211595924797
69.38450495136004,149.1259397814659,181.2281833478259,131.84422228106425
56.31655144576993,153.82910378557148,188.8926486813064,135.18312162811188
43.48809649647279,159.2393155585769,196.60915790288112,141.35184990613502
3.29071146236258,157.85664015141413,209.08060315484158,148.3003916862218
3.766904226125476,166.08880184208547,216.044090049101,151.7755114782754
1.0,161.46919273576538,230.02150456100063,145.64906037076838
1.0,152.7465101136357,249.5302888151387,135.42947760543262
1.0,132.2570893286395,247.41803616905983,143.56081869001034
1.0,98.61379540369788,241.4574912773586,158.78407667994355
1.0,39.693986684599466,229.69358398388567,183.79332785138237
8.63621971356811,22.63635943543582,232.0220251225639,192.89842945961118
8.298971704427146,10.432381910079698,234.69799714134598,195.78924571262104
28.571411470081273,12.260944805540447,263.65713051795024,195.93221722191572
14.464539002854252,5.279576752508376,271.8879845396448,206.61434991949392
13.404671138561383,1.0,275.53558675147997,212.78482263052172
11.404601369691505,1.0,282.82664530590705,215.67796602062356
17.876076995915582,1.0,292.72420119593403,209.88313101590361
17.57062014802699,1.0,305.64207245428713,201.57411001275807
34.99134845500376,1.0,317.15354152186546,192.8890370108138
82.00424550209917,2.6321507873823293,331.8349263253008,208.83136215425588
82.29776378934315,2.9506466983733617,340.6118809709361,236.7703973873776
61.03972641214875,11.574889981605054,356.57046073165105,269.18427998776855
38.90292730963645,17.9398403128896,356.93765392839714,307.65683422899934
31.508747883360314,16.738759737254753,350.0380258931435,339.1937187091705
54.476042194295076,8.661239069918679,361.15953398816475,362.72580644716453
61.644577895183886,3.0640652192928997,373.3289628976399,392.0582371376145
72.94640030638232,3.618105017011999,394.8979681880644,414.2041741690229
54.0794478493132,1.0,400.3939913046489,433.26030211077693
92.77235013368437,1.0,418.2117780885251,450.0501289789134
76.8489454926463,1.0,428.4611041598579,469.2240688031871
57.85017825325474,1.0,423.79856224666264,491.4967635662327
101.69414853817804,1.0,441.81978832189867,512.0080478837087
80.00531164170224,4.58997164757875,452.11976719812105,544.7349756069771
73.87753527668914,1.0,455.03958764848977,558.6967579258311
71.04270051566135,18.06292405949347,459.85761656207353,583.6628033525394
104.08913679526799,61.586266214279306,487.504068825983,624.0158951969443
88.72306380684685,66.3815337599246,509.8371924677967,652.440638783868
76.24774522576661,57.38574558274257,516.1528201490075,680.0180568927983
58.90728797506341,23.17727168219352,524.9687642255442,713.4115868637758
70.81298243561338,29.806369348399244,528.660013402392,720.0
72.85419995991066,19.462428485422322,530.9485402006812,720.0
77.58901165029755,6.201777396050829,541.831359435956,720.0
61.287304936495104,13.991029058333197,552.768334575307,720.0
36.00323179290177,1.0,544.6006626812155,720.0
49.803585222584275,1.0,554.2466470500599,708.2491672174926
55.885061541037885,1.0,554.247917694906,714.2644346817815
50.802070672402806,1.0,558.2821384763234,720.0
60.92869998026117,1.0,564.2839017309557,720.0
63.42489824314259,1.0,572.7912461650367,720.0
48.35979491612733,1.0,561.9426725062593,720.0
79.64471834080189,1.0,578.987329888023,720.0
99.95529848502355,1.0,608.7481435078003,720.0
150.7761228866782,1.0,652.9699174731402,720.0
241.72863908093052,1.0,713.7997001156816,720.0
387.8594474645325,8.207504190577652,751.4200848231543,720.0
451.48848028696625,5.165927813267103,765.3411691688393,720.0
502.6409168353593,6.062655234489796,731.3772393955429,720.0
545.4422853671706,13.208016751626019,691.1359049209917,720.0
573.4366651993282,6.491521814815485,655.8917021728261,720.0
619.6696616512907,6.523252828027751,615.5481540616628,720.0
651.5352493379538,3.5564300182647344,581.8460132944272,720.0
680.4365065442487,1.0,554.5995710196439,720.0
695.8388742891709,1.0,536.7475220681006,720.0
718.8715518325666,1.0,517.7254044303246,720.0
727.54630386445,1.0,510.17934816873674,720.0
731.8972209489784,1.0,502.6512166085863,720.0
755.0498050608638,1.0,487.0919668841911,720.0
769.8101273190748,1.0,472.2235607954286,720.0
769.4117414663468,1.0,473.3551494978115,706.5313199900354
766.2981288848705,1.0,472.6491529643431,695.5298275325841
771.1993595489703,1.0,466.6339418200483,694.4932600504532
760.3513111708307,1.0,474.1650443566347,688.7911708774412
740.769117309185,1.0,480.66202509437744,684.7463431794871
727.71483034878,1.0,484.26294286791057,683.7748284510318
719.1763707702976,1.0,498.35880168709616,673.0492408566213
733.7699701678127,1.0,500.005110430177,667.8161237016607
754.2461125647288,1.0,487.69519916013473,676.2269471514446
753.7420458394845,1.0,481.69061968104893,693.0770666099318
759.3599206113201,1.0,481.06182675461116,706.1568419633124
768.3453920578906,1.0,473.61201601146604,709.5709650400643
761.1711174517301,1.0,473.5277418469288,707.229411874689
769.7613675432381,1.0,470.95607814853645,706.022332303385
768.8099440407419,1.0,469.28001339478965,709.7178890921487
772.4499684924526,1.0,469.7282472648168,720.0
770.4009508859358,1.0,467.85356173291405,720.0
772.7738635782091,1.0,464.8615741467093,720.0
779.4995514434055,1.0,457.2227774675113,720.0
785.5699650079844,1.0,449.04712176814303,720.0
780.6470864041319,1.0,451.8673375563034,720.0
778.8401801994946,1.0,453.485599074784,720.0
773.0449772105354,1.0,452.92931099746966,720.0
767.7031188093849,1.0,456.27271739537616,720.0
763.1001072097506,1.0,461.82465085754677,720.0
770.1389890270474,1.0,465.2511528132841,720.0
770.1404706460903,1.0,467.0527605443086,720.0
769.1334237499347,1.0,462.4244850597254,720.0
767.8950810565985,1.0,466.8057431394211,720.0
770.0200391666343,1.0,465.2414876889745,720.0
775.8280063030336,1.0,461.5898456942102,720.0
767.7657431345285,1.0,471.5734308371281,720.0
768.7976219947757,1.0,474.5273423458975,720.0
775.5333916057382,1.0,469.74197054183844,720.0
777.1061829640228,1.0,470.0886958990261,720.0
784.1996055256409,1.0,460.16905686944335,720.0
793.1649564787489,1.0,452.7364989631107,720.0
800.1346550590774,1.0,452.06695047815776,720.0
803.4391785416997,1.0,445.67371450072636,720.0
808.4307383733398,1.0,443.77328361994324,720.0
811.4888031125031,1.0,436.2861927037803,720.0
815.322291250748,1.0,428.77325833403415,720.0
827.3026959866279,13.408524940774896,420.6214861257231,720.0
815.6220565703109,1.0,423.19500082205064,711.3258937678935
825.4514425998364,1.0,425.020993688329,687.7426466089428
825.3643205706254,1.0,426.9302138662572,678.1249468335059
834.9136312924597,1.0,426.7502883044831,668.8522116218895
828.2518724549831,8.847473712962028,425.12230531277993,660.680001561446
818.3193063380496,15.866128522247777,435.8561646279889,656.233867951829
823.5443571530164,24.154699886189178,438.383075761151,654.7570978555109
836.161883895747,41.492222697454565,434.12244001448425,647.9698421498272
848.9748513971798,1.0,421.46153622419814,656.6400895859864
870.3864910466509,45.61973026220693,413.0956055380471,653.0760029782431
843.5576392068587,14.406817509803773,416.1008559873437,656.5979665923483
865.6328757170056,41.967943803028106,408.3463057852383,658.6249032320502
867.7096431506686,32.80282777879165,406.43114500836515,665.251368659796
868.498765049763,30.47896314190581,408.33574055427243,669.4490499093987
857.6727471023949,33.27593232189122,408.7395270429006,677.4049364284144
844.2144139200911,21.78435168652186,416.7844506227383,684.6458711340343
837.0671660802597,17.212072993309505,424.930675566058,688.4765916396024
817.0260917457246,29.50903932337144,437.297664650281,693.5102543710651
829.3659786101728,19.46589838287707,435.19500097960236,698.6386435845861
828.3202242190118,11.234046059322793,431.8518511813036,701.6896622031113
831.7514563731146,4.590506293507872,426.90485935262467,707.0056609111929
820.854053052625,1.0,433.94428480215345,704.9363085450622
846.2182113905207,1.0,420.40176771276964,716.6151137520332
846.2796132003189,1.0,416.29141587232755,716.1371440090107
863.2109159063612,1.0,404.12649700721875,700.636422850751
854.8392247595302,1.0,411.37724051707653,662.0007862425175
843.7874280353233,1.0,414.6921380612224,638.1497694923758
835.0344489972654,1.0,418.8563473596315,629.718173694029
827.6870001963547,1.0,427.05031934587146,613.5882480581101
830.8828056713357,1.0,425.91536761332367,606.811418829658
831.0170686181598,1.0,431.9096306432689,597.6929388217504
816.9943683841091,1.0,435.8220445166015,606.3522871156789
829.1950888400914,1.0,433.3635066750933,600.0850681025357
829.0057539986628,1.0,435.5652852045451,590.6644008229889
826.0648231110172,1.0,437.52775548680853,578.6116941686723
823.4850578048543,1.0,439.86311543648515,563.5518010066373
830.842018680846,1.0,435.86638973324943,541.4305936583987
833.8734882172155,1.0,430.17466051484865,522.0023842329938
839.1484589396762,1.0,430.3882195667593,496.1713189115077
848.3166295926046,1.0,417.2588603169143,489.0914971779507
850.3023323324875,1.0,414.28493519146315,469.78450362733884
859.965333150516,1.0,401.6731335334671,452.9542590692947
861.8681584308454,1.0,396.1120053495825,437.8583581947959
870.666729249348,1.0,395.30259281755207,423.26063122668614
870.6890028305888,1.0,392.90459743138797,414.01145662674367
869.4666965462769,1.0,391.22049221808464,410.21285691078987
868.2671838666399,1.0,396.49644172796656,402.3471937753987
875.5175958281021,21.834389453176385,390.2538598069002,416.2230269971252
906.8834643352999,98.73120660390586,360.7516813368577,430.1377562560688
920.6560021607709,58.72009302727977,342.0548869469931,441.9543247902697
921.5477420790281,60.9851899695002,330.50857164570715,437.0015281624785
922.7349146533229,24.57174589820937,324.2531285317435,440.832865724203
897.467709956719,25.217497942444282,336.79914860707066,423.6321130351834
869.9884098890657,10.320165529037752,363.05431494350125,415.76212159837047
855.8801813458517,1.0,379.12059948868904,414.5055967172116
821.7035567121893,1.0,396.38556393012345,409.4505167056629
800.321099500244,8.698036442971357,414.7171493703204,400.0261912896734
752.4182647180983,29.05243105272322,426.9155079760831,393.7319674252406
753.7332561068599,62.25301025094541,421.1854758610921,403.3089236900446
747.0055532257979,72.62929474941879,416.33234456193674,412.07330486947257
751.2572124752833,72.97391279972246,409.53218651687166,421.5843943298025
751.5048023825572,94.91735619086373,412.1434872259024,428.67244133268304
751.5705642080161,93.8337994378985,419.37719462627206,435.7240125650213
763.7263021747834,60.79711020862203,424.2240435613838,430.2578019590643
765.8398640890655,72.67763268040306,427.7647170657482,431.28502396707745
779.2373734829945,87.57724315985416,429.9038452947057,438.1235374263839
792.8675533649733,104.00069401589536,435.21806134714143,453.82865225172986
764.1420450999226,94.68394614021588,454.3972059408899,475.18300526969847
726.3335559481978,39.287448164006946,458.6724157699864,479.2619394102833
727.4732263169357,52.24251882574953,455.11442040836823,485.155166143481
591.4521957449501,189.6929516658536,469.03585607268985,510.16657527449655
478.31257598257895,163.69760649314702,482.08449042580753,532.7229393889972
448.7574808376676,141.02952174268898,496.67180213512324,560.1978803515032
422.97746019270386,96.0624318620695,519.8267601050137,602.5620093566913
413.4970635816662,72.20086104639546,560.7307673687715,640.4852578677813
461.28341425342796,59.639734838772085,613.5141926604476,670.3823502155922
351.4631278282415,20.420181023936436,650.5549812998546,719.2766265781997
339.8563599017091,9.890046637559692,715.6562562480865,720.0
327.3188885968078,14.302214261950951,774.1884063763262,720.0
273.894919713611,12.232332595209641,815.3768455116387,720.0
231.82640675138862,3.206939449444235,854.1089132037544,720.0
221.54726786529716,3.3192137194528755,902.7467886840764,720.0
191.60270222898782,1.0,920.2506209325645,720.0
151.5595762855521,9.546667756217289,925.4638784403969,720.0
194.44352836874288,10.122526969954322,933.1326586802176,720.0
160.47302582874232,7.565267769920808,912.9419672547664,720.0
151.4033785289484,7.4474505857497775,898.45693075149,720.0
132.1088602402703,4.68847005937107,900.0936194898317,720.0
110.19737507063326,10.016393712308002,897.6713907686221,720.0
106.97169025374183,4.095373144026439,924.3412497992608,720.0
100.70982419406721,1.0,930.8996202338658,720.0
121.88390828065491,5.117272775050708,908.9875162984116,720.0
122.52226041415838,6.348534684122512,920.1156795968175,720.0
125.14853037544805,6.550448733091628,940.0117588222837,720.0
157.8306339799583,8.224198024131908,948.976960705193,720.0
166.33673159545185,6.537648866870484,949.7583723411992,720.0
144.3727130875684,13.33828412005795,938.8166961245527,720.0
164.03451428707405,5.187943057401753,942.1407954739312,720.0
152.5097031336581,11.63017727131853,944.3900893371934,720.0
116.55779211613003,6.737355172205923,952.2321106117113,720.0
138.25691976974252,11.015439715677758,954.9544708321029,720.0
106.17889069320233,1.5721497497802943,965.3428722571339,720.0
107.25173738924013,7.1951880773779635,956.6415198485379,720.0
103.2715036856676,2.050386889146125,950.522679109327,720.0
118.28853080142028,5.036690238621588,958.8602476718552,720.0
50.89341667635756,6.278374437256616,927.3927568705969,720.0
29.164062622476877,6.771541269542354,870.3561020516174,720.0
25.092314951818935,4.432140049711506,829.8559653406662,720.0
81.63522700974107,7.604292634102592,828.8495471786429,720.0
62.91633727692761,8.159931307835222,843.3133186050962,720.0
90.33899054824678,7.075254084350604,864.0608966770701,720.0
73.36129578968576,8.493846482456888,860.8694184076784,720.0
71.04174536470339,7.323008459028699,855.3224763142277,720.0
59.86731545577612,7.740948499825549,848.2819598141782,720.0
32.22822196869174,6.6925182078728085,826.097196900204,720.0
46.54617798664657,6.057754147898208,827.0074133883718,720.0
35.963607130532125,8.908219336517448,792.7524390764584,720.0
56.89656790052936,6.8354135693080025,792.2314315368702,720.0
31.285203458575836,5.518412390342576,758.728651216209,720.0
49.20069837498602,1.0,737.8325345776557,720.0
79.36223815283421,1.0,745.909999903514,720.0
69.97198981844014,3.33942268523532,743.9505678926197,720.0
60.216481884862446,1.0,719.4167839932056,720.0
44.62933135763626,1.0,683.2916919162194,720.0
19.821737547311614,2.22382099069722,616.7551473681706,720.0
1.0,1.0,549.8014297979807,720.0
18.445446679010786,1.0,514.5216562429206,720.0
18.936591103651836,1.0,487.7762752652226,718.1607070234509
25.445714805659577,1.0,481.8524569597188,683.2281298100821
27.85414041672348,1.0,472.7093122837825,650.8497545601605
36.4228398438151,1.0,460.44887625963634,624.1485271400705
33.25012355003744,1.0,456.4173700687898,597.8549552284106
26.559833029936925,1.0,450.93269119500167,576.4780178043418
32.081620785025734,1.0,452.4732066465665,553.0368967778611
25.041702312914055,1.0,426.4843131356945,552.8651028011384
27.387903284828468,1.0,391.6897022064235,555.6682841489867
27.6868233953127,1.0,384.1586436664097,535.0083963974203
16.116506780826995,1.0,371.8044559669219,520.6925330361839
12.608184323536989,14.734257676170841,353.52170752114836,517.4503981234288
10.061289712324367,3.8372225913931857,341.59519536523345,510.58088672450594
15.809817359118568,44.03007104675726,358.10394879248105,477.64170719603203
24.153813669504984,33.253149794395,376.39276471778675,454.4044283515288
7.300511224476907,32.22732818384398,395.32689469698886,440.90559615987104
20.63639508251987,24.400045805463634,409.27485014393875,433.31564678482624
8.09290522206652,1.0,413.17556955001396,433.58117848077075
20.056490880540224,1.1217859185827308,413.31322457816924,437.8798490913397
15.596882577812693,3.206356413294145,414.0763327887256,453.2883950997891
49.33058329232955,1.0,444.42441712180835,456.3785819968489
43.14484048975896,10.780405401747856,448.49828204086293,474.10838777279423
31.322522738185086,1.0,442.9987063464255,489.21079943573164
24.37073234552804,1.0,433.66774332054376,504.88851127173234
26.022913565924313,1.0,441.484951777681,505.9075714180633
21.866159480618307,1.0,450.45885940945277,505.59060625797474
20.391367491423267,1.0,456.8784645842205,517.5331606665421
17.617537421950942,1.0,451.21418573015865,529.9772256450727
22.167050590859077,1.0,465.1269766941492,512.984765565986
19.828344283134754,1.0,478.4642185979195,487.8958099292528
13.93079911221173,1.0,477.7030258683565,476.11320610869257
8.834053840077729,1.0,472.8906914390484,474.8555765060479
11.027747675806353,1.0,461.75084445628283,490.78280894774406
16.09837186887924,1.0,443.62804420700047,510.3731278211703
21.01179518191492,1.0,427.49500051699056,530.009285832095
23.573092243505897,1.0,411.68875336431995,547.6129252024
19.745014660304633,1.0,401.5937550267913,560.0120313271018
23.169677588066577,1.0,400.9942831000842,562.5612234749358
20.473314622316508,1.0,395.0575310225421,560.8386392920293
22.108486462083306,1.0,395.66457128042686,554.8098677133023
13.396879289265911,1.0,389.2893640755525,552.8247739612555
15.867239333392718,1.0,391.9570748292975,543.4201209345069
17.687256214288283,1.0,391.41886810524784,538.2804545015704
17.18131139578483,1.0,384.001693586719,538.9068810734665
17.15709274102892,1.0,373.4967832890828,544.8919030938869
9.508156050335629,1.0,373.0668497126944,535.3931599923778
17.300034519643702,17.69009127363165,396.4060861027199,514.3118499694701
15.461234364039882,55.851452636554995,407.7188948130723,514.0566857536835
28.05647795540196,67.7221482646192,421.56934203335715,521.8029497468447
17.833999391306236,79.70768162069999,413.3791248413617,551.4562578253156
26.883339852334956,79.27936984788795,431.152045624142,558.2676121456752
38.049114826865775,106.603710748536,460.4688792487873,575.6637271886763
59.99949103747167,123.08499764171182,503.96613219196206,588.9924494599002
107.04408617503321,117.48759114166802,534.83315685022,610.3036936239655
87.75632912543216,130.06763144178632,575.1612501599068,611.1235543412708
57.58560549714895,140.75568401771034,605.447317741323,590.9205296683504
51.98666508441596,174.2726393977784,608.4545841463531,567.0490953346233
58.118068017286475,176.4320907903471,612.076236833327,562.4261445007571
75.65670884850977,192.66004318081383,609.5824751707094,549.911725218377
74.10816214472078,191.35197698266916,612.1412756227135,546.1001989522788
86.21169799590825,198.8426984189789,613.2112018608512,538.5869766142378
106.70376450710961,208.85910563234415,612.559058949791,529.3608940279013
119.19435770599273,232.14643719191423,611.3925162629994,511.40847323592345
123.69774654930774,243.9289329008623,613.3019155714602,492.290251027265
119.69315098962875,243.08107728055492,623.9889522217546,479.20843826250444
133.45220074781327,264.17568288683776,621.6045207138263,476.53641974456104
143.38097404315351,217.6393269526449,625.1238914503285,501.82229846819354
132.84563920666955,110.34044611577286,619.6050983072388,548.3084151256058
130.19438383449415,99.62576410177837,642.1172865727094,589.1313637843712
113.7039493020834,67.11186647391708,666.4854413067453,630.3250305097099
104.85683601289162,45.775208866645414,712.09514298729,659.776345195697
124.61778570075444,20.897177241865677,759.4419989127715,704.2608637146523
167.22975826490188,5.300236842148536,824.5844018236598,720.0
234.91435375681147,8.30769270807582,895.5393046296851,720.0
129.0424913904563,16.647965183547456,913.4930061802623,710.2606254425483
121.58490625336981,15.033218776080105,940.173520578496,712.6503415207233
76.62851469756527,14.03857532582009,945.757906697495,715.0187908869814
66.32565238954999,4.693783056406687,928.916057903557,719.066224929859
19.588102128383525,4.2666501627869025,917.5937739626846,720.0
4.967707479349542,2.9009306902123058,891.5303078509718,720.0
1.0,9.13993339115882,860.2635470609047,720.0
5.911454835054883,5.358493952453955,831.75130211737,720.0
6.904498784803252,8.96645317502788,810.6426611940612,720.0
8.556564925227406,6.875271945693044,777.4689789051854,720.0
3.978574699903504,9.201084212003536,761.9391803479306,716.0003000861345
9.211074847120699,1.0,720.9208305976703,720.0
17.32590795322119,10.186554906245817,687.4397803571551,720.0
18.569918374442295,1.0,641.3351176340021,720.0
28.299093012478806,9.612374707634956,604.6543805371016,720.0
31.782253506560437,1.0471893417364981,554.8060044531248,720.0
29.89147088271295,1.0,522.2048004822318,720.0
33.884781028819134,7.387630250358882,515.1060855923091,720.0
39.2279040109585,5.751052419891437,492.8500534596605,720.0
38.734276179082144,8.529373964773754,463.82441451257284,720.0
33.12084893428451,15.817753264185171,446.5885392468879,720.0
35.90466637480861,24.56268081923872,431.49807147397877,720.0
36.23222149867547,31.320140566790258,431.36528797944607,720.0
40.99527344569151,33.875882874730564,438.1830614469052,720.0
64.77401414949628,37.97304552763461,456.19012709721176,720.0
106.8579538035205,41.784481064799365,498.76554819752744,716.4255219858233
154.9226893569891,14.9578039038999,539.8983074106887,720.0
112.23908284842128,11.762899255432671,542.8199718072678,720.0
104.62505965970979,6.355718568383054,558.3836588685379,720.0
109.58238564681324,2.723022755402326,571.4553673347158,720.0
96.12954447267879,2.685612257526145,584.3163316358609,720.0
69.51512518330685,1.0,574.951557247214,720.0
59.013867113260346,1.0,582.2928889226182,720.0
44.81922180165759,1.0,594.5864066323927,720.0
38.5024320138653,1.0,595.8907981951445,720.0
37.035348708284346,1.0,599.0217994253073,720.0
39.12311831632479,7.338652558977401,616.4817576681211,720.0
40.9388410563559,2.8677925909424857,634.6170656666975,720.0
36.995152989468465,5.787966915561697,664.0710584476583,720.0
34.06571868104078,1.0,673.069485465619,720.0
30.17455624919802,2.2968614280603674,685.722029196455,720.0
22.40129070677267,4.017305192075469,676.1401341733612,720.0
27.707792410753143,4.593306784896129,669.8649213149881,720.0
23.078309266559245,1.0,680.319462549179,720.0
30.844611684216716,1.0,674.7492723796632,720.0
29.213258487837095,4.579893726697492,676.6902064479199,720.0
24.64165426685173,1.0,673.6459980261202,720.0
28.348711309024225,1.0085276244595889,657.3526934056754,720.0
34.435002346102124,1.0,647.3226226993468,720.0
30.0540939988137,1.0,650.2973243336229,720.0
33.5415320943888,4.66086085945301,650.0481586014746,720.0
31.633210549234548,2.478678788008665,651.4946568742589,720.0
33.48226626794752,1.0,642.9970704498628,720.0
36.23418506571295,1.0,628.1060681670574,720.0
40.36229392378772,1.0,629.4676539576728,720.0
31.58369163750848,1.0,634.6754250844017,720.0
33.09167370379413,1.0,643.8622243531856,720.0
34.415308296877924,1.0,638.0309221870402,720.0
35.0613925767023,1.0,634.2188249641957,720.0
38.77510857858158,1.0,640.4484967395158,720.0
31.00352917743095,1.0,644.7338423986363,720.0
30.02906926356718,1.0,645.1972470349625,720.0
30.398968198920954,1.0,636.3454084212713,720.0
28.191395642607063,1.6292061150121526,635.0686934524008,720.0
27.109980632283225,2.6494950552203704,637.4727688493691,720.0
25.936514913571955,4.325994936294478,638.404484229606,720.0
21.535180507362384,4.62498222465922,634.6030708523267,720.0
33.0207448198488,1.0,625.0111368290833,720.0
26.48094971240704,6.0873113434250286,630.1703251449424,720.0
24.26052700796913,1.0,634.023691025003,720.0
32.744991223881186,3.1855208960198524,630.5151503810011,720.0
31.99861905851691,1.0,624.3026918103894,720.0
34.85345290147427,2.3236251675617723,635.7942480004299,720.0
34.39557458243843,2.6663352945095653,637.5399252725462,720.0
32.7779323277864,1.0,639.3514246231202,720.0
37.47273542731489,1.3363604587734699,643.1686530049924,720.0
23.39480373238416,1.0,639.2829364043014,720.0
29.074947696811705,1.0,636.0264211924855,720.0
21.88749537466424,3.6813999600838088,632.1414203918222,720.0
25.61228204224568,1.0,629.7203223916392,720.0
38.4169846616889,8.93358939003383,649.0759026521113,720.0
27.159084385261167,1.0,669.9817674212273,720.0
25.91953751829726,12.688778749744586,698.353184883237,718.5081403815
26.25529844642233,3.657393943057002,719.5101068094779,720.0
17.06460245161952,8.01039590609588,722.9294921899747,717.1807942319366
12.022182520755848,3.327001514012011,721.3740979545428,720.0
21.464304998967975,6.481094553667788,724.2482329961167,720.0
9.214687801172715,6.997065997404434,713.6578303001704,720.0
8.75896775526337,8.918370958893604,699.5381213614135,720.0
20.17113004534241,20.1710998959245,677.1358018307949,720.0
14.159504576236202,19.0893292054933,668.2580370761661,720.0
16.666078071255015,27.07513137654246,647.6646471057034,720.0
12.188488680922035,61.642232853405574,642.1587686864955,697.0936213689854
8.571570952284333,77.12534672985873,626.1361127574721,675.8368379543305
10.213966706483802,110.82330921506917,629.8065269707071,640.0157284089116
1.0198891051862233,140.6409801911554,622.8427342638014,613.541084230887
10.768699265257453,168.31801668971923,617.2210684141719,584.3160526680531
2.2548160657693757,182.77378096283456,622.7692171675652,559.9852130269251
1.0,200.17144103343406,624.9530132862757,539.4732312919257
1.0,209.31318102641978,622.9223205142179,526.0774965885022
1.0,213.99699853915916,619.1012115071421,518.6146033924707
1.0,222.80084152944085,616.8354787783105,507.154631234151
1.0,218.52111952933052,610.8055177355058,508.7388557680139
1.0,212.7531620391665,602.9861687840926,515.9490112457946
1.0,208.5167947360382,599.6381365616919,517.0504751549028
2.7415896320031266,199.784609564746,598.4193245542978,518.6969520258988
1.0,210.6890478882911,597.1536273248998,508.9547645486956
1.0,218.8576375812276,597.6609950527386,501.61052275120426
1.0,221.07751518729503,593.848220600928,500.0578635596587
1.0,226.4920501162614,593.6670505223966,497.5780415714669
1.0,236.19100628590303,609.4302349800793,483.6028716794426
5.8243032585970695,230.74477207297707,635.780361156974,506.76850368600276
393.46705491726823,235.25756033622488,652.0674748360855,492.882135371748
429.54790976102646,174.95722238863857,570.5119564747409,544.2056894285452
452.92103851699676,128.1106353475525,525.5734579187088,605.9052011200406
551.3326279142175,104.53876222386168,510.63199297831454,634.4009878478475
578.001915924131,105.51591251795844,523.7406678753888,634.3807173729186
595.6777443304951,124.31799943203771,535.1777921733908,615.1439802446383
614.4430974911102,186.41522384618565,556.7006349914475,560.0257447558499
655.325690988773,252.80751979251707,556.5888441042782,495.5490408911987
692.1533077689016,256.9836963205436,543.3555513115492,470.21665883146676
699.854834821432,281.94585228063295,533.1594638946804,449.0953837396382
681.9538693879256,241.74237895353548,498.2993370451129,488.22193910475596
650.3754724460925,229.26145796095238,489.78287920768366,513.9507394057387
608.4568103842003,219.33276579939474,490.6673485729631,530.1102689338251
621.5662833405252,215.73450161485425,498.1400233264133,536.7714014320059
591.9492227651673,202.1831308884258,502.9016242505323,552.965208300109
572.0792952010017,187.90682864063535,502.6655964181408,574.0930582668524
548.0963432364757,178.60036845489202,506.94411026572834,590.4427584658778
467.1226416635574,170.8085078831192,516.3890641973605,599.8246858598311
464.17484919506376,159.21039063409864,520.5484409821852,610.8452332079421
457.5732160353324,131.84391509094877,530.8763993017126,627.9782926936425
404.834268398272,141.62958695179748,540.7181753330406,634.3699335141661
396.92695329977005,126.34350197925477,570.0186632274415,625.4230137228915
384.18860300377213,74.94550013207157,591.6047218703192,655.8169854924645
507.0528044153616,29.26882864914529,654.1972627318523,682.1351969571201
612.6109199510366,1.0,644.2636029107375,720.0
645.0242171095127,1.0,624.4779846839219,703.059162210679
636.4011161085696,1.0,618.7751323788802,672.5404027133815
689.8595864748706,1.0,585.1535374394856,673.6059260008216
634.2396705359542,1.0,614.4598010223707,621.3246371441167
605.7993391360965,1.0,640.1896349775133,598.8187520472503
623.1544893331913,1.0,639.9296984714222,578.1670055889978
605.6441188097292,1.0,650.6910593391232,573.8089224524232
601.7027411485061,1.0,654.2570547178225,572.8845516539095
586.3057933493175,1.0,662.8292577252137,567.6368286561067
633.9304227481127,1.0,630.1801748032659,590.7411531236127
619.7858806524034,1.0,633.8476778955019,578.5661611620027
626.5604215234786,6.7279391851024,631.8160557371762,588.899032472105
665.2758664192773,1.0,607.8856259079485,601.1348200860364
697.558859057978,1.0,575.7341426358543,613.4070397280913
709.129891011049,1.0,556.6041419760364,604.8181496852729
734.1098804626396,1.0,538.8878071784875,608.0291529735525
747.7857863372852,1.0,513.8290943658592,601.003096848039
766.5712221956084,1.0,498.23967597747105,597.3752583044761
773.3099114987969,1.0,485.5320061593454,580.4134854519425
760.5089744565037,1.0,495.9485920329807,548.3635901379948
774.769184823145,1.0,492.62129391488855,523.1574402359271
784.0006612828803,1.0,483.77701547542694,514.0404448361746
806.2578231922271,1.0,466.7309252702263,505.2572404998964
768.8076763312392,1.0,489.4911943125399,473.1044890341472
800.1471771765255,2.5456986911931097,472.8045764446621,465.44655617391055
825.9656532204007,4.475147622198875,452.7150423256464,459.07820444971543
813.8963971829924,1.0,453.04586400942287,439.81432193875804
841.1502973678569,1.078874398396806,435.74881129516046,430.49974734772803
837.6892453390195,2.31256213418078,438.86586772318356,414.84852282676263
863.3306617053037,5.929357261514298,420.47102801356704,408.5510405082041
884.4926645258854,1.5276367143094092,404.5534351418015,403.93519333304266
909.8901109479032,1.9757892507694805,377.8150218264768,395.4249379842551
926.9561042887442,1.0,356.91698005558453,380.8805103289512
944.5866489345569,1.0,335.7908194520546,369.9779746640558
959.5384646800526,1.0,318.7709750712371,358.969236671832
968.8678878496701,3.192393577293501,305.71831460372186,349.38665231292634
967.7633937672215,6.347282942966501,302.346948518259,338.94524812717725
980.9681122464477,12.421138614806381,296.5218205796675,332.06814824446224
983.0704295869198,37.46079596777659,291.14036337950927,320.3593324489176
990.8528242877326,57.76283608729224,285.8116744751163,310.3394149314498
1000.2643918855213,78.81597290183291,278.62705531661106,311.09384140853325
1000.1031420971831,83.08070938448472,272.60707643965907,317.56710038042206
999.8798025395935,82.8283940248159,269.87992201285147,325.84023557507464
997.3872080863962,67.74570550661383,270.0097133325716,332.8611054238996
993.0524566764499,63.39771873185873,276.75096728641506,332.5106019059502
975.3711701162,60.76778967827843,297.027437127954,316.9958197019132
963.6898711088663,54.39098189937812,310.5344432266555,314.9949812674285
962.5678400302718,43.71035354616595,316.6849618156893,321.444813172246
948.6636928058425,74.922893860481,325.9595384703432,316.8355212701239
930.0301407541722,42.66627226898643,337.9589441718746,321.22834756676497
903.2403323312355,32.80276776402283,352.7064044712565,331.48991719913795
848.1528736679682,20.215095168403195,385.62524538168145,331.4266296940018
722.9050438238521,19.887098584993367,397.7358743904665,329.12361878719764
701.7808454214477,18.94099858491697,403.40595346123877,340.3702107847447
696.0064091378923,11.722394084396512,405.9092621276238,348.1473501023759
699.3739800546672,13.177043762977405,403.3004048011544,359.23886205209385
727.936801703615,15.611625554770285,401.36067676211707,362.56473913295156
696.3268787866105,21.129125282784543,404.9568710484071,370.4142211855363
686.90217090178,6.044626361042759,399.2637641955995,384.2591448735727
747.8586380084635,2.793358750207318,408.5223194433678,380.9201924480818
774.6793968511644,8.088992040425126,414.26908864249026,379.2511351912266
756.2528746009357,2.7593626826430295,431.7710258529429,382.19009377403745
790.2186095356368,1.0,440.7292779025858,386.14734843734357
782.640002044729,1.0,454.5028889706658,381.3878790706578
804.6065658971065,1.0,457.28241496708426,380.006755830554
787.7340208020184,1.0,470.2336226691191,370.5450668437241
765.934137258232,1.0868583546624109,480.9825141270713,372.8855736921768
793.9681713042412,1.0,474.64357163684883,371.80623085185067
774.2924243422882,1.0,488.8731281263388,355.78489587726347
768.8112622162237,1.0,486.6324322356186,354.441883817643
770.1368130735505,1.0,485.9012242703481,360.0233644872212
782.0984404805065,1.0,479.6850891289709,365.0672134813833
766.3814691631881,2.5148439531511713,480.6207368290041,366.58666494573527
758.7048052291212,1.0,491.606754514645,358.4162672560749
787.8751890947096,1.0,473.86369551988025,369.1890733862561
784.8413159108164,1.0,467.52932702752133,370.36215144557474
757.3627270211558,1.0,480.7046617474107,360.0355147945362
731.8752884188552,1.6549447991163788,489.7265434712965,361.2528256806868
693.981974922991,1.0,511.5421273211074,361.2965371100222
674.4179165921,1.1623416437093965,530.3780672312118,366.1272595793776
697.0350713635735,1.0,534.2748273217669,362.63267310883725
693.9694139178924,1.0,548.5153772014005,364.26999682226824
661.3711523585754,1.0,559.3441162994891,362.88323766385804
629.0025615565685,1.0,571.2339380039297,365.17457428085754
612.5604814765543,1.0,594.2278372890086,369.2773045926118
565.0245626639396,6.51849630296303,568.9501503326954,407.48295393941345
572.6034307203117,8.023266953346024,546.587426694092,457.6010178350775
531.0427996727379,1.0,541.0884740671017,471.74027600350075
531.1664833992626,20.96843024408122,525.3818827700079,516.623915019044
524.4019745784287,5.095063913445699,539.7808091846393,536.288120606599
494.70425057357505,34.79581333790583,564.1456044848597,570.0781201978725
450.9505333910248,74.63451209816645,570.7039420087399,610.945305763278
371.06571453485157,87.26340121444451,581.5399610313465,636.4898583700243
348.88677193258195,66.95796548221796,595.2235269793246,667.6541917406493
254.51395512646184,41.30163130149049,629.1336724573589,707.4758660784785
213.20578012848364,21.95893467239557,685.5750384931312,720.0
150.84797739550112,13.04777611807748,709.9108498860508,720.0
103.01730544979347,4.518904812456071,727.8166649178798,720.0
122.81244503566347,9.711337246800724,756.7488856324478,720.0
59.94968673961603,8.629462957690691,775.5662878862659,720.0
64.8540104635511,1.0,806.0273989908962,720.0
54.6131517511044,6.174922965446115,825.3859539970446,720.0
41.38777759882055,10.885169685814276,852.8904444125374,720.0
48.43859918630943,6.5767235974421965,883.4742892481363,718.9548269658275
36.86658485611713,10.971659207028665,897.7095571235434,720.0
21.393031509442267,1.6370592947899354,910.334414170535,718.404541363926
25.77546087593481,7.667132696072599,934.6392269076105,710.2596170968668
17.05447500256986,8.676146326908622,927.185254160659,713.2001940812826
9.90162813626381,2.664922492906271,920.4420260150547,717.2833491869314
15.413608282079792,5.700220418312938,911.5731566862077,720.0
23.30923393144036,4.597507958673248,916.1776155506,720.0
13.55049714441816,3.658621949398082,917.529409686938,720.0
17.175520507558076,1.942995893384932,918.0206191929143,719.8528978687276
15.142473861031931,5.569989135644278,898.5971217279423,720.0
10.342016531090621,5.335704945903615,876.1364058229268,720.0
11.570127712381407,9.178165018163838,846.9899850097054,720.0
13.917119360415143,10.36356625332752,816.6349801825274,720.0
33.49729359159602,12.41117063101035,791.8776962849817,720.0
45.39687794347452,7.6669768945720875,745.3023207786234,720.0
45.19805787538877,5.179109743749677,705.362382056029,720.0
46.810663551805646,1.0,662.0847500193724,720.0
51.77719497919958,1.0,626.316787167485,720.0
48.419171991911014,1.0,604.9601365483741,720.0
49.24897530887972,1.0,583.5310182514552,720.0
55.27496907934318,1.0,591.5434336148986,720.0
49.0701974274362,1.0,574.6390359775895,720.0
57.40057988605179,1.0,569.6672028080221,720.0
58.013189647650734,1.0,569.5724585692861,720.0
54.52738568257382,1.0,568.8021791778066,720.0
50.32063746006622,1.0,565.8141993696642,720.0
56.57420962613651,1.0,577.663234468091,720.0
60.58463934057994,1.0,577.8851759926594,720.0
52.52078215530338,1.0,575.0006683166198,720.0
53.727715055360534,1.0,579.6498192396962,720.0
50.356458987397616,1.0,573.0758320490088,720.0
58.74049336395876,1.0,582.2520538387023,720.0
50.72047813262009,1.0,579.142711296392,720.0
53.99532518044509,1.0,573.3438327895919,720.0
47.97324385252443,1.0,578.1500866648335,720.0
80.66445030738242,2.3928070507010375,611.4759139445731,720.0
62.20280867924407,1.0,609.7964097064428,720.0
56.679775766090756,1.0,619.398695907834,720.0
46.52864937587418,1.0,613.8273262156459,720.0
38.03616847761111,1.0,612.6989840486394,720.0
42.13686455521827,1.0,606.5125416159767,720.0
49.86538480420131,1.0,610.7726861977392,720.0
43.211062650413794,1.0,611.7944410614475,720.0
36.89136517268162,1.0,614.307978587223,720.0
37.401077798079996,1.0,602.7795618749782,720.0
47.03669566866887,23.466430504834136,620.8959128612329,720.0
26.959693871019226,9.127657490197066,597.6113749950784,720.0
21.983904226391076,4.83092398125433,565.3763438986074,720.0
36.43674004530425,19.486662829113413,550.2572040581867,720.0
29.519889325516203,14.387756409123256,543.9603382852099,720.0
38.84482915215443,9.121177319986145,536.3997307490844,720.0
37.16201958241999,14.223028006274092,537.8831692558817,720.0
44.944457644628585,25.10314002607737,531.8778108546314,720.0
32.31805973330853,26.522657913084572,543.8452578744066,720.0
43.21730823038581,7.617672378426505,543.1670353540612,720.0
35.155408982565405,22.37880529873297,554.2549925318883,720.0
32.76956928503273,13.45307896408616,564.3302177005344,720.0
35.40148670039923,14.028712644842415,566.3984056909128,720.0
32.755430022894984,14.202993934583333,562.7118023358917,720.0
37.886814422158636,19.633333056843526,567.7182474252485,720.0
38.45256023161937,6.270162671506,563.4771785337929,720.0
35.520461327991256,19.472109995057224,567.2113323924663,720.0
36.32914890237464,7.379255668469284,562.9524995118966,720.0
33.38460184323645,25.549890956987838,563.2152466876274,720.0
32.08505299680422,12.82131909318565,554.8411888604415,720.0
43.927213785226115,13.781566699540463,552.7243506492022,720.0
41.07714945431644,4.476209464234955,544.7280594171802,720.0
38.16058616241531,17.94726303153533,542.9856084977067,720.0
33.93757908140731,15.71125164628694,541.4949737215172,720.0
41.50317175707528,11.717403549196035,536.8382141102747,720.0
34.84751886382605,10.462542918676206,536.7310561078326,720.0
39.41167361756408,16.76107983168913,536.1394531565792,720.0
44.983658181249666,2.495109917121681,538.414282981588,720.0
36.995224307337025,17.156028825441638,531.9659719729327,720.0
37.04265870600682,9.512643419505252,529.8510641308453,720.0
39.57822877279648,8.936905390056609,523.6157020068953,720.0
45.30655637740409,16.836840387765562,512.9050698464201,720.0
45.225076086275294,31.671870220361768,524.4587465160918,720.0
42.4044294436992,45.89403202120792,525.5110219620569,720.0
36.504712278969066,50.46797364864847,530.4074166675114,720.0
46.135643051376064,34.36826076896898,526.2139406810526,720.0
32.507079067010125,33.464371111476794,541.9939222132887,720.0
37.148230542361034,51.8792085985574,588.9318488745375,715.7716199335583
31.67877110798844,83.9274385683205,634.6158279324719,682.7862199985705
41.6335303334352,77.0792624604291,664.4515121165484,680.9363049606383
57.12810711948498,7.033128501513033,629.8350391421368,720.0
54.90829150048063,1.0,577.1495132966763,720.0
53.22635897120222,5.603927656846963,563.1662768526573,720.0
81.35001216550694,30.557200513808084,580.1969627652736,720.0
113.92945966387703,1.0,602.4132918072368,720.0
111.17248126138713,1.0,599.5932278941224,720.0
17.96987436457323,3.3965416784658373,558.6204863622745,720.0
30.502194757005782,1.0,533.5369875350261,720.0
34.68312056133499,1.0,530.7578570891264,718.6687711681395
37.1405103686547,1.0,532.0316026849539,720.0
30.230556855146176,1.0,548.0864470957699,720.0
32.48400559258113,1.0,524.6869867253703,720.0
33.3474282641379,1.0,496.08112824396693,720.0
35.27777664899227,1.0,477.7208775649944,720.0
40.99525595437086,1.0,470.3764512860889,720.0
42.63045384424447,1.0,471.0909426787299,720.0
46.25579017237851,1.0,481.9934196659269,717.7671655251389
46.87857901963514,1.0,494.8471961925086,710.033294871378
43.75540141749667,1.0,499.1938883464618,713.4216875040734
53.255200374243714,1.0,506.5408552421718,712.6005675714757
40.51668854520216,1.0,518.2306528655334,704.6186428031092
56.3267044027769,1.0,540.7492572219362,705.1596067597658
24.45197068783517,1.0,528.9092689801222,714.5606194519457
55.27659090321066,1.0,531.3073227816914,720.0
60.230698180889476,1.0,542.7548527025166,720.0
56.01023040452219,1.0,543.9636406850424,720.0
54.33142710585594,1.0,555.0798219044889,720.0
32.64322288379532,1.0,555.2905728238431,720.0
44.854923245652515,1.0,547.496541155767,720.0
47.44407320418901,1.0,555.754191682444,720.0
35.746689347170104,1.0,562.7185024403345,720.0
37.75200701129148,1.0,551.4095884901981,720.0
33.73313070696588,1.0,544.5705998896883,720.0
49.49613183191866,1.0,534.2803537167815,720.0
31.130141001902018,1.0,524.0447282608276,720.0
49.69952208848241,1.0,525.7257720027137,720.0
41.028851486196515,1.0,513.6672235212028,720.0
53.04674852331152,1.0,515.1287829638298,720.0
50.313247893570974,1.0,530.790703566868,712.2544659382467
35.88865922611433,1.0,544.0171799821414,712.573916369927
35.99885559321501,1.0,545.0376774536073,714.7399866854911
36.57370752839728,1.0,551.0669335199829,695.4718930937712
34.91090217388091,1.0,539.6784021136989,694.6828358886844
30.223505853284507,1.0,529.8430787845878,692.3641554020444
35.387012639707905,1.0,519.5791240856005,673.7867718254572
27.00194035706693,1.0,501.81333669699563,672.0598926887634
33.995710115111564,1.0,496.8115970755776,664.5766067281793
38.308644268026114,1.0,485.20237810514027,663.8433190155093
39.29651106705904,1.0,469.3897507401849,665.8588771998893
41.15662264571233,1.0,467.45408681141805,659.8956860810321
45.561700906928536,1.0,465.29836775623005,653.5218940175781
28.76290035780903,1.0,465.0396057725641,641.2597322672445
39.68503572056383,1.0,458.05522827291867,646.5729838224158
45.41441469844125,51.46129774648915,460.0082632024951,629.0825640388077
21.568344236542828,1.0,455.83538791931505,626.3066257316391
32.53704192836193,8.136036041791954,447.3910989907072,625.5672244523157
37.68255478529784,30.845260397462823,452.8814132546804,611.3655861035659
33.255848179481234,55.89242198541905,453.3960739726706,620.9176837321804
34.99620204415112,29.2300525711629,454.2758447706459,632.9355738582296
39.90110658940293,18.375422309730652,459.17189348460414,644.6560345774374
40.2096006616068,1.0,458.3345885552729,657.6274071410518
42.81860759375161,36.898025267864966,464.22295778854846,651.1539378496553
33.470501914469764,1.0,471.7108482213515,657.4244788259364
35.925768137520066,1.0,476.9512627195542,652.3337962739005
42.58112832764084,1.0,484.0779157122222,649.8067727165326
32.56181059189308,1.0,482.42127832003194,645.077510292971
38.695209160329455,1.0,479.3213776320042,649.6957186537904
29.879137219642672,1.0,480.8317140935613,644.902962950696
32.93857240230557,1.0,475.1570701460105,642.5327933555905
41.880776944704905,1.0,474.5618661143683,646.2776907693263
35.95770116267653,1.0,484.3724373921375,635.1642245649095
30.585477124872824,1.0,481.1497040197675,635.4918692351829
34.96856125501827,1.0,481.10628193160363,634.9594677424924
28.501338055276562,1.0,477.8138131830465,638.3088984203174
33.612410462921076,1.0,470.7565269802554,642.3160260036268
35.02766904915893,1.0,471.8012107369326,636.546262373874
39.20759793058423,1.0,475.83626327730707,629.0071575566963
30.22414636945868,1.0,468.10705049763186,628.6051054418575
27.838904787273464,1.0,461.66336082992996,624.7353499572552
28.50345079378451,1.0,460.3680617202581,605.6616177387928
32.858540579321726,12.9067457081037,456.23170170006614,595.2702470117592
24.013987881333293,1.0,456.4560201253873,574.8362276684477
30.055433851049656,1.0,446.4006113704017,569.866973671229
19.932595698765056,1.0,435.4465126334278,558.9612971303715
24.79975385490789,2.7914004108411063,416.90256802151333,555.5606959472439
28.125089627617058,26.323662583307964,404.7490523795528,546.0354508247003
27.622589444808824,22.645554542589593,406.22143413955814,541.4433524793667
27.345742233317253,30.33222974757939,399.54743107113296,543.358169298526
24.704333448380766,27.748471695028172,400.7171271324867,541.8783731854471
22.105559630655193,18.514108483943517,400.02394962587243,541.064951689862
24.207255523048417,18.377683094383997,400.46795538840877,534.2650954614397
21.445650767811202,10.374934139104028,398.9809223263438,521.1382291997406
22.53697379475068,10.930179601250472,388.3145690047005,514.1868665520792
22.367390115527712,12.071820438781032,389.08483324176905,502.95062093369637
23.977155166756262,12.00715674270424,384.6397147828709,498.74818757455785
20.83236125489765,2.2508570987877192,380.78515234485997,491.3620791519902
24.447749936350675,15.614937151095603,372.101174773518,486.5610865206244
20.309344662925554,1.0,364.8765835605984,480.7463963634359
17.03025016125011,1.0,369.46886064073226,463.87654849694394
18.077210263469937,1.0,366.0441824004689,455.2178212307954
15.654131949666578,1.0,359.4352705510857,449.8374744656359
15.188469469485682,5.533781607381428,355.410627172557,442.38126977929016
14.73308598431447,2.0209865027439946,351.55842988350656,434.00923215013995
16.151547341923816,1.0,345.76572816403353,430.0879993204494
13.857304190349367,1.0,335.734916471254,424.31874371049264
11.184530275576577,1.0,332.0538452684929,411.19314576626743
9.778532869898811,1.0,331.613958798996,394.6702031141099
5.669757329669096,1.0,321.4266755869629,383.5684329131541
5.15569434727621,1.0,309.5210642296781,377.4563033824172
3.4605942318456755,1.0,307.5678315896951,365.5493050375312
4.2797739935193135,1.0,308.8178502120983,354.9464217847792
4.586032048126526,1.6615125115391152,312.5553960493192,345.0912753538364
6.112792192170502,1.0,308.04218653419196,341.31404226786685
2.773326861663861,1.0,307.11096881210614,336.5272929366183
5.099293644254772,1.0,311.1806171860191,327.83658175493616
1.0,7.3577998505463995,307.79875169750204,327.72502055983506
3.3968449869276753,8.73362334432116,307.37866475657046,327.08466802343986
1.0,5.534484776299223,305.267176221796,328.747608249621
2.8377117772329825,32.24382465447559,307.8458495178097,320.9360788078212
1.0,27.446868001270417,303.95002105607676,322.22825785089066
2.182035922494208,35.96275186380751,294.3583053585963,323.45590453779056
1.0,57.42583660521504,295.5562165333121,309.9761223574267
1.0,71.35016366472107,294.6703046681657,303.9760224397269
1.0,81.04709263338441,288.8501747590812,300.2895378543875
1.0,83.27211761414588,293.3743833707058,294.4256809971127
1.0,77.98648226055468,297.37407384663464,289.8868378502966
1.0,66.56060150168082,289.01371615536925,297.96973809908627
2.9833975169449047,38.793980721309936,281.6652563991612,301.80071998728545
1.0,23.299046964458114,287.9927771175548,303.16811875333167
3.224805331918617,14.450640882728237,304.7189894732084,285.7836877134939
1.0,14.727617397895386,324.5794006478674,266.3320471178608
1.0,20.932123544092605,327.65033825940446,267.0078506635334
1.0,22.472641182464827,307.49786925123226,291.65824352363137
1.0,39.22293131159316,296.5137317980892,305.7731161345572
6.2738124255860725,59.758343003228134,299.93521329585616,301.5267414937916
1.0,70.5905529400618,295.2323675058166,302.6187463472846
1.1932422801505425,71.16147786623742,280.54288988379756,316.32438078021977
17.77681187003202,45.92723457782941,295.6779686664838,305.97733748684976
4.649535958248151,47.166482219562624,307.5597684746517,303.0453893569879
33.643295207269944,28.33109066705822,340.92864306051814,313.73799205358944
18.555461762834113,13.079753247059358,354.8640916709923,329.61485671665747
7.925772432338647,8.760281838221204,363.6920542905831,337.51225562751983
3.8488563502489797,7.700244793804444,377.2756670127227,339.3582968344529
1.0,7.126382072611051,374.59852194585665,347.25456982008274
1.0,6.167319572858759,378.45634878031126,350.4675891332909
1.9506481033377838,6.036708897175799,383.14096287481885,361.91784047384704
11.235426218483582,4.817428711443171,392.1201523489798,369.00236895932414
4.082551463321806,1.0,387.57699077554355,372.61855261508947
2.594098438888267,3.27019371070773,394.741789142415,361.27357635598025
9.986189714055286,6.992668809784675,406.2136453809109,346.1333102622301
29.43326615404314,6.229491441189197,417.18787239184405,332.4201092644067
39.770835013787575,17.082919646078153,419.18836751448976,342.3397141262212
45.7568407406867,21.56017107098708,417.14677088933695,369.09465988233427
43.181820513112825,9.351108511776602,424.6217203658547,384.15518611560867
50.837380019717926,23.606232325286868,423.8796405376701,410.17902154379476
32.780346194287574,16.81051721340222,433.79979706535516,438.5894217212568
20.211099578338235,1.0,432.42681284647915,465.0339773710362
17.419192602448476,2.5444741912656923,428.7770405158607,488.7751573543547
18.303728913566687,1.0,417.59581289376865,509.3300808920486
24.28966071209922,1.0,403.50852880327835,524.8199287032112
21.707269892456964,1.0,395.59994767745417,524.5214147166892
14.55054180025516,1.0,390.95339926314597,519.6538175417909
17.427332382125485,1.0,390.16098427047274,522.9941038424572
20.71353899328659,1.0,388.64818691270716,525.4069278238493
20.203796085254396,1.0,385.17058524554676,534.1128775789068
14.888849751397942,1.0,382.548369740629,545.7669971913697
12.324879018891124,1.0,372.07185888443547,563.7949679407694
21.19957067114956,1.0,366.88881457135005,579.6042377188152
23.811491382903654,1.0,360.1397699056668,594.8219424093695
21.904492954430395,1.0,362.30602256752576,594.6257987115342
25.719845038736878,1.0,362.92190230285894,593.4838172454432
20.959163677143266,1.0,355.9186698766038,605.9839971838801
15.924207143677421,1.0,366.06396892354286,595.4174859841503
12.713873388954966,1.0,371.57021293663803,581.7548895505706
19.241032702385723,33.391792789107456,381.38637407413285,568.0041092504545
1.5358491867112036,1.0,396.48293722136634,569.4890231269801
11.775084222178776,52.13424102130756,409.03227751275995,555.2559736736366
1.6186717357896896,22.643026847834506,405.05264988698764,576.54527945141
1.0,20.40281319210453,401.2424699214978,585.726797273546
1.0,1.0,385.90601680585917,588.3522555318312
1.0,1.0,374.7173780446724,566.4659480863684
1.0,28.045050104320126,369.4792390017292,532.4270910292325
1.0,30.16143030927526,369.7519528301558,525.4384264108658
1.0,53.53380043317037,374.6984036953521,512.5001519294717
1.0,17.07050845982235,380.48316791742684,525.8631082330836
1.0,78.5533543421493,386.4358472051227,505.61053886687216
1.0,41.52914472866138,387.514239797343,521.2749211289706
1.0,43.73440084987516,383.05570344313116,527.6075541877372
9.270866682399145,90.90695022063835,391.2179598072044,520.0220756408469
11.388098591353383,44.34229544903184,393.3151959154836,550.5707605800093
27.26357455095922,125.90178004482004,400.25346533504427,543.0050850018947
30.463587431645863,80.46631642591018,409.98916370622203,550.1706622770798
6.82088933468188,1.0,403.0460300451831,574.4139747248777
10.619999432699814,10.975476701568766,394.06833449034787,566.4044123279755
2.134770164134494,1.0,390.3607214321902,556.9101843823884
6.55806567592478,1.0,385.08583077088014,550.8509112915549
8.91406755313298,1.0,382.40799596049976,541.3361375086147
6.866411627513315,1.0,372.74917538716755,542.1555555792601
8.118495504198819,1.0,368.7619492469365,534.6236221087156
6.679584047795231,1.0,368.33181300946575,528.971490385841
8.309020247683065,1.0,363.2316640364882,529.2534482660313
7.811616105020221,1.0,363.44034519945143,517.7594809312279
4.221033118690002,1.0,363.30450537852516,508.10111550410716
6.055740070802585,1.0,360.8864277339344,499.5450815049139
5.750434302819599,1.0,357.4726970384323,494.95496598088585
7.325229916238044,1.0,363.6539293111169,486.4951659167948
6.950950517687119,1.0,368.1343350869609,478.1019649216794
6.318941713872761,1.0,373.95249170039096,465.5355683055322
4.833831414821219,1.0,380.06126945904066,455.592747551381
1.8493840044328067,1.0,385.18515328010614,446.8880174323021
1.0,4.566850601701077,384.54823579075514,439.98054719353587
1.0,1.0,391.64016561737367,430.3814406027132
3.4828654378556223,10.160190022081025,392.1577120905405,433.5603528286145
5.241238378675092,1.3218036569473384,387.9096339351475,440.3665665413203
6.5435973301860315,4.380732059711335,387.7466640719624,447.2608474424238
4.467916095925318,3.660642678122656,392.55932112598526,450.8246984586124
8.804315471964856,5.073314955762157,402.99339588383646,452.3811462597513
10.96631959357245,12.46057985702572,411.4274652264509,462.1149778045116
13.021194349260128,27.869642455244616,415.1855178862911,481.9580158743455
13.194707857690588,30.422527272480863,432.24165956158174,481.1388569314893
11.821641417061443,63.32734247434013,439.6586205702624,486.10635352775716
8.344685978353795,62.145580324117844,438.9573973772853,510.9522265687522
5.892713488006478,66.04563005693188,446.9538030546012,527.0484013443217
2.6061724406726228,2.4601335914729816,437.44280191294,546.684941455961
12.454858447275939,1.0,430.80603885574044,552.3777493373525
12.78579278526297,1.0,429.59247944142226,553.638860634298
9.343076488768276,1.0,436.483497449918,541.4671982064057
7.745333859767811,1.0,433.8348500329726,536.3410319189509
7.342505093136907,1.0,428.50770060027907,536.6303762254815
9.549138749652059,1.0,419.1745204171607,539.9772012552414
14.838556271005956,1.0,416.2154911059757,536.5043619255275
9.396360479625145,1.0,419.46960203242475,527.5806562250856
5.541207837233969,5.522093863293662,422.10762449280236,524.6839173479596
16.317622352408733,26.568725782463844,420.6799112363796,524.0231660897657
7.0058627503039475,28.069037098779916,436.7047758717779,506.7387479811305
4.4864162670870655,44.255245758471744,437.7147002849298,502.49821473424424
8.962560791189901,62.945371074419995,434.51826910837116,504.7924213483311
1.0,33.70677985079874,443.60390218026305,519.9025457309599
4.164511889530985,20.439841375951858,440.5592806434596,524.1364047044606
7.897529805034651,36.689268951723136,437.68008146806096,521.7920630898046
7.339375948045188,19.74074878685809,432.9039576323876,532.5545963833939
