528.0,125.0,149.0,69.0
530.9229923595096,120.56993848518715,142.01533555255764,75.38889726454369
539.8776069310154,117.84856209971753,151.7362922793205,69.8902351457845
545.8665981852854,115.17011205959092,165.19542469345916,63.62708379324877
556.5383189864771,117.37555863791249,175.9694050787883,65.84631213998631
563.3207285431622,116.32097456012121,190.5948882867425,66.56825417016442
566.764018881126,120.99162948384168,201.30248461018687,75.99731117046063
607.9824421931523,113.11417694390195,199.9955387202314,82.18542034277873
647.4818076400792,99.110935743411,191.69639058105759,93.40291359426016
660.019850626161,124.19577001463735,200.25141599141247,92.75486269769729
668.7454933616576,112.89169221548806,210.71486886581118,91.79863465443789
700.4273823993695,107.1611429147936,218.8133534601173,90.23706777263895
720.087240432357,111.22891624982033,214.88074692950866,95.87010326235591
726.6215150996804,93.21560368143696,220.23432629473803,98.87949727333616
732.0405343243328,101.014696631711,231.54748441545706,100.37575872397028
726.962056273574,103.39459209637717,242.90437049253813,104.36744242297104
723.3050391775687,114.51124087567378,252.71719672940785,110.93793430048251
693.6224886380908,110.86760771347798,271.7723149555671,112.10787374834639
701.3748819190519,103.23679608113454,277.23547593331125,116.46639685530441
665.1191923598938,97.7966381205521,292.0907737266881,118.22562798103951
637.7308885812006,94.87145127162776,299.58374992103796,124.15862955130643
598.541474222666,92.4017431460026,315.57620889077134,125.9839759521453
595.5544967704795,73.80566938134847,320.18114522901885,132.86709210638188
534.8072018892501,72.48396864146453,350.6251705200625,130.75181417110454
485.4433220199451,72.26902521624129,382.73927220487826,130.8648983422936
453.7398377150532,64.06446141182731,412.66924132500554,133.48276826009132
416.3179513000557,62.56923872583411,437.2205007871878,141.5633890461541
405.92631148552937,54.42398093711779,448.83137107082075,151.7476913713187
367.8677180750383,48.29176625922422,458.7054602499036,158.74001794077864
363.57173786116743,41.249562979744084,455.5944519970905,164.21426888655884
353.1460499401388,43.05114239668448,450.1470015598627,166.16721731521127
357.0946573301337,37.7501367093158,440.8184479284818,167.39276667115132
357.73367091460756,42.76953394826421,428.3063928967839,169.2565201111671
361.999427524156,49.904404040154375,410.578229098666,171.11333901918354
381.1260815037893,61.077109785659786,386.9531692862598,169.53120461244913
403.6338454974591,65.70801012971882,359.0092457585982,168.3658556779576
423.47048992471764,73.04816921883366,329.1236575590833,164.92077019995338
449.2213766577931,71.41747743499522,298.406325145599,166.66450161375144
470.5462189954103,73.64557507180135,263.4619486933984,165.34983685672177
497.34988719693797,78.28869571232545,235.7071911307325,159.64547610070366
524.8615382799429,80.55524424117301,208.7142026464699,156.3775941280691
558.3005878694079,85.84609068764053,182.87949112802633,155.88097092363012
582.2111036159394,94.54042996038996,161.8493150032162,153.41475627842703
586.8750119638572,100.14028201096443,149.11547585864446,151.45133003145207
592.8921501025404,117.87518364660392,146.05479976587768,147.04679041189064
598.5517474093102,129.97959905309216,148.9937198054947,145.01917515177539
596.2512817740289,139.36186878280216,150.9025732126803,143.44728688693766
592.2068698402995,149.47070930606912,160.89452891273814,130.65599720587437
592.4412359216669,155.87401837440726,166.07921306047285,123.74266301676624
593.8549314316572,163.32740980988933,171.64662896843677,119.69895862764919
596.6221949589678,163.06144986536134,174.37896070213276,126.69151568764462
608.1159088631645,175.25698443815924,181.27725012223013,116.98536789877437
615.7984023490119,160.24294570904073,190.6057932642023,116.86291174666626
638.4806982518523,153.3048025183346,183.27838683606228,122.1876308760176
666.9884553079719,152.07424723120494,173.51685704394652,125.03498347849245
693.4792677607587,149.22710845737345,161.8377043151932,127.43717637169249
721.151551602875,147.24246205444982,147.75560955167543,127.75614426315191
740.0070231095592,142.8345621698502,136.58345200911228,130.60691407997373
735.3924313808336,148.8527329145149,136.28742573369107,126.12778915224109
726.3634329337748,138.9858528802411,135.1462883918842,128.97249207222742
704.9538078125066,138.23451455739004,141.92617798889765,119.25754078551945
686.0992140153504,140.1719812895892,150.02631674434204,114.89427827848714
664.3389886189345,138.70421489799776,147.9388218014056,119.27391688675985
653.591912130431,141.1420169536166,151.6490509864276,116.6370381321359
643.7741432947929,154.12757958633802,156.4568552339497,110.31365275764851
634.6136311393052,155.83429262483446,155.8823757069758,110.30265552839757
627.6518805205488,155.2300178745312,157.15098865961963,109.195354219533
618.6424305900184,151.624776254704,152.05440685660204,110.35550557704323
607.4565179942667,150.53237984871183,139.04973691427185,112.36912394769583
601.721179757162,152.3267341024137,127.96128229889673,112.4573479210925
577.3389361199272,162.08273399909086,134.06258781070187,111.24166677316632
558.6949042262653,174.69533969270807,150.52156090180162,102.87806098072296
542.4247995709877,173.59238286369566,162.46376141595223,99.83044831122359
521.4861711414126,178.65317721416852,176.93734837265785,97.37642934134752
499.9627438157145,186.52439758325005,185.7666293720177,97.20850713124746
479.6112319855551,196.375680126834,203.73223486383213,95.93785792323382
470.7512877953711,200.9898949848111,212.41033226895453,98.23929818876903
436.0039043598945,216.90169161631252,228.31273810262294,99.46577858844037
403.25933029307964,220.0763033966134,244.49648147087422,100.89233766431718
385.6069464989098,225.204403040685,258.9419779966892,104.1147472014969
373.9064523988103,227.650541872877,268.39853350689947,112.19344710697564
364.3139822482747,232.08191995677373,274.18825708950783,113.59425337097035
360.70152651094634,232.83671079357475,270.00485161568065,117.33992089468026
359.34166324530133,235.83269094097915,263.6273565410374,117.67897648365647
347.8479520316218,237.46879142108057,254.76289735855354,120.0987195240911
353.506524633256,237.18370605113114,244.6042747647225,122.14047051177945
366.148924216289,237.156457851373,240.44411707992688,120.1809049008885
372.1218434239113,239.48229613679246,241.74202962603525,115.26516502459114
380.83284434061517,236.16979013817672,240.3808711012192,113.92877224544532
387.85488651838193,231.9735920702782,236.09386562409708,114.36367685945832
397.09121545537016,220.76144894310414,227.08754506179287,113.79050360178782
407.94982799580623,216.81408620793732,216.65629063576915,112.41355522793724
414.47123684308684,220.89590228974484,210.0721497402172,110.83113518686588
422.4527621868342,221.95698204670154,198.76694075602882,109.41862770593782
429.1226205106975,215.1589946026054,182.89698842871232,108.62080109153706
438.7196626718435,209.81492362615455,161.2398511737219,111.49469842711223
445.9424989688891,200.23707591111767,138.24864714527155,114.70963153007727
467.8639583656377,198.66694099295432,128.95295644781933,112.96310676871224
480.8855249948122,196.32575826954627,133.337262041004,110.79732807769163
499.6932971655894,186.8262564731792,139.5462366060816,109.05685751989158
509.93733811606256,182.4829052575788,150.2992531402716,102.21680224083498
527.0158266609217,177.46041226786826,162.44423234379283,91.75328955503387
538.8100442349959,185.4482728453935,171.73747253978883,90.03286905960536
552.1664110992892,183.77083278776678,182.68232255041363,85.39070353257725
553.1490818445843,165.38278578414932,188.44332424489835,91.9472629375145
582.8243502498918,161.3252186167692,202.4931813123906,96.73933155717906
606.1734905991892,155.00689154778058,207.6526533849015,101.31593233329352
636.7021004225179,152.51866952756592,222.61152625361566,101.29316013803984
658.6158178152465,146.66013382964135,230.0108703309982,102.90122627631035
680.1169218492932,142.64963780143972,237.45005716391557,98.74432771079975
681.9752161390157,147.01554604609836,244.91218508626622,96.87004497840682
670.4786924118506,150.1210086930099,251.93448062170145,91.52744012658852
661.6118823468876,162.2753797703881,265.48457009260613,90.94185403557395
648.1123973695129,167.31147033455204,280.13534968370215,92.38917888670423
638.6251368869281,168.90313962823538,294.2753701285021,94.52352665825158
627.1085477712002,169.59396958486388,310.60294088568327,96.5047464607033
613.5400108130113,171.16536488863656,332.1808127817641,99.01002310990918
594.1459441741204,173.8889448233553,351.22811993561385,98.01731702838794
574.2739411702697,176.25088433864633,364.717652290434,99.53619963085062
565.3212791742033,176.20500759908242,372.8811747779657,102.15446893677446
560.8002072800182,173.33686128393185,377.30912380317085,105.48184175928355
554.7541279408972,167.32155404925797,368.99086654436957,108.9755282760985
557.4009330818137,161.33688319730453,368.33933355032,109.0112507042509
568.3527696705366,156.78891588413705,377.9671604801209,110.16968667790476
564.368391961702,153.75766405636352,369.97321495086146,108.83748842940358
570.094485846096,151.5166128833424,365.5650695495004,107.2379201451069
581.4547842863929,152.48850006397913,360.2681748826662,106.70743426553852
580.8913830695685,154.442899943666,351.14758970185807,106.70048297178732
575.2458707772298,157.73096987724693,347.9420891402023,108.89285851831018
574.520242738977,158.9466451653395,350.9141229029293,106.63997695413143
573.9832009418262,161.29043737669335,358.2635664684357,106.00161333370325
571.3479132063107,163.62432581072125,362.61474875579233,106.3509215593001
567.9957821561692,165.4728257121654,363.43722666702587,106.00180181497959
571.1930288322287,167.9493808867549,364.57963745735515,104.96125709479745
574.4695098260061,173.57547055361704,358.026295960247,107.47233734132215
581.7344351963332,178.4589974372682,355.934400588155,106.65791211751646
582.1166219803312,186.25094145901465,360.0267251077096,106.04266894739501
577.4951466552943,188.9451450594595,369.68419008331813,106.44377379475512
572.8492820391931,191.96190593965366,371.9082270323192,106.68901328499895
568.7775775657034,192.52527573737984,375.63643960179434,106.50109307032412
571.8971796227901,192.10727124059122,375.7373520416366,107.26229232649078
585.8532558968265,186.67992133619427,372.92007429554224,106.45951549574876
589.062665837383,181.61527676799372,364.7414288828538,107.37675493077565
595.3547600388356,176.49388946230576,357.48865185638294,109.74425754030074
602.6084790072512,173.62414784682727,353.376571834335,110.0830639527319
608.6516873874282,171.17119979065848,351.04245398292994,111.25349419167806
621.5942465714655,168.97815258838625,347.18003644895816,112.20536185244853
629.7862140939299,165.33191174095742,343.6413379490092,112.74520881525459
638.8398188719325,160.8424855525265,333.44320375433296,114.07115349034602
645.3539838622662,155.04087871801883,325.6705763288147,112.4358429927563
644.7298408242623,155.18786358455264,324.37321693105406,113.6140916815115
639.6893905167815,141.802106120641,328.3498912276257,108.06815813581944
630.113296427729,141.70053062444765,336.2856389175312,111.4417813174667
617.041001001241,137.11907969507598,348.130172979765,115.170423895619
610.5384655454799,137.0331982015483,357.3308917528024,112.37946897807035
605.291788775548,133.45204873492116,359.56600695643726,115.9374104937179
605.4881238013908,130.8730624253493,360.00508327321717,118.16264362286333
612.1701539687567,126.09140860772196,356.29368372662844,120.85951484139699
622.8406227611003,126.96985692411657,351.99310224732113,124.3306307125188
633.5245402935931,126.24593656577545,348.0195315068993,123.5248207199409
648.3050463448155,126.31417728753007,343.64583910720506,124.94871274505783
652.2363813243526,121.3114143601743,341.015588871793,127.37823195596324
644.8344243153679,114.44174233312611,341.0015890318603,125.24634776870538
635.3972203261515,104.79341150961861,344.53117791105285,122.33434328509902
642.9025270985143,104.70798533233335,343.0458320262235,123.98286520973517
620.4295763155783,106.23649975305723,362.5582983190435,124.89854580910648
583.606029973924,109.58787767303389,376.0860021605893,132.9415728919463
579.9111627142041,110.22312884613422,400.4571890797669,134.81338805744628
565.1060432114687,109.9781428631884,409.16190457158757,143.5922389023532
560.4598850880614,110.88292871939807,430.9997682619502,147.91274197790025
549.356237362209,113.27980601218839,450.27771272250163,154.5747081763263
539.3219521597764,111.71602208153307,459.26315009387645,159.78610545663125
533.5301365243835,110.42357425206552,460.0467299594779,162.08784660519638
531.5317425752937,113.77833363004656,454.25518151276077,162.67109200988685
533.4860777381023,120.76051068360405,444.8881276405235,159.3679451446099
539.1323320080966,127.59229108052351,433.78970561711594,160.28544915619923
534.9562729478155,132.40827713409553,419.3037325317956,159.63087939900288
533.3315884158701,132.11462010092708,395.2654592286061,160.501818544895
538.126648642988,133.5682597265549,377.0539794554639,162.54084731797536
539.8190357642367,135.09878249476841,353.21689776857096,160.27950917246278
546.6392550645513,131.1708783154562,319.56994246044906,167.18036902013486
553.9507727179953,125.08473351943353,296.33653486631465,163.95599456588744
559.442213886781,121.3603817335096,269.91746083575697,163.60955835905685
563.1471133112307,120.8577833106036,234.78445199116177,167.02591076743101
567.4182153630965,122.9552337598389,200.81795319198918,171.8744674378222
568.5708252795796,134.98037274902532,174.24133153991204,182.88641640955976
589.0619240257575,143.86538519645134,179.45856995768057,172.76202354067783
557.1675560926233,146.01547747590257,173.46524700138116,161.30920061832776
528.2397132797842,154.7526859383055,174.11618835208506,150.33249091273464
497.6990155951853,136.89849392036118,170.5585577743596,153.08268654115574
477.67416121465885,170.05655541187775,177.5844522957507,138.27845933393888
468.6833531187754,153.14296893459502,177.73750140126492,145.17786263311007
452.45901161001854,161.5817805486107,186.78814180564575,146.31902291866265
493.4857965966372,156.155730189351,175.96139329375688,163.19596640709852
496.22838628598447,163.4248037415879,175.21766306184446,168.86845235538772
501.8950894156351,178.08827449701687,171.76358757031545,173.5185536586563
492.58832229528446,180.8015107825273,179.01225034304292,164.9222322560758
502.02613294080106,175.7737986897627,178.51504973943435,167.4968461721904
482.33452212201416,178.3299392957154,188.35336381651342,165.77209084556054
462.50375971948915,166.13178140112515,196.66403933740594,168.63150009998532
453.3465063034632,153.51649727161742,197.29027856377286,171.96101076335623
431.9346124938929,145.14596198569788,202.23671107549492,177.5073845163302
425.65553103226085,135.37177332791728,201.2579400264414,182.67798014514034
412.94397268317266,125.03261498866965,203.67283945482285,188.67876580928657
408.22198557378204,117.11003005567413,204.36128220981738,194.98809290097878
396.2495528839584,115.7296585869277,215.3217739775124,197.32494683763363
394.1545778246884,103.73274051016543,228.10547867055593,181.32122776317294
383.60155701244713,108.84724666122352,252.56511844763327,162.0906623378886
398.75251975417837,126.94816713178247,269.4903690571614,146.2848407138112
417.18731947035246,150.5781272710736,283.9064475045398,128.8412753471818
437.3282953789595,164.6458903821595,294.7446965854644,122.99780087941193
453.54070685009924,165.8385719418901,316.6324517950843,120.38588254166402
529.1738444283149,164.8397943377127,308.58587272206665,132.5899663808034
613.483367818947,143.89794787611126,280.3596314138658,150.05568914010314
678.9615252295227,111.54357836201885,252.74243723368286,172.08192236036268
718.1500409796627,79.87710974407645,237.6307440479335,198.31907943343083
712.4392361496621,87.8534262117476,255.9209661807227,201.91901670026328
750.1324841434605,66.63161635990802,247.4266496791949,215.93339971829445
789.9565832229055,32.8148472371729,223.03559330235777,249.32901184377238
795.7309852459116,21.87547430822616,204.62240122538287,272.7963432306727
801.7485511987522,21.18743992159264,194.46761634637838,286.9200862086564
802.9576936792697,32.82164475859213,184.02702460783897,293.4621497235584
803.0211990450149,53.92269555648642,171.74492759491608,298.73838502870115
779.5430338395331,78.27544501265533,175.1975508986326,297.10277730586057
756.7647627432531,121.76722881293989,184.3684245085667,278.3054708758285
744.4519148065496,164.2126014328469,203.65739457701025,255.4875154947547
755.5398728555318,150.97114335199987,201.6908277970628,257.2610058721022
687.867214014485,193.91633943019895,233.05644282904962,240.2594446437745
628.5356976225113,209.40683834789118,256.66321510679336,225.94706386203592
394.34234833974824,298.32265983572745,314.460988718967,180.18022329579452
341.6245192731269,324.2539925291431,350.90882868411546,148.6951456020432
327.57155166762897,330.84545585155126,349.4545128578343,140.69177362222888
299.68114595399913,341.7987109451448,349.76858086902087,134.91921633784727
295.8644796653526,340.76456434229215,344.769588506888,134.4063625587246
301.9766295774869,332.26325027453333,345.08951884359885,134.31603463799155
317.9687745213954,339.0443551298756,360.78122157407057,130.0433966527093
321.12256163967754,325.0200143474406,375.03554997057336,128.30319837529657
366.24190759611855,323.13846967982215,384.8156061920221,132.41708166710887
409.7331839769792,307.80062016084275,373.34056250500487,145.61943799560504
380.92159836421814,303.837905723601,398.97641301308784,147.35314213376432
401.7610219720289,289.18381986365455,396.3293061282815,158.73350903476756
397.1187500627753,274.4351257939625,399.018638886159,168.10896457800803
395.0361841486407,267.4848302876817,402.8819476305655,179.46689165942962
301.05024862869595,265.40521502157816,413.42025792986124,183.5620886411408
278.3001109680865,251.93072166232298,416.5373808972006,194.50219804422954
252.6971381428072,245.71025500741933,421.5897923261715,202.95919106876715
246.98310194330247,247.1193391431355,433.274523526602,200.55880444376146
231.2636215328307,238.68691952442595,432.5033290080171,199.52915140648892
215.1797121698543,224.3480333573477,419.81219211849105,201.21196731587503
212.9512898163664,205.04592540033414,403.82138603731755,195.68254674529902
219.79862929696986,198.58826145189542,401.15568350688363,190.61711312785764
232.59182829869337,204.8366046170502,418.7537382164304,187.32025035575379
229.7515632325387,226.2479508288372,445.90891030998495,179.6446752989942
220.74039402796436,204.70083527443853,465.6571685138999,178.67824846317833
218.58831032269475,191.42564619194167,469.38211063231944,190.87882426021395
225.5034733627172,186.5632473205947,480.7388040856818,193.08469103892563
225.63973671710016,180.24024610189187,497.36942684899395,199.21241255595652
221.3976344813227,191.85629149795707,506.89680924872744,194.56694624628932
255.78173103990383,167.6659999735382,517.7142524714742,193.58390272182885
210.8031083652889,184.78050017276882,519.3479447586245,201.51009178804134
192.2636763813656,166.3160463308796,506.6675182861744,191.60278325883016
202.50422754991877,161.11841090284895,505.07708187154196,184.7265055200815
184.26753298346,161.13591615066227,464.3790590280573,205.2605401696082
198.88554945486158,142.96374053533185,443.1411371265825,218.438296798627
218.540894611459,134.28772562756959,452.9255230307797,200.40183446179702
225.60327934002467,138.17320786887603,468.61476640684776,192.8121466385303
217.6793985731149,118.40908238288323,468.8782325658043,181.96772241382658
217.62628646882263,121.908197245352,472.78415463688475,186.3610922922154
267.7959300751565,145.20416924551247,499.05757314296,184.08475097521404
207.51208930042293,130.51425180621104,509.3287324115769,178.57811576103626
212.295405647871,119.00087168841893,530.2242383376084,182.0626594288587
201.7541432587675,113.86195769404817,536.5987140299114,192.70478990584482
206.6625984074094,109.88558269267699,545.1250650081768,192.775728040072
208.0646429053533,110.94287002966017,562.7015786015874,195.40102359857335
204.495033069131,109.04181889380864,562.5363924609295,198.1980004111583
203.73351342870188,99.21320263581406,565.4452613987179,200.119276668909
213.26857737386064,98.19567960865518,566.0655419091937,194.99442848394517
224.76087870056682,95.25231137942379,552.3151780899836,192.98675704141692
235.18630532969615,95.35153665624235,531.821485687286,193.97805690027118
260.4659928373121,95.60936331650885,526.7653478933873,188.02048643883296
280.55432059129106,94.09017917266624,528.3661298489161,186.43746406828302
305.96207613876027,99.44613332933994,529.1469613662625,180.09775818168862
326.7351498639368,102.12050604442595,527.503679736274,175.79908327740134
334.66413787405287,99.95841550476914,529.6936061073776,174.20036124961615
345.0673630779773,106.5732384270136,527.5507351507739,166.08551769210956
346.9830280570528,105.36169895717146,512.2127995349069,166.30331591715066
359.1492811118609,106.43345086540167,498.2546751701975,164.36373388797384
359.1414988928767,100.93826458253766,485.3087793768957,162.34969418774844
370.1363996440321,99.13334987300891,474.0892035563819,161.99410589144594
374.00355309121056,94.91855107595138,462.0837052112885,163.2601008736692
389.5087236412136,89.43440582135347,441.5908192737095,164.1233022921677
408.1250025638301,86.42199539166349,414.2277691897951,169.3785718388323
428.325698134841,82.30163092194701,396.4150152302512,167.34768487364573
454.7020696512574,79.60792277380355,394.49541339472256,164.6871557933447
480.2776248073892,70.78079112509107,395.7617270092594,162.41523236876043
504.70435494755475,64.64201401587258,395.59958216891886,167.23650364965704
520.2660584272961,52.795600489276424,394.4929205301874,167.65507666346295
538.6610066861977,50.964758340941,392.0751961068087,164.8941096200928
570.4610596580103,44.08343774236205,375.1160668805061,165.70578004741012
580.8155075895476,47.69688764467085,358.3242581035083,162.82292776533933
594.0872646943347,64.92269389464651,336.7848337232881,154.49539769545336
623.7213232824594,77.23892807174131,302.54593874026773,150.9590131119571
630.2227626763004,85.85678610717694,270.139695119576,143.74407071753015
644.7482275895884,89.9921994811831,230.55370856768928,146.3663895681997
657.7785379579617,94.86731134620372,197.56206404139533,148.57288687345655
688.0125264308977,101.76394879728345,183.43050173341143,143.41937838484037
697.4123383471489,110.32368108094064,191.85534680627,137.22632090868854
705.7630821626184,115.09352342232152,208.3560879629708,127.56257886141148
710.4404329144977,114.87621344217334,225.37102444935198,119.32546549035527
721.6757013379815,118.94415163043382,246.91821541826386,113.67196899641776
732.880109063829,125.60458695961096,266.7326367397252,110.30510085996681
776.9084564764798,111.97670048592813,272.559347730033,115.37307991939136
791.1722636461742,108.22135205141942,284.63249383016665,113.94156717819703
798.6890336321961,111.66508920716683,301.69183440670304,110.79377867559386
812.0535274428032,110.5571170434595,320.05616473190435,109.13320498011812
825.1612624672498,102.93905540193533,332.9400771252748,105.8143146415284
835.9203025802663,96.0408819068341,340.32191632957836,106.3730112127539
845.7773443088821,93.7174257000159,346.5684218083823,105.23419765023267
834.3063899347947,96.66291981767299,362.9129474636253,99.62270540599901
812.2327019425459,100.64397361172536,386.66725136016623,94.98890687238656
787.6431693574407,100.89819191421009,406.3457675088599,92.86092966566628
763.352797138198,88.03600519221945,425.13771834109366,96.02901286452887
730.0144377194695,75.88711030929122,442.4524498911086,101.70358310781961
714.0370730308333,67.5986420484765,456.4219351109464,109.38133049511097
699.379264781541,63.713120809302616,472.55009732018397,110.81081478055502
697.8896747543108,61.50000388947392,475.4711877278727,114.99067571842905
693.8633710680872,60.37136598698628,471.827589796952,118.9809896225378
693.2088222308854,62.221097619258245,470.2987348059239,121.21862105727016
690.2657181854089,53.888718548112195,472.6973643211777,124.96023757755461
678.4426835639421,58.15929673710629,475.0450426597513,128.08751567736672
670.6841082215586,64.71700070696954,475.363499077979,128.44800114006898
668.2050256581113,65.89402329617603,473.3502686127308,130.29329517261178
666.7849496851379,73.88770006167721,467.9635835228005,129.48034599635923
672.7691288001157,79.44124657037027,454.6419244756443,129.3720942349871
667.3883452832251,86.1249961697552,448.13431792354334,124.96811582133
653.5492136135788,97.60947120474945,453.480723803475,117.03453017739062
637.8897338817239,106.23929256644533,459.42623696165265,113.46608995951028
626.0299415790237,115.95385375346996,468.44170578510864,112.13105358569568
612.7179829685498,125.26213480026233,473.63085486659753,115.6481850047355
608.7483637115924,129.62634795839807,481.15021635259524,113.57913854042553
609.7919467465426,134.3995347049503,482.50663859059534,114.25472485372046
611.203223019199,142.3469877227795,481.7871297350783,111.49693221716157
605.1492908457082,141.40033467013998,482.60651159217286,113.27080630162884
601.4186545934101,141.38962561357675,478.32923215209587,118.76025716737178
605.301809075421,135.2695374423606,477.0107365948817,120.88699120933529
606.3629775254187,131.18949404811542,472.9308990653026,124.06976160508353
610.5302399885094,135.23402539714743,473.73998225336703,118.66168087494314
614.2268233268032,126.00380054356799,468.940911661457,116.41899992961066
621.0528485978521,117.19435761640398,461.8672105316999,119.17143278043551
624.6819592330858,103.00394846026477,455.6019248333188,126.54381995063599
623.1187871413463,93.91739006842622,455.7471347051919,127.85736456182768
615.9144335714584,89.7599500384801,463.616587085113,126.48038484242007
603.6555027208337,82.93809815632626,472.28045563621015,129.98891320443144
598.4890692126351,84.61438122854015,481.1315932057414,130.88139638355457
594.7060922229077,78.2826565833424,487.1546350892943,133.03514635312627
588.8591936127721,81.40735617436884,489.20108518161544,135.22219706230035
578.0405402223046,84.18848881900509,488.3009761526031,134.8313468166164
572.4881975004448,88.98496345117793,485.10201122463104,133.25158973337764
559.0328270529875,100.38211285571379,485.48635196935953,129.2501718763777
549.3486178072615,100.83480504512656,485.2131684553016,132.30812733930316
544.3734449071435,106.57690367967759,484.9652865313657,129.58102640047744
535.4725994906502,114.05479868161143,478.22670101612584,130.26521641179613
543.1445690210235,117.87974292088929,472.9729636451981,130.85042518116896
539.743656660599,127.97481991487055,464.60859301984266,130.2303277204004
547.6496879994567,131.6368909046524,455.51697175456883,127.83062938245627
561.0529117452353,132.32196087881385,444.07574412815046,130.80718202279513
566.066875657596,125.31150466060947,440.2725519446401,131.4797732641755
579.965436270214,119.84436102713728,438.41218019976725,134.16178162139747
580.1366527525437,114.9616410127623,433.10342377529383,136.40258635599156
590.4100613677703,106.96869010355798,429.1731800690602,137.75222304050243
599.3754202805762,103.78689707640723,425.25708131689265,139.95701000638832
602.7147665241162,101.41266639579783,423.94767774118424,138.5757920674539
601.6494345871181,90.77330362179478,422.1907621877359,141.86916529281325
616.2697731911323,96.80607588925851,411.26497307161037,140.0943569183652
615.6218149171941,88.03147087315153,406.8199914428411,139.30630696975425
598.060067417546,87.354709841307,410.61084036754136,139.21259408970343
583.3051629184362,78.6059072983446,407.64736611470795,140.63689589834692
567.2129288803837,66.47279884685392,412.2860194884557,141.96788886964674
558.6369964152956,60.128757990415224,411.2186898310271,144.3051939269105
546.7687117646042,43.39158547442506,407.6172599649059,147.83821315114224
537.2273025171154,40.77122725466242,401.4756914903378,153.21036532504485
538.630800967625,41.27218689638269,405.21236838519053,153.8281665547073
530.8446044890773,36.603669502325744,395.57316418906044,154.60671504606862
534.6918222740132,34.43797471837922,384.43286458419476,153.5500701343538
543.9595278601855,23.855022227112713,361.61632298218547,156.97247690720272
554.5168988505683,21.151754756217755,340.8942346291378,157.68447757189222
566.7918785507234,19.225709778819677,323.85886178809676,155.28765102021924
584.4183939345266,19.792811758481704,304.13233647801894,156.27975611467988
601.533244126935,19.66286752184621,285.1163742387357,158.47198724317474
615.2988662135426,16.321578548786846,266.6822420073263,164.70257328021904
636.9233916473048,17.916340400417127,241.77392046286582,170.93020651779074
655.5778252922828,45.208193544467264,227.77202837435186,164.66469753104442
652.7188782404767,56.801058565939385,222.60174051909215,161.82886568179325
640.2232704947102,68.56084748877672,219.30795619168697,157.33049273809763
627.8814401626568,78.49095212318609,204.82226883931284,154.17933276715618
630.5802866582153,94.39340952837888,208.94017923640797,143.32448750429822
629.4635546799794,104.84813543322146,217.50611408345654,142.25726418331217
619.9971254848072,105.92888343683168,219.3729011772174,143.53772622901067
601.0594740286955,102.80948690417502,232.14735401820946,145.12493731043773
594.9517384476717,116.07413070865695,239.21259157410623,150.17041544753732
568.0441106251151,136.9437596818449,255.08259381482526,146.3956929512862
570.515599640137,138.66322065399822,253.9168642444073,149.99518874260173
557.152516462751,150.36375687477027,260.7322112689534,142.4623724738525
539.7579542996446,139.1235065414074,279.3058812970522,138.21264131226417
463.8332875360981,135.71091833816118,315.4250488262443,135.1347798325216
425.20654620603244,134.57772828913053,335.4425516051041,140.8189858019
445.5994421733956,111.06430440394935,348.50804082624035,146.55052351301012
461.9082811323044,101.748100679228,376.0817318702061,165.22732389272306
486.269252295126,85.80358918727688,398.12506664865225,184.4425896670096
472.3300038133937,87.85731719584602,405.4334149843331,187.88294864219674
442.91564235626566,86.38372496951519,415.3482401183293,193.65854833114122
347.03259978130643,80.95300933731583,431.2977069832675,192.7658598348489
354.206761814556,81.28609702309276,447.0596086582991,196.28902669950799
283.3535342591583,88.65347350685212,467.9219841823944,201.8554535547956
291.7429046892333,81.2762920638548,479.4547863298268,206.0079630732857
252.96590721248822,82.95364692228422,524.3370473063483,194.85615579303933
241.3753580499283,85.86948708773818,557.1701768752087,180.8879969927001
270.6219276048523,81.53243263679764,556.8255507835577,184.35621230702827
319.84719954867467,56.269365345091686,543.8025438504144,199.67624288245847
345.59074963065046,29.524402858602002,546.8931839243334,207.11583494721185
328.36047974679815,18.461001078194812,584.5257691517012,206.43262540992862
345.98841641909974,8.050007436212539,599.1966025656254,206.41841559374166
323.0120163017298,7.345349497154402,631.4544949472984,200.95774217949364
301.8121982802004,5.399991009762076,652.2995245775069,198.14715895568997
291.12004834414813,5.175210674343148,651.2801652343851,196.96897816754642
304.0021059902086,8.506552033584285,645.576893777746,200.8682732674311
346.70112459510074,15.411857225988527,632.960192109106,213.8184997040616
379.58734141773493,18.412588013190586,624.2929381820616,216.49458525673418
411.9701374283758,39.20138530598783,615.5542341719822,227.50746383557725
427.15415912284675,55.02228305750633,609.893776841262,227.43673149483098
414.2931965044629,84.51898169970511,616.5379599794092,216.55042283042127
414.98710491769725,102.66963928405306,617.309044626978,202.3266044074265
418.7415663803812,121.88038778310256,607.2497009877607,195.40007136328248
429.78337927313186,119.10979391362277,582.9695371755807,197.5411376375657
433.6065859410709,112.48912820645245,550.8976452704267,202.69494724891513
432.2621849144354,115.75470026791874,526.58019232294,206.9024464006818
432.2782667838727,110.87122994424476,501.4631974373051,207.6780367490377
432.8091734146368,104.85010177061913,474.11566347929784,213.0685462121293
428.7706867520599,103.81242094177597,448.62951014061196,216.2897118466015
445.63408047552184,96.44260748847478,417.40617378675887,219.42896327853674
450.94875973864,101.99147653325433,398.42705822155176,205.50208993470275
491.2381956644718,96.46752439002026,383.1867854527585,195.27553416521113
511.90237998122205,86.69463616675736,381.2460311396936,192.49465037902115
532.3527541173787,74.2112133700239,379.8348822549017,190.4405240539753
554.2512085806579,57.72424926756142,375.1839281851064,189.5591806590851
575.0298927745484,48.46347155829227,361.4696285451612,186.14405068320963
592.1783323068341,41.177843177695024,346.2325634090863,183.71253317760267
598.31193571761,44.84845633393937,334.3152010233134,181.05219269804587
598.4039768685554,51.45065070604136,317.9843652507152,175.12160570127503
601.5841817276159,53.96238851300474,299.6252249844147,175.8406924904323
623.0506667594875,54.90893177086805,263.4733602492744,181.75801934365515
642.9842408351778,62.994682244873744,231.24693563432916,186.45893285847367
665.6221848990348,80.24071112719542,223.25621259889567,181.6307161196268
675.4833968778942,84.78832388296439,239.26031357182825,180.08698257291223
678.1040352331747,96.41889999421295,265.1367520485101,171.59505061931912
684.3219726439756,106.64967750277509,291.26895144658766,157.77859009306258
691.6364569118657,113.01911706667056,315.54839962158553,143.8241801569152
702.3705369998431,116.09287299809685,336.31314288134564,142.82697823518998
750.9443948425906,109.31450439567959,337.77963745436716,144.74114759275517
744.7917227648034,112.24695452497588,364.9927617606056,138.99382788941676
784.8277041099427,89.7107020414478,366.0552121025461,147.6997910656852
791.2270486976158,80.11298210587495,384.3235811078745,149.639305316295
794.1858213949246,70.47913021971377,399.57247463932185,150.4222037071737
797.7798454058794,62.60343959674394,414.5543441154925,151.8249145053376
802.0097816125565,58.82440895993264,428.0061893081395,146.3078819844048
788.857346112482,62.841218392844496,441.7603392233687,148.5040961219383
772.9395216649992,71.50299232087134,470.4147755384142,139.69907728754103
762.9366429190097,53.42970953294467,483.1475331782095,149.33229057967037
748.1361916644746,46.25749939804254,494.6222651402212,154.95491198333772
726.9156918107566,45.947561540436425,509.14199454630034,159.8638139777654
711.2965356923974,42.77250859555532,516.6537427201495,162.2988691969456
722.0132667998055,35.65658021982209,526.0107402204088,163.27690164635445
717.505266229135,40.63982911373837,532.6009706406245,161.89754292501303
715.8303175655803,32.55685568959923,531.0487715612597,164.35566014984238
714.881035750609,27.925245626074684,544.073230608073,166.02881399602913
698.3170267665839,32.52948990213547,557.0837353698291,163.19609655926058
697.1717942828326,34.04702185577604,557.1465312592122,162.1471948904373
694.798922488395,41.62785731746996,563.6599390499196,156.60570803617102
687.6352645610606,56.96802519223374,557.2594325220207,151.84112710369726
700.7895333357625,58.32165124567257,546.3919788560013,152.19414992870992
692.8700651229225,60.39195401973193,542.2974645678155,149.75777902627445
673.2057807124311,69.54492884313703,544.2435986786681,146.186674126823
657.5158725980223,72.68649705480311,546.9001465835418,148.7956263239928
639.0516217230726,72.14544875124417,552.658045508557,151.9305257982969
621.5293097187187,74.40619747079145,556.7391672244411,150.5175322779926
606.3916668948226,83.14200743748704,556.8283143055639,150.89629512905495
603.8269335004381,85.05338911884382,554.8631774031683,151.4083875094551
599.3355603438092,91.42229306315062,552.7942697649441,152.0347547382542
596.8678410834841,92.99024532501053,557.3235581779098,149.65965096160164
583.2433016235137,91.0452252583605,555.049598242779,148.3567831720206
574.9236727921361,88.66304708816969,561.797470478559,148.71554903554278
561.2410525300543,87.43269883589845,568.6757742298785,148.5894526234401
548.7057906642401,91.10761543453583,568.9736478427518,149.68055250914102
551.9656815423757,85.47247853684232,570.5659142800491,154.7020403443957
569.9746278538604,78.23888598464372,562.6566681822646,156.9993500977629
576.7741470719086,77.32136346482005,563.3824344533792,159.1166146442091
576.5594400292803,72.28697634779078,560.5213840581425,161.2339851802185
581.8464691777591,75.63419955936313,563.6849263218344,162.66019715946211
592.1220695455008,77.70707258535447,571.4159528430483,165.64455062259407
603.3624780704918,68.68606710193507,575.8072342105442,171.13263621875814
612.2859102762732,69.54536088294185,574.6983198168296,171.38388621216671
614.6333651573887,73.50873988780158,577.8159523888021,172.47347889355868
610.9222480426968,74.56862150842358,577.0944216699577,167.71843048920078
605.691177569488,76.24174564390432,582.6664446966889,165.0820673620617
597.5301837320192,77.13304164207766,591.1309722095746,166.1417638254766
591.9763306672717,71.82251915719769,595.2348469794803,170.0552802783895
598.0314836810405,69.76860795576304,588.0261013165012,174.63303576223515
592.3382294436399,64.07927264338461,584.8457524045575,176.74852929456907
584.8133558684187,62.15941000014159,585.1436510488146,177.76921699910045
581.0774372628659,61.4148057233474,578.1366807795844,177.97641272603738
574.4715032127397,66.48863621899457,568.2301664423225,178.8585330732488
567.817146987378,67.23127011151038,555.7108510610913,179.54342217183154
561.0061177903989,68.5769995952989,540.8591278794418,174.71719178141785
555.4419615302684,76.07111749423478,528.6894253533128,173.41055745013125
555.3097288505226,73.33830002976218,515.8894671181521,171.1172774695639
560.207627515114,74.65854571025895,495.194104165772,167.44371753273703
551.2692668169656,73.01877706831331,484.20015169261666,165.87127064638577
532.7811112823657,83.23168528839321,485.0184835466373,159.47904862288237
512.9238422703816,77.23910024456066,476.18864991960453,158.97118381681167
490.83627850637004,69.05752559648603,462.1973537246472,160.32759191110856
472.25559703638817,49.18707904493212,445.5346239699338,164.26264350777092
456.7148086083215,41.33688129472057,428.0874686979151,164.4563061401033
437.6581314530275,44.35343943055369,408.0901342652415,164.66272049240484
422.60776016638454,50.0734930318952,387.1413465620471,163.35771955874782
414.2105759755974,47.99689842791486,368.48217106226576,166.45551200023334
400.3257725294966,47.77370179154464,359.3633952616294,167.93336834981264
400.61723738951275,46.25902673656887,349.9131438975994,170.8740561460242
397.8830453492799,46.76933987627443,340.70487855269084,169.91400675056528
385.2332538297682,63.75452002076149,324.86944225585137,167.53605080975538
374.5400463913322,80.33243752767073,315.70488341463516,155.4221994187835
377.22924622956543,76.93361281525374,297.14075149459677,153.44517663019545
401.21807047484896,64.99179160204645,268.8498487500691,154.95387132033494
433.43800896228123,67.07475443835152,238.81022118183716,152.0870772948006
464.9110450312556,62.273721851589485,213.6685711222252,152.69231068320963
502.72631794898786,63.68355107608457,184.16494128701004,151.97928231529465
541.6242873849333,68.49468688987679,169.96204005204754,149.42333966245582
546.8472927596803,72.99865199412665,146.57898160808912,153.804023504359
540.603537649572,73.09086008009659,134.48583892014688,153.4539553504799
526.9422768324386,70.84060268919256,124.6408845885685,154.82676566342224
519.889922731049,64.75760427046386,115.12274654949486,154.4581723796808
516.0847723769945,58.02166673565114,107.56553523896036,152.53247955360843
518.604044601082,59.16088300694098,103.74161243315609,152.62879929347176
516.5129268770955,65.928050251788,109.11901250648252,142.9810025388062
512.4106951413919,69.3567276241755,115.23326544910577,133.7561112835739
514.7701341377367,68.5528076788761,120.85842757354189,126.79084893670912
520.3838612911153,57.08062900937901,125.22283544742298,127.66169443057521
518.7451039603147,74.16276058961748,139.26309100667612,114.82244089124805
522.3324867119863,77.67727523478882,154.2739710366758,104.8434464518495
539.0807201190732,71.11995535782324,168.60448935207563,99.16405488796515
560.3565404131405,67.45798762293958,179.28642390504638,90.7322459650988
574.562456974376,73.49082243845444,193.39651720193407,89.38345017631451
588.4509470697174,79.93533446478804,204.83062146408662,91.05805908477006
595.8875225240843,82.89024961328695,217.13169260829696,91.74378406815582
601.0123421684935,76.8571999383596,224.5637756185761,98.1530982372903
600.1163318347539,70.48612542243646,225.5888755718597,109.19820705192912
587.3424141834203,88.3538470212599,225.65572933575237,115.8557152297379
576.193347947634,99.56744136344764,220.92161739823018,119.05452508284925
568.2454652976342,111.5863828746802,216.35182060499932,115.84889276634578
559.3814129021014,125.16972666137043,212.1309583628697,115.22180098674298
533.3833802866255,151.116626226386,213.5039740468858,112.3407576392546
522.06543028981,159.33214836939075,221.3811250874435,104.95315722848346
511.8722134356733,167.88923304501827,229.65894787911026,96.43042610093994
505.55112842697486,176.0344087098697,244.38546595359315,92.81294010642154
499.3377954543397,182.49346763994532,257.5994056884411,92.63470985400997
484.5413206638201,188.1086017033011,270.052697299223,89.64166094120385
471.8651198681282,169.19515268085237,281.657565204913,95.01889569413447
460.51752839984556,163.7451601379613,290.7237647414902,98.19745012469764
446.79417003616237,148.48709071824226,294.39273003513756,107.0927247821522
437.13421182467164,133.01879988693042,292.33588245790156,110.81897068912943
425.58066588365136,110.59098186216642,288.44531867339646,114.7885827466505
411.29665060528544,99.34692407500896,285.1311792435437,115.41110897873467
394.524931919086,90.78371584529023,281.83053397698166,115.93122635013053
383.6156902502614,84.32601954335914,275.4082027935451,117.13551726831065
373.3461649213219,77.69039827896381,268.78755436874076,114.03250417084588
376.3696515357527,77.65550430679141,271.77929222442174,108.20778165897975
382.0867752306451,81.31473985719924,278.78775086847014,106.34942487492953
374.23505706227274,82.18478802035605,287.7694607202762,106.8739079949293
373.762842096162,85.32525753616815,296.45329897881015,105.32424326950297
369.6426524066443,88.10949373347363,310.6606808619781,103.78905664766367
366.3103981472417,88.30909949109267,318.7354545348415,101.3198189851348
357.17042323652583,86.21065811832096,324.9633865359617,102.31341909518277
348.9479747908452,89.59958318048122,326.0291592022322,103.14268554391
337.3878957647381,92.7456127661939,328.08397689768634,102.9255939980064
337.94799672269335,95.51576225035714,324.52158773011297,103.03303659590858
334.5089350430631,98.86727950414617,319.76344407566376,102.17839247196966
328.910569066997,104.55005712127104,318.43791220476527,102.23105242271738
326.0681482596227,113.54824524852302,315.2065635867393,102.61572483305632
326.3229401385445,121.8612945162912,307.85142878784444,99.15619194838348
309.5675831363732,127.68677842226302,319.38220880453656,95.92991248367314
344.21959660705556,137.45286374555408,312.75672466072945,94.06022932352444
358.57258810279086,145.3760639360479,317.22997009728664,96.36243490343324
373.5559018674931,140.95858318250222,330.7903895681801,94.03956561999841
381.67665845828174,145.47658859505952,346.56482765215037,95.80485367932599
386.834546447301,146.2335483304591,350.6044091993826,96.29131859309597
394.7248049729092,149.6929997674797,360.3152902757107,97.12858415473406
406.79237476716753,150.25661669943486,358.11143913552587,100.8215689962075
408.85747942678023,144.6650963583208,362.57730648821337,102.23032183812262
423.65163967685555,124.78314507030785,356.6385613663596,102.84333000356436
429.0313486403944,108.38060055992307,358.48142011816844,102.27825459396577
424.72684128519785,96.96933805965222,355.0934915352242,101.09659333382672
425.51630385835347,94.55584662940811,350.82201949693336,101.02428703277525
420.6625550743685,93.94484293330189,345.4680723263551,101.16118033525466
406.18560897989965,89.88684331793642,339.04291326763644,99.95047575848903
396.44535779426656,92.2906808052987,338.16146036606983,97.94636357297826
396.6679741220415,89.30511620894023,335.15009639261706,102.02511605051978
384.60983267581213,94.13178719224582,342.2085189405169,100.33985379183608
385.1053193469468,103.10482137621658,347.4760521424099,101.29763405492108
380.36386191830474,104.53894257851397,354.7845508594245,99.6105836995539
383.12994611983515,110.88571844157877,358.9430642402515,98.28154301366247
381.7298770436747,116.36636254240159,364.6405606469071,97.60763794291863
383.68562221872196,124.3214002419738,369.14090290998143,97.46821670506358
393.9113230702434,131.42782586324645,366.78638671075834,98.27918766391026
397.91401047795387,134.0519562283341,368.4148315682159,98.93465157137643
404.5419865189795,144.97050370424267,366.0902067590881,100.84667632651863
406.55206757209845,151.23258888839956,369.80681441270565,99.30081979840499
422.4343925194207,151.3634770046933,368.4987141283055,99.4234400498845
439.3168734397293,147.13829849188545,367.4122305396295,101.03580820663336
445.7984119031926,145.01423607541122,364.6570335132779,101.72176275363351
451.7500246039273,144.85035844647683,360.0297381338676,102.8592789449336
456.2704719744991,147.26612910394334,357.7224910791973,102.9320495348816
467.7425427731441,142.62923222097385,357.31098601110057,102.82098453581085
475.77895045132715,138.81676480441564,356.76727641785567,103.71971277238025
476.137844671828,141.54052358316082,363.09823538968294,100.75738175709148
483.756021958929,146.88197315859432,364.0069536572611,101.46260917962339
486.6817043670741,141.6538477434196,361.02692858934637,100.46422862674936
490.03697797654536,141.4943098714628,363.0342378371788,99.16385433302794
486.1220491065596,143.01196438040665,362.2336092579377,97.97233556472466
485.50248827619396,144.67546497751138,360.15627328952684,97.37551792457033
488.3971486668183,143.87324418920923,358.5746711074563,97.2011196680248
491.21621493341115,147.94919691237857,363.39985856676026,96.34508198778443
496.5222454533266,149.20013709052137,361.3714551181951,96.73268575442872
496.61274210059037,150.36057594556794,364.6910225315075,96.84557615009396
494.67505173878055,150.5639352335756,363.90987754477806,99.22745569907494
498.7712324537143,145.37719490002246,357.0131898992212,104.20140240704498
499.0212906300644,144.13150031575097,354.06445948452,106.07561860643538
496.02739199879517,141.69634260316354,355.69472438448895,104.79580049579928
495.7005916182664,134.20756900536506,353.2800038202457,106.40874495639919
490.42023730994356,128.67378141097385,351.5647157938069,104.73569483595385
494.91188432056185,125.82299091130034,348.77237135199925,102.81527605581819
493.6727046009746,122.69518659707667,350.78718757204933,104.17146282859827
494.7852059505402,121.18206371880768,351.18065170388735,104.66004734512985
490.7848417791952,124.17582566968915,351.9976294462479,104.00715684505622
486.7444185398562,126.71980670897885,354.05855307008835,101.5668028789801
488.5933818988299,125.35005898844832,359.99050344651505,101.6986665748862
492.002177642887,124.18942207477781,368.87668996501435,104.59797438513249
491.22848353132747,120.97009197891205,374.1693662504179,111.03574689309086
494.5056116374992,128.27052916833617,379.24635416331216,109.3835324217637
497.2613826324073,130.80404034062138,386.8326209291566,109.78293725239502
502.4211420462052,131.65900332117803,387.19200571238395,113.6036988200204
502.0696930920362,132.27259628155858,386.25813475344,116.20729611347701
502.4533218802492,133.1286922458484,384.10129130652103,117.5748074699288
500.690964199184,136.34607832188243,384.80365417841426,118.43713058705035
498.7720843332658,139.52642598284376,385.6870468817491,120.11623476055068
492.61281929847917,141.36564434046565,388.37155710312004,118.80723430351895
477.91959602571626,147.52290724420646,389.3330947656941,116.67815422714875
464.2021556085938,155.5054313174345,384.91574594658226,114.04036481756609
447.627335899163,160.660097512819,384.53183114427105,113.8277850987156
438.67699966418996,163.83920584344364,383.6199812968656,114.477642903103
433.3777070190367,164.4076051255414,384.46317032614263,118.75244494211914
432.11189008711096,158.38132807849772,383.73873459783863,121.66815370443089
432.3562532642486,156.20155278761462,382.58706031083557,121.15351361966432
429.1624578528127,158.67675349890564,380.5878251098412,118.69677212495856
419.96454665635656,163.71689095908334,377.8550587689936,122.2810540275166
413.55443750391703,171.0036738432497,376.12855326653954,123.65592576744173
409.1780394346152,172.27642267822233,370.5231548101109,123.06603340954919
408.7491904286424,173.54213657767096,361.1450133786426,121.72727579223364
407.0087721190814,177.07477267948414,353.0434830903796,118.81043701245477
415.3985042143482,178.62756221285431,346.6614003743615,117.57212605430728
436.6238127140085,190.79627855086207,339.947297434145,118.21304031044134
450.75605495306786,194.92220028398089,333.79920678431154,117.53176908436978
462.2931761237494,194.55414668502627,325.476502406346,116.61304577213882
471.48667120239935,195.9654753553615,317.5733961838288,114.72507875973842
483.8135197479565,197.82864979551113,305.2043920730081,118.40489879136541
492.52645917752125,201.03194796037667,292.7051468137354,120.35042596847498
502.49616555581497,205.1756851737195,277.2452115544157,123.57111472675788
515.0329508861214,208.0902266403719,263.71814230173476,123.17334445978726
530.2606599419629,201.23967788527102,260.63620480741173,125.00999407949965
540.0855107739739,196.35714994998116,254.22695867487568,126.42101219540501
542.2626334666378,190.01033959490363,252.56197672044019,123.01155296398646
553.5724127791447,199.58629790600025,242.95390275890625,122.44863516539182
562.1775551690195,203.61129131776934,235.07477710652628,114.7884475326152
571.6063307961551,222.90037143220894,224.00508627349146,112.38200525814196
581.4343528445968,226.99176008676073,208.2886736123119,111.45999959341007
572.7162792485047,233.88540193976576,198.56258649403782,107.71999533770249
575.6137213784624,241.68435482521716,181.08703215725197,108.39058475477863
573.7692069300715,250.6536986865868,160.49653652263706,112.43184879346434
590.5915428338836,260.92763860800255,146.91421631726433,115.01143062903384
605.1091109373042,294.3158211531292,143.61393054735152,102.2487003819901
622.9845031115369,307.266965265248,145.32985882109202,91.09664732433467
636.5285763015722,319.9058338595734,150.69236172684575,83.65527235368653
646.8953793942502,328.3886662784182,159.39919081459038,78.73442895419424
651.2001737134508,331.36020659098983,172.03185013966606,78.19334557221117
680.4733732828917,335.65931159521034,180.96389123201067,79.54703324512909
686.7421359168782,331.3361531527485,192.58559499988093,82.8800400824058
699.2202650258994,318.37293574495885,194.69304352589336,95.66857490962482
711.9801194029508,291.8428559721392,175.23197652385312,115.05101650899365
726.5401980807819,287.5991582256713,171.31528651393452,124.26204228721713
742.9139380549943,300.21967237015616,190.66130185769396,119.29871954824742
754.4914396511252,305.66065011360007,211.0347095441457,115.90259442055161
809.8738790003067,302.74205885846106,233.47604416213548,113.89253904118645
848.6821483595995,303.9966513493719,239.32395503766628,112.80269303101525
858.5538200412079,300.6178238593122,243.44367189716849,117.77990472376291
872.2325021234387,306.68601373276,246.1740563448169,117.4095192931415
879.0751597983491,266.2817373029127,244.0172611817234,132.20303287625543
883.9549408301873,266.981813068092,245.3970944843966,138.95906226370798
885.4644973535336,249.2014015731748,246.219303112559,146.19230887451434
881.1084003999349,249.03930110668776,255.77305478538076,148.01029383892086
873.9684686420071,250.27074194224872,259.3069597134853,149.95209898816074
862.1266710572174,248.81786824654506,269.7084091858841,150.71400700119318
832.2018849055437,254.04403577620667,290.45433893852294,138.90093660255286
821.2406035018157,260.9213678453772,301.32924320428793,133.9576566467632
812.290845516922,267.64023081552153,304.8445858130509,134.57904217104053
829.0708802227737,263.6689389072974,290.6144976198276,140.55296145268147
824.4844085411517,267.3550126325091,281.3312457002918,144.04085225062744
812.3779459818388,264.8263392923632,274.4104354653789,146.7102507955855
785.5898256303558,264.6866209210787,282.9090233429891,137.21749419746445
775.0860042310344,271.76189677984183,289.71838853538657,136.2152801852584
769.6725813936537,266.2318748132287,284.20051842828514,134.05665254740404
762.1060827413463,264.62846273143856,286.7420385586288,132.0282407381014
760.9253388733786,262.8036456940756,289.17004688988914,133.54846785386513
750.6681096752491,259.11826034579815,290.88096779226146,133.73188060847357
729.1607203313906,257.4313621983378,302.8326760048516,126.9238752143924
727.9527749207023,251.9903940899754,305.9090420731321,126.74647739220116
741.6434360510914,239.48454776679247,294.4000881574492,130.4846351611272
730.4526685508049,225.10052422743217,294.1284329360954,130.1035307977679
743.7106111532225,210.4062637545037,287.9786450761592,130.6043729808606
752.0295186568534,195.6656452611496,272.74671867469755,131.89977114863592
763.4658380726232,185.59861245344757,262.23753243825064,133.42554001065596
769.8315328212943,175.8875494928809,261.65660483467803,130.0047431627913
774.6953172306361,170.84886149080074,260.87308142582543,128.86667711092565
774.8726645885506,165.59371439158403,265.7601212716801,126.19920440200788
773.2431941382163,163.01634957101012,266.8802025759859,120.57649487461511
777.8757223150976,164.90484067817567,265.8469846248246,123.06955849298247
778.1139466773436,162.19085430324964,267.6415261177394,126.39008176450031
777.4453681704879,155.56715343706003,271.88710801576707,127.68747287156665
767.5707263213842,152.5924192472953,276.3870669604754,128.37786159066007
767.66580284714,145.34759997254625,282.43326344514605,128.39798348026665
769.8890421153901,139.33027787705072,282.9664299177025,125.93612196239631
777.6642228525155,128.13761727058042,281.70010724759567,126.65171431345807
788.192127075547,122.9429779246843,278.9630321213957,127.00343838818418
796.3978851916877,118.61479442994697,276.9110775673033,130.2728645200256
800.1806811380073,114.45131729893126,276.52890176066677,128.89849199543266
809.3374947751863,112.21272170766616,276.7438159714189,127.94188192379137
820.8999189100938,114.10707749826237,270.0291074306788,130.40483563654706
833.2182872431337,120.90060717432489,263.40112569687494,133.33877633163692
842.3097033578058,125.22947607818647,265.0015700177461,131.91219342134505
858.1410563294867,135.18888387768095,260.36395127849767,138.27370849572685
867.4274908343143,145.85295252636035,258.8230648162327,135.8185893177633
873.5314826655059,159.26710351252586,257.22779124580103,138.96095294489012
877.8037326522586,169.429123333144,262.45024123189023,133.63441074216004
890.544228338317,181.98416075331193,255.2509785178301,141.54704805889733
900.0434355638847,181.12185859744034,253.33426711320715,140.6064492129581
912.1033475168605,182.12350737624507,243.74539782605885,140.6433572228105
926.9584276219038,183.46412959106806,235.50890355966447,140.1653600491185
934.5366325956383,187.066325698178,229.45780695328796,137.04327080733404
940.4511440235666,189.3214972075653,218.95581839218838,141.99734751792653
945.6371348769555,182.2667818263359,207.88891506889826,141.0137314603504
942.0982507048989,176.15972463941273,201.98234176616552,136.2721386199192
940.1911216235618,171.6121494272993,194.5840970773363,133.20926910206407
937.119146433382,167.27042928862784,192.05908370256986,127.76469011721974
932.3935727470915,163.39067420370748,188.5302818312801,126.26536225861952
922.0675406256707,158.7172298313073,184.034277441962,130.79156292861944
910.0791602985273,153.2344466324094,179.47009795960108,134.75172173420097
892.3633630555169,151.34485093476295,170.80440421654615,140.0005922424249
884.1084510394503,144.0366716157349,160.82511695719086,145.1072893754614
869.1092670172512,136.48504815472998,158.5592307058671,145.02755828187372
832.2857621540802,131.1036096369346,171.1731738977393,141.18757694592736
785.6666167370062,128.31368749513518,186.74435724776623,138.18032022785255
720.3420492901689,124.51546629517136,194.10421563703915,134.88687657632312
675.0310203255704,126.76186529729377,207.09594200198035,135.07480879686736
618.7791072776042,142.38735981525343,232.0989183617402,125.6293052848954
598.2809737775307,144.77667790875327,241.39129088404775,120.16831964799599
598.7610737221263,131.0241879110658,224.21612693316533,128.22212210804355
608.3975029596792,125.21435940634805,196.85748935119045,135.68232038946223
615.423740727888,120.46712164652087,167.37751652567093,142.14973505243455
607.4848083036479,116.75073085605312,151.06903035052943,143.17742354586412
607.2275815083235,116.30415786814943,141.7295324219387,143.20101873521938
598.7964315381017,113.2812237602682,140.25760729224933,142.56516074
582.9028614855489,118.79372390477991,148.37183773036492,135.92761501524865
570.0050295800098,126.08088650063391,157.1031897587121,129.19394187211674
561.2918723570335,128.8090520565568,166.4597193581344,123.17296425947626
544.2883927019038,134.43421360215552,173.588381860818,117.17239316613136
530.0693796595465,129.28136885100972,180.6085204475322,119.25808919365942
512.1808926634992,125.53000071321944,182.39837422925956,122.5830098462477
502.61087264127156,123.77212409182602,177.141242912776,124.10733540883331
493.3224583401875,118.61388643015893,171.8390696531472,129.31768537894803
483.80800535975834,119.58530226770762,167.78218843066,128.0401259680565
478.45995347367943,116.28977248808067,163.62900179142255,128.48540136973196
479.3013013037471,116.63032678900049,169.71653663395884,124.38894898736488
477.777327548079,112.37699529012197,179.09916731820076,119.73612384376796
478.9567978898877,112.53713998367053,188.8036747633631,114.81833568912486
485.52019574242917,116.15515378423727,203.50136054425266,109.68797202311507
497.22917635491206,117.59952898512715,210.78210787201007,113.20995531415676
505.8049570892945,113.77018668685258,216.0598098202508,116.20932254774313
514.0910124859057,119.01708329610523,216.67206928465362,115.30352266051212
527.0552968115346,117.62832009427784,219.40601119266415,116.58110313114005
542.6182401890899,118.36071711597376,218.57546034798509,116.9372238541792
557.5971672351329,117.92282431824846,212.2386306403979,118.21696882462041
563.8076486249249,115.02260322866358,196.16312557369224,120.83263331247915
576.3924322915063,113.74206373158283,175.04462635550246,123.03045095977862
584.507881835638,113.77638561821934,153.1853707371293,123.21363445096995
587.1151890003243,114.90324803773314,137.51011782900733,120.05660006494334
600.3599455022961,118.26604611475939,121.79628744553256,118.90344491080103
621.3868108376753,121.31567231046645,111.05016066075143,116.58137550891064
647.314030101432,122.242281929701,103.9538032431908,115.54520214434889
670.9440301451846,115.38178078836475,100.37886545483575,117.54282365235336
689.1059520955769,121.76483079176563,99.33014044222068,112.88487503028472
698.4985125769795,128.99986440830727,103.42651741753237,107.28704964113638
693.5360484581439,136.1362320189719,108.80656783700701,99.66532888743738
706.6428663689492,130.29510726993706,104.53435018086023,104.69692938497629
710.2947842567377,144.82587970331724,105.5253385477925,96.00959278558214
713.7718366431134,144.3646997511442,103.6759637636275,92.11931051661489
721.0434990266766,133.6419742127072,103.9791931854261,96.99937276994497
715.5073640411827,125.22362205699787,103.18567709202391,102.93588095817076
708.4224023976352,124.89746155870954,110.65052384456925,105.78612731693593
701.8094156471951,125.8264199189288,123.49717533580507,102.19625013200587
698.7505881435245,120.86818357850697,132.40273783405084,101.88575454442815
692.6332845354882,127.54263448460657,141.0966681131788,95.1398210183334
684.3857222121801,130.95660355698945,149.47189741418032,91.89667615589548
679.5971328958642,129.0647515992069,160.97429428732778,93.84390886574812
675.0847926272289,131.49080408717583,170.92013124198323,93.07528525012414
682.8868420335066,130.35463808220663,180.26150382880613,93.36992253480356
697.3994164949588,125.43589572149102,180.9524391934907,95.91608222040396
713.0780496994311,124.36791577255383,181.03666886661523,96.75076102388083
726.0034346366429,120.07090164065596,184.28253532052537,97.43419293473887
737.3927442986604,116.51601085734828,185.6651070774024,96.14064321504554
748.0200439667885,115.31595054818622,184.62059064534895,97.67918960946426
748.4309007498273,112.5430758038398,195.26741868360077,98.06370620424825
745.1841606488906,109.58652435580525,206.44346194195293,97.76731499681264
739.8396975337787,114.21243338084105,220.3448916842881,94.32442581930657
732.2080531444639,114.4287277810943,230.84067039485146,94.6949492101436
731.2697683451041,110.42954977539841,244.46086440482296,95.37171242208466
729.8188063706355,118.05909629874415,259.04902536513424,91.38276196661474
725.4287685268977,117.29008746663689,273.9552378775395,95.03457840408838
725.3458571374919,120.75073058723402,287.67925000853455,94.81438429867933
722.9695655721976,122.20849054874398,299.1675266713797,94.95101198784654
731.7433478545254,122.32134633789047,303.02103210080304,97.83188779584576
746.5654505903728,120.51377478680412,305.5945768363038,99.79436733413709
759.876678201753,122.45553836732218,307.49448428638783,100.56957295022985
771.4106908085997,125.74491769044144,309.8027728793514,98.982107550568
783.9216200540997,129.84222540385596,311.2631664198503,97.71983473313729
795.4250459627557,127.84000050482965,310.7034886932252,98.5311615860153
811.0165356897255,126.16211430351302,307.76611752552924,97.8614180208727
819.1033912812563,124.90630549730793,305.98686766785505,97.89515496717685
806.6927197647789,125.17587107374757,316.7161563962176,98.87566161521545
800.0579341855771,121.67256391082367,323.0768770730236,99.19968199443866
790.0624510526245,122.65967475663196,334.03002889199814,98.70672147114809
780.4205432372937,119.58051431744417,342.5940277595899,100.81262829579755
773.1004098815758,117.6641415826174,349.82205331198054,99.12484003123026
765.0976899809491,105.89419995549895,351.81090740148704,98.31248082429363
761.1734255125323,96.75602871773845,353.4571303281525,98.3016927806562
750.7769316171258,93.9346000069577,355.61452924852523,95.82960484176752
743.1656076534065,92.15919575374724,356.0173200055867,96.9591877797479
735.0083347070345,90.57009807961138,357.15863628780914,96.13928914042279
731.1490990519109,78.95389041677288,354.29111055940706,96.62067290777748
729.0783745781399,73.342447380962,350.7473300635273,97.90182224910991
722.196275551778,75.93906425669964,345.30889838014014,97.89509605277692
719.0427446132776,76.26425207783646,335.4714665083403,102.89624367020365
715.451324788931,80.26896369665462,334.4865911614348,99.78109215706154
706.6833928186636,78.60562393299216,332.17126173479517,101.85784217144236
703.2900207120927,88.00573203859832,332.850319474774,101.56846708059174
697.3477606270022,91.63923670456622,331.0862202616702,102.00903222379216
692.0107758755514,93.55141197090872,333.9032454330588,103.70727615588638
689.2220294262897,96.83856853519875,332.8350543784645,103.75078526904687
683.5487597054579,106.38622550818783,331.63729437182565,100.31547212291413
681.7451724032546,103.08541784226644,326.0136221589938,100.48768047006664
676.1052976961025,106.99639246087055,325.36989401594076,100.58226393718897
663.9183517588706,117.09593453363874,328.6093925746194,98.8417547534783
651.0369754281296,120.94677724674347,333.1289107248324,98.63059907524605
639.6909551297874,123.43603121237489,334.4679530810648,98.7892746514332
633.6977247613578,122.35665617740463,337.36519113522377,98.2759364673331
630.2261105637199,121.0826645582266,334.88312334080945,98.21300628417853
626.9356759792219,122.70368631693428,331.6362171221444,99.26456168399179
630.8873812522115,119.14680193073761,323.26578346835794,99.14964880501918
628.3158961970144,115.70519324597188,318.2387206462116,100.60018607422309
627.6678961975397,111.88084986396127,315.0315273207281,99.63766896580094
625.6514229444937,106.00162477370955,310.8673194425816,100.41613954565571
624.2303893531903,103.02540122171108,307.0990055874417,100.51324651911565
626.2971009632676,98.7995188485186,303.1685259851333,98.60149141062669
632.9264261203919,86.62502469747866,294.93746756552747,97.753987675391
635.6403380038663,85.66675741653526,290.9979671903947,94.92256453217631
636.5852852413567,87.74241872237664,291.0441953174461,91.33906257653916
624.4666833954873,91.92582007732601,296.64715867773714,89.25900015545952
619.9864481539817,87.31768545053622,304.2026500360661,90.78501675550197
615.5732479063997,89.57029364741713,308.4150737129174,94.17490027930089
622.278911921506,92.34579853318229,312.9062838913242,93.61320253550934
633.9601315213806,92.84315608668537,313.95726184831267,98.53144314328446
645.536159279926,87.45598400007104,312.6398643843797,102.91641382851347
658.4157380353151,92.87275179937012,308.7141428603325,105.82215921460408
668.0597406943597,98.62641032910284,303.5660727919496,108.36981798272389
681.2492498169395,102.47901337787832,295.0118192614479,111.49350505883451
694.298515598572,106.07672526374074,291.1314590245533,109.81333771742027
706.6177072558431,107.59053265911348,284.5503222123466,107.00352562200476
718.3038893088734,104.01723213569525,277.92349676257555,106.18061339395409
719.2655066076339,94.50978065923273,272.88470286172725,107.19500120785526
714.5973486129403,99.8504392229745,273.6280325225133,103.03540915287073
703.6698989561091,103.29797064486621,279.238468915972,101.61025222272467
687.0673423909153,99.1340172892269,286.08238566756813,103.97937195285853
677.9516562073751,96.04205006201376,290.2900416208915,107.37666369623716
666.1584467094992,95.30387910578585,292.97530627074065,108.33520851354804
654.0878093086374,96.46145991356217,293.5941855049733,110.12405369746202
646.8931148472201,97.96197284551072,293.5760203684374,113.46205874961967
644.6703965332233,99.13448425182514,289.04646031628977,113.31194172556577
648.1486450786654,101.23445095309732,281.5828713631084,111.43273553066481
657.0939218475205,102.65707110813996,268.85760523185917,114.0030733528167
662.4708021459588,105.80553345639562,256.7041584562328,117.27763477075067
672.6107894247272,109.36069078700928,240.2419703382456,121.59573717921961
678.6272883216346,114.13183626099483,223.2151465245713,124.5224437362439
685.3681098658518,119.62770475228594,207.72230550359072,124.4561580025626
690.1112289395575,122.51990316418522,189.39933235708713,125.22584479925723
692.3907280576756,127.03309529362883,170.37101207623823,124.41300593871125
687.7303374708954,126.69697989123085,152.84460903072912,124.69043650485627
678.7580320354259,131.7774618059411,135.9628647791376,127.61869677259455
666.741718540285,130.0021002303358,127.32238920497221,126.22857666190185
656.9017450897823,131.73416368946428,124.567049918756,123.20107247840726
643.7734743965798,133.51780941830665,119.78840068650216,121.79042415109808
634.1633304381338,133.6832151346303,115.80274017953145,123.45033247036767
629.0897020617955,154.64686344742952,122.51525926494563,109.26272017121578
620.3715521397193,167.99266326544426,132.65408031609599,100.86451221053426
604.6627828335418,171.24307104087316,143.34207153503064,95.58273560888212
600.3007321373016,178.7321508084837,153.20055749595116,92.665667593587
627.923998480225,161.5252051968016,140.63605265292364,101.15414522908307
666.3241334988686,146.52595845418458,121.9412178070923,117.95299944435993
680.8030715111427,139.28596068994426,115.58976142711124,127.24738365056098
682.1821622959994,141.47113549505383,122.90688489115952,124.57563852865076
676.206176007671,132.01808902370502,135.19680319674077,118.69397497726288
670.7529269905722,133.26011573304478,152.47457943906522,118.1893237477323
686.929234660925,143.0133507272504,156.58077068206967,118.53420937735855
673.9400447955231,154.93929168691471,170.24363595890054,113.10363405598488
614.1177328808342,118.56303454993596,160.7816500637558,117.28362444894783
595.5910018932043,120.7273933958987,155.65274962252477,122.82167301210826
585.5274921555919,121.65337002335386,153.77061473639506,129.60464580115087
573.905124140274,120.31674627633296,155.93285222173392,137.9216563379124
576.2084888208243,129.6501011703429,173.59808607554982,136.71178149254348
578.2207837766448,145.69929155697017,194.04769311639123,131.6113460895993
534.7757666800717,137.26061966650738,209.0889450879111,123.36764417698208
525.6528155915557,144.06975947373274,227.64475099490767,119.2694794027418
521.6637582336054,146.9636406343605,239.25523360694308,118.70650281949982
497.4016355250137,147.95278302104654,260.47234512983715,115.07298089052716
495.3599443870479,150.5399843404557,281.81685516734365,118.25803151890916
517.2460830332225,142.63751312869965,286.81651036348165,122.06897011124053
539.3420505253123,136.3755030407991,288.6552192810757,126.49853261624712
549.5231457642974,130.9866330375753,291.8330634381381,132.43961870845033
542.7401111180554,124.39343487364508,300.981726330968,137.45629407022363
527.7859248654615,118.10073080976956,317.89553482117043,141.59179269755273
499.132580910474,114.90832478126151,348.39290708332476,143.51037888832752
440.46342205666735,121.74798165026,386.45595387833447,139.9824074754355
396.5198296196061,125.56821985588873,426.06055193307213,140.22185762053542
424.5276144800162,123.28988614186198,450.2768953984049,146.19584029790474
418.21514316489953,123.82232876255361,479.3606150157881,150.26271008529267
421.73203788657133,126.63616084248953,495.24676323268847,150.31948484060464
436.74483205631304,124.5008808850386,494.141050277582,152.2531800689621
442.56826454410884,135.78138538676762,488.46302581034024,152.84428594650166
447.32347958731316,140.74643024643092,484.6666493068215,148.25331866935457
451.25338788253737,137.75995786479774,476.54029817538543,145.49741299768772
457.52611811268633,137.9957273755677,462.6081002715681,147.24698444613512
461.737884219516,136.6344845928106,442.65285735194516,150.81496175283297
463.84496302030163,133.62992067587416,426.2817311384161,152.48872920283918
466.9906696865037,126.86272768798976,410.17594407217166,154.04449462796103
465.02430875880435,118.60730970741443,393.5057661812597,154.85425399531152
456.60324081041097,112.60834925770686,376.43589248372905,157.5092951159284
449.4688493130538,99.55651217528529,361.11415072060015,157.71323871657734
442.64833007720176,97.75202637490156,343.4694787747726,156.26686236407926
425.00048642815705,93.44836850386469,326.5162331520496,151.0140380612355
408.91914729919927,92.40528164685637,308.4034476936672,146.63091740672968
406.2324541995633,87.82421819455153,301.71009154226624,139.3576337003145
403.18615073813254,87.47605061954023,305.1825347916705,131.67273315912504
405.130373145577,89.26351218290694,309.43705356847096,129.08701771968867
398.8494013299859,88.64960450484946,316.4882540438721,128.90492117099222
392.74178096550094,90.46208002993478,322.98894127388814,127.65692096034068
387.6314071303765,94.95235157941434,324.5905762871089,125.75288269815564
385.6880242510788,98.3944944687693,321.32127443134704,126.34384146941436
351.2858619761628,104.66849860136276,324.95416183596944,122.25906461683974
174.9934181155117,108.6737001485788,366.36798946544525,119.83862681035276
190.18339718077112,76.18390690712658,349.70198062870577,140.50807367437733
236.5687382997081,85.64173005187742,346.2612850352754,145.7510393149399
207.86274632247213,56.211320619961526,350.53985391471093,160.90605131739318
241.87397283786723,43.76843188183179,350.30901897686596,171.06147976349706
273.42594121291665,33.870129293488745,353.5276208417231,180.2459267735957
254.85726111265035,39.000076722069295,393.09368628392474,167.0841564597219
253.3100972224776,38.716342505048715,427.95791367560975,163.70526007807936
247.05772298642233,38.37599841823862,464.6389803017048,160.51408843402908
225.5668049587058,34.79070579107601,503.87996807709374,162.2094670521102
180.83976138495996,34.698520129103,551.807533071525,163.36476530112628
164.27625245072596,16.39256677626979,590.6459905508364,167.1512190662097
139.6312042138822,10.908422855745428,627.9902528875307,173.58606604314048
156.07011014309205,13.633777070081521,643.031397830219,170.22095817226872
152.58550549125584,14.37059633250557,675.9661169251146,164.1861314409715
154.41189125102727,11.935405578450542,699.2879217155336,158.3800584903126
157.73780637360585,8.268237341245609,715.812906644009,156.69253604415434
174.37857359211296,13.095492583091144,734.5670246482803,163.02195648820472
214.99998527029527,14.806656309585833,715.8028833820886,176.48672362359298
243.03966241819597,15.359182113258726,702.2308730656727,187.21545689505922
269.0913647247515,20.72528368279511,701.1743136610802,193.91533644861389
301.2018363136785,23.773406352183613,692.146687052783,205.88567591466463
343.2801080626885,33.952641395614805,672.8709495762174,215.43309422597528
371.9099066099733,56.04010746096107,660.3527878684447,216.9975878968725
379.5314908395839,74.76583487578108,653.5466939583838,216.21552733955252
399.97062655845264,91.91979934337195,641.9629287080397,217.16223804206533
430.39695551319244,107.42107447374404,631.3181647090912,210.42856097860468
