44.0,322.0,820.0,82.0
34.607293243827655,321.6519147191712,858.0124634309125,81.82268684630992
30.1922611967467,320.71995676545464,894.4452150265647,81.73183639880206
29.181183937249955,319.5586672435855,922.1558470844841,82.4546975173577
14.288230955123026,320.5916758987116,941.8437414612465,83.35774025527441
3.6686012572133677,319.2457284140441,928.9354515126522,87.9904851686298
17.818384446163805,323.38599775629217,936.4542077763226,88.29366717941824
15.859312933611477,324.9501436393041,900.0077007594759,89.8720650400806
22.261493180410753,320.99306854524946,892.6110295411386,89.68217925900622
30.018400676285182,321.81187489531726,886.9028118677554,90.62709369824128
30.40840023079278,323.4510279438484,886.4989118395579,86.73602431890893
29.957933696049565,324.6600538950586,885.3760384451602,85.87137700164084
25.991952822181872,320.0432524843079,889.4400435156766,89.08593603397182
25.585972881553346,319.2078655366136,887.1804063858875,87.2248286654224
31.17427817157403,318.5465342234702,877.7640507144271,89.31153946932596
31.521662317408357,317.5399372474181,883.2793719427452,88.65849010738248
34.859539420862404,319.24244019833293,877.1387250026432,85.24171112630962
20.865737315859235,319.5194119508521,890.9031147546374,88.66051397584182
19.710925950772378,318.4563135647527,892.6128196439363,89.71200446873566
12.908135126600882,316.25276447940985,874.8134530793806,90.08371897335799
24.094653401208802,319.0575511450292,864.276059163033,85.3708558440109
30.50881365857265,321.15403135521893,853.0080441129429,82.70693676441735
30.080938326399632,314.0822487919295,847.0051698068553,82.11719896987451
22.13665268804499,308.723281688222,830.32661860203,85.43149010337218
31.189351516611453,310.4203286947249,825.1772160283324,83.13789941899721
30.489732930019443,307.10189969495707,819.4650225458599,84.70322828077063
39.506665756147754,307.6172160662275,797.3589484035217,82.49478704786415
45.25589345273204,305.1809381561204,780.9284384045843,81.0154265525297
68.0858908520612,308.5857204777998,763.1482930747991,79.83156092856676
57.14051790638905,309.06687416487915,743.6082412536607,77.51917405597524
64.89457622321487,303.5513277520376,710.4054196731583,80.67049125463893
64.1882346724343,302.56266403538865,696.0129865938748,81.52977626482159
68.25122742857366,303.0597205305521,701.9149942799113,80.18757122515586
60.16419280377943,302.828042947817,704.7560255597645,78.54328900606599
47.02832873662112,301.3872537585209,695.8821780551714,78.86005833794763
54.238278966234475,301.5017820058607,700.8396541038466,75.96548495665658
45.58642350378835,301.78934046570805,679.1375280172655,75.8455951427892
40.38998574594842,300.54976328189116,648.4615910031254,74.43460860680226
34.21527717702662,300.98993653609085,641.5631974007835,71.65141721835401
41.613222384778624,300.7947023955946,628.2775002368121,71.14547399185601
34.803391219462355,297.25209855920116,598.9318918570897,76.94904147549585
9.678572010706034,297.46138891992,609.693877102564,74.52604129827678
7.575353838666729,297.59401679683185,584.8029990110789,71.58543952918603
53.80161030459931,297.8291380304767,550.8842821536028,71.3828178440198
39.55558025724048,295.91313004311326,513.9864740907344,68.33232661757444
47.91612045337732,293.54647564328315,481.77923661831886,69.50216403243938
72.92728391939215,299.29918480498304,445.6765731962979,68.72402463138455
81.27287227212224,298.05661674251496,423.88168174221346,66.78373474826691
70.10383167094028,294.80459497473566,387.51862905503333,65.70376406225684
71.2370134432472,289.26742697893945,352.9860132840584,67.30787073722219
79.68817636145906,294.3768755581094,331.76224909816557,61.6677517809386
87.64931269049222,291.0791486838555,310.20772954631514,61.52494333522382
90.86457390302726,288.37842174923827,280.7219937774325,64.55835865266565
96.84728437456852,287.65398061058886,261.58195170626357,67.87644549746838
95.67451113906134,280.51794888367994,252.99621404893588,71.18292770498917
91.49039385813188,280.5038448247517,256.04030315745746,68.79438289091635
106.86093610728895,279.16688750489857,255.19315697927124,75.66446739313521
82.1646069864729,278.29324756369533,270.05487980744465,76.98936158374124
53.101058093875054,297.7335601358858,275.4783569557204,75.70472877532528
41.39616578654358,302.7722954879951,269.43178778323295,71.35599342175848
1.7236365208698317,327.064729885652,262.1437555494704,63.93446435005748
1.0,330.0984473950994,253.09016499811378,76.44193311442304
1.0,328.21333330489466,244.64600141098612,99.48155781659433
6.297641996170682,329.62179539378377,251.75701340836383,112.32129408411166
20.128710563954826,345.30399966026897,263.1940510514684,126.68631562491429
54.54115252033418,274.60145472134377,255.2372236833,137.11772134843784
40.27881039315679,243.19753124658087,264.4971894919643,136.32035014181392
1.0,239.46953914120286,286.3646740906911,125.13978054946054
1.0,239.4214596467457,289.76370728464747,122.75908307223054
1.0,242.85727999350368,292.85988700929937,122.44256259725643
1.0,247.51073102585522,315.3075640528464,114.82007609640567
101.20458409537378,265.73420217691705,350.1343541967683,111.02278522370918
229.79155539465455,267.21846796176965,359.12191938641786,96.35392862257495
245.13709944924668,279.93051613688704,353.363603101896,82.30856273360087
236.6765127695099,281.90520158396026,327.6252443238612,76.62204763424677
244.79442022187754,282.95103384613685,302.75393811970184,73.27071960620981
218.4782594593336,279.74687413256333,275.0530540458223,72.770986417216
176.54847282067857,274.0208569424693,258.7918667110357,83.99039566685371
182.35565239129065,272.94159367099616,252.68345303583334,96.06132052302965
175.75634352730646,314.67996635365256,242.4092362873149,113.16538956447185
134.67022987221645,341.97971179372234,244.54356107560398,125.76150056489195
62.92623486982592,361.2948814129578,256.68603354763354,124.31295950261074
14.757251387363112,350.4952080355691,262.0953854259743,129.27213769111268
14.132596024884492,315.33304929062905,262.7541616341083,144.28273878149102
7.302181628408363,283.1573153568975,264.5530704900432,165.75485412677313
1.0,265.7950011092322,246.9746136453033,184.81516289010315
17.52375512869341,227.9947228495071,274.6733618997538,162.59554586616554
12.489821126743664,227.04705653299993,287.09306237562726,159.20438114245985
150.81443155900374,222.83900267473982,297.6145806028681,164.1297170570361
120.89863839021885,225.27609087927073,299.10362753637054,168.85511552588983
74.24298123263117,223.50347246904656,312.07663947623985,169.65931000665688
25.173891283432397,224.31773438739583,328.18493576056693,170.001445657588
1.0,224.36274307628867,333.7910437773764,174.3561086951853
1.0,222.39741607139825,333.45176080606325,177.80274463429302
1.0,221.5519257950989,327.2876403053895,176.88151138515414
1.0,221.3503113163449,305.4769921824661,183.59245660423522
1.0,218.50508781190717,288.9165812150602,185.7679062860931
120.00719991256338,232.65007067529115,328.75744231787127,163.00537295205808
194.37816077224883,230.94570652682742,341.5706298023709,144.0154409051117
220.60185517369288,242.09101850902442,343.16498149625176,130.00297482589096
183.77047472586537,253.00460492525724,348.1660145911368,118.2501672952981
192.2244440021664,240.80046185288697,322.1488911989107,130.0653126929215
187.98108732719007,241.09517515941658,304.5278365273602,128.95715973807677
156.45235115893945,251.53931742185017,296.56192784989435,120.2086573597519
145.4528789229654,250.35239538087856,284.738097806263,122.40809556289257
162.78458569238828,243.0045777215555,265.37063712471235,127.20935795164972
160.64493051142355,243.65052859812988,256.049885272494,127.77643011699251
139.80927455514413,247.81158200952743,246.5075560539588,130.0282713576642
122.72538132142013,248.34877226502869,241.3730660334792,129.86223912795938
102.88590593917829,249.28482524746966,242.21195060636546,126.47800022128862
81.26863943499974,250.7284757056886,243.9640289784879,127.56900222255035
80.95872617988888,251.50742718060351,243.3560188895636,127.0497602646398
53.64433054300464,252.39754150523538,242.66194377107612,129.28453214676077
39.69605832159489,252.1713538339435,239.8982906191409,130.02445912136363
15.799325307616556,250.365410133027,244.0602812737905,126.47950554119531
1.0,253.81475540269116,241.87957086848522,126.7115779075955
1.0,254.75256164956124,231.54277080001998,130.17949993268655
1.0,255.0766313763637,225.29554085979333,129.6821374114204
1.0,252.21523103596604,215.3883801980491,130.79068670605386
1.0,251.24552307607803,199.88952615767556,133.72183340112792
1.0,250.730685744912,182.9498208659627,136.4035853192234
1.0,250.6893750119924,166.47063467716342,136.85242323747093
1.0,243.96518099044005,148.98992927418777,143.48745717597237
1.0,247.3783546878227,138.79435484870467,142.92689023052756
1.0,248.7772505392766,133.70628463088812,144.08403074775487
1.0,227.54427972393512,110.82484260050656,163.67626187967062
1.050556660351738,241.33001815392456,112.7060939062394,166.05504455334307
3.1226114105186937,241.9379366287997,118.8336835405511,166.6858986620993
6.742298819076112,247.0467848687021,135.2215206404153,156.23699060974252
6.192893617837697,239.63018369086006,152.31317422976522,148.3712470760299
3.7732196932227424,234.7175611852062,162.68065154209523,145.62203573348052
9.789117599110511,225.07383515679496,170.92642143997807,153.67179055632113
1.0,215.12837632810792,174.67279842371667,158.01364151654474
1.0,202.6699317400578,182.22205391455452,164.73796404151267
46.862757391752666,214.3320147882029,206.9231992867048,152.41787476037587
62.70244464130592,227.13462386027675,218.29203396073686,144.9026424296139
230.67169494352316,274.9186619466898,275.8008623932884,115.27764472672824
239.58431684756272,289.9819023961608,345.7602116443005,93.237531763546
265.62460459767374,302.21265765584667,427.07834142725164,77.79595629482803
249.96865046894874,310.8634596544908,511.7578869269089,69.83597590648597
227.88361805398023,314.1855676036029,570.6298129936446,68.78639828236888
201.53881051340602,315.01198317147157,622.6628363209546,71.52568642188214
196.97229678715223,312.97492580400365,669.6881410991894,77.92365130657804
199.09579154266692,310.3411315307626,705.8509970786181,84.58523073525686
186.62595803409937,307.0153236202117,728.9725750976094,91.5133059513326
185.17068599521883,306.31456635431397,743.333562972017,94.93624289537786
179.9644275643933,312.32602138339297,750.5172498992342,93.23745770487963
157.02327804557552,294.4392550561022,778.1149896675973,86.128844239899
143.02471712307886,290.59723308100143,801.7134835676952,81.7131317678966
145.54451007435097,284.8884876778878,822.1581151673232,82.73920864208539
153.6803356940386,289.2937650697963,858.589040533062,80.40600442273379
130.493794319137,288.27503514495345,830.7832919931416,80.7088437556492
125.97088483694984,285.0089644956174,816.3141319743211,82.22605518824216
128.3469235030757,284.81933947263263,805.1919454654003,88.09981693929487
142.14783282172488,282.7764982342699,810.7348632261545,89.79986346274413
117.40103301799513,283.2463375322539,807.6678407025399,96.1318630640905
147.9716534075086,275.3792796583818,822.4498606807585,97.98719627336969
135.09944997171783,267.3216116749381,853.4310731587677,97.84137684845214
135.4586025590267,261.90408186168924,886.3558761570713,104.76364495355027
152.16436671597103,288.8137779836254,916.9391464296027,93.86679516213024
107.02758174623085,298.7487511580148,896.2241231573813,88.68837722657825
121.59475509298295,297.1514408423557,921.0279624349589,86.13975804889051
84.55488646482308,294.10807276119965,912.3915877078318,83.43676957630122
102.03613189419389,299.5152569415996,938.7205296930772,81.24595578325406
94.50537671069958,295.46983899303945,932.9825435621199,80.44094130184807
88.73490237015568,294.94700858960357,911.0021292007726,85.16138147356195
88.93923151691479,294.5343559452511,903.8471535278545,86.27225927117408
96.79878609149426,275.5897385090309,921.6099479516605,87.0144638752911
98.99443345602174,299.4924216797214,942.6654623318884,87.23545083904591
125.9025777056795,277.3348806248738,957.4810386494526,88.98806659395737
112.87458426143877,302.975297260654,986.6967284939752,88.43186111270973
105.85422173446648,278.6719981040452,1012.7520392452775,86.30029126067843
94.9307255361989,307.2583095815285,1046.482609397197,86.58280278906851
89.89239213491669,294.0329545743864,1080.0203782916326,83.76689874116533
110.10373717367156,300.00092703153973,1113.206707204542,83.02981534736725
144.96322773811107,300.6185749636378,1134.383758843819,80.01338533284348
103.62141354796529,293.4694188348338,1135.2099623238103,85.08264681110794
104.87979330847838,298.58105489284844,1157.2988946519363,88.75561765673706
103.09905139436114,304.67076989014515,1156.3348184771467,91.0496017289497
97.28520926398153,308.4632838663529,1138.5678524072691,94.16705798953618
74.74746326430432,298.4742478437438,1109.3279315230886,92.79047258837159
76.0887946290344,295.56664343869056,1067.6638713741104,98.39294106831511
69.80494520502236,293.00729920969883,1056.6349930693466,101.76056845093157
99.17825092051498,298.0602330591914,1058.7079854289786,95.93866160784516
109.71562392538829,298.0871048440215,1083.8115411776687,90.91055535446489
106.74691107877698,300.50033524563247,1114.6153597614978,88.49004449353482
106.95789943720376,299.03082843404553,1114.9663637956082,92.53841607866629
102.37419166485506,297.1376466099991,1123.2850975711028,91.48118105030554
51.50433993233128,300.0981328075094,1113.3690014830736,90.0167238841764
52.52979618498932,299.3910708091157,1071.7847846432874,83.85011617188238
63.34077085933848,295.7226131617469,1038.37100910625,79.20151233222967
71.8409982442854,300.9196690588774,1009.2748574263169,73.37351262888541
111.29854643608383,300.69352048122556,1041.1538720341998,73.24629062168425
87.90096586305845,293.59448192160676,1059.7412433056975,74.4923170973504
70.34583422665173,299.74900518128914,1052.949765955111,76.19996644488104
69.94173930521458,303.1865528091525,1050.6860321814406,68.656977945257
67.16103619684884,298.7832138672022,1032.269158936611,70.18076444011439
4.293948299900762,299.9588320216324,1020.7251791305787,68.82169571101477
38.587989166919215,299.20041042973355,1035.3696850812332,59.450206093941304
64.17906377867882,304.2924135076018,1048.1339655275522,61.90937206259382
58.785260298405206,301.0041407664259,1046.268144146678,65.39219927264277
87.53878669839753,302.40962314320643,1043.9736497511888,69.56446086251401
87.19524158081799,303.9525351094603,1055.6995911821314,63.207258210813336
75.32663127585033,298.734651699196,1033.3408438059632,64.6627980968198
101.1544207285583,296.27964040801726,1053.1571095087882,69.979713569232
81.35176728687065,298.7055485348997,1049.8654554101333,68.99788721327134
75.8719289828947,297.38634065955034,1056.0129686531372,68.57188967594898
73.48340151650336,302.0617001235508,1043.3024282171864,77.86606135221594
81.17659987513935,302.3415031132856,1062.6606807318803,77.54231167197388
92.4003380236112,300.9634791063733,1058.282091529094,78.86440474307429
98.7572530324353,297.7813972143628,1073.2940953920154,72.59481435146861
85.34884559658872,300.810613685562,1075.8557360655968,67.16550264116918
104.92699051136788,301.27538580453586,1108.5062954171635,63.086101218362614
85.1177458170364,294.6478677854476,1102.540960100734,65.82519858866449
106.36097476179214,291.9167466921218,1131.2596767089044,66.36536837684476
80.8806039556232,293.9893309077069,1123.741310022977,68.72033045396452
86.86250862296117,290.46893538017025,1140.2038987225,72.37056735819971
99.90666065132791,289.2787483630417,1142.2825948402926,71.46524592011755
108.92499296219478,283.26673712336134,1131.1982309299513,70.48796293956661
114.62141218639022,289.66117923296633,1122.511986221953,67.00301697071762
117.62777761310599,285.932497951802,1102.955097608924,69.22956795192994
121.61444626752632,286.6072427214594,1084.1366763495744,73.88957064032903
115.66325418863914,291.08914633773594,1098.832660546626,68.52741958264656
127.82940843924439,284.22329436430766,1095.4612350043528,71.06983349110705
129.83768663268984,284.2877031309489,1072.5850001886463,73.34515793896782
112.72646062515707,285.7963618765949,1068.7423758046564,72.25232943673421
146.17234302518432,283.69942619696036,1099.1611809302726,65.87335695437761
117.64856012402583,289.00175161427785,1067.7673539194182,74.4530896862409
143.89067593526613,277.12055832084195,1070.7579616726744,72.51828584041397
139.24032723110872,268.74440791429913,1042.1751534378245,74.37514500523935
157.15454053834208,275.1053787909519,1054.829384403292,76.08511914848633
178.0222075112506,287.63705799067515,1035.4312910851793,84.96810507630451
168.81334724647218,273.11212946524114,1029.0597171065415,82.68510157603949
164.79718824434997,275.0064125059587,1008.7114915603695,75.48407853368977
173.75640292614105,275.91786966539763,1002.9134696618553,71.07103046452417
196.4528433839032,274.627168654555,1015.0682169414267,68.3519205746554
176.8770006260554,278.17666915190813,998.734566418859,74.73790324859998
188.24723587737174,266.8640134716442,1023.2464329552581,78.64267417712725
171.31222583379247,269.2635741397207,1053.517940427716,81.04383000860788
166.74843785376947,264.649502469387,1021.6261223869208,84.52067902302835
186.85988454290862,295.12136166534276,1025.2697532667464,84.68647241340327
169.0453144065633,266.60273233135047,1025.0820044730567,84.45798226312606
182.87018972017222,264.8557813422165,1026.8900924788527,75.60198565311906
164.90963317753733,260.2778130945212,1013.5534294033985,70.42674851298042
157.16063914974677,263.40216308663497,1014.7428552386768,64.1090525673785
177.5790313734675,267.9073512527279,1027.0894725727446,63.38554097768447
175.62549663288115,266.39229642654675,1016.7921383116364,63.211903673377066
182.74173475044125,271.6127966249975,1013.9649254136506,63.42776078978158
203.75324338587126,276.29345814446873,1015.9488466262645,69.53860838870084
184.58309795254456,268.5534912668868,1005.1581978069912,69.91330195466588
196.84339947981744,267.1169690122803,1018.6454426101652,66.16095711729956
168.5999805771471,274.01820766267826,1004.1381671283364,70.8779290970476
172.6878550045144,262.0614474103602,997.7052948387695,75.90976562302055
191.3179918372142,264.2841580312041,994.0460759954115,70.29241894766143
164.07232512094248,267.5785263173916,1003.2090833186395,66.31366402122546
195.0057192878037,265.30611279874887,998.2633513133005,68.79114254710417
198.09726181914505,265.3777378305145,1006.3957695879508,67.73677863289149
197.1161573611913,259.81366670294875,1005.8402967675668,67.66608692164291
183.7572242504694,272.88038224639547,1010.5641278875627,69.38472236187933
204.43651120957605,261.68738768946326,1016.8825398827211,69.82851005345377
174.60484872346495,263.46646996556103,1002.0888573681547,68.04836762405222
194.24842444356585,261.3431403042035,991.7962215797803,67.67849840726437
195.51221374525232,263.69365162290626,1000.0972362576229,66.26420824649153
181.6018293716843,256.87043138468783,968.4358309931076,68.2194855555459
225.58362394892413,266.38382171808985,990.5316884044521,64.92892705730557
182.75434968433586,262.8448728244379,990.364224850039,63.96216234723851
191.70792205834988,262.6553790459238,984.2368875348244,65.3852397807705
170.9882300255776,262.33412098289983,988.4765310967231,66.70116571294889
171.48727237577577,257.0861560617968,1011.3274993937634,66.15983386155413
206.41278108841817,256.43901556264626,990.4511391113882,66.14876882630207
186.5911873941027,262.1570445505524,991.434498810155,68.93139241599042
219.27964091340363,258.1396748925171,992.5127922044527,68.00118493042615
201.32689079318902,258.0322425431462,983.8489254814567,68.98551340266161
219.7042389152386,256.0057052520299,985.9584209101998,71.22324439203744
235.70499481888936,256.24030885142565,984.912946177603,70.60772504065761
204.46218404405568,260.9141916261476,982.7476567603278,71.8521783217691
227.03726831174635,256.9652769730732,984.0145475045948,69.89080276862303
172.24136443495405,256.0147662181905,998.6619911667827,68.35406129794097
211.63997996569537,263.5636763306825,994.8449694362744,69.00501495305504
210.38919374439462,257.19268133582045,996.7200243680476,72.20026599127289
204.17991706269584,255.98270124344504,982.2801955587981,73.94849449561471
217.84200686350266,258.0180874364718,980.0187840722672,73.43674763534868
192.44990776538316,256.3280390735729,966.681295153473,71.84495079225127
227.92596063298055,259.55771595392196,972.8170352174494,70.63534183374745
218.32347975207261,256.99872490922417,969.9758557283548,73.60008247545198
197.02747122544628,264.38365841518157,949.925522637912,72.71342564981833
206.26423069212547,264.0749463352671,929.759107082335,71.63475866328247
202.15532177703767,263.0598518547059,916.8196391969957,68.62745415672089
230.34616145647846,263.8987832904668,925.4612791946284,67.5577354231114
223.0683840169803,265.4747233374463,925.0212389960525,67.40195538891281
229.346776996759,268.73492475371046,921.1761972381325,67.49051247245758
230.38598587207832,271.69379934179216,925.2998811492462,67.68113631946494
213.60918184257503,270.7489843218312,916.211411656582,68.16951718504592
217.8578300744024,267.73701106975346,916.1056368071427,66.0712150673583
225.1774188049423,271.8354833069785,918.2203952557273,69.09308927391662
217.88823467548787,268.70745559261644,920.2649657971062,67.95480137618975
234.86951397147692,269.341450119819,933.4726715113992,70.41746513549734
216.85554018714635,268.42109816874375,934.946522758513,71.05360988456754
223.27427273487962,269.0186707741555,943.6728193138989,69.02091664937498
216.96017831976417,267.4488104743184,953.4276670714896,68.16438718732451
218.84691361091035,268.37718466815465,961.4224671885116,66.13002358389055
218.28227662351344,266.39922528316384,968.7231366515855,66.94504215524346
214.9760880819262,264.1564914173604,958.7953899706314,68.35889624058396
202.1420312986079,268.71041565661864,969.082043204543,65.0735680789084
204.54830665137052,260.11944215094735,958.5755179188671,67.09935400110133
225.69445521766437,256.38078410863335,961.6503218087302,68.21334548283333
223.55451394402337,258.63315058103143,958.782898915309,70.7252210687662
202.77484874743868,259.2114575483927,962.1730603692201,66.70428107972585
212.0011711088507,262.8858132198674,967.4159580589887,63.4576205286366
207.7665708719574,259.965456111179,960.7827691559993,65.24152749193772
223.15975499649596,260.38902750733416,951.6964446978218,64.10427705110344
208.65017439786936,258.36760996362693,947.9129376471878,63.71005208444677
236.5993500201928,256.04108099012683,953.6215908063534,63.737995858387386
226.16871960860846,255.83651489916554,940.9585126758535,67.10259171445014
222.0931744988377,254.06301194749753,945.6296249646666,68.04258846320688
211.78039751028615,258.44033598543615,948.3028699958323,67.31846815482035
216.0922251449909,260.1908207196444,945.1816804667272,65.9044080486137
209.71301518430118,262.3175546081423,952.5078240217517,62.00851111867982
201.44175573895916,264.13504263486163,959.4546909295666,60.61351607046051
205.11788535440422,265.4271116007031,953.0658481205074,65.82621322599998
208.35859967244085,261.77561174988654,947.9984645958041,70.10543929355545
216.16472219222192,266.47325312325574,935.5302534637017,67.74765545522727
216.98820481537143,261.80933996835523,928.4444194036912,67.20302244850077
208.60614171021513,262.2209208551777,923.3738723763591,67.45518579920969
228.79912603579953,261.4096109030094,913.665951936219,68.6212758648138
236.9774450866438,265.257796083162,900.9012759312202,72.59215995993064
227.08035187153678,271.0808264305379,916.9964057282368,66.65910665250931
217.5066382129762,274.15846405254416,900.4183932419362,66.59809516651929
221.87866406047004,272.28207990255765,882.5398085061098,66.31836095869656
227.06576833598785,277.22772827720337,881.7245248583654,71.25701215673648
225.34752174407333,273.0286737824859,885.0237065622125,68.97679596538141
231.0217753823013,276.39975201671086,886.7153809595474,69.8492777615032
230.85530558300547,282.625290425807,867.622319443215,73.75277586765796
250.31143507351487,278.99257494088965,835.9711460223398,76.50430578001301
255.2026696202392,280.1970198325019,823.8032271598648,74.2145302311571
253.78010601028006,283.26549729331657,820.2075807386775,73.55759678412883
251.54163082389238,282.1279805475456,796.1217448465385,74.8345261568939
252.09725380508849,278.993722565034,770.866786835601,77.30423162152562
264.8680557480237,279.98140100771474,749.3454466763822,79.10440226960262
260.0263368204886,283.264024382616,749.0845948637627,75.2154222537314
259.2903138988653,288.60549655862235,737.5384727743497,74.51372635940646
261.49810552517476,287.4715479742844,729.6916708319645,72.56592922238463
266.2204992220552,292.6508616546669,716.273710042763,73.08452409477745
268.20619832251094,293.31470985952933,703.7680334144399,73.68977173399523
278.9102211302247,291.3345537656377,718.7005530016872,74.15803884302933
281.6986663036156,292.365956492014,705.0573136106586,75.87568785409522
262.01864219147933,294.59826271224057,684.9643814182668,75.99967626617229
258.17682686714573,294.0235324444737,658.9247968408127,76.25780419499912
278.72240465335256,293.6623107390328,660.0667918106299,76.05161036372687
247.11537964959416,302.63896950463464,629.1561435872309,78.31376473846119
258.8406649010844,304.42780749245725,627.1867750650371,76.88285396374019
268.3136875066524,305.7801002985209,611.127837886979,78.79474948298743
270.6246296010842,300.32583619351965,593.9236735563333,82.23326462361177
271.60659015787706,301.53528729047076,583.4467851385788,80.26193122748397
235.26133731701827,305.7143763219037,582.8728945836149,80.33508467644577
224.9729661292996,304.61927891423187,584.5173894647394,79.92725169123977
34.802707625062,306.75785579578155,606.0556639562768,74.4447376150299
82.38196935097278,310.2662633042408,611.4474742079282,71.03474854963387
80.58417326846865,309.4962367350717,598.4276448149368,73.99744035564075
65.60732495333252,303.8212341618754,594.128725539136,73.32613541187817
46.443838510965975,305.98196314257433,589.5107134403783,73.15582555831159
65.8288694648005,304.86571023926973,572.3216845981398,77.96158448167263
134.72706207375984,308.70070037735996,565.4022645500388,88.2106553980724
179.9874053475233,336.9089434210125,552.3193535595043,112.10570888510487
149.24490937146606,349.8614823166501,525.7436829010619,122.25316472138148
172.81264111457511,345.2977399574112,515.3807259344171,133.1989674464532
164.01533637720672,366.38167480258426,482.647119698491,130.42926203733998
164.9403696102293,368.9729951965289,448.48963758606317,132.49988172722132
110.08608826646804,374.4717126583469,426.9798923219813,135.38584555137197
73.52441126137387,378.41234120958063,395.64781994615885,135.4093035990882
9.062674478386157,390.87599499880866,381.6878644490595,137.15672299183709
8.241918030116551,385.98004859171414,368.84086382272267,137.20394306627517
1.0,379.148996832835,346.2924380621499,140.63070908770754
1.0,396.39437479407303,323.63714504480834,138.96450745526943
1.0,410.09758926986314,309.6614418045518,151.70583448962418
1.0,377.65784841156795,314.4930098871046,172.7097617599451
37.646444654410544,294.5932095827489,337.3656091381523,180.38590736728668
227.85356107565988,298.4068758753,376.8550160551501,157.03895768349918
467.600850169762,301.8499610148035,430.78464505902235,124.03376678079934
452.2743651669552,313.3840810379538,483.1900285222124,99.1005955168651
367.33526363765105,321.86601158494295,520.8248802581176,85.50142429315713
371.98534695022704,319.74158351479787,533.1451825998238,84.20765954235324
371.06424613207867,318.14915427264197,532.8771129203617,83.03115077351177
388.4699203925718,315.4631716526191,532.1306167917437,83.19811862571646
362.4246317064111,316.56317510320184,553.2535757525152,80.239848277699
341.4588523649774,320.3258866010692,566.7580319470006,78.18146486111438
296.59478790467483,319.99105739500874,570.9334824281639,80.14732492452832
280.4559144484,320.0430263360649,586.9519045405095,80.51939045421935
291.937834320712,320.37622341369814,597.0632188836896,81.03729882260102
258.1953935921937,321.6587224797289,615.0549828531825,81.2433358014002
261.9772411372978,317.6788215438913,638.2746324803354,85.83885549050885
203.44583547200733,321.4518270085538,639.4714742776954,84.6227915572388
329.82684469311056,320.41760799106294,661.2671218211898,87.85751903996638
336.55496531436364,321.9877267261753,657.5788186889657,89.19740046371278
330.40766973781064,323.04345248782425,648.1495637618519,90.29238638574363
343.4927036769367,321.1289057132595,630.785738958866,92.43014209662363
337.4933915368855,318.43304545918994,633.0301061484099,94.33240146774433
340.14933798756033,318.0478150400468,627.5412647199576,94.54227373518779
325.7036191910902,321.4946327773222,626.2607094346947,91.53880429699338
313.6350733678801,319.7455422786178,615.6429891173469,92.88764431051456
315.12726970691506,318.80366662939986,618.0083666947046,92.87700283751677
294.89615047451736,319.9041528412367,652.4194824561104,92.0459021171998
346.4039460081837,315.1949020563868,650.7485852931196,96.80454673389748
333.8788915011899,319.2643710574305,631.2709015670783,93.5205256661068
335.34424713135104,321.6263623829775,619.9269581206147,92.03285371175502
344.52595571323843,321.93989762625836,625.9919571389357,92.23296109740009
329.47937475153066,320.95409864747177,613.7968754483057,94.23093430365316
334.01933476887484,317.3367686598862,609.3783103075746,97.1914802581289
331.2868827997271,318.9955529684535,603.1756363564216,95.53487793027935
357.8462310434747,317.5653570517433,610.4146676546844,95.7545776220983
345.69884761975925,313.5627940205544,605.8972319821737,98.54219090874794
348.59187456099824,316.25661052181067,590.4311154640134,96.43550314079381
432.0703177594623,306.5873666466487,627.0334717966056,84.6336464632207
306.80579334803963,298.2122554475236,653.7011938871988,81.73166195593092
333.27533887755214,295.264442603401,673.0792095002437,79.54807270807282
339.52200672273915,298.095628665747,692.7273817548759,75.97773460115947
318.4371536651166,294.2939111068662,688.874778648014,76.49962312657868
320.73844588088394,305.0974148508003,685.2579642921113,74.08838141178117
308.5538694946889,310.5627508035425,664.4057483653976,84.17963031241669
290.3993370975581,319.3306002894736,681.4191687513386,86.39901278788079
270.3158061939681,305.7944533507148,693.7905361160554,87.78712528785478
290.1165266617508,313.77838970416764,675.7053126928939,92.7011805628397
244.54025756531064,309.85870420595336,666.6973506274974,89.4326687777642
223.00831143364036,315.75191705749097,643.4357283841033,90.3099200793483
184.4755055391928,319.07581621397605,606.372131569916,92.67273233736702
212.93336655168434,313.31785343740535,590.5244230660866,85.66967249254184
146.64584034847002,319.2092666448927,581.4953618424071,78.2488839605679
117.1548300729026,322.27419259728083,539.1954789998344,82.73190322189836
111.91641733597692,324.6728914434466,503.0531350696725,91.43609373748629
220.1916594586899,303.43867370459867,553.5940414796493,76.14393874345603
289.0997189815192,298.6884598526609,549.1564497850364,72.04331895686269
446.1213104376284,298.6027780478083,552.4878184178249,62.088021096510275
532.8068613161029,295.6538050562149,575.5980384156586,58.400748678167815
487.46107786221313,293.0174654258069,579.0499534216498,58.11269003390601
459.1468743791835,288.6534850561316,581.52318294202,62.618191083121786
401.34874316693003,289.3706458248844,589.4653398901573,64.1000580421995
369.2901366037879,286.3433368222046,618.8019197917367,63.616542717932944
389.3088521068649,288.2595504991923,634.4592900488427,65.83322930468799
377.6564184747492,285.82673963612234,658.4643780022291,67.37157007596899
345.36918286022194,285.59043690318174,697.6525804526793,67.03648262556113
338.3720718595923,284.6116779992814,745.8711037813312,69.09784041302552
347.8853519031395,281.76114477053267,776.8038446242906,73.45438841410365
383.16428331950317,282.51331008059867,797.396802740632,72.9039212995132
381.16106082226634,282.67016361363045,813.7104251250832,73.2719988930784
368.17972092654225,281.29230171695184,824.7818263037293,72.59697000559188
361.92182258231117,282.676371573794,830.3445196137075,73.30278783180661
366.00905726797237,279.29807705169935,838.3855345652241,74.92594143029118
340.21688764028477,278.9441054707305,834.9129792898591,73.13837151515733
353.20296116538907,280.3629440388392,827.6130626447436,75.22044361245325
356.7933782411472,277.1777312893969,827.3108561130103,75.76099375693838
329.3533928182376,280.0943538295422,815.2182306432899,74.49707043484075
360.13503324321937,277.5619014891718,793.6155723881704,77.19366690577041
345.8773414446987,276.2343714272438,787.1985527330814,76.82111690264672
338.568616098774,270.77980808890607,781.9292338763439,82.2605131052861
335.7433133046901,273.52200170866973,788.1001730179764,82.88337836014948
338.4202821066318,269.96280244747567,797.8593400136267,83.51162666495017
353.744632512447,276.0196854841181,821.5519170704805,84.42084494885358
322.3110768402299,262.83640862175986,861.1285334098117,87.91884217476891
345.83602634260916,274.1769706852969,861.5597601530559,86.1054534378204
358.3402309333727,279.096437387303,862.1356829063802,82.09068235938145
344.21501899447105,279.23776268567764,867.5875204091967,77.80632672328947
349.39655550736006,285.69806668100034,865.6218134249032,77.2668108543917
370.98372715339957,284.7039841494754,855.017087669483,78.30175646942277
352.6954862431157,287.58880772565345,865.5951742108781,74.52921584197362
341.7464662978201,288.3279613157436,856.5234993790796,73.15517249617129
342.3250511579033,291.72027489345345,842.3546453853833,78.99298137413264
354.16803664956484,287.22100246295946,853.2351191556264,73.53387829334892
345.28717739642536,291.36447157118175,846.7589032673272,70.41168128313365
354.1774253786125,284.50391989880006,836.8245494792393,71.69666063530664
335.8329015385606,281.1977729162817,845.1529619977089,73.31448584847271
339.9763451264147,284.19050745506854,847.653768266844,73.77078281788891
296.74047449336325,281.59316084871426,872.174185523913,72.13571741586141
331.2181753408422,284.29335066753674,858.1374990319284,76.30796568167403
346.50861422817184,282.5386146890409,855.1120529489856,76.90227686036614
321.62276299207934,280.12269158016744,864.9333947826648,75.89462274240688
283.3204684518805,280.6806673428274,902.4536749696972,77.48841317551063
337.4788530710373,282.3527437602386,889.8612545319402,87.86192815598037
366.0877078256702,278.6287975142738,872.8058900193361,88.03738478677806
360.9219793912914,277.7999880255097,857.1972836394775,89.44660726469937
349.9283491906414,277.0900933796977,849.5277924246069,84.18731410004344
363.40806343247954,274.36453220826587,849.3277634483112,84.79073072707907
319.98613317413515,260.0575740691656,855.7464009493212,88.13782384553932
334.60247473677026,274.5245879846449,876.729481751758,85.33658192741296
366.86946330924275,277.4028509410466,867.199426370393,80.01436227818978
383.5697315497698,282.12149589262276,851.1771125897335,74.67433254657465
383.65883505449824,280.03934901612877,824.738485489434,74.37086556931962
381.70946712401985,280.39190929663505,829.9733857297165,69.32910107069388
403.6091176532605,280.8903236567761,823.1897938614194,70.84197007715487
381.84310782724214,279.6835299722678,826.988088456718,69.12253382101193
396.7382559763809,280.0173771020885,811.6028362154105,72.8117527956752
390.29363719668083,274.6639342173931,806.4542274041594,71.0006601731601
398.72196511100776,276.19290712513873,800.7486227105524,70.26350487454175
373.0684526593327,274.84094941180166,808.5796523413028,68.50320742433743
383.3158485962306,276.02110080940156,803.9844136697004,66.3520129489547
341.37450085496823,273.64230251307754,835.4846597851072,66.20961172560851
316.7839693015158,271.3396017161134,858.5146581641849,65.90168497264285
235.3947870521955,272.3800480267168,895.4394407282846,68.7866606776611
289.97216942628506,272.20835609144,897.1626935991064,72.55413904460198
238.10552166285152,269.9740712383622,938.4518628181702,72.90121999030575
243.57255815285566,277.4987705957192,952.6325627133326,72.15525437713671
279.14771190558486,277.5734916290621,918.2899211345089,72.70211035830971
333.5368497450211,270.2011383666323,892.7871317602035,76.71921020430902
366.4939896860222,270.96107659462456,872.1606887947247,75.49095037495577
374.3473772900761,267.9831305436237,859.7144721539489,76.64556267187317
338.29748123251215,265.50519952087393,859.9383988265031,73.9156241194315
379.17399346385713,269.3298775854581,843.5375630071086,74.32064202315176
340.5742596409773,264.6630741128307,854.0197928951072,73.02695450862592
378.0028956073942,264.71327294933377,851.1794253651296,75.36940043670097
357.03416282905675,261.695714788821,851.82415053514,77.47711457846765
332.84705897132005,261.3526997484706,863.5964542663667,77.37884714571415
372.97960663092726,266.40060980369896,861.5553113806602,76.49073557777783
338.7282745023424,263.6177866258898,894.1968271766957,73.22488855429867
360.9734786008922,262.75365556885566,881.0741766783509,75.70432848056832
341.9725895723851,265.5634095034544,885.3312039756984,73.78696115943434
372.44940597074446,267.10340176036505,857.5951972003165,72.48147666776963
386.3239658572914,264.55300039740644,833.8392646592432,71.30069416438552
351.70898122027313,264.453410240217,861.0382796427089,69.05550463939889
376.22817129981655,265.1811698040665,855.7413374406941,68.18230194079652
359.4603869373223,263.23295435118456,864.5036356907407,69.08934189516103
409.0724058259174,263.97367429873736,833.4943268815778,66.67303400074938
424.1344418150499,266.2027941130419,806.0983005483075,66.75875036499443
417.60760520368416,260.6654537428734,798.1516232092318,67.93797506992058
372.0262957545465,257.552916379731,802.4768916137,67.47760783695051
374.2177468513255,257.1481374766829,810.3417704649703,68.30248377745124
351.8737136758095,257.0564824395031,831.0036321840606,68.6215266902575
355.15076171291173,258.1330185115235,822.86643065967,71.72239356085659
363.93504964311717,251.93743129087187,835.4710709587039,68.80922983464554
333.4001607692656,250.36968930898678,853.7685680293797,70.74172072565457
312.5274911693069,256.44615126619203,875.217074457569,70.16972285630067
290.7686210048347,254.9986726468735,902.2486068382959,70.09472443027052
234.9741889968957,250.89072810297844,954.63198421897,72.77291829740356
199.30298048057193,251.47250835678244,980.5802777469503,71.70431632407204
135.81957427248545,260.4272648277494,1015.4271231670474,70.42968024504478
196.427580789253,260.13409375920855,1011.7780186397778,70.90054008689219
213.51123864627596,259.42890972452597,979.1217443874486,73.08301800704211
159.93664040121496,254.69656024679344,1004.956602878802,74.05249672199756
192.75187271200508,258.1164346994907,1022.6314514857103,71.68344804765053
179.10229459108598,257.9096713898961,1017.7168576359584,73.05949187895324
204.36746862206303,269.236732816992,1018.7466175017651,74.95826343369883
216.27865408366614,276.6920835714861,1004.5497406357234,72.27009354702867
220.62156423672099,274.5754409990076,1000.9976239499307,68.58690772927987
238.5606198974208,277.2803932596316,988.7996283021243,70.22647675407656
230.57259209735685,280.37014770203734,969.0292423005164,72.34234173059613
276.0920551144248,284.3303835335489,958.2021404896713,72.11705178965913
202.5074586278123,283.29380815066025,951.0791520767984,79.46437668635981
235.25927185737612,293.4351893772847,950.2033842202286,74.88754061034734
235.82001262748219,295.5175901959579,945.8615487994344,69.63509688725675
301.0735916663284,304.77178791761,910.1977891000772,75.52783131829011
305.80657171538536,307.22952628432427,911.4836101712416,76.60320439203517
296.7087579949968,319.2858551102189,918.7655628268068,71.44346196082907
290.98633667954425,322.28297925662156,919.1808582527719,70.86469787669729
266.90606555737054,338.45930355231974,909.0196487090625,74.9555414522903
250.61061912837897,331.83647466146977,934.9708636951443,73.83458847540054
222.61536841553811,334.2597795170773,953.8777626468193,71.87156992646192
222.68422070320815,337.3919698551087,959.6696416411706,73.69482161609899
240.84070847209256,339.57449373389795,952.1249719876784,71.45386012686977
278.2112993249111,335.42549784706006,950.0091596732404,72.04635985888804
227.05551131837495,329.4369208258818,963.9885718135716,72.45156913865404
243.27188719613196,330.3337138651033,985.8434440572144,72.35836210058073
159.35933459997176,326.5825029830072,1014.1550997936569,72.23572311973751
213.3832078275217,321.89027350817156,1014.0661913780391,73.98316860513407
223.96656115078838,319.85085987044675,1011.6221829780548,76.06386014293875
215.7022826065829,318.0985967982099,1026.1884316817102,73.05755885318723
189.52619345375717,313.3020483219555,1014.2585517997079,74.48523348772287
201.84158670274718,316.12940883597275,997.0949130020471,71.69104262748573
218.0967109978012,312.68199215173604,993.8410030255891,74.41279812914703
240.58190761269356,318.09754847897295,999.0464118010844,70.54788700735465
211.045831095123,312.51255393711835,1014.9164302802252,71.44619122286439
231.53001040029238,313.8455277441578,1015.6257449093345,72.70114411430578
165.65509134896553,313.5914120384564,1020.277971169195,71.8475876189568
169.60585701733515,312.8181700280294,1002.4167992195554,72.90841578733642
202.19659313065353,314.2473403781735,980.816451359888,73.99908327883304
247.35204448385798,309.52863645986014,973.4422160785298,76.60331153025592
180.8373586781393,312.12605290543166,998.1524905780494,70.31205800961308
155.29616770822514,313.4437216652582,1020.7869649644957,67.90400334225035
143.23511750337207,310.3701358267002,1045.9590573259452,71.22505449470145
159.07029408570156,308.9577505857205,1059.14102827254,74.69251833991162
157.29619828478644,304.739553769338,1073.5633630072257,79.65707883196069
154.49941009334168,304.1078480614712,1077.6294846677208,77.94700796190844
187.5671190217713,299.7096783112371,1082.9655630332497,78.54916856403892
141.2249543384711,302.5754905424218,1080.9099269748458,81.33157340303907
152.81440276955084,305.28960147355684,1088.4805496914157,76.31432927232379
137.37464863776302,304.8778916512229,1092.2690362091835,77.10015899933975
191.49976074586084,309.0911015527381,1082.7957856924731,73.99074259407729
151.4401540101618,306.2358574727765,1073.758753573404,78.79885085553448
174.86316035279435,307.78731229376126,1071.5360562539042,78.95835212035945
157.4957847472882,307.34168691667304,1068.808002869971,78.75159065758717
175.60354956107005,307.1942501754492,1069.8472669109633,79.34996508660939
177.49801467274858,309.5262469860142,1068.3643267589778,80.36131666727165
137.3058427649314,312.83675045283974,1074.0464126500106,81.62638221747454
159.97223620368095,318.2756786551122,1074.4229602035548,80.29128569005114
131.99652696676503,317.099221248311,1104.0928216173925,79.11311971538763
105.38423742221414,316.1055439391593,1105.3923000157006,81.98624707797315
100.5196872816623,316.4183464558665,1091.1118403944465,79.83164668113626
125.10007204618262,317.14961628392086,1071.8091367113666,77.74281702516843
116.3163500853284,317.4328363265889,1082.5329201394202,79.40020932936022
113.000951736307,318.4819648544377,1099.8356875339482,75.56414213160748
140.25042077890623,317.07822209553734,1111.716243646829,74.79925228149492
106.3053529411161,321.4705100699257,1109.831607344816,72.50338464904645
150.8801135324976,321.62486888072203,1110.593014280445,73.53889566492548
123.64387152681729,317.71204436467576,1129.0910552358491,70.36716205300635
147.80760214961333,326.38093467473453,1124.4236375848295,70.9303749762141
132.24950693949506,322.07706743849053,1130.6930329705428,75.93671944041304
111.07975178032757,325.78502505395943,1151.1965880146076,71.41361084527449
124.0346076738274,327.1340588873471,1157.8290063935572,67.88296559272227
122.9978544089231,327.4554891588041,1162.3692935041831,69.91433451690146
85.79454825441246,324.8491975582969,1165.4995879927221,73.30863304693655
87.8757436312892,325.0858021489424,1169.7201449842578,72.85317989016883
98.46042953721167,327.95250516078823,1177.9640664466378,72.99284194718187
92.65409907559388,322.64676453833914,1197.7413853832024,73.18982681270207
88.5711823049894,324.3112871330143,1207.158740493272,71.6946830195375
87.05938870152636,325.6323419860728,1216.6145614161376,68.7680712971223
70.07953742134771,325.4676809673761,1221.0002669077821,69.35869609709536
60.787156676535005,324.95233149139,1211.5914709419812,71.2860172946848
36.95755420954106,326.7688054021269,1208.2065984101052,74.16128013514675
91.43248644412017,322.2332407071173,1225.6131823879323,73.73710394285956
90.87250603035466,323.6456366356409,1216.9129612687088,74.2619750773058
56.36572116157822,327.03122094723636,1225.1448247154644,75.95040981485636
89.92562451277422,324.913886586621,1221.9431604036276,82.95198634942058
91.68362261306333,324.28472431770297,1219.1680890456644,83.69018676121568
117.87501770632775,321.0585895927867,1212.3919775746733,85.4008384866612
92.45489496514142,322.16615851273326,1214.396924807556,82.82363326835682
82.41078633408904,320.82208672757343,1226.1780460945524,78.80525099607087
62.77082404082569,325.3447890649228,1214.6531759629775,75.71363469744333
67.14152405435107,322.23607137287684,1222.635978169264,76.82650884354523
65.62786197995274,324.0689789925337,1226.342537157107,74.47434851464945
82.75562589709045,321.7867044294949,1223.2305496468784,78.93883964926135
112.3767326338168,321.0772142166381,1202.0727207568614,79.96822889570277
98.26283538790256,325.39336279205065,1203.1748043638722,83.20725203054704
104.95406527713703,325.25414737097503,1198.902898226732,80.07347347930981
78.01150397565686,323.82052275611954,1198.4127600805919,77.82792989607896
69.34201478058742,330.2838100943412,1201.7974365054238,77.92891310085247
105.33643500800235,326.98244394935256,1199.3726115373456,76.37987457675435
72.65189238866105,328.015881412419,1198.3286781858767,76.13949555442036
96.27298869029073,331.16273517596005,1193.6866553912098,77.884028687098
55.817577725418346,330.72579281417876,1192.6246142236164,80.178142015966
84.8499352260327,333.86689903279125,1210.2469688977733,78.74772862929679
75.92163136912927,332.8073718784089,1205.3210689042553,81.45599007221254
38.93338511185061,331.785234643541,1220.307996820334,86.4566282349992
67.34487067986242,330.7001921259621,1225.7324751965675,86.55467257806849
46.79766915692312,327.5791380519154,1231.5110850452593,82.71456998321332
48.564426739110104,330.0787084524277,1220.6888101064992,84.5996227745203
69.01220638623658,329.32747871872914,1229.043847731376,82.57534622292678
53.15883767367677,335.9111229103483,1229.281738066677,80.56846594158546
101.62584213931973,338.4948072232679,1213.3441069922321,80.44449099620806
86.04366454238709,334.8158333237966,1204.0604493067242,78.22314001269328
68.22944072947269,334.2168708727159,1196.2445056145366,80.49975947029955
53.35019945207341,336.9169272600159,1199.7370606576542,78.9100385534843
101.43647978716274,340.1022458862071,1199.9303496017117,78.84712162682048
89.08753847198932,335.92960979172017,1187.996111346808,81.2675335739685
105.9211528368719,338.4402685431499,1195.184103935103,85.82259889899547
53.98023308917891,336.0026766681979,1191.8853278561583,85.4362607456961
99.8122427658692,342.9756518493198,1191.316436399381,83.87475950066393
71.10018605862638,336.82576606954444,1191.7943631747114,84.89325748832529
81.72904183978562,337.91808952795145,1175.8718005833316,84.5479697537018
96.98544013575065,342.26883864367454,1159.4483731738587,87.12572234339169
53.22382609913427,338.6377839858491,1160.7576366650412,87.55309842714726
53.02828637245784,346.04467186946465,1178.0362709840433,89.18585541526929
60.87790522869636,343.65464867711864,1188.8471888608237,92.6743885161689
45.82538908476727,337.6596136784913,1188.0115403544974,93.25407580909913
87.02464476338025,339.6174446017817,1192.3653625213492,91.95275753749507
73.76698704185821,341.87324552025365,1185.94088148954,90.29870599856585
76.43173020119286,333.7685099995375,1185.9324874210765,95.37065222612884
58.254148370993335,337.51532163763824,1176.3354107410596,92.4808649411611
134.782205965275,344.956360485239,1145.5680650742847,95.42234937762915
69.7344707280705,346.15213627482393,1136.6899265158384,92.3186844116148
62.80708382793637,344.79796266499613,1121.9747551710839,93.88873521343226
66.34188918607538,349.6312080698331,1138.4958576555587,92.31785843308501
107.43003783180893,344.4050229921662,1143.1246830478865,89.74162100130401
124.88947117983275,339.5233158171569,1138.9645914487146,92.47534725881019
160.01010068532355,341.35678587447524,1111.2090576612786,91.03406757737233
127.69811258522441,347.0786470462029,1105.654837317075,86.54368475584893
140.7174422183457,344.0913474594176,1079.8766947484992,88.75652981246188
125.30310831017562,346.51380932791625,1065.3700820082508,93.88525494371399
95.38837908751782,346.5658467927977,1088.0061083649339,87.50763500772868
117.10434155680218,344.2270634974973,1082.0111668745126,91.23733411023336
96.42486747737212,344.2629317552376,1084.3772103526014,88.67822513558822
117.96599435164342,346.4167534700555,1054.5161649728675,95.39566779836044
97.42223462917082,342.81869342884636,1074.062079555546,89.0722250090993
112.13990922541325,346.6576753292883,1057.139840483071,87.12233374992626
112.85308903198938,345.9879704106015,1062.8194651249055,83.92659587298357
108.31491592039504,343.9368604355514,1070.9454932815474,84.57695863923537
150.59113688502453,347.164644461391,1062.3499722862373,84.66372703436555
98.28110137609701,345.47697931240486,1064.332016140955,84.00687461270076
142.10527653144993,347.40699345431176,1058.8197675563838,86.09451337141618
60.92398886919466,347.2919614628867,1065.1178286697277,83.43050431932093
60.13979256003722,349.4043776466757,1074.0407868867446,82.75226929791948
75.59484292576906,348.5461587549217,1053.650590294307,85.7235882678953
60.95929779404855,351.898703743205,1053.953249225998,86.64560338074898
72.32470329161595,346.3038552650644,1049.5824091970053,88.29484826070053
111.50342844638374,354.9056623409751,1036.7718715184326,94.15037279353804
136.36122115177204,348.3556549882811,1042.093480960272,89.89243022467525
91.27652524430493,347.1977013909443,1048.3644079695853,84.54471894984304
141.8649013345343,352.54590811955205,1016.2592481461805,84.65653488936128
120.53678148998944,347.4377806656911,1023.4985873413565,84.25972261524852
98.81620816771544,345.4720331196752,1027.8363855162736,80.10399139470775
110.67664939138615,346.97119127726313,1024.8747975480153,78.93663455861245
157.78790543094334,343.15401438727935,986.5072772665814,81.61157162660116
178.7843221210038,342.90093539943916,951.2254474318477,86.48452028682563
116.46732384705928,342.77529086047105,968.2301660319237,80.84771052140518
197.1629106948675,342.441333888047,914.583702111807,84.13906112972685
133.70576806441784,342.9005373875711,904.9948994603549,78.63922659918332
124.97663537644695,338.0222938535207,910.0377130103435,77.02731151506632
133.31467692376935,338.7138031795221,910.112156760359,77.72160459778836
104.21157694836774,339.2152880938871,910.1940107922593,76.90165952408888
116.67791252239584,333.3799636404448,902.5727135360784,80.42692070044565
137.37030219546068,331.3973345474707,898.0827373712636,82.2676685405279
151.59949262937073,328.9088390101416,880.7537556282364,83.67641954519527
115.94217507054304,326.82961932881096,879.4395895871655,85.03701375850073
137.45688820845447,329.11489589597505,865.5271162435262,84.70125923014913
168.70130802104688,331.06522329010147,856.8511333950441,82.48340930123103
206.2400249562545,330.0958464305267,836.2450892689826,80.79852008817674
192.186595273065,332.1887669184238,828.1427123876231,79.31056079622098
157.5178587008881,327.1952458679449,855.0064762799035,73.68342954567974
197.53204379678294,329.8418129667257,842.0866780365476,81.34256710817937
196.67236307038877,324.98264698046955,851.7224081678653,78.54262329373792
214.24653982119617,328.39170072896906,881.6347303767486,77.24435767444915
201.71491619708848,331.3722624446575,849.1627247671908,77.1834347395721
181.61031176672725,324.170498119012,852.9893460504177,78.23915565529339
169.07643860240802,321.7659727354203,854.6422913716393,81.10585346310614
131.96361777616653,320.3239427023565,880.7612765066137,81.05586676277105
148.6748841456385,319.10044590552843,892.9883990862198,83.43246898962184
147.55720513506787,319.59326922558967,918.0898976772789,82.18056395619935
128.43670667958048,320.07490924543004,935.1379940139867,83.78808601367828
133.75828629263117,316.4579040783529,942.970864035361,84.99761974762262
189.95674036009598,324.87985673435304,911.0828050178332,91.41908043528124
104.56763996646379,320.51789008311744,936.318346127893,90.28891034143327
153.48023796924093,318.8221642732338,926.4110275818331,90.99235198176066
189.8905704744414,317.0330985290657,918.0583141814742,96.64119813077458
126.67370540193997,315.3353420853589,930.3861967478542,93.02878032039939
188.60591851675156,316.80683334749233,903.8787447342816,94.07097515030041
162.08036493422998,315.5650011127867,889.2539528663684,90.6168823759572
186.0448974809309,316.0995041150763,865.914231919181,89.98122241585165
155.87131318798822,314.5674159111752,880.833053888384,86.3284131031316
198.74680156895897,317.3046069952996,860.2081506026157,88.16528454977409
181.78720936334912,315.5949215282664,864.0125764798729,84.21581801588677
156.21895009241047,316.4800803523799,888.7440567673065,79.25350192307974
122.41422532404101,321.6936263606472,917.4219047117681,76.20376310120271
228.77565321657818,319.3113946069891,876.660752141201,82.56063084488295
180.68337942650555,316.6156757691238,859.1297832206835,82.24455957739431
173.02570356955505,321.90113309183636,882.8135479215641,79.00113829237418
213.24169474741814,316.89920556543757,866.6726595089522,84.42090091313318
150.47499272353394,320.6511310142763,864.5181076764585,83.37487685898627
143.8932885007058,319.46985064315027,881.3691457239797,84.42656707463301
230.49760455043685,318.50959709773633,858.1812831919905,85.39016701682812
241.9640724078663,316.7114251327505,830.5364826314731,86.23426008890601
191.6970923259015,323.4030974393696,825.7774270257398,80.76257797800758
194.77860352805976,317.82797996761684,838.1041695508852,78.62403446406351
151.70620037852785,319.7509595350792,830.2466045925233,84.75873732802859
199.0302612038156,313.70348495501383,810.7437467018192,87.82036430682298
112.97712141720183,318.0363073885993,849.344652528891,84.83259244564653
170.8706054518741,321.56781231110324,846.8971568681361,82.4028089132399
143.44540234479734,317.99618002473113,858.0781723079226,82.026049260415
123.78769525188346,318.6734060084825,884.3525942471723,83.53887689107466
182.00384323347214,320.9697283210364,878.9942883979659,87.34360106371122
99.17444916430367,305.22649375509803,916.9038513340544,92.89770639341326
124.68176160268854,315.58721157603634,908.6419878763522,90.80647075981122
124.687302850143,333.7512889778772,903.7588883126376,92.15575951422022
133.29440070221028,319.10590594804563,914.487621193693,85.56196429899657
110.93813033964835,323.6167015287017,910.5575659169516,78.87230495818073
107.71758722348181,320.51713164797184,912.7734262341205,80.52756050714068
117.6430092228021,319.6320335905926,907.2410310772254,81.87566522272336
126.87154449253546,316.07447725961526,901.718834024959,81.86422509760247
116.13313624588847,318.49200827939785,889.6174344535358,84.93045096990186
114.43950309531579,314.84321662312584,896.8009007210137,83.51937116912825
118.67493144565844,317.34491342105633,887.1342406492618,86.57703690657011
128.11206170504192,318.93229443468454,872.4491609354773,82.05304487747486
161.45926945554783,315.46786995951993,845.1082481191851,80.72923864183525
142.94949885368982,316.5986523276006,808.3444562062008,89.60061154863155
164.1734361902587,316.6771573654011,811.9085347462521,85.89873226450958
198.88216689610505,312.1709903989645,803.8862870728179,89.56828373604301
197.68676282911764,309.68494727347365,792.8683221079838,90.26634831466998
213.944433779465,307.3957150486927,785.2357858205286,89.70018805183211
196.34910316861692,313.83260766053235,784.2927512889053,85.48583859270096
206.2305179172477,309.3155924078608,779.7381960767053,88.4974205689129
198.28417611674524,313.56989510419595,782.4394153015971,88.36035154977245
187.50647121177929,313.07543065696666,784.984286889317,89.25310133544754
204.3700968245559,313.3773853381706,771.7846974734024,91.40939018611573
180.90237165965254,308.39304331687003,787.1339839632462,92.35977118306764
207.91577549256073,309.5763404824356,806.3234203356977,90.51475401997108
173.96950942491787,306.48273129440616,817.040969257858,91.90025877809013
172.83558123880374,306.2403356449849,821.4598205820497,92.1593748628147
147.92327284059604,309.18402194955695,838.973257608814,91.6988772828409
133.50207527730635,301.69175115658066,858.221916002867,93.59092497106785
96.60432274266844,299.71902593258847,882.361893542111,94.2806801603876
99.53539498366752,297.9634519160726,896.4951906975753,95.02444012588552
108.58075379072216,299.8186113290424,901.0431525419172,95.61796721207772
63.084186498018425,301.3642282603431,936.963739059069,94.43380282046901
76.76309351556836,303.6403137741803,953.4191972002154,96.08687000048286
137.12128280098813,304.4975323713379,919.2835411175182,101.30245462219364
121.8551041064207,305.25009699768236,931.9236738079579,97.46472510062107
87.60860157894422,304.3581977919745,928.3684844493923,96.8029011141791
81.97801506708299,323.51528637714847,936.8474897456924,97.29820720685147
80.29675794610023,297.2056787407247,957.1688804657049,99.64601400379041
39.28869219182923,312.47624236338584,991.922467242877,92.79319630461899
74.09814892185659,308.6842363381254,1003.557009022752,89.01585120693457
37.34704948388804,310.2842563820067,1017.2729337093239,84.74492903560346
44.18693463081809,309.5610334396109,1005.5643616403815,86.5603428701682
53.876745323773775,306.0538292538817,997.6913429792189,92.22443896059606
73.99042182213611,310.91911691601416,1001.429609826145,92.00121075324276
87.3619603653342,299.20289990841025,1002.0610746198336,95.91599658876062
68.51051130117833,307.0911418881906,1027.3353378027502,91.46717606015278
75.0539409026693,303.0039198997139,1048.8876758493896,89.48009857234827
76.42915808975852,306.46990283301966,1008.2010677934998,92.60963657828873
72.23198579885673,299.0733828077466,1014.3951216838184,91.07730122039003
51.862294440734104,298.4245011495759,1003.9181569810871,95.61438828138726
127.08908312511159,301.1082767218304,1011.4561048807931,88.71774310116501
143.41216004630934,300.019445706755,1016.3233859355915,95.41564475258255
113.09736334521256,301.6758154643438,1035.1429872521878,93.7883443091112
90.45118440301371,297.847855134973,1052.989577817552,95.70516944869999
129.87290443618804,292.18199279247926,1059.1494105850866,104.83608862263671
119.7085426145278,288.3567803836445,1079.396495978794,109.43421953423496
139.51669659850938,281.20903835650176,1076.8813959411236,112.91603687124324
124.91020209459577,284.1663122958857,1081.322134528651,113.07529055429272
141.61897422013783,277.71279370450554,1084.157487298708,124.17129157353651
141.28792259830095,282.7059092069138,1060.1810942045481,124.52955514790392
138.65049134497906,276.35926294627365,1045.8369036086915,126.24233061659776
149.8226724664171,278.7082192521224,1029.7449523533048,127.3559658987364
134.78681390170044,271.8140661574517,1021.749912289771,123.79960588967677
128.75413005280757,269.87943728916866,1028.943140213739,118.9623342756899
127.3713732180413,269.7099227461723,1028.2758061114469,119.8293689924422
117.87490958280137,270.87257613960503,1009.7610265924429,121.55285492806289
125.46937821834308,290.0376632182514,1012.6434678636085,119.326230315597
131.38211196113787,274.013915548781,1042.986583567916,114.60637775047795
110.00945145703258,263.12004690848863,1049.7311810339784,112.0500673467476
113.31251013722476,264.6718517307649,1035.278206548595,116.93888567763942
99.77040588869136,253.35840798001257,1053.130879473243,118.6334325980834
83.74720273910896,253.69399326121408,1026.6166483936752,123.17339221644023
104.45588143770351,259.36868691640205,1044.6306840922573,118.73387948189291
84.98734390210643,251.92793414180784,1045.4058132931366,119.59970118293893
80.10036666388521,256.1201766137097,1064.9950572633213,112.37244771739003
64.59672839341829,257.9819036759114,1063.9592525281134,111.5345225813853
66.89405984478026,253.94767156348178,1056.1693387315975,116.8711597917934
76.97065374968543,250.39495130324119,1053.1949354742667,114.41290039345444
100.43542922621543,254.86975332498912,1078.2024631543711,108.09913606757732
77.16503239751682,254.61557737615607,1077.0689949259665,105.11521295749344
60.064891332884486,254.87761211957525,1078.3246591992704,103.33791307972328
105.53390295278712,256.68492738004704,1109.717370648188,100.05505304749286
91.02762719451346,257.66916307932087,1102.6311145257214,101.79051234453564
62.033594144805534,253.21289561803445,1092.7869248309228,107.59190210335281
98.0067403480042,257.65506281399064,1099.6427296148388,104.7228710191531
84.3303917241534,260.2655218236506,1093.0943605585987,96.49889041767976
61.01534660221398,257.541073362516,1100.8411982002729,93.63711956024119
126.27974655104049,259.69914748960923,1100.9868012498305,95.24412684329046
91.02814239541988,259.1383681274302,1065.4493143673494,93.2191890299452
21.875389202717543,257.5563439722579,1067.3611209082433,90.95128301368005
62.701381158189974,256.04436298477935,1039.256029847177,92.97165031781445
58.723073201539364,260.8812681939483,1029.351863469077,88.18140255458802
55.596844693674484,263.5907064824931,1019.7102077424718,84.76503834593188
91.20803742998078,262.58046545694776,994.9407796614771,82.41798241077333
71.66707562251867,258.2924283976812,978.3732544436826,84.93803993428355
83.37638602362864,262.48878886034004,976.3579363017938,85.56580945932697
71.93120942517493,264.5311572317092,985.1065154959325,80.87162944028283
86.37359198175977,266.19606456629566,974.7254035965657,82.47427934572639
95.33778627005904,265.3280076896517,985.6072431685964,82.26783382040182
73.924114304579,267.2056821025086,987.9510905931934,87.69963775797387
66.08220214640704,268.0265700974105,1002.6082156098902,86.88284449861675
44.89992703730161,272.99344934625015,1005.2511351282599,86.76674211177044
42.560747501141236,270.25186963092074,1012.7979391758352,91.02240987328396
27.23647121293584,272.8052523203074,1019.5447321067961,92.86612560663545
44.00578027926929,268.2079320593764,1020.7683014141537,90.7765692233066
45.97055735756055,278.41342752139957,1025.353574658041,89.16247752120412
63.19994690804867,275.5499510299921,1019.0300904893561,88.93460455525056
59.302370867536126,282.87591696819874,1020.1719066310551,88.09235768154024
64.18366066166254,284.2605072956881,1034.0273848777954,83.91469087285684
49.30133339028998,287.22606239242214,1030.4250244487093,80.3123681095978
64.8572076648062,289.7143013765104,1026.1387703147939,80.11774513529883
56.76675093644974,288.92396414876987,1026.5540225154907,81.692550925221
67.90130224672396,288.929355745979,1019.733874492933,84.98277370909733
94.14608580203628,288.50845651277865,1020.9661861849374,86.12209792268287
74.44114700285365,287.6922892167379,1027.8799792442935,86.58037816250604
52.66514303210545,284.3079814342034,1047.4034851822162,88.32359680089306
95.38192453983379,287.65164786762296,1062.6750213920272,88.8003032120173
68.39949293330369,288.04307911272326,1074.8357467859678,90.51439816096905
32.301151723610474,291.12890144697246,1087.722827981489,89.24231767953509
50.90834734473685,284.30503205160613,1093.6375677494254,94.45674945046667
42.40353757211119,281.62553586537445,1099.5504014301587,96.74603995215551
62.503371318165705,283.82336258135183,1097.2672463138113,95.36812695055329
48.25205873431605,285.86160656083155,1082.234666980399,97.72562482991174
47.677714553710416,278.0182741313019,1079.7794316173156,97.88091167915505
60.12353612356321,287.401322460248,1075.9598639090793,96.25849188687795
42.31104928196862,285.55909377931084,1082.980425228936,92.67129854141086
73.60400998244302,280.70178193540914,1055.0800222702449,98.11116607925376
72.64646979569864,282.76136180546155,1044.4762625128567,97.01179651680869
68.29132644101128,277.8468313960401,1025.6863141792114,99.99209572320319
62.22178954654407,276.6714612699037,1034.4438903051596,99.54781912503285
63.445174910256355,278.52301666910455,1023.4166067272824,97.23649500635196
45.155173532716844,276.80329764125656,1016.3455790604721,96.63407633182878
82.09900756599751,279.66349724239603,988.9470301701393,98.48716188109782
50.04496671184154,282.60439545899806,1021.0719506573166,94.21757218934451
71.90091080173318,280.08643726791297,1011.8090274636634,100.98418683830828
80.37199029440097,274.0922651005736,1006.2460904374271,108.56391677454776
55.79139774719613,274.6206509343,1030.3869808513286,106.80556428016641
83.22547720041075,275.6891285584479,1011.2823373948904,110.14438092663849
95.20057407783344,270.4340956255519,1004.3621265224477,100.65470296459472
82.7564381628269,275.5622311787484,990.7520836384887,100.99065701178377
51.345031829816264,275.31710117384637,1001.7631277656452,93.78163347453034
64.01033602359155,281.1237741687871,982.2398151160505,99.19968115401029
68.86494067401122,276.94235646663594,983.0833831217083,95.16812200811314
88.52965088726506,280.6106646219821,991.9132616109326,88.48061203123922
56.796065926190295,286.0097174716003,984.9243468979403,91.703679263792
94.65654163214367,276.3023769225952,999.3714633880654,88.92538289094807
98.19847231486114,278.70036418674545,999.1158742834622,92.4713163576126
95.33721996903512,282.3637956031868,1005.3895803936296,96.57443741486959
89.34170891603992,276.5946107441325,1025.504520510449,100.32502863087637
84.0697886412687,272.2518689741956,1049.9278027981156,94.70456752496635
82.17221615435301,272.0977804050851,1059.9178826096456,98.00859078564612
83.75975587320943,270.8213098370826,1068.9010849437539,99.21512547887477
73.67155195003659,271.7163506666236,1076.480176752672,100.44405689495682
115.53098602346256,271.63113562906676,1068.0810177915068,97.44024249369278
75.58414836780571,277.4196758623855,1075.0432946777184,90.27336401059489
87.32515590933394,267.9984828624799,1041.387099830641,96.06614719330035
108.99923418851512,266.0233373181065,1013.4115889504789,97.47726878222564
94.48142593243534,269.358496074537,1014.302478789136,94.2490222514478
146.79877062259527,263.6365119710847,993.0945017410479,92.90020409104359
122.75194736632108,267.20611528207615,980.5599201273304,90.23117467531128
144.53430239108195,265.857559312371,970.8737773344437,83.2797079096711
118.22756501559547,272.1848784570429,948.8497347766543,83.1698075534122
140.84173410491064,272.292914971856,934.2293286436238,85.27622829180225
178.171993271386,271.51922478944624,928.9128987606312,86.53394003196696
153.7178891283604,270.3339560954202,924.9161104267112,81.7534978150599
176.76249679115523,272.1672732919526,932.8536101060917,83.22362864793895
165.22006372405372,267.19683927749577,948.5446555656383,88.84706224746054
154.76748759362215,267.6602285906663,937.5399243464842,89.95123483461174
175.18798986650046,272.0731241473407,924.2382746652437,94.57822693891218
162.81561318819126,267.8162455879661,934.2668457690243,93.86534346002193
132.28233860024272,274.3822661935347,953.067552535455,89.00978185612067
145.9637880806099,273.61674280605814,958.4049723144144,87.46815686262147
126.73396797163429,274.3764443802297,960.6199623703395,83.4325666404718
111.64008000746833,271.35135768171926,985.5616897454161,87.34684955228163
36.872414431725815,265.7099787007981,1020.2274159605563,91.75472025121506
58.91246095674785,270.6874576112786,1039.4929098707964,92.75497929199153
67.12649699171993,270.08568288551845,1031.0176190319569,92.30427128129045
83.00249145740838,269.28128424509896,1052.895988975558,90.43163183140116
73.27476890376897,266.39787622289435,1043.6594460294427,100.81400259355361
116.25087303272892,268.10036191679274,1007.6893433727764,106.19339065846685
167.37781186263192,271.2053591513149,980.3820408620152,99.22020068251652
213.16380522161683,275.1842675898097,920.3924741332155,97.08360334402616
249.70414347236965,273.83778029527764,874.7648266736019,92.26368346549602
244.43699457672858,279.132352197474,853.1168415993859,86.57028068483936
218.7804469554552,281.5589498830018,839.235356013239,80.0726602628353
215.16738934299002,277.90835818706336,844.4924161902601,81.80815843844398
240.6593881033874,279.5730961670142,818.7622404455706,84.09854693566393
238.17338458727284,280.86695137957014,815.2002663089718,82.25768125164873
245.9736678903306,275.47926463658416,815.0880409738127,87.13283180282104
224.54888686739162,272.7592600559421,830.7148747367335,90.71649281329789
212.95193503298327,277.7541530804662,837.6108135695241,87.09334285352926
188.66122488142184,289.23740065083615,809.0406032799972,88.39564174148491
194.2667795368494,277.8034631139434,797.3464707369101,89.3643815885892
203.59810932409795,263.3051279894545,803.6841643392892,89.31772049000428
192.4053100787803,248.88909585029234,825.1906392157337,89.71301448126712
225.18081703264386,270.8039675863964,849.1707577689065,85.79268725482422
205.22595651898973,273.45372698331516,857.1260162965971,84.96821579177106
207.38036748692952,277.68392092549277,861.4817715970115,81.32250366535288
189.5476568387836,271.502577477493,873.7877515084986,80.59054654474406
193.4757539929535,270.4947927615627,872.7000911038431,82.46351269529248
184.3832468172613,267.5254662105831,880.9776822232649,82.52770283066342
195.07390755602574,275.10041209158163,862.6957915224008,82.70685259788654
196.61006884536044,270.8326665804237,868.1406548967101,83.41724434333334
198.73416667402904,261.1625833617684,869.4209397533465,90.03192938817125
192.65059270785423,266.95790020960703,873.8960367885543,85.20742194749455
174.64265621100708,272.69522117190087,876.0515400693339,81.0899633842002
191.55526862648748,273.88536789509794,860.6470845707764,80.54340459562997
181.0209999113613,283.80036077202243,873.2455252972527,76.68303155831153
177.99322285230176,275.11392811021403,884.258575731365,75.96204234427749
192.92818290919342,264.72215270308334,882.0279264469857,85.38583453353817
192.46876340408704,262.92503051316925,880.9210109342938,87.29676744267898
185.42121387680095,259.9440581262111,887.1795336283096,87.24955993457962
170.91618683461013,268.8338679574188,885.0721643110153,81.42229506023423
184.86444639470875,274.04396775623553,869.3214909870813,83.43800060776277
197.18274030230828,264.56057736826835,862.3119045639849,85.52498808030757
181.51715419949403,269.69878037321314,864.7578377005652,86.31299939239034
181.05509282724768,263.5181372784651,881.3623843766045,86.23399399862683
164.1617800971644,268.2367629161199,880.7353524355074,82.40105597788519
155.15301387051176,267.12460938263536,888.4069063245832,83.91887236943911
175.19622231247433,268.9737841456659,885.7390161863336,83.4839081361603
166.5977244778211,275.5949660973462,869.1829003318562,80.82424867339341
156.29391872946053,268.0375667839233,885.8982303020994,80.53611737833282
157.64281655581323,271.32429574305945,882.4962738201849,79.97144333924126
150.06622899437338,269.3101102547904,884.96017232717,82.23788230353018
155.3073394746918,270.1778099296382,880.589849240558,83.79822507212249
166.24778501948742,269.5211464626219,882.2349753818839,83.05215957433617
141.95779004691406,272.62462236729226,885.621232179446,80.19481646263694
155.69865646384784,274.9496220610082,880.6377879936225,79.96864965350784
149.6582831694866,273.55901640834384,884.444533289186,76.98091895032755
161.54895418244928,271.02395613442354,890.626685271217,80.73660419343058
148.3340437753563,273.43268924739635,904.1263494142814,77.87478464834365
153.8231800992835,269.89306430394424,904.0121978912869,83.59385190618335
153.43371921047247,264.0006554022022,901.6742457160925,86.03671333018549
141.15438629294522,266.6913529576767,906.7658516416188,83.11790352701456
145.16586310187654,272.5364539046015,900.8909436611357,81.22634832062144
129.91628866714285,266.60493623630276,912.7493692653978,83.42333505730379
121.58437870388508,269.88777666033724,922.210153148539,83.55930802426005
142.0768670188594,268.94364915612573,913.6532269306219,84.07160183165223
125.80478984698811,260.27224410472655,906.8135817132984,89.24395148247484
129.4503644414458,272.75949377180496,928.6319460168024,86.5083646391585
133.20686908606842,270.0734037287374,923.5820621459961,87.91951765337836
133.08670913898834,264.2654916363701,937.5824129060829,87.33552898781329
138.4337380145663,267.9208722320898,947.8303877200128,85.70589810850267
110.79182608262113,277.34649845116417,941.1888013979153,84.2302083542939
102.55323724179487,274.9781475671292,958.6391591619525,79.41670610661744
122.60208627645596,271.74173303233806,934.1274516592617,83.81450427387622
134.28698220103428,278.8739007778024,934.9610090148948,87.21976468315876
128.78729173187713,280.9826343855762,940.8788940791932,87.44992647679604
107.3475285990674,275.73359158403264,971.3627847127508,86.36112241285485
132.80961130847726,273.32844509520487,963.6428806089174,91.78027956041498
131.31337042935724,280.9220343644025,964.5664821772333,88.4359164325883
142.20190275827485,282.90154740442244,967.2872658845345,88.93653096876565
130.4198510211122,283.41600027039084,996.9868371786956,90.90850980227863
128.7888011502124,284.74408439908507,995.6952802517947,94.13937683631252
129.32113198382285,287.33961503536864,990.6978478438352,100.04318547750769
113.1348472329862,294.99025218003436,1008.920620926491,99.79126665312153
133.838338724452,303.1620450177285,1005.2716391085335,104.698285064484
126.1871932062748,311.9330453399998,1012.8206227441989,105.02046882672434
123.44206319257,316.50955015091864,1012.3092199955313,106.91027278080917
127.52022412825528,311.40612443273994,1002.6235063926448,109.79085004980885
99.02250789473112,315.819730305833,1007.6010380141461,112.37321457935784
116.53972370781003,322.1919354387751,983.1513142073713,112.46341320707626
112.96704018391154,318.934855708747,987.7580545279334,111.4026391737506
119.39780150305535,321.7282650935219,1003.0218980406264,116.90600485705113
112.21418547339846,324.03464662640897,1017.1294895365564,112.91271501074492
98.49892830408214,323.0567040570388,1047.6622933194687,107.65775877946203
71.18795977272032,325.01219074679113,1068.9636918301183,105.98944445813754
79.83979780702282,318.7569388483349,1072.4300426752434,112.34934375880479
124.94726080643147,326.1849700835031,1045.3031760709976,122.37231077159976
130.90459864729883,318.53819398913987,1029.1807258744257,125.26689960767749
161.1089901286764,321.0302888576872,1026.8109346086399,120.19629811707878
156.01595746017864,313.60399896653337,1023.3363751513217,110.81593294249217
144.2301466628881,318.66818962259043,1010.3784963118959,110.34635774762774
144.26336616347749,316.15161172254074,1003.9462788262913,105.49045784554633
122.06137229858382,313.5435649343522,1012.94639869188,104.81639101898678
152.60336520255487,305.1787091744523,988.1925368453926,103.85506870428684
155.04182374969355,297.1014876802814,974.9915599325275,105.89857380214072
145.22161479602704,302.4465550969351,978.4556325269835,98.71991797717558
159.70031708816668,287.654732693807,962.6223061256705,102.91956437038239
136.1249141250073,262.4439609712508,977.4754850047179,105.82806024073254
164.56389257480242,279.2976015516095,985.6251709328404,96.52208636935198
158.1433739097314,280.9926959863078,1007.9587311919488,94.93181959435164
140.92069807542225,284.6837635102228,1016.9300859742234,93.4529581114013
133.83069795363713,272.34124069199635,1027.1175297112773,97.85021632347289
149.17609679442774,270.8811731163447,1037.998866327933,106.39151326251063
140.15708486774588,265.95494234700936,1026.3370314290207,113.29904509302514
148.589624951911,266.57534242055664,1003.322018896494,113.0875450159914
133.87427421753512,266.62885621711183,976.2854887903759,110.59227332114189
119.821105270462,274.21147608291244,976.7831947710604,102.17002888252982
126.21653499923883,274.9968313755776,969.2598800377724,104.11019385872382
115.85336140602294,266.6053559624839,978.4749581814413,99.83476386921527
123.872398226119,270.89711680363973,952.264544073495,101.29567856650146
134.34427383319172,267.6745101131642,929.7593585783787,106.41096957462362
114.72142063826925,268.91716236906643,916.8389993613375,107.49554456262321
68.76748829431028,272.7606161164573,918.6061665016487,106.30595189417645
69.58087354678923,285.104192932027,934.9124568533898,108.70131644107256
83.00471238953475,280.2557060542381,960.3017227056868,105.96938267875365
44.7411336296928,283.7784191940468,1013.1332801962864,111.73081372797775
51.62013173003396,289.3996182329241,1005.6176429977494,125.18906093726736
1.0,287.29254274052624,951.3029863105302,136.3149362318127
1.0,293.80845392712035,915.5863889834111,135.9470344064727
158.8731055959703,309.6045465360319,986.0091014632624,131.5768719644505
182.7987777525164,317.94659066956586,996.7612299492843,123.41300448157475
239.8654618771211,311.2989487309865,985.2165781550805,112.84557081830096
168.53122304874643,292.2427564132985,991.5244389781757,110.32116225459751
106.49192189490594,313.6434146333984,994.5481877623437,96.60204000896707
104.22812110429999,324.1848948233278,973.9690115559748,90.702584250466
71.809214969842,322.1371964723643,979.3422623601022,82.97536984118727
71.599779002356,330.4585604347877,986.5532630842443,83.12729473136895
80.09554763376082,317.3228940796399,993.7315623548407,85.9756075685818
75.44343370941834,325.29025548048605,975.892840860948,92.57174573913687
60.29483613653849,311.1562294283204,976.2049217375122,95.28817414596271
82.23663892821139,319.8963007399673,972.4166325873389,95.73590375341112
63.084640263310064,323.83545747969004,977.3823948012249,98.0570463981233
83.47240049543001,316.0336751470905,970.5786748213912,104.0813322868589
68.169155283245,313.3343159409222,1000.4312424111554,102.9774588656919
84.63002911802988,310.0453974060444,988.6808931142638,108.65578575336443
69.32959278398806,311.9527461997784,988.6040726341004,107.3612608754275
74.06122959210927,306.5104043913117,981.539666265526,105.55615347191566
76.18792206582157,305.979926250906,973.582538122522,105.54807084545632
81.7815288576478,300.6807577039255,968.7424207906126,107.01909063110274
76.1123998186626,306.16873558724865,962.914602433341,109.37295514106688
63.26388227248117,315.4070984016457,950.0140658204332,109.46496171155655
84.99043453443261,318.4379673810507,962.3090686089473,106.93686627093899
74.60518841099736,316.043930269853,977.3573866947779,104.75140224310096
68.17942751800007,315.7973259025335,985.5215517299363,103.23603433578366
65.1748183863026,315.3518526448174,979.0404313255915,103.56485940238605
68.28268505331448,298.09514543563967,968.8952552110879,110.3081370379431
56.254555050787076,302.0987577475369,969.4821424945324,112.4258464659604
50.9303402837881,297.3089887811567,969.3582422966894,115.7096020527776
41.72363560012235,291.87171638689654,972.738117496256,119.81617910463245
50.37648972175049,277.9414512295002,986.7187414065285,117.30576018221407
23.174841745041363,287.50281687420517,1005.3135695600834,113.64947065176185
31.50101860530583,286.42655813513767,1019.1170046912587,113.25692059428482
32.1795008858694,280.8291754069462,1017.3102025253693,112.42265675203203
6.252208719323903,277.4071315501233,1023.1623478581178,116.44690558284356
1.0,278.88442800978527,1039.5315836845853,120.26476701147502
23.88755920410904,265.196855997539,1043.3547002777002,124.02466414376154
13.838120409433259,265.49493899591675,1045.684166186477,129.15225594579388
17.768961708702363,260.77737662326126,1066.8307574923515,130.00926462711396
24.35888265371318,264.1126294454932,1075.0180236154079,125.00199480929919
10.32505216732784,276.35842716455585,1083.0963731890736,120.84145702684235
1.0,272.90488112788756,1073.3106830514162,120.60366449820037
7.391207417604278,298.1349080451649,1095.4944440586805,121.32655406384004
11.3247938239615,271.476598523862,1113.077139187429,120.57297193336197
14.37695605565375,269.02675315016285,1116.5840679968833,120.88996480813007
13.176938686182439,269.85594114170067,1126.9834997021162,121.42475835796293
6.3330186307453005,273.49302841949884,1139.615464233734,111.94602350409768
1.0,279.7065307578847,1139.4856311436156,113.79872290257062
19.40749082091554,240.5349830885257,1158.0682523185296,114.65766115386117
1.0,265.3343707566943,1155.5420673580672,114.03094462820785
1.0,280.547803754925,1160.5531299644035,113.13861036956396
1.0,267.98147300432584,1167.5961466123326,107.25686324391182
1.0,267.2607340439807,1143.2086860204709,116.71760147353402
1.0,240.70549094874556,1140.651137378577,119.70842514456804
1.0,268.5380827617363,1172.3839930770969,112.9501499378712
1.0,276.46945592035956,1157.6879211476034,108.97347819262197
1.0,268.9114221344836,1152.2037940927032,110.7067156468384
1.0,268.4859192269776,1161.0593455159308,105.40945719091268
1.0,272.2983385304087,1134.7519668141344,114.11943019048832
1.0,271.4560009421131,1116.3005891975642,112.920623629145
1.0,287.0523144584308,1104.7118572463748,110.71683652384782
1.0,278.31146400231694,1091.3074139563078,105.86852599119693
5.832586742151079,274.2610352754324,1083.0307165577033,106.11726982566755
2.8057832003728436,277.40408755107205,1057.9761003263152,108.15261077755488
2.1143133403812726,275.31228909511503,1045.925490244006,111.58693045617541
1.0,272.26495246640724,1032.2019403657928,108.14787807377162
1.0,272.36907514473677,1018.7196381722907,108.14915571247631
1.0,264.2517448993783,1003.856721002993,111.4244522188718
1.0,287.05556003972805,1027.6049164794463,104.24085541740182
1.0,262.76554261960285,1022.9772063530961,106.8425515996671
1.0,277.6023765089808,1038.9098733497606,95.58904897613644
1.0,282.31499399470465,1028.2735953666831,93.32541823802767
1.0,282.5285556629006,1047.6646827985687,86.80581083944935
1.0,270.97601544873646,1026.7337189330237,90.35571041780678
1.0,274.15963862690245,1029.1665984469578,94.63866838474527
1.0,277.4202773600796,1021.3656851711871,95.3426436739536
1.0,274.4846314200754,1027.7839405181437,97.84948086038204
17.452265524874406,271.78627888159497,1046.5373222680964,97.90301843167398
9.445636980850963,274.59191286922294,1070.355853536446,96.00416026712371
1.0,284.12724514801556,1081.800449182924,92.31923754767656
6.617873838375203,290.1849014461354,1089.854662106299,93.32771103951684
1.0,277.9910659680117,1086.6957475106951,95.78383674123866
1.0,267.24221922313063,1063.297661399324,95.8198632512248
1.0,266.0394054795148,1057.2914720964184,98.95339337644664
1.0,272.7111528743417,1057.4297177576664,100.91094502969469
1.0,259.5310168441588,1031.6291314095165,101.86988988733236
1.0,271.9834528095562,1018.558756600057,96.12669352835897
1.0,274.3616538628149,1012.981239165359,92.53988567553391
1.0,279.73631443054336,1005.6635468986614,94.12630859025607
11.910543128627637,303.56177015432496,991.7598759454523,93.95749528942062
1.0,293.4405185512285,1010.0297690867394,87.3026601223931
6.004603417344072,289.92491915555087,1018.6216130831762,82.20217191517054
4.540960426239735,294.26614660015366,1034.3879101370517,74.33837485657438
1.0,302.21036743997786,1027.1483518867499,79.21516535317421
28.915353611582987,300.19616253240883,1043.6812652555038,75.35883093937132
2.0435755939910223,300.9667284483406,1030.7545038121511,76.70533601501674
17.225755146270558,304.54392621208274,1038.4118519779645,76.25155351525629
1.0,298.7252058109679,1020.3969931164027,81.03686300753336
1.9683901220899997,309.4651875756581,1035.6690526687958,84.34561161485811
1.8255584545340753,295.3962506164178,1057.6774960799867,86.11433028693936
1.0,314.4204559033145,1034.1388469638175,84.11756964621041
1.0,305.9652031336604,1040.6714254296994,78.02016009147847
1.0,318.6799728716406,1057.9171281582908,79.37054537264387
1.0,307.20208894788703,1042.0106276984302,85.09761295645377
19.10959511449812,308.7129845201742,1050.0503453542315,84.79317586181386
2.6064581222960896,295.0318475165323,1035.2077010092066,89.8177611206512
1.0,314.82873272975456,1037.2790798031783,88.54247934043778
1.4177312721827775,307.06076224165344,1032.7041434531957,89.67916865119726
4.852918925795848,313.99838748386935,1043.551017059483,88.02083018774542
6.933842572099252,304.4451461868731,1034.568463721464,87.66216888184954
1.0,321.2726452503084,1006.321297700802,90.80536309797499
20.27308105243378,317.0123127647381,1009.4560544307617,84.39884755581355
12.369142006667175,326.00497758813344,1009.0059719809378,80.17685334053942
2.4708050738515794,320.5644701836279,1023.007974384338,78.32284625766879
8.9524902015404,320.7315781251676,998.9442895122484,80.7736229589709
8.789931301694878,319.9444288607148,1016.4493397713156,82.30948628008514
21.682108649435065,317.3600379417615,1016.7278200407442,85.78910185167338
70.69201800382734,305.62340153065117,1013.2127556956325,91.22692084715693
13.688325818373642,317.29425873556755,1020.0013605033337,82.58161096775045
13.048678988255347,325.0225346177405,1025.1238070259947,81.27397416797407
4.678911863608505,320.9074853017574,1035.5797662990221,82.95685492078259
1.0,316.80475228733815,1017.7245789761859,88.87211148965702
1.0,330.67388555711227,1006.0828393084699,85.62407715665591
2.75430219834999,319.1943078803803,1003.6780761162835,84.52697722483816
36.973623514372946,329.83497494697605,1002.1937877195959,85.8828271153598
52.580184646668044,318.1348063587479,1014.1888689588475,89.288820613174
27.513085251327993,328.09450267804203,1012.4700011028353,90.10143908363683
30.841064543665198,308.950962649069,1030.4712087210917,94.11269340487172
44.70347099722778,319.4993461623013,1054.5468397455231,94.35286149592304
28.965927244273644,324.79527159915926,1055.3115930511283,86.23315626672525
15.903470475969243,322.23176854951026,1058.650843664654,86.70055544429322
28.711368773509207,322.276351678979,1093.1659287022806,86.68006106538061
3.206480560594514,310.3026277693565,1101.873987127705,94.448873031621
35.21861398937108,300.3277752597254,1095.8690885555077,109.61081780481496
35.81675523871752,294.41462980905396,1093.3360430077219,117.4756579315603
13.897788536000803,292.58792283299863,1119.2219688179216,115.30288092024438
12.018697673911106,282.59714970825644,1135.7935069909545,117.95827486364693
17.162264913582817,281.9774300764175,1155.7582998161024,120.00394260856224
28.97003812431103,283.46274291530693,1182.0892952592508,115.19293644725683
48.02596774218523,271.8596606294049,1167.363362875565,118.66729294687005
24.886637070476354,277.93170015505876,1171.274585476262,113.06743173186892
1.0,281.3326113761012,1176.6563231356017,107.12066095265602
42.653162248070885,281.9258298140411,1159.0372636557354,105.50342132594042
11.65502790837536,278.36987465403104,1108.222169771102,117.01800673775739
32.81445177392959,281.38393437951504,1061.8079898776207,117.40240141426042
18.873336367208253,289.6516640910568,1056.3067572762673,108.5593408770861
41.7124235986646,288.13595073512033,1052.4990380826484,103.69236638219168
19.74241920323277,293.3138257016677,1040.916873039684,102.05516745461276
8.605445536489697,287.4055701244071,1006.2003602658726,112.27920525821015
36.08011150422362,291.87046027743327,991.8771927699447,111.83299478674506
53.643523865625355,307.72917620578573,975.5436564770743,111.13411783521025
49.22592564545255,320.6403349309128,930.1095016187205,110.37264523482438
54.794901494390274,301.6436442994999,974.0015278726569,97.90579948847878
33.73475599719097,297.63354863019697,1003.3229703186453,93.43408611186008
30.36957061395492,289.7533181828367,999.5974519743513,99.49617674436682
29.35826253763514,290.4260601496207,1021.4038444207895,94.0030312007917
4.037869320349728,300.23920522856355,1038.4243990613095,96.06078241358883
8.93250912461292,286.09377685198996,1039.2243503523903,103.79614190969141
17.371471019012915,307.5905889992149,1057.7076213963032,105.83154121968977
9.750888581803679,289.30789477236607,1064.410013393895,102.43093370684991
4.881916884584257,282.00226034591884,1078.0145523400386,104.82160775338079
1.0,286.9016204579377,1082.7948974690764,110.1418090720644
1.0,278.276569229756,1073.738544424868,116.92289734843202
1.0,290.3748801465988,1103.856552397375,111.5929257348736
1.0,282.4020106081454,1130.4524485206161,109.71631936240422
11.789217660453005,294.90257718815695,1159.4969054282114,112.8829808640071
1.0,289.0449369232804,1122.1444823486818,119.5685376848574
1.0,296.45906045558655,1142.6473502924541,119.61043763226978
1.0,293.65908035270184,1124.3732378437876,120.1487872892438
20.48826990735165,294.0244230022515,1138.4918075831883,121.88271415353297
1.0,292.2472721023237,1112.3527067836858,125.5634959465495
1.0,289.13446135217947,1081.6434297667247,126.63817467871498
15.069794513910324,273.6716549779128,1130.980233135088,127.04654318775951
1.0,297.63437050799826,1143.662199785722,117.9530769652628
1.0,304.8065195903242,1157.93984818295,109.76865107206328
5.668677799637408,315.98922755506567,1182.9763134400623,107.58636280606851
1.0,313.1986166225864,1211.1127550122417,104.05448187538013
1.0,314.06012139166506,1238.4649901421049,102.34297069825438
7.410643516747541,315.4440855239908,1260.7586888433584,111.49597492138713
1.0,302.1213359994115,1272.4917263852662,118.10657374361838
1.0,308.22813541666176,1274.0217059682795,116.08089007653723
1.0,314.6427548762079,1234.9442674329368,124.34453998173502
1.0,308.96605816755266,1194.7560047998195,128.458115006011
1.0,310.94840187981924,1211.3192268481705,130.5828125735316
1.0,307.4461066559035,1208.8977823396417,134.12455350210462
1.0,302.6306137443023,1211.231840990174,135.68385276054408
1.0,303.5079602634822,1206.929496470511,136.66735755869396
1.0,304.4224886381256,1200.7590181905498,134.630964671392
6.21479090842206,314.22597058336623,1193.3570482443113,138.30496045121743
22.322977036831503,308.5001309602342,1209.306405263563,129.95864165286952
1.0,318.0550847376502,1199.2387828755352,128.74960425522707
1.0,303.0747259738772,1201.0186815468142,125.28194186921488
39.099541369310714,315.78496945128444,1170.8377857676826,134.89815849917872
1.0,305.29240890339713,1130.470434384191,136.17323696104975
11.14278397963028,319.1913784525158,1114.6449568890873,135.04263881861112
1.0,314.1729389118824,1118.4778197505625,127.83778113104316
1.0,300.35878917878074,1124.6240913293436,124.67791778831707
1.0,302.8627364152272,1087.5234124199678,124.32192766753181
18.752032290796933,303.0777838701703,1074.0532702455735,121.38663190710608
22.64271600406903,293.0115406129754,1050.9262730613736,125.16544719660092
7.904415310674608,296.38141654103583,1017.9226219742425,120.05441374243723
154.21415037989289,306.4762627779225,974.6374032459676,134.76068424498612
81.51953117769375,301.6747977272978,929.261286933417,142.9804957875971
118.46201207965447,310.7427206258343,897.6554639225895,138.6227726035939
75.01506495913668,311.5615538604288,887.5897396734451,130.550645531705
39.056128689849345,313.00513395148323,851.2740598465266,128.20706568031176
53.070117897344915,312.10693794233913,839.5780233967222,125.12117650329377
37.41860519334665,313.02395675267576,818.087175420817,119.53771402467268
23.356941375772806,314.08309361430844,807.7104377750933,117.64013650146669
1.0,310.0958484294746,757.4034070108255,117.70524156056662
1.0,310.9558680870523,717.8143351363246,112.252425563487
1.0,303.7293036311831,706.5367120369772,107.81548378994682
1.0,309.7294840818907,657.0208200108531,103.36985549648794
1.0,323.39765374363174,633.6614302939857,95.0076412482128
1.0,327.63723866946725,630.1558148107923,91.82263661509108
1.0,325.10374326241134,597.6402858742082,99.50675628708824
1.0,322.1667959281193,573.8975231888137,96.93572278534295
1.0,331.26497513447896,556.2765420899433,94.61817237923168
1.0,327.2319939508544,528.747031607809,99.96520939836165
1.0,333.4063431601909,504.91399557879174,95.48631222871592
1.0,318.035795747155,466.7239914858517,102.70226933839668
1.7892214793151595,308.0943743724104,454.09767127972674,100.8833312466611
303.2775020505733,306.51157472122316,490.56830676482053,91.5137729311009
256.0394560565821,308.9370340439851,562.4872420971766,89.32328170522221
218.53874121195457,311.03084459154474,614.7477209694124,88.24368694030859
169.49701500705453,302.96959655891123,658.3044282055569,95.38523315889253
119.61960791469414,303.23628723827795,705.4857722576297,95.63388796983747
54.373302670712974,295.43891515202534,766.0047426138758,96.68546087492864
23.644147322730873,296.43525761251465,821.0248967613443,97.63961614109641
1.0,288.5430009211464,849.5896709800975,101.67706705515653
1.0,290.6377665190567,868.9832738653747,103.68090012809003
1.0,287.0510207573856,890.0854691420741,107.72507802358463
1.0,280.99365937071127,887.9430420336171,112.32782266439479
1.0072608397900922,288.2768175825029,919.1210554170207,107.18554228226856
1.0,281.25677562759125,923.8424255591077,109.20346683405397
1.0,280.8055274852758,936.8297484526258,107.26182269479462
1.0,279.73476877419523,917.0135131587331,111.16894628802544
1.0,280.72237033174304,903.3544136559346,111.02147457718524
1.0,280.26987826086196,920.8970174294282,108.23790079489643
1.0,278.35203316082504,927.4034302267149,108.94906523311212
1.0,277.4588781577263,929.9293047887729,109.42027836856639
1.0,276.11333782059904,922.2640071747745,109.01156886974323
1.0,273.21477786194254,922.584433168493,110.48159530171813
1.0,266.5849809591774,926.3833201528676,115.411804392586
1.0,269.0981985938831,924.4542529042553,117.96607183911415
1.0,264.8372471839807,927.608958227058,117.40560344336876
1.0,263.10268687338856,921.481823032195,117.8277212491787
1.0,261.49154719038336,904.5345378149152,119.65020472070802
1.0,261.0792856882181,916.2018414853608,115.5097180679401
1.0,266.39772509859085,882.4099961699727,117.83700646580658
1.0,262.10147585597934,852.6540515186666,116.84690472005414
1.0,259.14085591059865,845.3554507863867,118.23066884404031
1.0,256.1770158501323,834.2796828321368,118.95008898368928
1.0,272.59923672125,837.3088883944281,111.90599983792153
1.0,275.7168668121835,828.7581625414658,107.96515055199029
1.0,274.5479108987971,829.0584211383009,110.664916267803
1.0,268.0061893082615,856.3872462211222,114.62595403911635
46.45701689736791,266.76090119666014,895.4456057576531,125.9319209535625
187.8240854733706,286.21507293396377,911.8647458114226,117.51698213748226
141.01928131696002,299.2630504004681,930.119622029458,114.71451609029818
132.14900762516243,308.36550499477204,894.2437245620595,114.7020167900729
163.5224767436414,316.20203235648233,864.8080277798435,113.53415941421046
90.05443752732691,285.6296433451522,848.3991633476477,112.83444003851463
25.512501590030865,275.803088722034,851.0298713477862,114.93051183126722
17.265059991331327,269.5267266830916,874.7545185904618,117.63788008052782
2.725397597593826,277.9743667444161,891.2719602602588,118.46241280627835
10.210186158774832,268.6639513503065,913.3650783309886,116.89710849094477
1.0,278.51937497942697,913.4167660606677,119.90709420680935
1.0,275.96422531808577,919.4291180561883,117.69560010778821
1.0,278.23413804019253,915.7342161271691,113.64045988053041
1.0,282.62636367141516,914.6051064080791,113.1387428955572
1.0,287.8022776423202,901.7403196187681,112.91365425747068
1.0,283.89687865805195,882.5306359813421,114.19550679915962
1.0,282.6057263329409,901.0829789411025,113.07823775841976
1.0,290.3723382512011,902.2302246879051,111.00634407478361
1.0,283.0417563673931,891.147691779604,113.90136344224553
1.0,284.4145097508757,886.8198444810932,118.01863173093443
1.0,282.9504225532188,910.6864079323418,116.564850567083
1.0,287.545995734813,903.993771354422,118.07040844786435
1.0,282.17299879994226,895.2327018766805,122.328513755499
1.0,283.7902632778212,900.7040781400813,118.80725711521232
1.0,283.82393344699085,891.746303879489,118.33641658386001
1.0,289.3981391277212,895.3607107103555,110.30350817351527
1.0,287.1160165513266,921.1971668095944,108.44741492773785
1.0,292.61761856784454,912.319135620255,109.83324602973038
1.0,289.4210282244699,889.3084305715427,110.59991870721402
1.0,288.134077055369,914.4773458850697,105.99398222645148
2.664849493868985,291.4256095900343,896.3132311019058,105.79705843981833
8.148944927028026,289.84675696632746,924.5942926820123,104.0831061540506
1.3641704936297288,291.51360939638175,933.9157008674268,105.34492927561914
1.0,289.354146096939,930.7235481544858,107.91141228178732
1.0,291.9728289099673,931.0837809955051,106.43579002351045
1.0,283.16684523723876,947.088357484347,111.25987149950242
1.0,283.2655932026961,933.4282458179873,115.70578830450572
1.0,288.95590293710643,919.4921600295219,112.12877653848528
1.0,286.8496780439628,923.5351558104587,110.24867839120968
1.0,289.66669718501834,925.5341506962802,107.52621660075548
1.0,286.651232262521,894.4745348026349,108.68984560506718
1.0,283.41560147728273,917.0866094121327,109.02557808266226
1.0,286.1776803520058,892.213399402508,111.65953577896269
1.0,283.72857247614843,893.3986362159944,112.94664271207833
2.7106171860440895,286.8664139933416,895.6196623550235,111.73856946608302
1.0739646511667615,294.3004288866215,891.7032765971624,111.56573525748892
1.2757948383385838,290.70334634330396,914.818950156688,111.12061601001047
1.0,301.6397732823156,912.1268902520922,111.66449905457512
1.0,308.70491663975156,910.1100772153566,107.07785884218643
1.0,309.4250456999375,902.4471625075312,110.83845489892585
1.0,313.46591331660477,893.201120122668,112.41375394219276
1.0,318.73163181628604,905.6685875819676,109.19009002214318
1.0,313.9136051165167,902.9718043439265,115.76275301603624
1.0,318.5173286534663,892.243045342684,113.62295623575257
9.478031399986719,314.6443378803395,926.0758258992871,110.52113884263346
1.0,319.74837651581095,892.6682082397268,112.24296255951535
3.313725838500204,324.2116112908056,900.4650000958624,107.89313393626314
1.0,318.2503225696068,893.1845065293289,110.678194398213
1.0,323.92383813416956,876.9689889559121,109.00884345936981
42.49579249712218,312.5810434933715,911.0656206341931,110.65955530224413
1.0,326.1803487364896,883.9539863966232,107.83415809781019
1.0,328.0899909145988,866.3232381078474,108.62782408095151
1.0,328.18635210624166,865.059405799688,109.60397882573027
5.8040306295714,330.38112736645405,866.828392665094,110.04342450732481
7.666430868807197,326.3582018663861,910.4014999673184,109.44420676600411
1.0,332.3621642069064,898.4194078331191,108.24208900093902
23.382915418441996,334.71907433305347,945.2019689873354,104.09968286902173
1.0,335.18148413608924,978.9401412500589,100.59337247776509
1.0,338.32074437021805,982.6279683739567,98.75067786357154
6.256009867785906,337.4887314438189,997.0148200035453,98.5649224658949
3.4000337546151513,336.5541851599537,1032.9385351552255,94.79179021729922
1.0,333.89679969184397,1034.516134678246,100.84037804382686
3.822461192483729,333.06089320669656,1069.024236251345,100.77889768687359
11.290957892652955,341.6189059910915,1098.5330382008924,95.16464789096425
1.0,340.83847055755353,1109.3278017840141,96.46689600363712
