250,168,106,105
250.19130222646362,170.6788022222495,109.14227582912281,107.16810169028386
241.37498153058365,184.84528618425938,111.03560626931227,106.59549001462194
223.10156099881073,206.019224748307,110.44307043562551,104.71741875734054
216.33346916914317,213.03372042162195,111.71180025679591,104.58997790809161
222.59176806978743,205.15530440403913,111.81944296770364,107.28628319892942
221.6307483759574,196.1315698755804,111.94208675120402,107.82144084744893
217.86689065531996,198.1478730312598,113.92620036865179,107.01302073671403
221.2939352337891,138.71237709958868,119.68245662199445,106.23803334571164
148.79851608836358,253.49733636672931,118.19498726927185,106.73949244387009
183.19928564738342,262.77010383652663,129.91785676589836,105.79290872747461
242.36793673079413,231.16913740439318,126.00146605177218,103.9448935813827
224.69350318725918,215.7025115650433,123.07662460680635,102.8337896473351
217.44149881675594,206.77557932398034,120.19745481961078,103.30111328957373
208.7003362983943,206.51294153289513,117.22444135737081,105.80571659709176
194.24383126755475,209.01340811164914,114.4454216400215,106.34240460912487
194.9889444053082,221.91619750695116,115.24033471204817,104.65959000939245
206.9961316744296,217.78971693189,114.42553244027326,105.36409756876816
213.22634275639328,200.266988847784,128.96440609483028,92.71192316180039
214.91265193777357,162.01966539933778,124.82625656907129,96.23450703217645
198.66734831061444,148.28832367692533,120.51876170283751,99.0828825577155
204.59428598930702,174.8414829239751,119.72722000071738,97.7785437047631
230.8709033778301,206.70930060564586,120.62745028477292,97.10635826432421
261.11060721048887,237.59655392698477,119.15689027446336,98.11178741267403
272.8884786456109,244.5784694151007,117.25918602697723,101.2563827348778
257.88694202308113,248.9578379364116,116.78903746486341,102.92349909864771
245.30551333369982,250.85672471636838,115.89091389006352,104.19095341367452
239.05633950757715,255.58490015232928,115.71089786357925,103.41454251477731
234.07862367253318,242.28466679094976,115.21626713973589,105.05639517900019
228.15527436026616,225.5177861039388,114.65289990821597,106.81434105644047
227.65859948357803,215.1036569572306,114.39334942874669,108.60455573512309
235.4505288289947,210.61849709223802,113.63950670555782,108.12763686772969
244.86093833993962,196.74402010846606,114.43128208312253,107.84759963776088
242.52980271676057,173.62416444368017,115.34832494011002,108.8538034070724
229.66572349916476,156.25347187729938,114.97865769697499,107.66390756263698
219.6395419923117,140.23696308365274,121.83216878505742,99.96614739255841
228.14114051057123,124.57155848505715,117.04730606385172,104.60510916313875
247.8758015583532,132.47788043078688,116.02998664525774,104.08431097600516
254.92722102831968,136.16585310605507,115.47141451273346,103.03575707657691
256.88809731762365,142.96719784341414,116.4948551908382,103.26917008777316
259.0447472947406,175.8117057111337,126.41764144042453,93.9267149408195
261.8924336612675,216.0824890272672,127.43058142237203,92.83802339995287
272.21423127789666,238.93199018340601,122.04800892320131,97.1637585896035
276.39516699788487,240.91701066733845,119.73435547808214,100.84228919723262
272.6506398371525,240.7727858422424,118.34835744755324,101.17553218920048
265.4307573897862,228.35269594978206,117.42785029204964,101.35507590793318
265.09326204839095,217.30197727394594,116.34094167143057,102.70139003245497
257.50577959475777,209.25601192187597,129.28185264984558,91.53533787957838
260.839323691362,169.59994447205162,131.20100837444897,93.38640636091723
266.43737385098706,167.78113217889813,127.13795833880124,97.08791329347423
269.0284187442704,185.6928317318269,122.34748601582027,99.79354873063508
266.30818271822505,188.93160207956257,119.56737016375983,100.6714790542149
265.25854102118814,183.1246057789836,117.74813538543901,101.91382532192527
270.3985530344886,185.30478109947552,117.02889852015619,102.13201873241385
276.3860244127571,193.6821303093538,117.07543519344571,100.24314209041782
286.72012675225255,201.1500189821287,116.4007259003577,101.1205573930894
283.88876601719505,221.7768657903503,117.75351110952458,98.82622432953625
261.2663931860558,213.25444559629926,107.7011118560838,110.36857825386991
228.93295613963295,211.96323352502282,104.51419139841241,114.31412992915524
204.37998337119626,209.07594983563885,107.7458063473978,110.94471036396537
211.20476553575122,210.1484831946772,105.68580183467773,111.71599640902588
235.2016125120729,210.36831781371453,105.48296656461292,111.854511456593
273.31443716974763,211.49018329554482,102.081354263165,116.39024116482523
312.75849949981415,210.87846461800078,102.06244750353576,116.67330398714529
339.2000868520125,218.84791888134114,106.81168035281246,111.20280739547043
334.5105022195419,223.17438802717464,109.25456715405863,109.39386498842461
320.736518475738,220.3178652724224,112.22336978021725,104.2300764441936
294.07311170023667,202.94771992408198,115.16340058731815,100.60189883470508
262.3557212052853,180.62946415297216,117.2901075223604,97.79231537531234
241.97437366232055,162.5521470145942,116.83857044850029,100.41660392787156
244.5097301142889,175.4485243177541,115.61856393471814,101.4333490354351
253.09737654007316,190.95137717199714,114.79873034613723,101.41518927516304
258.55915700739195,204.17365887713004,114.04689245233425,102.28465093653878
272.2066649710994,225.4006081185796,116.73024699321535,97.76894196899207
298.418915989101,236.26146443724986,118.64264906513316,96.05696907572985
312.2997533342753,236.08705738893156,116.94693950901615,100.95709720727771
307.8904522452085,245.32978569518616,116.47587709560531,103.45062919216038
299.07639777369945,252.78971815375178,116.55964637228792,104.28412053955222
288.17167080120066,259.206272237842,118.35734870285773,100.51922155232256
260.37080662406424,249.20511000840227,121.05148736923167,98.53020395500545
229.3189066204054,232.424221387801,119.93325467697575,102.34806518183399
213.87062874463908,229.8969543127962,118.17900798541437,103.89706687663204
212.74598596339519,238.97077264661044,116.97361002779493,103.70785017541314
222.77791734365238,236.90042339505695,117.2353170735932,103.91474439362428
238.69450562630846,223.77534478205467,118.93347417982474,102.30115885050301
246.90255877905355,198.9149071842503,128.70419921310153,93.90331271332818
262.25550054527264,172.64707170362504,127.07127973465217,94.77080809223006
298.5983074248677,142.90370915194887,116.19003033321765,105.58307615696006
321.68152325131837,150.12842348591852,118.31526541713322,103.05843462328201
330.2305035816266,155.22338201766811,116.85760987628609,105.9024905956735
328.72917360998883,172.8914471648715,116.82511409650715,106.22832298099325
315.9998411845926,183.56285422603972,116.08139620656699,106.55702801796197
295.20924815539774,200.68659196900592,116.37169356887443,104.48322843691395
267.8403933488959,222.40694620747013,117.99597216220745,101.08649019704418
250.873281329093,231.91906690027184,117.95630141473615,102.58468669157176
235.5454029836465,234.29519940035414,118.49833188438562,101.50295271591878
223.07005874012918,222.09102149804136,118.25147946310892,101.78759709558781
212.11233601790406,210.3327540041059,117.93012650625884,102.4397698261799
205.24180134622452,205.432523418735,116.07947668406902,103.94191543005209
215.04606898313514,201.7514055663165,116.99601904788248,103.74727424113803
232.90834684366757,187.2128010060016,118.23188875342636,102.20851187821663
248.56175884252855,168.76378395291982,112.82728193788648,107.90369235940847
263.7369757018463,177.9289090760458,116.11989319594261,103.75345443394697
279.897245298093,199.7827673737974,117.18675466497427,101.41595245283355
300.4438245228914,225.57085129060127,115.86261309382914,100.70713007256398
309.65837523190925,226.34299920327916,114.64930728882803,102.55074945985251
296.7930293988396,220.5979116413051,117.15720895353768,100.1938600734541
260.7029545337092,190.58499005619794,112.08754871028728,107.64662732196162
206.00175989517842,204.97812101819719,117.1381621524094,105.37047768899826
176.22623632109793,223.30024482800366,118.79863845833042,102.39480591741767
165.7893193272884,234.05964147522644,117.23312426037245,104.650597027325
165.34469097330611,240.32115740582378,116.7011749053336,104.67484560365986
177.47559190776025,232.3053448304156,117.78953959551437,103.59028408975973
192.80255460459665,208.39535191775704,118.98516749412588,102.19937862314015
226.26661972434903,176.42060681911943,117.75894752745819,105.12038198803597
234.494812235899,175.0917734429486,118.38399991746684,105.47632862579889
226.26093995944154,194.92320582249602,122.24838269810414,102.81844898304539
224.9422821358313,210.08571634069807,119.29242394739256,103.34237877076202
221.89809406262302,205.0933697763833,117.20867012858393,105.57823897391899
230.08690910572207,197.58806911685056,118.27197623682224,105.11274708403272
240.412887025707,201.1970591124981,117.91693219519357,102.75306579314109
237.12690483549738,213.57705986554103,119.28213242202308,101.94872435884243
223.31120267510244,227.7519086648532,119.43215704436213,101.9275784203522
207.56486539956376,228.92321781183477,119.4429706615825,101.82177804437717
199.3616789803439,212.29245708023473,122.32922642496175,100.3684282435826
198.96043424652274,199.53434228965477,120.94433985605639,100.23774879078692
195.40071985017985,193.08755138601032,118.43496294012039,102.03788996615953
197.1674664549641,214.74342118801138,121.8239773377273,97.29924721293233
200.36694354827176,240.29195871074603,132.42175450328648,88.45934259328956
203.3549957126403,260.6780285750909,126.3106526641808,94.02939433412476
199.24347290823272,257.1077109976504,122.66715406136825,96.61771872170138
191.29770081282135,239.72670102305392,135.787665915039,86.76150681134051
194.80389462714712,211.45640344620645,133.38542607889025,89.7306372874883
189.49366354747207,196.04769593110703,128.87719063549622,92.53708740348765
171.77103851867358,178.22656952516033,119.64107835218327,102.4221143059388
162.7729321780892,185.63547537721524,119.9470614665483,102.43608991212969
170.19602295410863,204.25769708535785,119.32068829147644,100.99552083114273
184.32034464520984,208.45869085157935,117.88386725903894,102.85331936798086
205.9451985923817,205.01919251266634,112.72755537157194,109.82000367353407
227.23056501120237,218.7189095780371,116.57309788918847,103.99489969973291
252.19988891505636,229.66661523838292,116.35504298773006,103.4960545227966
277.63958197021634,250.4022638448555,118.09824891903078,99.88777233082885
296.67284845344176,248.80603763992798,118.13237675799118,101.32687335112522
286.0273004544697,244.98308542335914,119.38365752265528,101.3914462048536
246.93920058182502,231.57103313278762,122.71751083839723,102.91237558082555
200.98525010571953,222.99869380514724,123.68052946669894,104.26377046804329
168.87309786253456,214.6051622654778,116.60930454215978,112.69994163848351
134.76608086310574,227.16460761508432,117.45443675963041,109.92947650590519
105.76294240519658,228.44812657841413,117.33351156046206,106.32234205880115
112.44130959996244,228.2130067402482,120.57179932117435,100.69641400622348
161.42420157449402,221.95716479976744,128.59663744421914,95.33335788480511
214.45228696846812,198.16198829118056,124.89867070688626,101.17524303130573
226.41680102122868,189.0869659371334,120.66281691559713,102.4417786483273
228.66704733364767,191.03831221101353,118.35150271958268,103.12940185612345
237.5954418855418,205.94757265132375,117.79021269124735,101.11476705647159
244.9344581001193,211.82836965391505,116.23892436679509,102.77658723125089
233.11446498435004,216.68558513804317,109.60857808350099,110.66146564017959
200.12214887393964,215.0715022270017,105.96019289119337,116.81272792433103
175.33267793079318,223.5774521035887,109.0284054669887,111.71749689562957
177.06582381395916,228.184556245341,109.66889556191393,110.40338271647684
206.44876797483408,232.3489929806135,117.15606568274838,104.2505105453653
265.276576104095,208.47033281700354,112.5147165117215,111.67325419792365
279.81751617493114,212.60915642993297,112.72064065367606,109.703339751872
272.47816035100914,217.1905454826827,114.62342584680718,107.2730065711413
260.4594415273639,209.42925841441624,116.16112593789802,104.77441262092799
252.9127821664032,200.16610030775448,115.74329042858287,103.72401634779924
250.4807142378446,192.5207281633942,114.75650923606801,105.03197345115555
255.33888565338043,187.5908588945058,112.39914580199721,108.3101993796209
271.24483622666963,195.79093876321951,114.81068317455103,105.6138507068234
277.7231586665128,202.13957147010885,114.55246927054725,106.97111606702515
269.48091578302854,205.71860848163567,112.030285386167,110.17619279434975
240.12508709655822,221.13125221812794,115.38199356626242,104.18279587297732
207.1926530984699,241.55245377330337,115.32196205954214,101.55101904100714
188.574971038755,253.5626650347129,116.69761870451647,101.28483727318132
176.51483249538398,253.08011024252949,117.32152710419476,101.6169701663159
181.57128981670758,256.2591911070242,118.79924357076746,100.32232772958042
204.10863154562298,247.851845351121,121.0429951061408,100.71644971696952
209.75419809846747,242.00185517302333,119.73919942026822,100.47587151706611
194.43229561448402,238.4451993308423,120.23477400755024,101.94409730978288
175.87940186225913,235.12102700111762,119.70422013069026,101.28782046815152
172.92315158474833,224.1819731396347,119.39420650791345,102.5428870000543
192.36912660711846,219.2073805891538,111.17107203411072,110.52047662226835
233.38397676224932,228.1705203981734,117.70167593008847,104.36238315014528
283.45312288045983,202.34402714902433,118.70784563525226,104.48720033156822
280.18742748434585,198.06180755299079,117.23206291264941,106.26897607236856
248.82720360361358,192.58003886531907,118.28622216963873,108.78493352298557
212.55851107449948,185.25133574781393,117.795350315122,109.06071430806062
199.56320538758882,181.64252062054484,115.31090048625336,109.67092065383628
181.35986319273616,184.3998546764313,115.78118078388832,108.88924994004208
169.03636208438598,187.32696357516966,116.01328821628354,107.29325489378962
173.2567253932915,191.71493479780568,112.87769077617097,108.62664285643261
210.06515220512915,198.7603977266702,118.44549474920765,106.73359994891044
268.10985896393515,195.65935968550943,114.20248506563814,111.22323302560454
297.2377820086027,192.8101602012265,112.7039569765582,109.56528037805518
295.45984401522446,192.75222511458003,111.51300656717109,109.28725210877221
278.1333604049271,195.1313683226225,112.45649890497654,108.90756443480663
256.2834330854181,199.25452703114962,112.42702850821848,109.37399653489697
236.01866600265927,215.37889724320252,114.6605948168313,105.80226798315688
215.9069180196301,208.90977884796658,106.19974091528172,115.46342207312904
175.56970520417173,208.49910253492726,111.87078375060938,109.1939890036264
146.59561347338962,191.07105363053768,111.22151727149812,109.38548660905049
144.91876443709634,184.79807578981354,108.39714004247959,110.64900937503532
166.56701555421208,183.70735655398693,106.00155895583578,115.32923789870688
193.29816031311378,193.26924690057012,109.70443950049253,111.32598461087936
198.32298998547995,196.2692899100219,111.06308620279333,107.81584185526343
194.65545891582707,190.12785331745954,111.92376864909299,107.17599310017661
200.14003824812593,179.33449271182226,113.27723013829444,107.19424889101674
209.00410757139124,170.24773320029516,112.67584535014923,108.08394807600861
220.2930674231407,173.46129261006385,113.05572929573756,106.2298481756831
219.68559446490428,181.10509825707038,112.65055859017195,107.73213138753461
210.5611653233645,193.7178318473398,113.06895007086788,107.96874050435427
200.12420699643144,212.86828782496517,119.37759694197223,101.03715578423378
216.88169872728275,235.8222726776632,116.7921960041673,102.5164871165837
225.36089001581072,250.3990892225264,114.94529401314965,103.68314801782654
214.4875215001523,253.83694840940402,111.21018274862226,108.41594894091162
196.01649242352286,246.03215341287114,111.41198178626604,104.95980103540386
175.0279446082188,229.82604123337578,128.31175768068954,90.52202230005895
169.66362516277928,201.0204990637629,136.82782166734376,85.05148921681882
185.5128627067861,166.42257932576547,126.67456954638587,92.87009374881703
202.04869269110756,172.51817942163936,122.99070610093082,93.57248886676751
219.20496846115103,182.166701515159,120.67080418990116,95.38915670435718
239.8676820124045,192.7282372391896,117.53685239436743,98.61471512117176
245.30397660189965,190.82064843966697,114.88306218680941,100.03622684933922
238.72396485403237,191.0569106413716,109.6360677204267,104.34236188501322
214.6295226093548,201.2704971728054,108.0969611104547,103.94774025945296
194.9708057531883,207.3475001403769,108.68863015990092,102.42933545908906
192.41217220914623,214.3270392372301,108.67643769500376,103.20285096178506
193.83514495095483,218.75088340608954,110.09880622654725,103.38407254961338
191.0161640822408,213.92015018737285,111.71361750610055,101.96083078895144
180.73727287676078,202.18583841162223,127.47532339481319,89.27021710605462
198.01410137932513,175.54961716672605,120.10952976138064,95.41361818358018
234.56166827276252,161.07576494989294,109.77621084291286,107.69881753582787
277.89883540479,172.51974958472124,109.10465495360751,109.47399916066777
299.9004484322096,190.824013605179,110.33091109478809,107.51781991704333
297.97727600555135,214.55165375541904,116.5171304371828,100.21103295727784
297.5108271884326,223.4669964786169,114.69426305237818,101.72339844582228
300.14115321074416,224.40767855786777,110.5505120128949,104.45268004975318
303.6925062881028,221.77250241753487,110.58408365555907,104.0404796149955
295.0444975876587,228.71253942755618,109.37271312828167,104.96109280367594
269.2844688378379,224.71117362989608,100.746484150013,114.74979507418159
248.85352318586683,224.99150016381827,98.09786143687634,116.55535311598453
240.1487747156424,234.99224914325197,102.8764593811106,111.84829343036257
228.13507490860292,238.60108547770037,99.89865945039082,114.88770769845297
215.14437671220452,230.91066801116799,104.32906632675157,110.01440213129769
215.2848749742211,216.73291488563444,106.7940560694993,107.50625555671171
218.79665358640239,207.43622699397696,108.77896481360435,105.66543068399531
225.57573921057315,204.24740203554472,105.73860996711062,107.22482371903672
243.6834519714184,200.80450378558197,100.73542554564976,112.93673512330727
259.66084458768677,197.72131475116186,105.37317791728469,108.65967592220275
262.7608318702421,180.60010384998574,109.65424823324722,104.37925351613761
264.1299470341957,168.38631842820044,109.18764621207029,104.05236153835976
274.5717905478258,187.36513696527902,114.52452677861858,100.00138067329092
275.24871096573906,224.5733257897217,130.36691523885042,87.82584322865752
274.3042399988674,261.11965591431874,123.35090878232839,92.1421767891884
262.8689304267821,263.19717394665065,117.31009278689871,96.87648160333023
244.91239050097494,252.10734685965366,129.42813262542043,85.14617516929897
239.00116080168027,225.25479187496506,134.7458930987783,80.7048401346118
237.4342697387137,173.27626385483347,128.9814377994607,87.8605031533176
234.25650066987006,163.86092084311196,120.09261214634063,95.08485041461543
225.1178440089001,171.02335938038047,115.8432495130232,99.08319103530995
207.81070917719197,174.11625855894619,113.16016064123977,99.81858877039042
219.93125868057237,175.03995667301854,108.04281729224404,102.77456915664438
249.9357354866463,167.19663121738915,109.26543823988595,101.76005115652785
270.4845658845253,150.6946073806915,109.60688407200348,102.75977633741917
282.2114233574638,145.81894223197318,109.67817510431752,100.47984800008197
279.9541875137881,165.71797234941738,111.75334358719488,98.51027070080019
264.6999671459168,184.58805854932706,111.2859044890339,97.84157484317618
246.18720194788875,188.6536267959097,108.78646756869547,100.87317573602539
239.98106080091497,189.7275943635503,108.4329487795363,100.87018612778911
244.44465964707916,186.5743206088421,106.57715456027151,101.44597071693158
252.9546370893674,189.07036786497764,107.62933668173024,101.0186104784515
241.92590106124135,205.7662988663437,107.89438545854001,99.90388190372477
213.65788471733384,211.99290451546432,103.75463238925816,103.0246121036113
206.84857830820667,211.5941919811467,104.15400517029279,102.53886307416438
219.3413541779806,207.62720238051753,104.6766896060238,101.9255651837402
234.40217742411002,190.38401877477554,105.34667340593461,102.42185123347022
244.77810220251365,184.82789588401616,106.18453586791779,101.0302097952578
247.2989539176089,193.27397848616002,106.40189832473325,101.89238836362891
243.72018788214027,201.18213997592645,107.02067955865728,102.77506452781002
243.13450800797085,205.44861831117916,106.61913798563272,101.58393661081216
234.37593677252244,209.78008599173074,106.84374368793591,102.13294012669577
217.4965905023703,225.8738310817282,106.68002582135644,101.28933871222091
213.30483011872798,236.85406793976517,106.6833487477733,100.61996127229006
222.19952135207535,237.53768315731446,104.80869861823338,102.93011500448378
227.07499049780984,232.93070531970645,105.45334051350189,102.71391925226742
222.54220389151683,228.37754273412423,104.93884234848456,100.95788419487154
218.34151344661208,224.59208936111565,105.32318774646745,100.92614202540528
228.94120443463964,221.18005208062084,105.1478640531,99.81864881403973
248.917718825778,205.1674335032851,108.37557338046967,98.41107182148748
281.08044973144195,166.12859249792345,107.86372867503904,100.53429414388499
282.86844215034097,162.66926311260573,107.8065524586847,100.19478915432424
280.2748428680598,176.181651901714,113.47190371920351,95.56199071837888
267.86761769632125,208.43919727053427,123.57418023805856,87.06493944479423
262.40102763107024,230.65410986955666,123.69626803131942,85.55826824262812
259.0373817768922,236.5382595410187,115.50045427542426,92.42666212061101
246.27648307077527,230.67669842521957,106.44279437673652,100.03155747273584
223.2801561046162,230.2391614347929,105.42025717790645,99.11039649223315
223.46901094000086,240.71980590447404,104.39324617401275,98.84296919752029
233.49076832839376,249.18426721613363,102.34154338358678,101.19393492871342
242.62171734398737,245.61530249675903,103.28055004265892,100.98176905523117
238.79970630661035,234.27620994253246,112.46379690866027,93.16917793282043
242.54654427800597,214.8862264213504,110.1873200812054,95.63051267528567
259.72203389182164,216.46542945586936,104.73455346146882,98.92534544134458
295.3683306709108,213.72785237495953,100.87038484384797,104.54460311329561
308.1086758340348,209.6293686736229,102.82622631934277,102.72522034892
298.8772291781558,207.85650605871183,104.75962237853098,99.7525263111901
286.6659386320537,203.90260952133136,103.27579663793253,100.0997424722005
276.28963676064745,216.20702735454864,105.12519691475877,98.96075762016004
270.4710644546167,230.91115780743132,105.67776767573856,98.96779890043864
261.8473429407557,243.11454833438324,105.14368479060919,99.32245346383004
257.119312527405,244.3941208600246,104.67109612743792,98.6890377954887
267.05749673319156,240.30721313330432,105.4894536782621,98.8912787460643
271.75480852773023,229.84370113905942,106.07502510910147,98.94492572698917
266.60490390584664,223.00450366204726,106.6663713635738,97.03587501834608
260.5630340136921,214.475471291849,105.94951176348174,97.33506295128537
259.6286414922883,209.9945842212178,104.73872729965346,97.64429739522745
264.4238337437618,209.65205947414836,105.06892045579184,98.06563278856403
272.4584929581489,199.71339500288346,105.81087605208117,98.60089383255894
272.23408402157105,193.12188855114692,105.57411958126659,97.31649611623575
275.53274615962334,200.2501143952968,104.84882520432399,97.80723313742747
284.64743221794197,214.75631093795695,104.1756310242682,98.20431689617084
292.0699941168973,228.77179457186432,104.29947263753212,97.47875987596801
295.4512227653543,232.22670217747586,103.0884696999008,97.03350839879367
282.2911572004158,233.36469039661364,99.9982488471116,100.74746391405165
253.44424235300428,238.9016200432979,99.19256711022497,102.1131822304703
233.09219563068916,239.20857141397568,97.36865877039031,103.43172172175673
220.65788688025626,221.7714887724958,99.16286954257015,102.86601056980865
199.18048018627812,210.05591426825953,114.67376640601333,87.74635055856012
202.64943901910632,176.97555033085558,113.04114351679452,91.47585940693116
212.49617032363773,169.53462362058798,107.80250309818726,94.51484189798705
228.26440102439813,178.91606805469854,107.33592785568348,93.69024966582208
244.17627749315028,186.18644410921326,106.35423132500773,93.63253076290624
248.79795447457224,189.04701144611738,104.9473275288203,93.97777666270844
258.01552946741907,193.39969830763843,105.46848431332346,93.29910119634798
273.41634704691097,211.6326550095858,104.10885375477338,94.72374173194183
291.80316254741456,239.27771220607255,103.63075519266042,94.68021376298924
296.33801477266115,253.18332711178718,103.53267310180544,95.2321010725463
291.98408420854526,249.88813284298104,103.59852146246226,95.00922414026404
278.9900230541135,220.5376173690797,107.72037636195822,92.42141920038314
269.99605805605705,205.0286989262563,107.35570067715926,94.5289952552678
251.16905687511485,202.13353011150926,104.1300621943584,97.98734099172395
226.97588840463175,204.64706360301494,103.7561430222735,96.85194728907553
220.86826057388518,223.3484719089055,107.4590429847662,92.17661043672972
230.62206055800195,237.32963831641405,105.15951672677016,92.6621302786001
246.0609618975867,230.35816413234528,103.46096437025122,97.52099353688774
269.8864702468421,230.11701359748614,101.93248825774307,98.11782911248365
281.3551381618512,232.47115154842535,101.4643969381377,97.21393582056379
278.45651134686005,244.00753102751727,104.30304693255607,95.43406399387135
275.7654852055989,256.5182558039504,103.26858014435018,96.70976361955502
275.4351931343833,262.8758027289341,102.69629214418322,95.99968909829221
275.4306712438089,258.4623507840794,101.79175376085591,96.58830722015654
276.82181210959095,252.5610391927853,101.59951913904978,97.7664707761464
279.2539841619683,240.27544349321846,101.90874166338575,99.15141557648236
280.4280180164575,233.46893190617374,101.09960553019181,97.58737015432939
276.232216777559,235.07970622008784,100.61905710516415,97.37720710302465
265.26041530104783,243.8694832181105,100.55630196210733,97.6120547735814
257.1504367606696,245.2404432149845,101.45180877191208,95.87900860382555
255.101626005716,235.15273726272358,103.25678376144413,95.57746792422071
255.66309636566348,221.39296712998245,102.95221726646255,96.45813060161896
253.11076102411465,220.49990128855643,100.11055683539941,97.76832505469486
247.70424373889404,223.1203499952664,100.5323689967796,96.71151562409878
252.2681891019742,228.73807382423684,100.92303159859844,95.49353315469637
265.40601864863845,232.53136236107767,100.78372556897361,96.27085098579683
283.448262934626,223.41063472350538,100.72187137089844,96.81881454114361
296.0982893919781,208.85446725742565,101.6435294426702,96.4527290153228
297.694533439759,194.64508254283572,101.85399233978333,96.39266362296178
290.935357826206,196.54441547588124,102.79898229972514,94.6341544423639
285.64469835992134,201.83596979282285,102.3410459828115,95.21623065935802
283.04406542369793,210.30068295017816,102.29975884209023,95.32479163503864
269.07453524990956,211.27617958554032,95.35121317893916,102.39001957752293
243.97401167601942,207.38489964739972,98.71218738452376,97.8545039814303
228.47464255126587,196.09531810723558,98.56015736032877,96.51972589499513
226.41085744774347,198.95361432566298,100.00127293086038,96.09205220437849
228.8752799403086,225.89272952884858,109.21326443202283,87.35050048405355
200.97244349571776,191.9566861410471,106.46488374768913,90.11591003722569
278.8379349058545,279.61318887840736,96.89375415027153,100.90189883410498
301.41793908852196,275.13426590766164,99.76468228937598,96.96475501929211
320.38948238700846,239.23975993643802,99.90579906945214,98.77162961056482
319.70133027047206,229.2577097174243,100.19436836629386,98.26822889027164
303.26144724808415,223.320483865675,95.07040970957625,102.20731941938018
279.76009502428343,235.13757856914003,96.78945268361727,99.1325290310474
251.9860423687541,240.8387808917194,92.61247021874229,103.38046343497129
229.44900030770336,235.8217438538185,93.75050187587868,101.68984902150903
251.42062793612982,236.77087632300473,90.1700162219126,106.3706894396883
289.2699819984911,236.17139216073326,89.49364948554089,108.48365586659523
319.35633155070195,240.35763382007235,94.66924781702849,102.51675234985888
334.4645035488373,231.35645899279518,97.99131899209286,99.86297313506165
343.74012168995904,231.91848659455263,99.05600885011076,97.15722036813963
349.3763904656628,240.08122868170858,99.55035871605145,95.42843144144163
353.33858372569193,239.02587839123998,99.54398267866804,95.43063968164452
353.6753973921938,231.56516727631833,100.00879175400712,94.86335702497561
342.42675604663987,241.45589483233385,100.80880409965494,92.18799420586438
316.9367644619591,260.17796237993343,101.29503208347225,90.88675603410832
300.0214072919701,265.78095858760867,97.66723234292394,96.13838981618973
299.5811842557168,256.7646618100068,98.73269652457103,96.70122923517081
310.19657727875364,247.6162936268189,100.64345843604224,94.34169367431392
317.76764695445127,243.0176488599112,99.95530134897513,94.2459654298829
332.8683678088717,253.04203020520023,99.19473534887233,93.1642156262912
352.53903210536043,262.6784614163465,92.42238007873337,98.49086906147441
362.50228284989623,251.30561429379054,97.13383546025979,94.63795023901972
349.6075252248087,232.60851250661418,98.1253348579208,93.4766305816841
310.9171242638092,195.08574054800692,101.11097092518443,93.69468226706361
288.57522396260464,166.9458573034187,99.27817154176353,95.15576535698204
281.2871670205187,176.29284069819244,104.28884012104601,89.3630862861711
279.70982164102287,196.73409213229314,108.26327099430863,85.39187659949945
270.70341969345577,218.32136707739812,106.19870489476853,89.24343158772729
248.35879776895877,241.9388356359307,103.86096565024226,88.68224230737377
228.17410436978003,247.40113466024656,100.5723238706124,90.45828149710147
222.38633233104795,247.18159935827677,99.4380822295098,89.92206177937402
222.30918863823985,249.57550197422458,98.8467969431243,88.65224635184525
234.40981834336756,254.35647235706108,94.47617550297518,92.33328303889115
252.31232959168074,244.61487149953,95.11501743494797,91.22192940146275
249.70457826174263,225.07312489562975,107.60761707872672,81.23276197318148
241.02486198086865,186.7559429192992,103.98780478668701,84.74524334424986
234.3590261837882,178.06512003461285,101.26778169744824,86.74784641254836
229.86579686496296,187.99226514897566,100.26932321072142,87.42365971626636
212.39990823203607,200.80095606895532,99.82424612702914,88.23048826461067
196.1088920898402,212.35726405297888,98.96080059521248,88.89322481570038
190.33714087513334,214.52897892553528,98.61142757627569,88.19915000888341
186.79626528405385,215.90934440428742,98.76186019672117,89.2907071614625
182.2519772735492,230.31409797700087,97.6095460405906,90.65591643542483
184.73304078909223,241.34489821146093,97.71633794452399,90.30094747953366
206.4454546700977,243.14510921448397,96.05550595924649,93.2987798338352
234.73111753760588,244.096341663545,100.18031920304654,89.26503365328435
272.42727977322266,231.0450688883729,100.33675733923762,89.66757121825773
299.10386348559786,221.77803675184953,96.52229755166404,93.25153152614647
315.64608271124985,228.0773621049239,97.38524223283514,92.62418725664496
315.71604878582997,245.77409312255642,97.96357011674638,91.34456707171256
291.76767074566703,251.08471315321736,92.4350480282896,96.58909624737848
241.17527926364193,247.8544268835284,100.31486775170777,91.31984457301246
214.4310614273222,222.83308238997884,98.62212000991447,91.56122132753563
187.55364666483155,226.15426787513164,98.53538498860893,89.46511856091291
181.60954905813736,230.73850035624935,97.9740685565144,88.22215116492353
207.1887660337904,241.33189215469798,95.74614888026471,89.83912454268537
235.9416842762213,224.4074553429495,95.47219056363684,91.44946394279825
249.74553438639524,207.23142271801066,96.53649708813366,90.08696600008912
269.51564951353697,197.25278924756284,91.59844339904136,94.93974069260582
297.90333424562175,199.14618543330607,90.61574988589666,97.25378076502463
329.78403010031604,207.6184339494836,92.33619977757563,94.21798566539978
338.53687956843515,210.14272667052956,93.33328608813633,90.93338723356119
333.0678951775576,207.4000129082575,89.85015318523934,94.79777914319678
309.5763684160812,210.46889314251206,97.37716030816782,89.23133554479492
276.34758499036514,193.05526663394022,100.04389565590645,88.8888164141822
236.64313126319155,164.5607798372176,102.24000614903751,85.90847713041931
246.69735296681463,159.22367360879284,101.53049761278002,84.49159134496587
283.69234380995096,151.64695441268177,99.3819833753113,85.2508899989359
299.8285654914795,136.00673344073743,97.56638736881197,87.7724638001645
304.691778431339,124.30751336322098,96.70101102642349,88.16498963479211
301.28437957740255,139.4681543391337,103.43319372990294,82.26118787474535
296.56073045461267,160.4172517942326,114.18712617878293,74.63389253933798
295.2041065796978,203.0004863418963,121.36153440317796,68.96354955058777
302.0423101195822,239.83915444073511,111.40078887699272,76.82476519138478
304.4882510385278,236.46532826712803,105.18035707975281,81.48463424577065
303.3158374643955,219.58300017034873,102.81910410818901,84.59703237053759
297.3032472634075,206.20377441756506,100.99657378042824,87.07809321208549
292.35542758866177,193.88696528608574,99.70370191518609,88.27866844302125
286.36853991083785,185.0109866607096,107.75882897870866,78.75031051431424
282.0391819757029,168.124723076178,117.86161677931464,70.68990041959353
278.5896849677447,130.9294622702317,121.13897426109105,69.9725952832078
304.9151919252427,84.71696331545562,105.62191408127447,82.64015928932395
326.38259191263955,97.67244732883164,104.1419275498352,85.52978959568858
325.41677952121177,144.96060716656996,111.73824556427758,78.77355763777065
319.62957731494595,176.59637292440863,105.53631698910655,84.23577391832413
303.9609994710154,191.69103737654896,101.64281746934228,87.77721914884904
293.32862298602504,208.68936172470057,99.28715487013379,89.01663869574728
284.3447064105502,223.590129535279,98.13632938932147,88.59293861319614
275.9849251208293,232.52233020129478,96.4088319828529,88.77092385380116
268.82419090632993,236.59813092414163,96.45161728586433,89.71210406221255
274.82498521404045,238.96042266485443,93.8764720999146,91.07658543095907
284.0466074331376,238.76993197103064,93.51861160740762,90.69919701442566
292.4954221086135,224.9100258838134,93.88335163809415,91.63697072539486
296.804704087495,217.3489061865285,94.54233392430169,90.56882775494749
311.20432394593297,200.99014720250457,94.95808254958627,91.12223187439969
319.1440054270068,191.37657590648683,91.73298945225439,92.47578252635626
324.4636940431203,194.62338928239842,92.39926608749961,91.09771516855008
337.98255447465067,198.58636712105837,92.45651291868347,92.28634201338929
336.03199818854944,219.9058768439233,94.2842308366275,91.57904978094152
322.57612308891675,238.18379384503055,93.95166293980752,93.21081868272972
298.8243212212729,262.15077220721287,94.94334237488917,90.82963931270638
278.28395308638494,264.6720885998502,89.29651555865726,94.60121528165773
268.81188153206494,262.8126339179432,91.39221497305948,92.99287478788861
263.2122753240953,258.82097631598737,91.68044635375966,92.21104498349891
244.5238072952412,247.35322711779625,98.09931622449182,86.00215241809889
234.17493872704924,214.04063208957987,106.31230078504592,79.38207782790886
259.8976667536836,190.09569806682032,102.01904923690874,82.24945178069856
282.81826408547596,179.82280231076675,95.63408223415509,87.73240946594345
296.6268560774734,184.74796741701212,96.81586735066499,87.83270972072324
310.8538074732049,204.3514236100325,96.44073493962071,86.21478830641507
327.1080789037502,224.15003355823302,97.27032730613126,84.40009009545966
345.5505080935876,235.7981421700144,95.444173485003,89.48468648442937
349.61090213384944,259.6865611802305,96.24373713884542,88.80463471029347
345.50449264069795,268.1649657269291,92.9740707716787,90.85587002859208
333.4123905745706,264.1817568476831,84.51961450352417,99.35104227825326
306.19207293836234,264.56140880678623,80.12527704091687,105.68483719038399
263.1022369437843,268.3849338559078,80.60753659380372,106.0240169186261
224.0537650825521,268.816468278163,85.92508237372441,98.18844890668247
217.21561332542763,255.78658053537333,90.05956928946236,93.8854151522792
224.23320001325885,232.28384460119403,100.02869961281769,85.84704422164083
223.59555493580774,202.5659552456892,100.59208759816264,87.73706420988356
236.19864391915422,194.04989021107508,97.75496471957933,88.75166482422085
267.6538965355455,183.37282498159345,89.88407320373136,97.2969213442734
300.71254505777415,183.4180286898413,90.05540375271669,97.31358188857195
316.4326235867874,186.6153869291556,92.64806410656661,93.8994294613091
321.0222218254585,192.15693673992655,93.79001286368856,92.32103606113876
326.17261643268046,202.71849386796413,93.96811472677899,92.35058851900749
328.3133967826775,218.88085250314236,96.58624878690304,90.57638172638943
316.7504928370966,236.01556676051325,96.44122044884094,90.88543975873743
290.4474014081394,232.44718836301445,89.78399123461912,99.6569752299092
250.51598263563204,227.33019886423472,85.96961504916078,105.75445975955495
207.4648728845916,226.58855836957684,82.70603171299071,109.93406616472998
187.71535910853856,226.1878926601834,86.46495208211164,102.69220619331435
198.114035586699,226.37487384860577,85.40535075828294,103.79637697132935
234.12058741210132,231.0867774214327,86.98351488261855,102.57045586966603
257.6681620518556,227.33844192290383,89.49805382150946,98.45343812683156
260.69173189775915,226.11578126534977,88.75614069365776,95.70390487044881
268.7604639505174,236.01410868529086,94.55348710303501,91.90434346280213
290.7042606356915,219.702878433169,103.35151763488511,90.624380620242
369.71396288676124,210.62520668881294,101.85470660288519,90.78520245583502
352.1494577182543,206.8722871675899,99.69143203562203,93.5784832765521
303.08800131378086,207.62941680237182,100.04279538420714,98.17959327333028
349.5530376262918,187.27666527313698,100.19494610566534,101.20124207858308
331.8365853084609,151.6994813467017,92.70889669129659,111.3996018848309
331.8310103841688,162.0458019530829,94.5106421837194,111.77920039366168
350.9639496046401,134.81961333810898,98.54575524343596,112.90928192022866
380.4412113790132,111.46237533247654,99.1436945008349,116.24035161034944
380.436052499845,111.65619629002795,101.72859790444502,114.37685707255608
384.99497716610796,111.10559125577477,104.34090607654602,113.29819323059613
400.7839472645891,123.38958048736367,108.25054206126862,112.96577005960961
409.0483026238144,138.8659653546082,107.5422075826868,116.3721062222887
410.09641913262016,158.86754424417853,103.6042377232441,125.9906768609793
403.60226097153225,192.61757670885066,105.53057483004744,127.70315573228729
252.62616021564867,256.24028990390786,115.77751956499239,115.44632545562747
231.40349993285247,249.43984684408514,113.91670180330274,109.04295726418945
214.90156203341513,252.07188129064252,109.67350860078193,102.8822489613756
221.1959002730611,263.9761054410387,108.10732313518585,100.8672960526861
250.05009154770582,288.1484271913572,108.70085692615434,97.79223003962369
272.9193805296936,287.1335645322906,105.09374632449399,95.84193025035361
273.6455428106725,271.28398368902515,102.29249759581563,95.59481216800008
268.7057880383158,253.05886281967048,107.16399337247336,91.24419409657183
264.9829065440299,229.29601669365337,119.5563971372268,84.68585462713168
268.34866559611334,159.35461122915572,113.70947568693714,89.8551394140789
250.32220272803585,151.30718422063808,105.39554081002908,93.16661601248873
235.7517016459508,160.6041833237159,103.67225635639093,95.21700012098131
223.31485247316516,184.2235936692183,113.76498301058677,82.88731310628586
220.14843700464138,218.5134959490403,116.89618223455037,77.57860412669291
223.62159463682593,254.23230833814526,107.44887007226863,83.39241834696391
232.59000770846043,259.989828099908,99.82060839191767,87.80457668573764
244.46190381008262,252.49449509918384,97.3122208501517,89.94173357942103
250.5980773939579,234.67901940152808,95.57359203097164,91.41212399036525
248.14555489890563,229.67765479589082,95.14113090689737,90.03035405121321
262.4391617597329,228.0466277986124,92.35269924785308,90.66418264504613
285.8391326314215,217.03919205098703,92.67275849524901,91.48665557111985
284.63597574798007,203.3383582373463,94.35484103530524,90.25817289627739
274.1425588914501,191.83749201735316,93.4974700412948,90.47391154649117
282.11874519977096,181.17260994818048,92.96420103698107,91.99007108354942
298.8887355070672,181.21889604669258,94.69775930627874,91.11563600913809
294.950406773424,200.18404806420082,102.44573530769713,84.33458196026658
280.8184047302678,236.00235277793092,101.90351266461491,85.10740244029193
272.3909514680104,259.65189032421097,100.33453274129239,84.91542757822367
288.9495145327371,264.0792729133957,93.5050038146764,91.42489827734772
292.9090845980658,257.26190405374297,93.80531957762177,92.08215933969656
279.22935469452204,248.0411535523289,95.58372280663463,89.41912374476323
272.30664322886787,239.66366373789538,95.40116140551321,88.91110793927986
275.1740379021693,242.83563789901663,95.82371760166927,87.20522118811066
278.1420462124955,238.4722810554979,94.8679907497825,88.08877714337723
270.9190589518253,231.71255118843118,95.03855298997992,88.37632313233928
262.78778483679685,222.61485741337276,94.91674776822316,88.78912766593223
258.86323804171104,224.09791893913922,95.07337016120317,88.28435043366927
253.22477452894327,228.6952517086113,95.08803829943248,90.01591914681103
242.90517350347818,232.09891840701488,93.92801593967593,90.27558592552656
242.01758704288875,226.70708428239067,93.40323064587417,90.38651115845721
269.6245253877089,216.85037608766646,85.17850769624144,99.02336571506075
296.50031924178836,220.7806474742172,88.41698257933606,95.89486691055282
282.6762216508959,236.18961423824396,92.23056068350904,92.62543601080701
259.1770691521238,240.30447828136266,92.42372504278053,92.30125780955424
258.499541454658,242.55769674048506,93.51904578993987,90.7479590594283
265.5721213729348,230.1170673722758,93.94995713003567,91.9402310242268
271.7693051148981,216.57023480228042,94.34991903146073,91.51125555897701
271.6719232903357,216.33082823696896,94.22556755906251,89.815083343075
277.74592435487443,220.79698214674283,94.04215574712414,89.03648529362098
285.6180851946722,226.15302702971545,94.24859818187349,87.80635320988137
282.87998116957397,228.46627142537335,94.9119453121586,87.586914616911
274.335655917775,223.74861135989943,95.10387248774396,88.02587630464379
274.7804930489283,220.20402881448587,95.28132608748768,87.51947687086023
279.1324026245976,222.9768615466326,95.084958122373,87.9266604184507
277.87132053920175,232.15320903102622,98.01458964415835,86.92830814787342
269.3462154001845,247.34203600353555,97.65434042104965,88.25160505647304
266.8909411951503,252.05130451486744,97.30751675868004,87.83120752485553
275.568020184942,241.00735590912026,96.70906235480106,89.45819410186407
288.61272125675333,223.13710245643003,96.94807438835626,90.09692089728067
286.20992849298614,221.66911520971314,96.72441206126251,89.56491018362932
277.7711796844982,228.54512429227373,96.94589718578456,90.85024841720373
268.81462044627983,241.62446777344738,96.66306743853065,89.73235350321666
265.2481581646566,238.06078303681085,99.54423611172422,87.0056298335746
266.41397790004436,217.52580648446101,103.33177825113111,84.14896148003895
272.63131424034754,209.80659747515247,99.96459575273282,85.6365771787764
275.69991101673986,217.560542368657,102.28801075164574,83.57246139001012
273.8231363397328,233.31181443818338,101.46503970476462,83.9213029387299
270.8767217454491,239.99998273793338,97.79978663384995,88.11763147851019
264.517401530725,242.15758649905047,96.98063640951028,87.38380217557791
267.65135474314417,236.20350081792316,96.2161991502567,88.35734482138858
270.6125465519958,232.5982720312805,95.39453344800692,88.06822623193747
263.44271893441476,232.50557936558252,95.99889171152134,89.26333940625608
250.57976609336515,243.40746125533553,97.30706421387072,88.26478659221051
249.03213167719633,253.9475595617502,96.59956754195198,87.91869283029904
250.93408151327776,251.94336784131468,96.09417911064793,88.70182046087825
253.14613264291245,241.41522420607836,97.27424506849377,88.24574014227807
251.23082479414936,238.88549687145627,96.53594315855906,87.92981034870581
248.53877995539202,245.5058960127289,98.05760947001642,87.02793579266606
252.0889688776535,258.24915086056507,97.07572937698131,87.04569111628349
254.15963860947284,264.85358560649763,96.54028929113494,86.7635189470439
253.86829466126017,266.33489491417413,95.69509663775796,86.4423436768087
253.2766765135488,266.6494474672564,95.50318377000266,86.57699217185586
252.9964226447522,260.48734766169173,94.8823186002165,86.96951240683399
245.43013762643972,252.6323098005391,94.86199559063607,87.3789343980737
242.31903287868286,247.58650537204278,94.81933746127544,87.99676470736577
242.32933208124905,233.63987963678568,99.64570866990846,84.33481519953547
241.71177645828067,225.12690135996453,98.2353516344244,85.93038355718778
241.3721052700275,224.98138098698215,96.62029901763519,86.009354584292
246.0838695504751,227.6224462855424,94.51459127731432,86.91836871164065
249.83286320280695,223.1366639089313,93.92290564523873,87.71651382559133
252.7467465349035,213.74014278821926,93.90793739053964,88.34161698564694
257.70250639939627,212.3221709297244,93.40234250848906,88.25728875090246
252.24352000015267,224.0824948084853,101.20412697995485,81.99711283748675
254.21923512459853,241.95638437937401,101.59079333146111,81.18072225520214
256.7220851514554,248.9536563947861,98.52108385362794,83.7071136793088
257.1252728090639,243.7260177889926,95.80228406557084,85.4024159081802
256.2213087832379,233.26771097154793,94.9419180369422,86.72323670481667
268.6404318713399,226.6695422900097,94.46068419442574,87.0761350310694
269.57680545129523,228.59127428886308,94.90446412157951,87.64487993101889
266.11205430542356,237.71541794870066,93.70833746924843,88.45877807869743
257.40583145213657,243.83531233825514,94.07151783568901,87.35456494227202
253.90408747661124,240.70870818144255,93.15061615420124,87.90791311184805
257.3533895047236,230.86434086638297,93.03664337587128,88.23679340297556
256.18155365838714,227.34188704683254,94.04856924787771,87.69309042496573
239.46353493084086,238.14045487528972,93.81607088537544,88.28578239526135
239.1180340092382,251.92271643900187,93.43382933174557,88.71374497967224
242.58436830559367,255.72909613107475,92.46080172684674,88.58460359379038
257.51915349301515,254.33323202578399,92.72843381128237,90.50701010486233
277.82547586229293,245.72657136599997,94.19915280315968,89.27164832224983
284.49074773578076,231.63087830590132,93.77723652622704,89.28680474104553
265.23468484899183,235.78982784877314,96.8768196961945,89.6759053102678
246.29507685517558,249.17992011992965,95.27878727112899,89.2290951279526
270.3798349067966,255.3765118444582,90.19370212261278,94.10944854390675
288.68358409346035,251.06074861138535,92.39108656039136,91.22182282135259
281.56190926401644,239.06701750965516,95.50117012776482,88.9479500960986
260.6024603340311,226.18746221544689,88.71022618329908,95.54740668045585
243.6098062873339,229.2827483483283,90.62674826973459,92.6952307111442
241.0586167496547,232.96086371124989,91.68495947832851,91.01812769769174
243.26935536698696,232.5182924791314,92.33480708409553,90.5273037889078
245.28099919328156,229.4298994134739,93.26656345863093,90.0296577679743
238.905964774126,229.96921001141794,91.02458325110362,90.74718185542619
239.39142070203138,230.9593730609597,91.95237003001058,89.46365312175976
246.68722888562067,237.3629284521452,92.25048292751927,88.85066129185026
245.0397532110446,246.08909425725724,93.65516696009462,88.7720892068225
260.63715068188486,262.9305877999353,94.97699273502596,85.98002398491332
308.2842314236218,263.5954827236912,100.8075558104055,82.77764798596067
320.2676447736204,249.2516453230494,99.49471391526617,83.79068122104773
289.2031552660729,253.0008346782379,105.91118526025664,81.48292024295296
241.00176108274292,272.3375326788553,110.24258602018139,80.0035078907514
214.712907482556,276.06782593518597,104.52187613822281,82.91213099638281
224.95657855344126,277.37578853061666,102.1754956868667,84.82759893392807
252.07085933354105,270.4918148790662,101.48383505934048,84.33419902343147
258.5683953340933,263.76901214589594,98.62386240588486,84.9474359836975
248.84326143249717,264.22981669700334,96.99202143065716,87.31819523328087
232.01913785694137,265.0518393628498,94.0091441246262,89.85369276270315
220.5026374621941,266.61362730951305,92.9252695146559,88.81583021080104
230.7735434485187,268.9724611373819,93.81129469208591,88.56927946736705
246.61247957403992,270.475513498123,94.83581366091653,87.6843824348108
247.6538037923429,263.41363021824264,95.31804298966054,87.7914942250565
248.432752889823,257.1235231331437,94.66098509432354,86.60522807608834
241.8934443656895,254.2237654065413,92.58377438697039,86.93308899756835
239.755941955548,248.6535596882176,93.07170013241351,87.11853801226715
250.67377077571393,238.69995996375656,93.19737272531177,86.99421456991922
252.82482549779007,233.0966858300075,93.15047748041778,86.57918879495556
250.20611068920437,229.79512981294178,92.28408019976578,86.45537900053814
249.27609533190673,221.360306124234,93.33880750838958,86.71999244640517
253.26228508821868,216.04414097896168,91.66735072665655,88.00017726651522
250.54688628221027,234.94840273798854,103.55679617590343,76.42885761660156
242.59340080975562,264.58743249469705,108.54939249560775,73.63744691170231
230.70604384625983,295.2905392962804,103.54935155699943,76.77255362001594
229.4963463026187,293.7762956228368,101.16148346604436,79.33830771553764
237.11612908506055,274.83495735800966,103.04812801958516,76.87755362184672
245.8383488467426,253.3750436935536,102.61256806647992,78.43862602001056
254.03421044104022,237.28086369724218,103.13985032217045,77.77761323931519
256.235785861224,222.32060251431977,107.86293282660199,71.84740119356776
253.11805117518355,209.75326621031024,104.04040889093213,73.76675567073474
244.47434279617522,193.37370228974555,104.94207029749234,72.73759898645329
246.33061717676935,177.84526592373624,106.64782451984955,71.81939868821209
253.87182240281192,165.89448639032872,100.37028946209888,76.93877127462521
264.97183118550936,176.8848334993284,98.91721084890646,76.5470362806884
265.8348841505183,195.83242263835294,106.75769101860612,68.32534815476242
265.2959297777411,214.91747561993714,114.894629920807,60.010524655436306
275.71921175007446,253.68510722555527,105.19348733976844,66.9767301622887
273.1556090467965,252.16420276721075,108.2360344709902,64.12657699650121
269.919862255214,232.6281871048735,113.03783275077527,60.21453943489889
270.1460148180207,208.80352118794127,106.43751971636183,69.82358246964338
291.00217694742906,206.05618037042802,102.30028344720048,75.63476801576181
312.9066871958917,216.3011261609699,101.05055718668382,75.59097557836387
317.5660261600076,220.50926427881043,98.51440307846912,78.90214533518764
307.7774900597938,224.61648838838397,97.4904198602903,81.71436172627627
291.86602177718765,227.60822561539402,96.64009599005547,83.02901658905242
296.3404027443991,231.55272350991004,95.57042468241787,83.3975112381778
294.50692278088184,255.702761066621,106.3590191213112,71.8957690595007
309.44934439764927,280.9689907039023,101.88385696504577,74.16026088740588
314.76788398436116,284.8327751298572,98.27516838326616,78.36061417091675
310.80107246375417,277.2247366702834,96.8982367194389,77.85322629142254
292.55056258186244,262.39296767372184,104.1289888557942,71.23685860880542
282.03106837185317,250.4156951312832,114.52138527211571,61.90489329272656
283.9922956603125,220.1384387608882,111.35180222446326,65.09464384637381
281.9737817010277,210.85923527818474,105.32909605975931,71.93022348469424
285.7680864987206,218.81306146743333,102.6850915684823,72.92033442723445
296.33575202048195,232.05858466770462,100.24357781871888,73.43789012875891
310.3759603333797,236.04558319211247,96.93267931168184,76.04109764584112
310.41991025696143,239.0537403563781,95.81404162636301,78.80581927705464
305.0760307595341,245.3214128285054,94.93484491006396,79.41869512226205
300.33223333775396,254.70477717965724,93.9691939043881,79.9519869289444
296.828129161677,255.22431110548158,92.86178839472947,81.1444933304161
291.5774750454936,250.34015691322716,99.37021897415852,75.31543320922928
285.33183140529934,243.18471467092098,109.69891851095159,65.55619160282015
289.01270184515533,220.97960998631044,106.2728900114962,70.88764252184478
295.4824601763181,210.51328996224407,100.91653382872215,74.80091811828039
295.65796068825557,206.21081157639324,97.3187995209868,78.02653948292544
301.6362868873232,204.07891999624647,93.5529237331731,79.11683131944703
310.4584976347222,215.99302143595682,94.71489404184693,76.8526806427053
329.1390332996569,235.52703101693612,94.87064846909519,74.5538589053265
325.7923001458744,256.0525662010581,99.5981483665613,69.55297935555512
306.4351488735142,269.0418031751771,95.53599178225446,72.16125898510539
280.471302546993,262.86364367698445,94.53741239932191,76.03077499208337
261.5631498903808,260.56963899322534,94.92787948311619,76.61935440969903
244.4067732017221,254.3873521603518,93.05275635382921,78.32854240586452
227.77903556754882,235.48761555231303,102.3417004138796,70.11864672811629
222.5332523362654,203.0878552354832,103.30236537298292,70.66125540680781
248.45087857497313,184.06428288111874,93.41256519801817,79.06898491215517
264.1606413180103,192.4784429945757,93.40843044065981,79.34351456050324
279.12650332901535,204.75868568009977,93.32722587554346,77.9233587564267
283.6991267971929,211.70176398331864,91.92515364259083,78.18831792739431
286.29554128286077,215.77518518063437,91.05040534544685,79.05784565982948
292.2795146823304,218.7444209284744,89.7917979043508,79.00614610019437
295.0797347552272,219.9878245820596,89.69483250446788,79.01365889556845
296.66168512702103,222.30812161513106,89.24487139749476,79.20495084915973
296.0986429149656,224.1105459918873,88.61993564405805,79.36992578280726
