23,88,66,55
25.313170770505963,89.34435639531806,66.488687694704,54.10617842367205
24.795530050463718,89.12480308880666,66.5555818104149,54.37737559619974
25.019703504456594,90.33440766359628,66.18417080445069,53.68577415285017
25.72985477520836,89.89455900001312,65.76803222883476,53.4430344715794
25.15162800471807,89.81348988281928,65.73762318544067,53.18830054810269
25.10197004224318,90.76305933017721,65.697169045109,52.639354324745014
26.01740146686202,91.71812387026141,65.14969189502096,52.35591669810259
27.171342612714085,91.42292604584961,65.11353962768628,51.744890432182174
26.466602903091584,90.08702008978014,65.01050547291291,51.43143705532843
26.1658326314425,90.24720049628534,64.78404109549851,51.41365430524926
26.337698423927442,90.26560906283822,64.67607070660748,51.20283954859676
27.642257509076046,89.83948579590896,64.00546571311688,50.99759822228805
27.087173934515754,88.87133316176391,64.08280188803515,50.543802720036524
27.415197665241877,87.91526244234808,63.533322926915645,50.21760008253807
27.601337229363303,86.59777813855528,63.09359028707949,49.97966851158594
28.853358942001343,85.68790255695065,62.6556110716992,49.87096389456914
29.36436774099381,85.84780832525158,61.61031953949139,49.606853560700316
30.334332762021596,85.28978333488017,61.480313374060614,49.337418559101366
29.702580298029886,86.46407672818415,61.31847906793567,49.02384461683356
31.430069270699228,86.32518829886112,60.85798936160566,48.901039093373996
31.400931055348217,86.9051201149229,60.53240299347462,48.57959209583666
31.270475978177494,87.37697651441101,60.088209200540334,48.28176452634023
33.03143390331446,86.58294746673,59.33547188883885,48.162802881144955
33.08108927642559,87.81257696056704,59.13041165342284,47.680066176501036
33.97191939307142,87.5806793234937,58.837633007828494,47.39340419697337
34.74711333541792,87.53596068371806,58.67747917267917,46.99982526676273
34.37877017687843,86.76337481208373,58.36869510863271,46.81203602384996
35.01187294903902,88.04164979592764,58.05719563648499,46.503192758598274
35.92871905744305,87.16249766919421,57.811190900886544,46.393609096113636
36.09104100260792,88.24480528627873,56.92985963396942,46.216873750782845
37.584050177054664,88.46544248645873,56.26299804132565,46.10804893694382
38.141003624990404,87.81921082657931,56.24948431651945,45.80202427499613
39.48833731429624,87.93018469172483,55.67557325901349,45.51156768134195
40.537689806366465,87.62699846153946,55.17545866368344,45.213597705240666
40.83132857474108,88.12090080322587,55.031688808364265,45.060857062911396
41.49450812559957,86.96737568882162,54.70040697153128,44.90332627175904
42.21466735537106,86.12296962652496,54.68558575555264,44.9352682059012
42.16491362478409,85.21014668631216,54.23964791077487,44.659160458175975
42.58902232424297,84.19039280588285,53.846868012831024,44.579114239876084
43.03006532235635,83.60733324637553,53.41256983082312,44.28911454016597
44.87242943754998,83.23331615514803,52.785573643659575,43.99459712935725
45.01151565286268,82.7789803272544,52.36390660400086,43.74482126719482
46.287568810618765,82.98312639884216,51.886948651832206,43.61975244169571
46.28557111173028,84.97856472914218,51.599822628926695,42.8296336506476
46.98292031615746,86.42488708857168,51.26103889500154,42.51142234391989
47.52672819032141,87.64565568481629,50.81021117990841,42.13998294891209
48.30838006863556,88.8955273877196,50.53423553876893,41.7817926895321
48.07081524914558,88.9651083428944,50.035170591459945,41.73311249817044
48.45123483689012,89.883905113045,49.513747768886184,41.470759658686625
48.96487536084514,89.3178281792017,49.21152286917322,41.33753538882243
49.246133853971415,89.61937439810617,48.88105349500145,41.157628636032655
49.03702419967975,89.14599092172341,48.72542430916112,40.906666978900795
49.52139517075234,87.93760643431938,48.22502914240953,40.60228941164168
50.2962358099293,87.65637106979617,47.55708549408859,40.64116028223553
50.43603920918912,88.29515123965298,47.25397709736984,40.33450343108831
50.07874044049898,88.86173169091961,47.15776390311713,39.99959528780211
50.929835468388355,89.51292798540625,46.92357467485907,39.6722013472227
50.904597783715204,89.92392398794313,46.45737835875252,39.50063712201626
50.90858166195913,91.69079217639754,46.11370574558884,39.13123659326453
51.387802223873614,91.98096542580795,45.83022462169912,39.01270604309559
51.68182505025523,92.05077166346503,45.56067361884292,38.95600713805717
51.885724618657285,92.02807041485703,45.277151889298906,38.72294219856135
51.576340034748064,92.79158835676226,45.11917807440399,38.46713384500631
52.13053602574216,92.48873402196824,44.991817806976165,38.169839916122655
51.837620295745346,91.87258555093706,44.86627217938202,37.86768709346599
52.244033901959625,91.87949152476214,44.64446625309562,37.90715100689601
52.62607455301426,91.31265388755703,44.64730635656071,37.79037523729022
52.12101140175388,90.75418799164804,44.57539765516647,37.53934631154127
52.87100269624017,89.9864018808639,44.74904814279176,37.11862769959904
52.90320518759444,90.06045757093904,44.239860331710474,37.07860346934203
53.709197974710044,88.38310066146472,44.39935452233273,36.7724183708292
53.27645596439677,88.39354993320188,44.52150105628856,36.78210072191207
53.41374943176579,88.48593590884607,44.29924056448844,36.71935468930012
54.41710179068161,88.24763345917991,44.323075592676105,36.392284137377324
54.56134127016948,87.73067224496428,43.77536338152123,36.24385046834243
54.742177008699194,89.66331511496834,43.57506178118494,35.95520885456262
55.161759743538525,88.74465000080224,43.23644190000012,35.42534082295994
55.98456691605436,88.36005337558203,42.83295995911097,35.18785912872371
56.00618392841578,88.1706012783748,42.73043844807061,34.95461399961773
56.201986815556694,88.1746352364502,42.46931741063952,34.79307561774391
57.12239886464527,87.23166804300328,42.296145601683335,34.627708312052945
56.41192978372819,87.40994267967525,41.96172649341655,34.36976542381971
57.50876371048874,85.43308124464104,41.60301249818018,34.239784300732055
57.26771115790452,86.38809246150447,41.47461093489294,34.071701514683404
57.38794383077911,86.30936739099761,41.157940464179994,34.06603805679296
57.67531051353186,87.86572466862437,41.09358924411988,33.53437648186409
57.791548945994165,87.90942680695264,40.90398839200759,33.50697780302578
58.568695810362655,87.43899036053733,40.776253415239864,33.44744938230577
58.38125858494914,88.218554383228,40.824750469719625,33.092791586369785
58.50939083031326,87.9285419715247,40.520438790180336,33.26333773525812
58.50687277431134,87.74841466242482,40.60510110710216,32.939492530906875
58.556716119787644,87.25718113274131,40.422916745959,33.013408662849606
58.565717055397286,85.4963393232718,40.587054274625956,32.77403307658443
58.52674312713239,86.2969867732618,40.37460836064773,32.345466085189244
59.08431404042361,86.71033603485057,39.873180187583614,32.12065386495284
58.64415816465172,86.60765284071354,39.654268549039,32.191709236021474
58.793471351249984,86.97951496381717,39.616694546731296,32.01803586116524
59.11234956531526,86.9037660447564,39.16183875535525,31.92409945020911
58.51902054459792,86.33340317418354,39.06374086910636,31.937966752796715
58.746297368709214,86.499717085979,38.99231713608263,31.768485553257403
58.79241197777755,86.41607289096771,38.77136068522924,31.66874411100423
58.92400899678702,87.32610779928854,38.605957512875676,31.283831003275218
58.50028633517141,87.33941857744936,38.69499998699684,31.31918102138045
59.28463004605397,86.9339606265429,38.36898949831304,31.296557452995934
58.24370097791223,85.57103983134732,38.080801857403756,31.10626617351069
59.07346036433498,83.8489987848261,37.95712720153657,30.77114418562553
58.24695770470029,81.9688880286338,38.07998785440821,30.62722227158493
58.222984535326425,79.80359109404935,37.759619644089966,30.53017269258323
58.25996804697035,79.11139163716949,37.4430119378256,30.578047642074573
58.66565757472986,78.68584657615096,37.37228936484518,30.683543163580513
58.27177844196112,78.11227377626227,37.20565676219374,30.656423793050415
58.95756698944739,77.86680905287704,37.16598061752897,30.50857722839502
58.455539243842914,78.14540166719794,37.08897124620121,30.285026786113836
57.40657952806178,79.5917429139513,37.250035394540106,29.805662867004983
57.28923802770715,80.21244782490588,36.95861276157261,29.71020719496136
57.91021321950298,81.21072355003875,37.056941724891296,29.990596364875532
57.06672491086529,82.28147071464751,37.21931158938435,29.849079369189703
57.55497300594985,83.58277515091491,36.94717652020646,29.707626959414995
56.48743045069585,85.38817426884657,36.84066515177888,29.544073575870353
56.822667799858785,85.58298869659093,36.865563524399064,29.665457648234327
56.77026959700061,86.38358118312232,36.96279113669574,29.559488513639707
56.35588966109438,86.5666196577769,36.915494153826444,29.515905641047837
55.72487978108416,86.6152796023698,36.830215688588154,29.28441218006001
56.015219908547394,85.7590843232314,36.89996094928498,28.91325482240815
55.66458350186674,84.23856667928979,36.61595575306636,28.98935968370857
56.184310763363854,83.78302376105012,36.58698338846327,28.987734918809174
55.85631238961615,82.84424550209185,36.546315362869876,28.830175209032753
54.842453038138046,82.45964703459393,36.69374310643812,28.491345433240717
54.716819922013876,81.7076378749285,36.67929487954912,28.151946853943425
53.59351748861333,82.7146324322621,36.63206293518809,28.059790186167717
54.29457038690234,82.70460199404964,36.19003753061476,27.940142248165184
52.989094373626116,82.95524547993149,36.08005944880841,27.779722193588753
52.787125989914585,83.48729497865548,35.93953035750781,27.674935862714293
52.732659321470585,83.2496250148983,35.63259553462022,27.95324260702473
51.486643604196004,84.30629632914942,35.97674221186813,27.494316636445813
51.956614228633384,84.31724324806993,35.63613477888998,27.290972099033695
51.23109374586683,84.24045001659938,35.89519815145061,27.179352883143416
50.807325213570195,84.29716419176987,35.81252457946744,27.110718528476383
50.94909721689665,84.41598435928887,35.585432469478924,26.958898651974646
50.47469517660595,83.78462076783217,35.54807237919393,26.772559346700312
51.049516322995345,84.20978293584294,35.55408695127417,26.35413095148865
50.55500012324185,83.36531566302747,35.49819503500338,26.24717664266413
49.38397758545241,83.39430782849284,35.13475744910628,26.405918178665644
49.30820419823553,83.12815322185818,34.74585199904169,26.4061637267428
49.65693300159568,83.50640304678558,34.69068929392468,26.27454336791592
48.04940908953856,83.69600781867032,34.60040561991514,26.040735110344126
48.734664627909446,83.8989728335681,34.801432514934234,25.724191924970814
47.99409593121614,84.5131561451206,34.81407921213117,25.29369851493511
47.55126452570388,84.38002227969179,34.498206738354554,25.32092227859579
47.630591028508555,84.75644302713722,34.07631544788822,25.512276013013636
46.66161402325501,85.57498447496074,33.87602451563689,25.22849545918967
46.56294412383687,85.44616480441984,33.86256971130549,25.117878549600476
45.77176334294201,85.98768198021966,33.951872456700734,24.901992897800394
45.35642726984676,84.63951533119325,33.96496875434495,25.138526377741883
44.76272929433594,83.19374667888121,33.73178957890312,25.17153139644784
44.57030581753254,83.3180593365692,33.98489140926734,24.9552582788957
43.50557034870597,81.49842823143177,34.16266138602301,24.840522766188016
42.78202927727267,80.95168885433493,34.073254596370006,25.39568668000438
41.94667539237791,80.8300389108061,33.77071322704449,25.346295608210546
42.4018925809262,81.2727623166834,33.75983641877814,25.350758728365538
41.590763429432926,82.46450993698282,33.63410030742542,25.404257501837094
41.44869216258661,81.01369752575917,33.22773352352964,26.112635948703552
41.11260688011168,82.23674050547228,33.126799061593985,26.291569853506342
40.245659375594535,83.31246765244502,33.15520535189911,26.18094237277287
40.26197584812936,83.67803360470872,33.16667162267433,25.885884921836727
40.55830677814048,82.92792716325036,32.74148308100824,25.860918965460726
39.32017449792479,83.19419436355922,32.92342996949496,25.599506166634
39.153727703951134,83.17713152965568,32.46238029039215,25.66453485267465
39.25791349012974,83.39042059990462,32.31127573665932,25.53050723591759
38.71386307716241,82.83774751732051,32.27046056316256,25.290787091037235
38.14317779968878,83.35212085509282,32.71071336605091,25.40425608278587
37.61163517582805,82.04427334614881,32.48405124223183,25.359536282669897
37.553515374088406,83.12318829128252,32.22981762105757,25.006489196482924
36.385238577864456,83.47850171983136,31.938741576003572,24.748417342524306
36.32646510174038,83.95091468711306,31.754623204646926,24.664626911676876
36.147186660054786,83.96104472150778,31.787748966448717,24.437606885142298
35.36980837128268,84.43202464799148,31.717196812391677,24.452240153759696
34.9072530627048,83.45351136406097,31.433815452969974,24.369218653880882
34.44417968559644,84.5232458893358,31.387671010826715,23.857778393258606
34.56536478804236,85.20995215088402,30.975981198233093,23.729429694498354
33.876287195573184,84.8213123364127,30.96262195373777,23.172972788908165
32.874501872419025,85.62460881108086,31.655200790716407,22.984976944738847
31.82909362137845,86.35065958789838,31.892528407827164,23.103499781918494
32.30822755934967,86.35832912092285,31.980606749084398,23.4660110712758
31.462129645971352,86.2085339588891,32.280704910178784,23.572894909464246
30.662639310347508,85.7696444474263,32.34536961702132,23.79426760421456
30.52229695188046,86.73216970783375,32.460059592509346,23.76964552499419
29.82737685216257,85.93293155889091,32.40368494602317,23.649927728314374
29.074137814358583,86.74184713207663,32.579054845350264,23.369398574444805
29.77120394802413,87.07381310108143,31.88393100184666,23.914662460878418
28.895577740416257,86.06102015595837,32.04846558513927,23.6508251926699
28.74876175038381,87.91377533338725,32.13104533696956,23.95215245987305
28.81483794011911,88.07119633873035,32.07171964014142,24.3450096642679
28.124381399020553,89.04985187561226,31.892459499710988,24.61754211074882
27.550766036062534,87.94226053615705,32.0169026601115,24.969325388478744
27.415600916267746,87.7571257088498,32.09418326723756,24.65870296380081
26.448063503928864,87.84975295855867,31.532824016040077,25.05647788839719
24.995965749753914,88.15051663063983,31.363903446963267,24.76720802041917
24.633246152027567,87.44895445747065,30.558991730408195,24.3667021919198
25.67982572752143,88.34769034429797,30.302198405920812,23.57284756854446
25.307408476381077,88.99771192686936,30.06113494217944,23.08854831693575
24.899406342819407,89.47057726737349,29.600027679842732,22.513784577663433
25.074813506500604,89.07062620531016,29.39982405480974,22.322288969941116
25.635434673299713,89.62998393766887,29.45001551225603,22.108799608539314
24.06420793670475,89.7439656084369,30.311739583660234,21.917834377942683
22.937562263726193,89.75177500205724,31.699851028179623,21.36674993037851
22.62672722272262,88.74871009079199,31.953496482264857,21.72131392964843
22.05011133640107,87.32701998027106,31.691262605673266,22.130358233295702
22.103985914089375,85.8458139948371,32.14154873679113,22.202609336378096
21.967736531885986,85.94334669253853,32.43525209063308,22.309354576022947
22.112285911064816,84.76941173664513,32.07536890048526,22.315852412524414
21.378480904683258,83.16821599871763,32.38016799105762,22.441088043813348
20.09141634714382,82.99107374753069,32.54799933204062,22.51536944088505
20.311967285757266,83.03441964945844,32.31487172773,22.224830896606548
21.062778062668507,83.28292791334604,32.480449610537306,22.120618280403146
21.18381149994612,84.12878825717391,32.09720219407611,22.41974845830582
20.912405175112113,84.80342505343762,32.08224376901214,22.20962174724515
20.04256073070269,85.31151791692079,31.526919834844694,22.079437931763422
20.12499512326709,86.39774708535924,31.034354638163933,21.508874064645084
20.672926841737127,86.60532687303876,30.946635557017025,20.897208086268257
20.47536272773407,85.80909199556132,30.62369436481037,20.650152305953867
21.476391734401396,85.6815160697483,30.059385043464445,20.365073514695894
20.29506910824778,86.64329373326744,30.07424440899713,20.267449836646275
21.14787369139036,85.8069647450337,29.96883021494971,20.363078870353068
20.95373170576166,86.38261171030862,29.987931726510702,20.307714336490648
20.55766958571605,85.2827836586982,29.8757439816296,20.422285647887442
21.115494234444384,85.50440321618633,29.895721323037932,20.44956239097335
20.407766533711786,84.08189813507046,29.645294691951264,20.488810491840034
20.08898723839995,83.93991496605165,29.357811605444216,20.71423077095439
20.994811170057087,83.65998750676117,29.79504724649032,20.177314151708337
21.00194737504315,84.34415270299183,30.24249698123273,20.08279692789839
20.120629036412385,84.34342942204003,30.051205711994207,20.320200816442714
20.62302776793718,84.34627104690887,30.20430461763633,20.12580189251637
20.004284457044733,86.29570858570453,30.06317759640225,19.762776917393303
19.17348383759579,86.62811654152013,30.13740038915394,19.686120020094794
19.52227082755966,87.90311193661782,29.879370315585973,19.6605918670977
19.416616180420384,88.10885093541872,29.777510584358566,19.702442784899773
20.283744751274632,88.62154731370488,29.54600260338827,19.735292984497214
18.947330404810792,87.84926431438359,29.77558096207895,19.714493376898737
19.06776350404741,87.49266770117103,29.688874247071105,19.785454504039464
19.21013152694851,87.68024818450722,29.2700101543213,19.777932846584907
19.80806936947689,86.38445867224583,29.002076342845427,20.02650002773558
19.644842106483303,85.88730144769367,28.557722611399274,19.71286747737002
20.4108744870452,85.68178254188052,28.30005991361233,19.477627054240227
20.4246632369449,86.6278870302477,28.579304691559724,18.99656891943991
19.543064413584936,89.22640654375921,29.10366830049694,18.654214652302255
19.774422926341916,88.52463983174175,29.790256411887434,18.719101503969448
19.57469596425125,88.71651318691501,29.581248618942617,19.483811682468488
19.876487413581764,89.39988280849619,29.1473662829577,20.10831493513946
20.018562788053565,89.0084009076702,28.945368427140167,20.591564245187087
20.824940442645286,88.81232646480711,28.904282624700418,20.890383823712256
20.513025733896416,87.33976081305312,28.532178569128895,21.055454600151734
21.23863135104332,86.90539976743607,28.16054572268269,21.038208436302874
21.84387039356309,86.9491147962543,27.711886863461054,21.0732135324279
21.788113055610804,85.62073152485917,27.643042264451132,21.112263324866134
22.938439739299717,86.06970420720663,27.30157950638827,21.211862328914112
21.739634048144993,86.14246868439129,27.50418160629246,21.46460599666702
21.94335836188366,87.24378320133543,27.696209803552694,21.744214180044985
22.405120518280697,88.32935421204708,27.62064667000999,21.905146618672575
21.88863132049832,88.57397244645557,28.280538890560322,21.648293166817645
21.411841683571218,87.68748378165381,28.52569686426239,21.71213903509981
21.07007872271261,88.1929257429808,28.28277573005731,21.691505334619237
21.35252463926291,87.81347044648817,28.2246646379935,21.732129552008615
21.574888749774665,88.11410791221478,27.965368971581867,21.429363329450034
22.185633526945452,88.21123505687193,28.101634539333077,20.933467184913106
22.762063257973914,87.99402345772214,28.12396958957885,20.677098064741283
23.72992261277313,87.95892686569479,28.059630306204795,20.340984454483603
23.383556418322527,87.97776283024697,27.86822258217248,19.88885151364071
23.77069616923628,88.74237112710038,27.39397187177383,19.61339858822317
24.138375088554547,89.17076630277442,27.63389889015393,19.283511316216153
25.10214788889151,89.08625001541606,27.658600552223238,19.06043179556727
24.08414538352119,88.98598064534107,27.504018602931865,18.704832130356987
25.151319626795278,89.24147809304989,27.695554087614852,18.56926922607201
25.458355790960404,88.93760648321705,27.68603265147829,18.570984637683615
25.36148980680725,87.66295108302013,27.319005662805854,18.806336008031558
24.57932449305522,87.59433571031573,27.66861749040482,18.822374923098508
25.593337186212473,87.4158900545788,28.02205365450493,18.818400730458084
24.492285144827648,87.08193847827643,28.133184926627937,18.69035107302481
25.44702580094105,84.24558901619143,28.033180331111467,19.44179352022048
25.89276439471746,83.10546992533854,27.88009885999071,19.936238547385706
25.457197319923196,82.43801702440857,27.411718382378368,20.332344370006936
25.782966933068046,83.8466814242955,27.216727375600172,20.038267064415635
26.305847372577688,82.86945341366145,27.46848141824009,20.287998800306774
25.126304708017056,83.43664383845503,27.97846540632259,20.563863560960208
26.597798214453835,85.10847914144063,27.951343755983736,20.84427592782702
26.444967830681694,85.76203273068549,27.91153143946493,20.886934779911726
25.841340200280825,86.17898540290783,28.004386385744596,20.98450819536999
26.971423236255813,86.38896427073925,27.887778666746463,21.216365733634586
27.125962968113573,86.3889765458481,28.025658345720664,21.053491731540856
26.623881090435535,86.0523118314298,27.904314006168185,21.174276560033054
27.12938835561446,85.90977207834497,27.98442935042282,20.71657268740657
26.05007477230045,85.963066751041,28.477645972604854,20.737319379436304
27.468753128622268,86.36194115565996,28.424283896134398,20.699502383286717
27.31390678698547,86.46008915816618,28.120974994973125,21.013739239483805
26.405690931466573,86.96372367210444,27.55974451332793,20.55743820825201
27.89680291772818,86.51297861794234,27.060469038332744,19.93551054609611
27.889001760950737,87.7256861525016,27.2976530419133,19.019697891941398
27.02201681973359,88.0824448375366,27.705063652514845,18.862249662259018
28.457271203238264,87.20564018647562,27.673411082487064,18.890828881657146
28.552104786827044,87.29610025648968,27.988199526381138,18.857171354949738
28.580803353793087,87.80211121780832,27.710751273813486,19.001350118333605
29.934695186645733,87.87487229194669,27.453793847700013,19.15624792464529
28.346187187704448,87.25488148247176,27.46620398869384,19.136421761448513
29.281984946867837,86.22445059803916,27.149077145543885,19.316747472082803
29.48885374242257,86.23912883754971,26.670820921732865,19.460338394902145
29.6202459286796,86.52692015932205,26.184181580990877,19.430053518503392
30.035495348397717,88.01447897401385,26.27021527148871,18.50228625366666
29.768583703502763,87.19756166154046,26.421836820564835,18.205628696538373
29.984729255614578,87.63839694533831,26.631229310101155,17.962055160701492
29.30769537351552,87.20257183740331,27.07228674335245,18.24790968298461
28.634067750854076,87.65062011201067,27.3965844589081,18.153304388241317
28.40176006552116,87.23548082400676,27.47918363910509,18.246832204022645
29.59188891296332,86.61175340680923,27.269710397845927,18.47677482640929
29.320080068080827,85.82373504350407,27.182308467674517,18.738367200811076
29.87802953536321,85.01486096852639,26.835806404611514,19.145175967265637
29.36759456120689,85.88238334713274,26.76265766851433,19.323128998054354
29.6324921418018,86.46547736064703,27.188128083952016,19.397946911615715
29.56323993023959,86.92581856521632,27.847289626613385,19.37153587867465
30.209468826898743,87.02819398933964,27.777944655142132,19.5161800504564
29.28370045904099,87.45478769560003,28.24414761254294,19.31724827941585
28.83873496357267,88.03623327104475,28.46762474746721,19.116602365873412
28.99441255822554,87.30042775569632,28.1981583689064,19.191067942214254
29.017429903740208,87.51038495311494,27.90084082476964,19.130182694905425
29.78854604711652,88.65708806615409,27.847287262041434,18.939053997489673
29.369344668263324,88.6104723499723,27.594350666012343,19.122210550344306
29.507206209816133,89.23653666921274,27.292340262810217,19.293541482917462
29.139105798096818,88.57815781773795,27.357141786241762,19.008184806634887
28.583754620265346,88.47923992638675,27.404154880998632,18.761686426101406
28.9175364996938,89.23976621211618,27.681245119221906,18.48472573326632
30.096553318054063,88.59080191503452,27.385415418488307,18.46535472451584
29.719672762123082,89.13099124398252,27.42223413493724,18.48767936961863
28.747357457540833,88.64355456784125,27.23991346963151,18.628923601683976
29.32092397054689,88.21819081863342,27.12319095323685,18.613855748627234
29.50072662206426,87.31934744300781,26.969669429849937,18.607660043078607
30.01680515080117,87.36469926717777,26.79587218005871,18.70870946347297
30.769023084341505,88.14220423467792,26.723535667400498,18.78939553535779
31.316495272725845,87.7091979004019,26.344440986711206,18.89671685684769
32.39715018544574,88.49439747593998,25.861810491073506,18.913399848328318
31.386163091430156,88.75573619262877,25.864513294749088,18.678674961984893
31.429724512090377,89.04574777897587,25.62063704540821,18.46073571873308
31.61791979034892,88.13803985227864,24.8217940190188,18.28272934286246
31.97983418814436,88.80637927104571,24.385048777204673,17.971540256323888
33.179778491807184,90.24627582840037,24.103256528799115,17.347478483201414
33.0231430944751,90.5178495983068,24.44808625181745,16.942610348970366
32.88200574119513,90.75327012172167,24.316615875684327,16.731532953419624
32.34356718627072,89.63633725710889,24.113468945278463,17.09901630984641
32.494323871477846,89.38939288784317,24.13350508254897,17.470784072906532
31.2145542420216,89.73747827105713,24.795437436011706,17.475815456699344
31.360883934009447,90.1878667387116,24.696908627794777,17.218918023049742
32.30812557565807,90.60956266838205,24.633842207414894,16.971799132112817
31.908548167942367,91.00267738883137,24.956315088195716,17.021682562168902
32.10457244313446,91.03049986880833,24.77590273160086,16.722288379762055
33.2507458052586,90.64790394706358,24.25480662872713,16.94542621452034
32.191496909908615,89.43015555794065,24.215938465215824,17.41168135849245
33.28746511197147,90.09558659206056,23.95205149355077,17.770058478084117
32.88392121566955,90.95190548764695,24.207894034831497,17.450549086988445
33.89992211253033,90.1605460356683,24.042339811587894,16.99514160107436
34.80265831395184,90.35142643180147,24.159175916092078,17.055337266179965
33.887517070408585,90.45697596293545,24.501312079923594,17.089113838597935
35.294271624572815,90.27338391062469,24.391386170958214,17.078712683627813
35.61501130933974,89.07204983688665,24.258872175735505,16.99201150152208
34.487402349393484,87.91753585265938,24.138367702689028,17.25325677271806
34.43634122545291,87.37038478059466,24.299885035246504,17.263900001473772
35.79184970686731,88.03034429423647,23.946648055451988,17.305084700397526
36.67470349550767,87.42027345973632,23.69012629112699,17.369611267479513
37.51414838520259,87.31948744999679,23.252447547531396,17.702609140050736
36.83171712486446,87.16548880430261,23.183756639443445,17.26453250895014
37.92544166547171,87.42150512320958,22.867714849638705,16.999353433349736
38.06799900855164,88.3146082555587,22.52638375613453,16.781870714924576
39.48327712643662,87.7853108833516,22.65538029219453,16.157837472289806
40.18324132402279,89.39889607724515,22.713653997428843,15.374517482521059
40.447028292652504,88.71097506892238,22.792167812166774,15.163608400280491
40.72091258150847,88.9669964432728,23.15609527227675,14.832001380539934
41.73878883574286,88.68403442721758,22.53575481556346,15.257394420537825
41.75091886520011,88.59693319208307,22.558328695015174,15.34333114824723
42.21786858241279,88.60931053038526,22.39704275011292,15.461122520377053
42.75325982279587,88.41848689104822,22.649513757626448,15.753985094736798
43.987887649325216,88.52107734681071,22.799359551234076,16.05475269322771
44.51640491536908,87.21094411660704,22.528565515841876,16.451401230032907
45.484221746169624,86.93425901984244,22.84211188935324,16.50415684107897
45.0914022210223,87.84450869385378,22.741271196461398,16.93723255886002
46.436617053486316,87.8080773897841,22.970970885740126,16.78908176087385
46.98812955612223,86.6561379820255,22.9086058866695,16.772125440018606
48.30568993149444,86.88524210211084,22.504855202575946,17.21929850092437
48.421016522021446,86.59520982965468,22.339715628459153,17.66937280135315
48.664610802051165,85.63305320133446,22.44651359471331,17.23571091515154
49.9120195827447,86.2922184490293,22.547438212991604,16.95207709113092
50.83062295992307,85.8307239987275,22.613625763672854,17.06933525188734
51.6710061939151,86.12672810560615,22.333669172190806,17.52119167083931
52.1572315549022,85.67888887777781,22.124259223955185,17.541017229756818
52.74563952215383,85.2263106192737,21.87768161885384,17.783394221309976
54.59530459925057,84.52591618469701,21.946965138306588,18.082410581467002
55.71254287455634,84.88904342228413,22.116008589847883,17.799884464883668
56.50381502345354,85.53340672292954,22.4565402997022,17.61910798529556
57.40316534823293,86.51003178354655,22.054446372081806,18.040335790841233
58.14050485283951,87.64530196328616,22.028338626373504,17.894365856051976
58.77814232320113,89.64522920380072,22.206941358442766,17.714999359819593
61.17644320811472,90.44266675659009,21.979138512445353,17.486899793615805
61.13475070860469,90.9081277910685,21.94131810197193,17.517522768830357
61.48476754362977,90.65116950050073,22.046891791138737,17.63967347064665
62.29212378384348,90.51657199905503,22.413012591693864,17.546837493170603
63.27279253340971,88.34519589552752,22.32630152902264,17.43441849685597
63.696896132688465,87.58183798086002,22.30417251510567,17.44837993945078
65.3155132619887,88.2970662308169,22.276850376988257,17.501122798707392
66.19999161808323,87.38597095783915,22.23959276660997,17.278670928826568
67.85742813434673,88.73675966258499,22.28827454092808,17.10093837010058
68.26128734087045,89.6255795224222,21.90800230519079,17.039819076241905
69.05885664378678,89.28311804657493,22.318601770924374,16.84708049191465
70.3890465504451,90.83106568017774,22.316130201490978,16.70114378374963
71.67978578459736,90.5121451242206,22.109405636544967,16.716972089606116
73.18751263405771,90.84086601792077,21.97613128595776,16.52323841130915
73.96795905855926,90.50149688228873,22.06615761956082,16.290070220408555
74.92055559328398,88.35297032242977,22.076265476997914,16.36477909544859
76.34220147012697,87.44048967083538,22.080373644288077,16.363749937375438
77.66744730082985,87.04463971103898,21.900345544361628,16.32247649766102
78.38427468915847,87.82053879103992,21.718889565656198,16.305867580742245
79.03121595897866,88.06639998043532,21.782527451996668,16.150594866896988
81.1315622739101,86.7862110251546,21.69806236665282,16.232278715234685
82.52386048631689,87.72959044053282,21.457979800215547,16.232725096240696
83.47588808422691,86.92643919469377,21.5473117373977,16.211176097684508
83.9583592454063,87.18003448495968,21.483769364916924,16.257233650165578
85.36227516771208,87.72059879399924,21.240085714786098,16.33296163492883
86.31735177718673,87.75036472817571,21.285999132496094,16.272322739233278
87.4476244366952,88.01216460903944,21.315557669275364,16.05924299680238
88.172540758279,88.4268456562228,21.342337864173793,15.944124600885141
89.07598100507319,88.6483096935323,21.31537849975728,15.869243275115338
89.79168660971992,88.74840533727922,21.164686683703515,15.88673438403453
90.73242779704842,88.852242043535,20.951918617625388,15.957959673746318
91.39116902676082,89.0623492083646,20.84550330149754,16.00231090245488
93.09056112884792,87.97926491631974,20.607802805026516,15.906161894591337
93.79868333277855,88.67844598696017,20.836132042054942,15.922335372308316
93.81088760202859,88.848357550806,20.71655353359347,15.96447058294816
95.25066511030762,88.09424737177326,20.527628956318974,15.867782332714883
95.0473529271488,88.53985882037297,20.28333822081043,15.929069932344131
96.13430266843811,88.16705817450215,20.38225711614141,15.85372224855939
97.59123509845367,88.51998887726607,20.183449768725094,15.810462952182387
97.42006730099916,88.22957746902223,19.965515520245276,15.811885257359991
98.46876792979177,87.663780984623,19.758497873589885,15.839298976061993
99.43206065668892,87.60565346529756,19.82301423072612,15.781732767034768
99.97033424659075,87.86889874029433,19.954830969773848,15.700862227975662
100.22325367391124,87.68405597819881,20.217263518432837,15.306784668909962
102.00962507052071,88.6270968836214,19.99390769444938,15.221154720039939
102.13578980526424,88.26867710049969,20.04912990584146,15.130794201002232
102.38363336014619,87.5305259685313,19.588477329856964,15.736631238382031
103.62443480583414,87.7951930707208,19.478648645677495,15.849010778466768
104.5713946208019,86.82573722643484,19.373578161139214,16.232821264461016
104.49320922953959,87.22062401655025,19.354112192119302,16.412044211933484
104.16464257055284,86.60026713717704,19.61780309332258,16.349742343977066
105.81991750094703,88.05415717980001,19.4722570076884,16.570882683754625
105.66671857580766,87.50319548241362,19.209569962097426,16.868140364014323
106.4387005188166,88.59241918436331,19.174363364593802,16.735878195547052
105.46562684969471,88.89152591182338,19.470868616770616,16.8193239678049
106.67016243379906,88.37318597334789,19.502263427627337,17.035971092924413
106.9803759811434,88.31681232018593,19.500626398643373,17.205963664845683
106.98516352496351,88.72412769255112,19.44604164616604,17.398936470821678
107.68789756141231,88.21966979612642,19.522832825630076,17.46130045112826
107.4064611102257,88.794177162717,19.64710941596154,17.53831114516592
107.68013014137259,87.80757118735079,19.998975851703932,17.31089173036996
107.14601008519858,89.43083491821473,20.02874475422997,17.038660455989618
107.19540601771695,89.40000541057096,20.054352316562543,16.4822127020496
107.77114474117617,88.8731537467629,20.163533486284393,16.128381185618213
107.7532228103888,89.37173592219766,20.044009525859472,15.97946242845666
108.57751219877458,88.64061821045169,19.933427384140863,15.878999313728734
108.25746446384929,88.87123242807776,19.80380134600025,16.112571523269942
108.37961151572087,88.07014033270963,19.923202162763662,16.107580761336585
108.29158367668146,87.3221195418413,19.976321738887503,16.17781342700663
108.52932251579459,87.39988428581704,19.82673893125034,16.17860368602475
108.75707588402153,87.68082137001875,19.707376526761166,16.27889977433435
108.75171160258847,87.81160087236327,19.513882390817784,16.3716244880427
108.71862904871458,87.72062980642745,19.41191967040168,16.37920754765796
108.49526821710458,88.51406802192288,19.3857324437412,16.385507566244872
108.22148855024722,88.12638477534547,19.498402250001902,16.449775555384452
109.23702695308407,87.74749381073953,19.591316360591318,16.727208782965185
108.64743634034755,88.26475114346533,19.656166034392246,16.399298755279304
108.14626391832313,88.33586089389117,19.917941490572126,16.418840555039914
108.2453069561198,88.70226063948294,19.95406239193237,16.45132181565191
107.82282580144776,89.00236629124183,20.278126880243057,16.420496775186734
107.86921329150049,89.39436709192054,20.2889408778475,16.526398949962143
106.47759496035336,89.55793117008996,20.632134663506008,16.31412104632532
107.4449982515904,90.35522204066224,20.332865686275174,16.34298298123816
107.40379568793264,90.07521746482826,20.161740368616748,15.955400617295261
107.25350860742537,89.32708383374047,20.246978733359065,15.863449552348985
106.89947172493555,89.73720949267474,19.970921616688802,15.71549761130196
107.83156970564684,90.14017959872778,19.767372134258203,15.448067654140885
107.23658549421611,89.96385056734367,19.613907382725873,15.446678009053084
107.3649996517149,90.33629011407905,19.646385991271142,15.271918638561901
107.22610322263057,91.00654063999288,19.42799523224367,15.0929174151592
107.09540953002511,89.99452896773053,19.625256595641446,15.3210002753614
107.60355395200745,91.09467614455392,19.390429737900885,15.390764713517413
106.96467490405425,90.97850203065879,19.465267477803508,15.508325723346353
107.14557060575298,91.60404573345352,19.579624204728027,15.598233222598598
107.20880208501328,91.5946165249325,19.37247283018441,15.761856274851725
107.08392004939472,90.59182908411339,19.575807889908518,15.892302680108177
106.63199183983659,89.70933746088087,19.687090184651673,15.906974004650962
107.08603990793998,89.73091155010877,19.908383302490936,15.910830908577148
105.47941671502593,89.54052161666212,19.860565027310205,15.94198335060706
105.69199315600672,88.92354500629658,20.049637785822277,15.567559902599406
105.40246368619869,88.25447559389343,20.053431923609576,15.700044144714688
105.3206554669718,88.0484130663465,19.907366457012976,15.755656616087935
105.40895524395914,88.51356699175955,20.05042680236801,15.745096693004381
105.05268737775124,88.49890576855259,20.052710281329357,15.995530941904619
103.95625410983357,89.50767175280156,20.518903526898434,16.084852988199184
104.04370117260353,89.15630152853299,20.607428742160486,16.307064864923923
103.64966610438277,90.08953967820356,20.676476211745562,16.463168293908733
103.4913421361339,90.01162554307177,20.605705894465558,16.54549128884979
103.18467144252217,89.62181899193784,20.486765869335102,16.347964804158092
102.51873683731584,90.38152277402105,20.23959602470122,15.933027972356712
102.29966277162819,90.01456816518447,20.0447092058292,15.578110958517872
102.73490400108271,90.06779489940755,19.993425733298917,15.228152338984628
102.0837252940238,90.0113313273901,19.91251022486666,14.938919088194798
101.78329872554897,90.89449080005573,19.624466910598045,14.763402143999558
101.7647830601048,91.35578722387383,19.476077917889842,14.941251196022783
101.59603815006601,90.30257172868562,19.401780370834775,14.940268315948988
102.84483677070435,90.0161560669003,19.480127473213532,14.911839556877052
102.05837217490982,90.12332959599954,19.650891094436258,15.002587341985127
102.38222802003925,87.4397831763444,19.69146090509241,15.294093525144408
101.8618051753028,88.20016112751846,19.55261620159287,15.476676629004618
102.76068426213779,88.31246577701965,19.587056060874936,15.504246535487745
102.93957248239393,87.60283754790684,19.83786424751832,15.534599913196475
102.12037245207998,88.43473415714027,19.920495470655972,15.61350664186029
102.7173009783147,87.91461899860245,19.82256044526535,15.705934199250372
102.422140169476,86.86288071817587,19.97542462271104,15.202156937379641
103.21148454819523,87.57037987744762,19.833800351678896,14.966276087330737
103.10820360685226,86.76987133169087,19.783769310901732,14.688860365563027
103.77221847622084,87.0742472388931,19.563795448946152,14.530030558484196
104.11662415298423,86.59453733721325,19.71699189137656,14.516962108299591
104.42663517446883,86.00152209361124,19.815815022532675,14.444667240689526
105.0801649779727,86.66297160039156,19.59808342274662,14.434144041067675
105.2711479914704,86.67609960850962,19.5304070825061,14.392434221183894
104.74888746486958,87.46734602278383,19.445981275233898,14.187341745016443
106.39961824891114,86.30643398971135,19.334405904278288,14.098929484815503
106.50066401521768,87.58012449385407,19.232634977205514,14.277597368603335
106.78730151622483,86.91880778564934,19.03655276376653,14.478692343578754
107.56606140916071,87.49652810256124,18.879125594033354,14.60927183761919
107.28935360487422,87.53478117636243,18.818791755796433,14.690397364477622
107.62496126787667,87.64472896450097,18.58802978388469,14.749108990904087
107.92715162815539,87.93505563928207,18.494957463059222,14.732131592600073
108.89013005927764,87.1539188570808,18.69369053865983,14.754458332447289
109.42663779127149,86.5833930386924,18.84176737893535,14.870296510382973
109.00964963250105,85.59949161291955,18.95584013665412,14.550743013458787
109.59185222505596,86.13980193806465,19.16254910404291,14.518783195430817
109.03603851968849,87.0404501091271,19.41990464614464,14.856769146093985
108.97927761011879,86.58650699506907,19.646939360410805,15.32496934172605
109.81135834907028,86.24489178165585,19.70999084933229,15.151132426514597
109.83760803571785,86.65311874499999,19.660021136058084,14.868522444592312
110.03546194934353,87.62591344849662,19.55033474218196,14.693415094321054
110.32874443666209,87.62404831473158,19.44652852196332,14.722464726273238
110.2013852285368,88.15990067183776,19.374432122781926,14.881023106805554
110.77901741635047,87.0520761323043,19.32756226934316,14.77271306679982
111.12101319564601,87.10688564191622,19.374793153500097,14.61871547367611
111.90841501459937,87.1220639616044,19.283102006518238,14.735378955400126
111.8685196311148,86.69706405443442,19.324175199351046,14.687604824179006
112.11683934303386,86.98400479254784,19.265877337235082,14.6976458733249
112.40741467651151,87.13407138959441,19.413689045762915,14.541538773522479
112.05933633428585,87.52210447953844,19.411246963750727,14.654443437961369
112.68155474732269,87.91318245004595,19.464034092900196,14.490154464318302
112.45626065102331,86.4848056913766,19.458934465123804,14.471579860418096
112.30836380526924,87.57597214375595,19.553291117332755,14.374304385024626
112.20629142338197,87.25274767831947,19.721548903858753,14.425453008270404
112.24805471925113,87.38831167702416,19.708698226052196,14.467672961614507
112.17214792855897,87.139970183396,19.76261803422165,14.519520801055638
112.7591077267802,87.54888854554208,19.678690952719297,14.478039710554363
112.66028229637428,86.95500455494106,19.72989087157046,14.52940167980898
112.50071372664627,86.58053905536681,19.597031578557345,14.408995073068187
112.54646548096031,86.70459851473956,19.4998593079696,14.392073748966801
112.45355103651575,86.35136198963062,19.618111847099776,14.441111242032221
112.41754155128834,86.13591709164326,19.662560159846436,14.494008218496162
112.19898822982613,86.10614267804083,19.632501804107015,14.32293158470817
112.14739597575712,85.88609408652964,19.4985682745929,14.560928704519846
112.54739064163161,86.28000010898663,19.712137900888347,14.405485838007674
112.13710184830339,87.60525845970257,19.71572257905699,14.316143429398242
112.45616793993865,87.38966575623883,19.48121861514277,14.411604272014081
111.88762870182806,86.77638391937037,19.508329047489745,14.349412251196423
112.18453863824791,87.16310987695661,19.350035573686693,14.262515150539748
111.79694387633005,86.42812748665887,19.33560888267304,14.23821604596103
112.77354869127691,86.28204132642415,19.098525325970783,14.068202972867944
112.08299615210645,86.76275491611945,19.060038657074877,14.006255228435183
112.52474978979471,86.89239596100136,18.773131219921687,14.121856009732358
112.37365736858604,87.72527121617416,18.365970370342254,14.390635514084632
111.24498081450365,88.44450091768827,18.33144135305767,14.802429014554408
110.97827315517483,88.28900302217018,18.909885092847883,14.789173065923993
111.35508753132224,88.24467937319471,18.72674920389232,14.82586594193134
111.90267976042334,88.38637772721239,18.6827871012359,14.836865582201597
112.60457910292801,87.92374955394523,18.671908418435063,14.825225983295011
111.81665167703156,88.43969892219638,18.64761389573938,15.110717857883673
111.30913223910208,88.33959255815623,18.67241194161341,15.065133072822775
112.05745940278277,88.08044391167074,18.870496205240926,15.379827514715334
112.19475587301547,88.00516119824997,18.881120582887053,15.404366135156032
111.27617973879119,87.34031553336197,18.90190851896553,15.26040334514089
111.80708743201441,88.30761663980307,19.067700259900562,14.99180805080034
110.88227131295723,88.55521441325082,19.101783024388588,15.01397432447337
110.97473968984954,87.09347901688392,19.360471236944242,14.705361935770453
109.78752652855776,88.04489358366425,19.813573622277307,14.442346819347856
109.93207822738722,88.41873256958905,20.042815148448184,14.290740532217313
110.1239152749319,87.27321307008563,20.09797206764286,14.248208059392539
110.2729166658477,88.26393133197043,19.97171320499932,14.323453819233743
110.33984669203184,88.01296972803064,19.849162451546256,14.733487946802274
110.96337391881357,87.1702121587281,19.779765453633544,14.743806254297457
109.42185439120972,86.79085685667836,19.997358372467545,14.783566407475995
109.52543043314532,87.13018106790065,19.665701610304705,14.777795597197397
110.09528382884264,87.27658235274804,19.771806946297684,14.474698082950198
110.19472497979172,87.38170698147724,19.480272640709256,14.363053300700198
110.28210061029533,88.1144527386563,19.25249065789822,14.27887033146137
110.5857760774504,88.65716709800911,19.26035830067741,14.026963102305716
110.96842515676613,87.66007491945773,19.427709503849755,14.1520799984526
109.74586093819299,87.51272777620215,19.10070483647762,14.516433616536787
111.14060532187364,87.40190094771417,18.970550543367366,14.39740569215693
110.07623871360903,87.46303237687023,18.818040997092716,14.51493788943458
111.36333209473514,87.73291547802762,18.756548700735483,14.65742007744294
110.81842922453686,87.56934111474125,19.34030280331999,14.394202608146584
109.67190468585042,88.27073272018553,19.884053493483904,14.019379091303003
109.60886288543905,88.62168982442044,19.96707998295117,14.348743572245203
109.38083481107476,88.16457760027735,19.770025695296,14.566948428592244
109.79557684747104,88.5728460381026,19.807648478936468,14.513789928042307
108.81114251848365,89.12294533252626,19.778299409516976,14.518029873299028
109.07046461108766,88.35118598787773,19.81803100324207,14.58051337786662
109.22565176758044,89.08297190056311,19.51086791741891,15.04548950954415
109.24427787000974,87.28456082272875,19.858241431242057,14.717203678713778
109.61801155981982,88.26325209810837,19.90500511352403,14.897563796772653
108.47035249377801,88.05321801661876,20.110961215886814,14.632469563050224
109.10392354519358,87.90228796689729,20.186199193122015,14.58129413291875
108.62662959950876,87.19725430623917,20.013114399531286,14.48598633936123
107.61680183281669,87.78220002919366,20.442421845685338,13.954511094827563
108.0939877699882,87.21877985058669,20.362404763429307,13.813799084489332
108.01768806042688,86.76633395713452,20.211821680129788,13.846388995200588
106.86691320024582,87.30415000079176,20.15604016474424,13.801546320053147
107.72405573245845,86.76967670870145,20.01088110316494,13.667025816706573
107.44331721016677,86.3034909318795,19.923628512261082,13.516693173603654
107.8897142777816,86.3880879492029,19.76499232390909,13.668156146165218
107.05746697091118,86.55062963213662,20.321840914673764,13.366430898450055
107.60249061637276,87.21736150632123,20.392182612861383,13.16978670816758
106.75802228971683,87.47641792962473,19.924985407656852,13.587624046011701
107.10789451210223,87.07550194010432,20.21872089089959,13.36162583632179
107.18411443508415,88.43752172055653,19.93035598250553,13.756256578927774
106.52935161029197,89.33250731833927,19.75023125332403,14.059792020623984
107.00613570581905,89.58102865677962,19.428155592277207,14.462270701362927
106.76224401331983,89.84121658079229,19.66639225413487,14.051946863830489
106.38958191880282,88.4898349145271,19.886853919862084,13.912483690390022
106.24647881495268,87.4365781150946,19.609118238475922,14.08575513601183
106.40415162862391,86.25098533799749,19.5977435443893,14.089192587470695
106.42940823830355,87.09798987891115,19.43385753255874,14.234089574278052
106.70023078623734,86.46995522043696,19.74133200340413,13.884169355355684
106.51270729750212,87.42985890762674,19.475818461122355,13.92030315240641
106.86139452537884,88.06647976225715,19.221417767346573,14.067678973566586
107.14740016780151,87.47451801248822,19.152641561318923,14.075740404006407
106.24491427246063,87.44926281012398,18.951839875810272,14.298942572847887
105.36602030943072,87.44769221684678,19.364101041836225,14.017039210255282
105.59108352115706,87.85999791849912,19.90948762371569,13.781478871779996
105.2070202401062,88.15652309443064,19.75117682525101,14.329167078147726
104.96863227351031,86.80837174755074,20.023356145961756,14.531530628705358
105.33465383540197,87.08762646466079,19.742860955872068,14.60209254822932
105.88309673972024,87.59351120240156,19.5652177420664,14.364415034252087
105.6335547722004,87.18138524891441,19.91903034481267,13.992217601516685
106.20809182236027,86.28245681925354,19.920834470064165,13.781349240716539
105.34645483020559,86.89272415905953,19.973543981080297,14.064995496509116
104.97020477343037,87.06346147474085,20.08907928163657,14.094099916412347
104.53514163602385,85.74879559940436,20.18691860541987,14.196974646676216
104.2170377510221,86.12866443740448,20.577266152709356,14.074762756101796
104.98631275826895,87.00866576937275,20.136037538362714,14.13397486011205
105.0296771560751,87.36226762220662,20.471829319307496,14.285898411784377
104.92555541956659,88.28750452138078,20.254892612703536,14.473330717545545
105.16107832174612,88.51501947947209,19.876804040404174,14.438442562798791
105.74317363073438,89.58512725169676,19.982158000271973,14.279895558236907
105.49162665238349,90.09984872928867,19.675883566436717,14.25790522504471
105.43480196393597,89.7651446962982,19.88524669434223,14.14538411767198
105.69842830749602,91.08194144536212,19.96848827839308,13.833379787016924
106.27081194016313,90.52500721491245,20.141297076190337,13.893989212955683
105.98717037591764,89.98672184659627,20.03574752034395,14.079814596850266
105.91155390912692,89.61771275954051,19.893448558372796,14.007474920474351
106.98860342933814,89.79893554216854,19.931721025184334,13.99557578012287
107.83071736484037,89.39143807506804,19.859978715514433,14.01850727322765
107.62683418851327,88.44031681224634,19.641930901170163,14.036578582039208
107.69746613707537,89.00470972400433,19.309849299551374,14.323281970397602
108.63188594233924,87.90844739918161,19.179183347554016,14.597625369562085
107.54051757531535,87.27332930142616,19.425600574808744,14.445906977479888
108.22098814181018,87.35739673533934,19.334823149135453,14.74006236705128
108.71253605578073,87.12614471122494,19.72333475746515,14.718383563736772
108.27550171276548,86.67658315020027,19.88471337034737,14.79082433593178
109.54125963947354,85.79870937617197,19.670772229865783,15.065225805013931
108.96224282944038,85.35939312141389,19.747987311556567,14.98274662806752
109.73645016111635,84.93161905195842,19.847465239709667,14.641306615661556
108.89451818012603,85.49149014983149,19.90459344042734,14.931598759804743
110.19825773923942,84.95425800036912,20.073759905319367,14.665699050719244
109.71636698361817,84.28340346330432,20.26873161207241,14.320562795494926
110.65367627366084,85.18828916179577,20.138678966863882,14.47828494314275
110.40807500638141,85.92244767654628,20.36723537602377,14.47487366239718
111.33893434796224,84.73919020257361,20.250861558458517,14.652954852439464
111.50590038641089,85.22860766758147,20.221694461478,14.712593583490019
111.65044674541072,85.76414108542488,20.113862975946684,14.737584960556209
112.09699523298649,84.93377082906359,20.07296987245251,14.786179428514133
111.77123735263454,85.4684670583564,20.026216275627178,14.754988236445158
112.5686956393341,85.36117762355182,20.647029277578703,14.229609782706632
112.97263867106167,87.01552348835726,20.992260959997346,13.751065874767765
112.98128656836931,87.21070546844598,21.120145979251838,14.015509638168439
113.45118709595988,87.56408090554622,20.9423943551856,14.272779307300173
113.70418698480596,87.96435180307893,20.60786577714241,14.62228602410538
112.7237700158524,86.87196377660321,20.796857496113336,14.59179405714131
114.31565346858476,86.8110060452484,21.063832550099413,14.441918405677779
113.84892478631684,86.38169694563521,20.959502965150385,14.808521452083873
114.16536536478874,86.22099379960966,20.946755630154534,14.890596673570897
114.18144165140009,86.701810108968,21.64021678874797,14.42453638918269
114.04903062138939,87.81468485628002,21.621909055137625,14.524632260738588
115.55236075631962,87.20077503345956,21.388244249299508,15.049686099299779
116.06776956598534,86.73272885650832,21.03173733252646,15.163531805458339
116.03430301674975,87.23358037642848,20.538257461312725,15.190088194074843
116.67173577274944,87.21088762792948,20.145148540599582,15.246235237970827
117.2916974498446,86.73574055830896,20.35608654222311,14.868933280240906
118.12275343209052,87.2130633127389,20.475375524871644,15.027653737935491
118.1076460861027,85.18993830245984,20.881652806301897,14.781861174246771
118.04919361383207,84.49222679386784,21.031219269291014,15.034919780549288
118.68447070465773,84.94346554483543,20.846613858046716,15.610186976894681
119.36548185113585,84.40259214980976,21.351126238420235,15.788696059545156
118.0006228205248,85.85455944077258,21.098478983024215,15.976446994089558
119.50535874882567,86.20726349041807,20.998384879183178,16.04441189176917
119.5400771055879,86.31814997750277,21.362629156827786,15.793373893490452
119.43403249940616,86.21290996227323,21.375882623091226,15.738533706410296
119.37667804939896,85.86327324504863,21.460130742301864,15.650207043106162
120.17088696353184,85.81821376740558,21.60243392354715,15.64005791309108
120.43035486624626,84.51709230466587,21.709198698624107,15.750173009596626
120.89338767754757,84.88421049013022,21.737296514128058,15.979049897988872
121.29052689143705,84.7010548125508,21.693317730151986,15.974828023783179
121.26545915474959,84.47078237820247,21.80072153872019,15.954840431392427
121.02741935463551,84.53983335157713,21.86866125137565,15.930322862773792
121.8562161048192,84.89999388226668,21.95651370343705,15.735113795425551
121.4806635950085,84.21770578729546,21.883097166057343,15.77262206718931
122.18791693779161,84.77954113505925,21.61681975454377,15.728555803820036
122.2401061791175,84.60255723580639,21.576830181154108,15.645155394392864
122.35598573138904,85.58829639930029,21.71102222017056,15.405336124049978
122.61558726165609,85.19055132551507,21.310892793719397,15.310893238004494
124.04473634003531,85.51022142242977,21.09184441841164,15.259968372736978
123.59668095256698,85.76014833991383,21.257712889160377,15.087590244135
124.72349920444604,86.60484193285787,21.423780028639936,14.738664266525326
125.20762613808932,87.30436821860417,21.65267336572809,14.523140426575168
124.41179341135148,86.47018279612838,21.669788376046014,14.54466675133596
125.64854303387388,85.80990894437541,21.849326576068584,14.348862586831505
126.78891018627709,86.47051337243828,21.22998244386998,14.9262882592577
126.99661125007201,85.7597334749166,21.515492136158826,14.98204543857511
127.2131827172231,85.44186247000201,21.764166780142823,14.93439320122594
128.78314636270994,85.6316168804474,21.343849424091154,15.148489750032208
128.83420785081466,84.73736009025144,21.31288637098915,15.427350285307979
129.39290561751457,85.29366286097617,20.89181141684207,15.666816601988025
129.54852303182406,85.49029556927961,20.66053265676246,15.361863325193964
130.69893854023417,86.32417441349293,20.35418358622035,15.654362056924626
131.65758691103187,86.2462002833777,20.334797705550656,16.010937616201474
132.05977497271357,86.76097649632038,20.39521695265473,15.839305117845953
133.48999548732326,86.20697068752415,20.364876033076143,16.020461707179557
133.93288640920855,85.84144749582896,20.363172642549028,16.23932799496936
135.3454306439131,85.35067512132414,20.12532073542566,16.49838385111809
136.3849131638014,84.8450842351383,20.58389259307088,16.365323480967927
136.7666300358161,83.66070569195746,20.452834469166067,16.398752601101258
137.49261866686825,84.06721656953621,20.611871781672882,16.127172669293277
138.16362682606663,83.51813613501336,20.690254227162193,15.998699263594624
137.97038744809936,83.10783780462936,20.390646475272025,15.965934279540548
139.33609983029524,83.71015103431203,20.579963548803978,15.798486463177719
140.23065464622908,82.54156051315954,21.060369269968103,15.504791091468437
140.51830790726962,84.26958383047129,21.218923672241907,15.295748672752733
142.05566119888843,84.27652023844942,20.930948354688002,15.217119862769422
143.29357838575828,85.496307174922,21.08673474924153,14.946327486247744
144.07743896191505,85.45144252802662,21.107784176509437,14.958962236618042
145.08409006352068,85.81541700726211,20.823913984386913,15.252934282835739
146.7043764030023,85.09019893043212,20.370987115225187,15.456257344756384
148.11791734540162,85.28335767220635,20.27525285543976,15.67448698207507
148.2368180024945,84.43079013454653,20.250851503679836,15.73160840884045
149.41141570603014,84.68961419187121,20.150442262167395,15.868861094856225
150.9791741930012,84.79229147185734,20.140526381336564,15.827969820886787
150.89100655655966,84.61863254539401,20.513376449887378,15.89345247159612
152.38946920135828,84.22099898306351,20.45772742596922,16.190454282885682
152.55723469523645,84.64958379822781,20.756990033419353,16.206758419715005
154.33942240778018,84.89590784707292,20.6682776717133,16.57928322841455
154.81753350319096,85.10498419009446,21.230152677736587,16.380362678782408
156.94039597124967,84.89464911570444,21.554986264928296,16.290935774274207
157.37542060761623,84.93591758500534,21.406468356574145,16.783050143964417
157.9179829718583,86.11915567879126,21.686745018334772,16.699348394486737
158.99558105209206,86.03220904473572,21.96260948901999,17.00334835441497
160.12543210106045,85.76285007617477,22.22104774414771,17.034527363542104
161.3734709688548,86.96710295970995,22.402051190931644,17.065658065323795
161.2088859796583,86.43842673095835,22.68312464925797,16.846683303866836
161.34583604720655,86.6044325257493,22.76231263331841,16.974584303072234
163.99478574199318,84.37271707190922,22.664297498201613,17.392276677582466
163.6858930041666,83.89083485615066,22.53916141424024,17.54145208121074
164.92122760843802,83.16898841188413,22.390833189131456,17.491217490886257
164.42609679761898,82.43014654600593,22.483008185818655,17.42795245648554
165.98232569364765,81.89277922203223,22.75634709707376,17.27342222720131
165.47610503603897,81.17573462622792,23.12039773197299,16.91590884302857
166.02652087284577,82.01636600834858,23.012112078796864,17.1488847095061
167.50076596492298,81.80523634048376,23.13915795569624,17.304742856575206
167.85617373825005,82.4282481575471,22.84771580722262,17.432511270281253
168.49323619939508,82.55747660550298,22.83973165139713,17.216920630574712
168.83345571081188,81.8343795184525,23.443779656262976,16.854290286106632
167.91291345457597,82.86433711989156,23.52148742006502,16.828628815631756
168.21117437710706,83.42086631091557,24.015818352343416,16.549518575641127
169.79933747786015,82.91036729236558,23.573951986800346,16.931019450132858
169.93672378817357,84.26463271957994,23.707247259010217,17.229218780509242
170.45036745915104,83.81353568514831,23.695930263099093,17.256875409960074
170.25743416263506,84.26084613429789,23.994255569216598,17.303234746415093
170.16201985751061,84.69100810543597,24.936229060961196,16.885298812165487
170.73004469430754,84.90794205097367,25.01731855630321,16.775371059672025
171.41705195706317,85.47493702921359,24.73361595961599,16.932463370050225
171.79448465783733,85.17226072753866,24.401623578363363,17.00172579399629
172.5295381915418,85.2829487124226,24.413745739948098,16.867519013168806
172.55245018524639,85.51673631208861,24.443506010084374,16.66907281594567
173.4978071702651,86.10646754606562,24.11294931979554,16.772087722951305
173.9939295338825,85.98706676459643,24.47371261047592,16.59214171441169
173.690460207384,86.33757241123693,24.750011590244256,16.598982133719648
174.183366705615,86.0310109556413,24.889275386603266,16.50019819789028
174.30808650014075,87.07605160856924,24.919533953245967,16.367122751633406
175.20937961686874,86.40965200574287,25.02195065581153,16.347503480782905
175.31308784670497,86.76570910673317,25.188743808208766,16.3377614031684
175.6351751038809,86.39694646305372,25.431106402592732,16.357597906252593
175.17222809658375,85.64838425453246,25.25937267030198,16.462812564052324
175.4815692071716,85.45054613095927,25.17235031238043,16.602049814040896
176.30358230629798,85.05475231328609,25.213985265804652,16.45521294537399
176.27848737039474,85.74423265597818,25.250562013367535,16.244390132274553
176.59373808609575,85.67024652507527,24.951245054693928,16.104424756631786
176.84481901513195,85.90233911752652,24.631656942173105,15.819831660725978
178.0196426444593,86.22101702551137,24.792496772271768,15.830035274174309
178.27946583569144,86.98844325037392,24.609899988314808,16.018899871029674
177.35718857840322,86.70610197757054,24.379368263023057,16.174932059330068
178.3184491093742,87.26283323867355,24.087081571856764,16.429616474565233
179.59153137990856,87.17181179459844,23.669192551028086,16.669672786489905
179.57030451483712,86.74658193788436,23.168361995839817,16.88346357057363
178.59119689664587,85.82735997009807,22.975253486227594,17.11528354526512
178.91555514799853,86.12275042096667,22.981872581372475,17.114390911857598
179.21862937784078,86.24319789682212,23.205125242500387,16.985934938465945
179.9949087202389,85.40223402743064,23.109514241393292,17.012770002661306
179.44799937685758,85.90652218884806,22.84785019187291,17.034216959945045
179.56856306148129,85.46425719611926,23.041924012307245,16.671020101099266
179.62720948527098,84.88742663850228,22.80051003777698,16.766692182466308
179.15255730649307,85.6113714849743,22.698650933237204,16.643054934906562
178.66210517912754,85.24342249713429,22.665126125804523,16.72874419743564
179.18196406287854,85.05768329279563,23.06649565034857,16.560211026239074
179.67205356401143,86.22525900369352,22.984147104786558,16.686549705523912
179.15346777596795,85.46357892655298,22.49591742796253,16.87879580199033
179.92818406378916,85.87924832467982,22.533699386226118,17.011158363307082
179.51960121135394,86.97622629311161,22.611980653622766,17.072798369196995
178.3315375766219,85.94521649347385,22.726235749209856,17.03494288037364
179.07142044908252,86.69477631155067,22.76404620571494,16.934887999539995
177.86942203657463,87.2691122740874,22.966245693317177,16.738501693911434
178.21201542394132,87.15774693978248,23.059514668284,16.443354892751337
177.30404391702274,87.35187027946651,22.777695710345927,16.471448792625193
177.87121286942826,86.66447667800482,22.687760534604,16.758081365069252
178.40347251801282,86.75337151215207,22.850709598164052,16.657034904995534
177.75031341186408,86.31092852920835,23.41454338677829,16.33465640716546
177.03196466595355,86.49094937351823,23.18650901468154,16.231484743233626
176.14617526197043,85.52166648713178,22.824350177002174,16.273018215258503
176.77120450197089,85.55244887100243,22.85599034543697,16.07717739705172
176.34096249166006,85.12924388813511,22.584095666101746,16.263706779542254
176.52434961295896,83.88490665961515,22.787094338160163,16.330104062237957
177.06517711332575,84.13601658385396,22.60361029954978,16.401535204748626
175.4656519753112,84.60159826596555,22.40763511891322,16.54830952528333
175.06147126475008,84.92860991100055,22.4374770385391,16.608101118170257
175.1990507007512,84.74299803478901,22.784798420225137,16.18854908698742
174.52389795629713,86.27592987263573,22.87794584765411,16.23822165263287
174.95030470512498,86.31846910785585,22.83775566225271,16.19837639850647
173.43520945496533,86.4188334275084,22.87901463906033,16.510544956601688
173.41273687148134,85.89265691466433,22.91423907200852,16.66798194843489
173.04456107673874,85.33191212889614,23.25949519797787,16.653622798848414
173.12650730633905,84.5524064068783,23.56027509065224,16.594692105867118
172.8913543676191,84.59804115920431,23.635957539382666,16.609823900546875
172.46361439256378,84.03995658846614,24.24171506087596,16.29774869471041
172.67857103762768,83.69980125797025,24.078055369733995,16.28798164600788
171.8101425960265,83.13731093760819,24.245423519584563,16.19064744927476
171.4167468030579,83.7166234071795,24.443239945460995,15.924748697271845
170.6959450191626,83.41988656225791,24.258869952491246,15.827180609380346
171.3291115884856,83.31976896234113,23.748298587344465,16.039387880541614
170.88688660269946,82.88328909252617,23.619208425208797,16.012789506251
170.45367751564007,83.04604920235873,23.33182055183089,16.462571964926703
170.1047871833121,83.38843288372192,24.20545898935031,15.992111725606087
170.45529080828055,83.94434061470062,23.729648905278665,16.31228421972285
170.21729654539453,84.34223398828786,24.285389542893718,16.505323063600127
170.57493448381868,84.87876915114057,24.39481624132209,16.723281418414327
170.86770866924616,85.15366844708805,24.38969678740071,17.141466896958292
170.34336576220323,85.50938791827303,24.42308290026717,17.35163957329775
170.81197945333182,86.25918581719925,24.457058873401834,17.448310522665142
170.07434302859636,87.52460796631324,24.37093141316524,17.586489221864127
170.483216481235,86.99706847122812,24.990788996477413,17.552373543822924
170.13513387928194,87.48451912865566,25.289826453019202,17.506805106519227
170.88425411561428,87.39121819595167,25.059390170260826,17.591924492030152
170.52538826975504,87.9511220529493,25.011074684260098,17.784455467498656
170.42852180225339,87.72337366173188,25.22477748783018,18.041285936407913
170.5569996663645,87.60245502153049,25.548847311373088,17.844479910408236
171.67761831501295,85.69207951887094,25.435087331936373,17.86177430760116
171.38881042572598,83.44447238782243,25.24535519478427,17.900289598527586
171.37315350097464,83.52724079081645,24.889570717408812,18.26004518208413
171.8804851972452,82.40921383957028,24.93340456998512,18.049223695101055
171.05171315959646,82.29954744201679,25.006963652954646,17.99824749617512
171.03713265704963,82.46107907523303,25.0136135750244,17.99092260743946
171.19741032430707,82.07891759635018,25.054710747975616,17.77244881888499
171.10109878607284,82.40949665119436,25.720791064373074,17.684814763186026
170.8026981445235,83.17282654202162,26.0271554124919,17.67421119468038
170.39946396816393,82.26749056405588,26.49764245968347,17.39547605050907
171.2621423073005,83.35699325856888,26.144886040553367,17.685766777024593
170.75908311262145,82.19264092676843,26.603062053741013,17.231193456199218
169.89126747678193,83.54758571177423,26.254271055588873,17.508939238638426
171.59536318555251,83.58596864094989,25.885294660638614,18.108625260752873
172.11696786225227,82.91827330349757,26.06517306718918,18.068180578947565
171.16764310321366,83.94763729871028,26.299079556308804,17.86650045086904
171.6477006787331,84.21911115361523,26.436855092570507,17.82690307114694
171.97915181501398,83.33858330973125,25.97597159447796,17.81969008930687
172.8803457186615,84.41388819415636,25.902777627001626,17.474129725004232
171.9490057988167,84.6362223149434,25.893334998464596,17.023205972414285
172.40273461107836,83.88658437662433,25.63908484196795,17.09826646913819
172.4332304828963,84.76065756059964,25.503409455855135,17.114951117953286
173.03980679547354,84.58253514379366,25.780345054562495,17.00356228787869
172.2027097391432,84.41614056828146,25.058761214547623,17.66345859937038
172.50082380510636,84.22226392684917,25.228627893975556,17.24147526338395
172.4651106551446,83.35622137988513,24.940780339654687,17.199730793423782
173.90717948593922,85.35387055798418,25.50772275027746,16.636686192762582
173.2918121883685,84.25030120202231,26.160033563290057,16.316545823408873
173.36645560604592,83.52534717247221,26.265329550503708,16.157103671625137
173.84377723911305,82.06448709290122,26.357390207650493,16.191720069358162
172.88641560679824,81.11349232959843,26.373890570415476,16.337700034024042
173.2666880974255,81.5238488768858,26.36756717054825,16.546494664975683
173.21722736011006,81.85335134237742,25.879220372159843,16.538308765617305
173.44357852654667,81.47510566157152,25.8676098253514,16.45018276710589
171.99812242682748,81.89874617629124,25.551275694088318,16.588427004090608
173.50292983560448,81.19607706546869,25.488056582266324,16.910885705792527
173.38923507419895,81.41456721072575,25.29393003734002,17.11814764541315
172.8840085734761,83.28740646433235,25.274118043274928,16.781659490591856
173.3148940901654,83.76666533883561,25.45984382872747,16.662389937619867
172.1722126297691,82.45260313124021,25.3545537016823,16.639146948544774
173.0346653911974,82.60592543830991,25.50477427312903,16.819993969537983
172.76606102559265,82.61200059972134,25.568265180423513,16.889784655950045
171.88518074549242,82.56616719983624,25.475630319631655,17.219530939204823
171.72289133849546,81.74256567396377,25.297492734962205,17.371709003119328
172.58911904832584,81.68738409056954,25.555580943124383,17.27658835862183
172.09807619834544,80.21587838426368,25.25589763869095,17.454368532533962
171.80316649544844,80.47888464822643,25.25562906844341,17.435233602988497
172.50262909798877,80.91391117208384,25.492019134265163,17.481177859990137
171.6033837719063,79.75884233520584,25.345919709996423,17.627017946525477
171.04197070569083,79.04226757624622,25.21129723315746,17.676505021499096
171.25046560342344,79.8445606332233,25.11850531529582,17.809578596128382
170.9403560404156,78.88830914091744,25.34631056638193,17.658860669267092
171.16919605124176,80.6028012170901,25.385594917085065,17.505758554621387
170.44465957564435,80.09886508174277,25.487070326182916,17.37646218009234
169.0256959219061,79.72313317210453,25.092811148075853,17.76282977237174
170.15768556627071,78.86369830712592,25.159532547221076,17.86854701203842
168.79072127066755,78.97877652387689,24.665553771946296,17.982315958418184
169.67937018395918,78.80302112260655,25.31348552987398,17.433378305447295
169.24683754720022,79.6359173932813,25.645645271844987,17.141641254383305
168.00331088380645,78.09945180559563,25.48846407387383,17.012295224010472
166.79374356897216,77.96635873877918,25.08413747809345,17.07674440323445
167.88013579307415,78.42029298259662,25.359222454338607,17.115077774221202
167.27569902149412,77.80705878383493,25.310776044254993,16.984979755244392
166.93256043172306,79.3386652112474,25.38799436426355,16.81459167169404
167.5811811998095,77.81290205690536,25.693650107716046,16.834306105814512
167.22624361268552,78.24462111418907,25.931774288731887,16.921129477981935
166.10723894483974,77.21471243859943,25.73395724844233,17.05852728729875
166.16762983115865,76.39972101596676,25.921876562165792,17.575770788098026
166.57172038077607,76.93089801049874,25.706155252584054,17.852427501942355
165.94668137867365,76.28562715306587,25.769195498040546,18.051459998545862
166.06606296692024,75.37903139359688,25.3438943487283,18.405657572134878
165.78739625913272,77.15879045499206,25.484267939572675,18.360764102199482
165.02905425283967,77.19842649078788,25.507116884937382,18.540097859994646
164.98298217522662,77.46386710515867,25.27800299802552,18.989060254281647
163.76872404109866,78.05734768625626,25.385519145756607,19.206984061216044
164.41270269794,77.60553842832073,25.861975516130947,19.044947300688133
164.138386395961,78.46656997442443,26.24163455582653,18.952623765141936
163.50481830198808,78.905773744605,26.570478636107392,18.800121729481297
163.06576495815085,77.57458793516605,26.88229307310626,18.52267499634058
162.10839441877513,77.16608546285858,26.722686444539768,18.76121714803746
163.3391858676995,76.03172849065375,26.60962539013798,18.867477929555886
161.52524729826328,77.86191463796516,26.702316833580305,18.8471279561541
162.11504279741985,77.41424254155667,26.81797713381551,19.184670239780218
161.55963850147643,77.03064265438245,26.749862227110007,18.97279437538472
161.04732307492458,77.09595645636837,25.99975851240032,19.184829328369972
160.9696272544582,77.92619394151285,25.970072223146715,19.061064440455638
161.7331894286863,77.97606711930041,25.58906591986365,19.27084921510727
161.21513926590038,77.14672037226029,25.577323920733235,19.085089944178577
160.73191303021864,77.6064004227857,25.65842811775845,19.312154754217776
160.41211220925797,76.57616573800566,25.385307694375044,19.652817249688884
160.99808730439312,76.4352249077528,25.584587063656997,19.926576905586586
159.81597651259045,76.62455933997673,25.927132926590833,19.827817678428225
160.58141961837103,73.7436334393301,25.89486889488689,19.941680402480905
160.10527102958176,73.63836685379982,25.708353595012127,20.020554794476528
160.3719827072825,71.82234690397917,25.663661503275996,19.97650767754445
159.96392426348956,71.01243342830973,25.831378407287872,20.149132004207587
158.70609533762897,70.82001682565414,26.106284819682266,20.409359167535758
158.51272935067215,71.71272343569922,26.26702711052693,19.873332106736527
157.80383351924274,72.15367043336893,26.537404437089293,20.083804753261898
157.40116663594404,71.9818431564381,26.428820622035204,20.335118844619654
157.53058013630445,72.47849626200528,26.964833403396902,20.42041914216123
156.6160504415112,72.53711429820835,27.29081460191788,20.553622976105764
156.80104843640436,73.36643122153426,27.25802792306498,20.20716726608844
156.67908163821463,73.28626177400588,27.21690447917264,20.264451758270205
156.29725040953142,72.5189601214973,27.401894412137608,20.302174066897027
156.52999393645226,72.57732137785038,27.256922694780293,20.49935173488318
155.25964233236996,72.63058943323131,27.188852138030907,20.5283337933662
156.17417238606157,72.73502392915104,26.75467364674001,20.319374725037648
155.43604624488907,73.6565728487231,26.9341779688579,20.407998303582914
154.901432666961,73.25398433278377,26.953990141480375,20.343975871937076
155.71622767594056,75.01397100859937,27.313820940559417,20.021923571489147
155.19299232564677,73.578025887855,27.144978084905507,20.00804872300874
155.594746807876,73.81467726657803,27.373032987365228,19.66425565205884
154.9646374214477,74.2702589220447,27.286805814936706,19.976749952388992
153.92555663809443,72.76887420421767,26.847673182595617,20.626503981996162
154.77270923973347,73.79522313657873,27.00815735344893,20.262332621094757
154.7721202664577,74.13181008292793,27.53599677571473,19.949094299587074
153.6007742268387,74.3732054377781,27.240321009668385,20.04164973009043
155.361707249361,76.21489608182365,27.006498237987394,20.150919405030667
154.78868915790653,74.92918182993512,27.15554984126616,20.149944181066942
154.54741095339145,75.3949008611742,27.26319132824284,19.86706057106121
153.98570072471017,74.78160585522791,27.318803070721557,19.811662969673254
153.7564435973985,74.48606825319847,27.677144695994624,19.746533788916818
153.471918594642,73.69889488924956,27.73483551073495,19.89381228434927
154.17411749521455,72.71623249496767,28.27630336853681,19.97372247228128
153.85454504154592,72.82156441806868,28.70042388902593,20.390494409776203
153.14938866399132,71.89163541731114,28.97884089709634,20.716175406940614
152.39775514934925,73.14659268168525,29.473709708690777,20.518164459573306
152.67164384025446,70.85449310323214,29.4008609167726,21.149296529706362
153.83656709066554,73.12885068423385,29.53048451767335,21.308093434287265
153.5755629068107,73.01112349246776,29.561386534501118,21.25833113498129
153.4487603382866,72.12210102907542,29.717689460759317,21.68405074565549
153.17254719133274,72.03078841134486,29.78299195883502,22.05230888671697
151.76653319315034,71.19386578831657,30.092756841824766,22.500487446041163
152.4018094380218,71.01334886058403,30.07128664517207,22.711768663019797
152.66345681357112,70.43935138104828,30.078723284550776,22.756493975156115
152.46304208602766,69.87452383915056,30.171714511644005,22.860680505738927
152.96040228565334,68.803923819598,30.415238060240654,23.13437031887735
