76,79,64,52
75.87252484294389,79.28656929829987,64.65297781676054,51.76720713950486
76.27458447293279,79.5078106692309,65.06284339609932,51.76003893125029
76.09526947436429,79.19643322626415,65.241777848786,51.93441852324472
74.91505514866418,79.70468587562246,65.5379067502278,51.806506312943235
74.9674326008573,78.9096817397799,65.68024794353053,51.80817488700542
74.43843233817896,78.95855376087877,65.96010175165542,51.69041757325314
74.45077357758849,79.2232244354105,65.52420285264358,51.579865892172855
74.66506664503538,79.03999749346471,65.34198803148557,51.798164124788485
74.68017980512269,78.47330416546859,65.36159220240262,51.881207910714565
74.57146039807813,78.56664446914522,65.1667230625525,51.88609248448813
74.46906417818609,77.86891037066567,65.16931446803335,51.97139430047146
74.24876964205218,77.83610511417237,64.98305684024348,51.775035882419274
74.19724811421905,78.05369809527258,64.9512101576239,51.639953677198164
74.4018331746604,78.0529474051958,64.76794532724094,51.34932740638165
73.98085949069994,77.5019625441759,65.0224329269379,51.345740491987165
74.69842393033834,77.5103464149754,65.10036254584978,51.146145182915774
74.36413932100145,77.55984559440066,65.15680841382544,51.10551333014806
74.20235085446822,77.27614071177796,65.20305607223344,51.070667857026486
73.9769028285042,77.71011220793484,65.09416807243375,51.110352907257806
73.57844304838511,77.96287229562765,65.19219265510671,51.06249144057905
74.07098640180266,78.17501803262739,65.12428033593002,50.89638563197798
73.74115171809854,77.46321205550117,65.22212945665622,50.74681463234354
73.9307833169996,77.63800020104497,65.2362015784692,50.88147024471034
73.84332353211495,78.18695364006764,65.29273400434462,50.60589067490031
74.15810547131181,78.04288983455874,65.29239858361584,50.73810955733059
73.66370835304859,78.92205231935834,65.05496819261288,50.63231872158684
74.08394928794559,78.53856928160592,65.20647142614281,50.73653020916678
73.97850076698467,79.12319634284101,64.96653400039624,50.584303060901334
74.45435840562946,78.84681864568118,65.05198589197022,50.36052280811389
73.86643506724815,79.09391391045085,64.87040760897133,50.12948617140284
73.89997630546388,78.91747742907953,64.75240385493643,50.06526106025848
73.53085058123537,79.90899153044583,64.49617506418205,50.01135395017802
74.16664399045939,79.89906432552526,64.4021055236188,50.133003077967146
74.26440868545228,80.69917137483282,64.22205827422476,50.1552840073672
74.90276949064184,79.97774606145677,64.11302728184941,50.36352269634256
74.17432811242341,80.45308580435004,63.806162037606576,50.338671558537875
74.78369504461946,79.5481108081423,63.784662383702695,50.32891132125711
74.3539793877953,79.48234241609673,63.82979549306038,50.113751277206966
74.2615798717865,79.62519366534528,63.89500980150184,49.935450919601934
74.41723480424258,79.23899385362424,63.88504049053988,49.725342123209074
74.42643182061525,79.20942026030202,63.95984157933866,49.621042784058055
74.51402379686101,78.79044782157064,63.872069677713604,49.626877575853555
74.68763772256649,79.08785422299245,63.86439580873821,49.5318059503819
74.00727598847139,79.02483107312817,64.12825249454693,49.679432526262616
73.91267568359703,79.13232601997707,64.0530856234191,49.71027177540541
74.37410374272235,79.76549453867558,63.87057759834839,49.57848252746649
74.88718623647097,78.6694392954988,64.03862198774145,49.78907165766341
74.80424228905642,78.90145561932954,64.17698256255073,49.68163672419196
74.75702375888298,78.63724656539824,64.35189555078236,49.800419082419
74.27660324825624,77.73593875287936,64.197729735299,49.78745132142819
74.13597337758927,78.62761165614961,63.804686786391485,49.544979521555334
74.46993221283628,78.82765061978789,63.84279313939554,49.49629618647259
74.70297235074476,78.12496556988476,63.69891512458866,49.76542205474797
73.51457620735628,78.82815183856901,63.476440605591854,49.396139995016654
73.9382702282291,79.18981500956923,63.529516059742775,49.42449531224568
74.33860858808497,79.73764579681946,63.48010365918322,49.15273666351901
73.68022111496813,80.02976060300877,63.15459160876744,48.963596770469984
74.38249918302022,79.27859335594397,63.09598509404046,49.2155483414581
74.26592120607575,79.3489662078221,63.04471262040924,49.04139473872871
74.16377579759722,79.40586452072215,62.9651578052458,48.89425866692275
74.53734664788533,79.138386003016,63.02845392063581,48.55890529464209
74.35405839667597,78.45805288891964,62.88656306523487,47.413961166901075
74.03066884052544,78.50957147682007,62.913640222435475,45.719422105396674
74.52106580943587,78.16435622560644,62.96120481107191,45.259097011599295
73.7602151657154,79.23135847960933,63.02156814673006,45.069952414605794
72.81314445198514,81.91364569661198,63.67732654757905,44.0571224909707
72.759257631753,80.95277586147358,62.883936265931325,45.02088425282146
72.88954394825143,79.81053245032341,62.467744806401996,45.375257052260885
72.0275006181331,80.30558767692716,62.57205794024112,45.79322574638962
72.92140985354666,80.23005618119575,62.62525299574601,46.20173836905147
71.9518966602371,80.26758945676261,62.706717300807554,46.496749069513825
73.14146212440527,79.22051152251956,62.7997435376377,46.91975092662848
72.81809196819185,79.95803531641931,62.48941728679908,46.646595685344934
72.73547490548512,80.27445009767916,62.1317748022475,46.543984328816435
73.26183072785437,80.53057290183135,61.877712658354966,46.69405447267717
73.65512066413052,79.29152841282587,61.63875139096288,46.65684163371601
73.68645205623736,78.50698308294494,61.584477143566446,46.99559030386517
73.64301697848758,78.62457145947735,61.49625663219484,46.680315110726895
73.12847226739363,78.16725081943568,61.14056606599496,47.16077030373082
73.23729117364694,78.11529812679909,60.997793577767716,46.976397768963274
73.01210776320548,79.5146245908498,61.66159937393568,46.314621748412776
73.03037106239931,79.00073145140712,61.82115420403903,45.65999663183646
72.89726132865084,78.72375343559196,61.94710672491881,45.28123750790529
72.17102191161987,79.22043260975022,62.04404585306021,45.50944313880372
72.1597287020387,79.68406758463307,62.2033840910821,45.83919251947685
71.85687262888779,81.02957384363182,62.7810955268095,45.727601058698085
72.14577652361118,79.84033715655562,62.6031694925661,45.77514047926407
72.15709886565483,78.42764947752603,62.54495377223831,46.330754303629845
71.49577295462689,78.78772425443378,62.803482771312574,46.996003334016436
71.80690542696635,78.00617839757027,62.551153869283,47.40145280131621
71.10823760375288,78.04044255350863,62.083515077278946,47.33130509608556
71.93501739270397,78.05727799609431,62.01082107279875,47.505346692171756
71.71532658503989,78.74156772949574,62.15700669796381,47.67083550007598
72.1274065223263,79.54295717189143,61.87248738426254,47.63199841838341
71.83836153400148,79.95745359872429,61.66530194194941,47.72040035387954
71.44638857140984,79.0792970229189,61.28797031300279,47.7899390288308
71.51302926516557,79.80255375667512,61.27196758294474,47.50491886562307
71.295707842083,79.69978521041408,61.23466125104284,47.303577300843095
71.53353515104644,79.18786327781237,60.992203530403046,47.34133245145698
71.40170710170555,78.98604048769018,61.46825252434911,47.3312550138783
71.19513498014634,78.31985465987644,61.25409384557412,47.07333244684946
71.4042773891606,78.41445134017886,61.41444026928828,47.03649761799467
71.30886156775352,77.96593133211562,61.279041571196544,46.940231302309044
71.15192040475146,78.20864133268864,60.91623858188458,47.12597952551816
71.5478800096784,77.89840504545174,61.00889430983776,47.19962272004595
71.69583065637036,78.0328626391439,60.71510137869869,47.14290283988885
71.12807646729524,77.0173842928232,60.4623554605471,47.11995385570261
71.34526128152562,77.20649043633472,60.840656580774215,46.96847520138131
71.26209372885444,77.85912931998581,60.94035060979151,46.36715075887637
70.95151011214182,77.73253493692422,60.90707002069989,46.08978507174216
71.01438954798371,76.52118909975982,60.62615916102779,46.39009873647039
71.13697374317884,76.22602785829687,60.85885371097231,45.734420968995735
70.64202637089524,76.945131318405,61.188657728035906,45.373312263751274
71.93249883495562,75.58248460253797,60.73069558352239,45.46588679751543
71.46561300475445,74.8795615560935,60.43737780308584,44.90532783602103
71.49172865978775,75.58799667663376,60.22251486757057,44.68958009453846
71.66946119823356,75.86375097753998,59.737175701431894,44.97874750633635
71.8069216705625,75.95436180048625,59.67767765889478,44.67886756252206
71.3204720287273,77.80094548363141,60.16748387864875,44.4145970185249
72.23212068732215,76.6851834644855,60.45612552614615,44.49768169791816
71.76993995266233,77.27125181850352,60.56405892781642,44.243744448330595
71.14271925103668,76.4698273774708,60.210531101291465,43.95581211430263
71.78330317365298,77.09271564117145,59.98902234473391,44.50301207911649
71.48601849928136,77.18013254087911,60.31342288738935,44.413902632789046
71.58072195222503,77.1111091781927,60.032166422890505,44.81768355908275
71.62784074666064,77.47155496490325,59.70922728207553,44.98484881263242
71.83212922915075,78.25029236993907,59.87477691896216,44.931983271371934
72.33543782392988,79.24779683195777,60.22084220011415,45.31045744615854
71.89832510919044,79.93082771425945,60.44365466712428,44.86527558960143
71.78027464037774,80.37998734790308,60.33328442181071,45.242589755935576
71.48136207755783,80.64220917003863,60.38598573059291,45.19471825206365
71.09124959282084,80.80354321050355,60.14808505723245,45.71850282887658
71.33139219586448,80.91771449710347,60.19907009467777,45.86801535050738
71.63612576949015,81.13539507236155,60.289892905293826,45.679496000037304
72.20200289855251,82.03706219613522,60.30338244872607,45.79661981251415
72.06472238332661,82.71041592594433,60.39238652301129,45.79161304986437
72.46741263232542,81.77592185207773,60.16790966534367,46.0911065687352
71.89196118676477,81.83768009098134,59.727817295773946,46.333741992960526
72.27645774424005,81.57894760716147,59.4819583359979,46.381968614487775
72.24349280574623,81.00615027862106,59.1679057129056,46.6808170817778
73.34028422523596,81.13819436793273,59.59488389985886,46.467235819176125
73.27780279727324,81.51287379429809,59.80771402973987,46.281282855515215
73.51187223602282,82.21043803476036,59.59398409780337,46.334941767054104
73.16128864749577,82.18735635321413,59.66210571678527,46.50573905070445
73.497196438298,83.17490429175257,59.56331181530547,46.714507142063624
74.02710162546286,82.31073982919966,59.415023675508536,46.97056789091745
73.79031991821242,82.24850126855848,59.46951254545074,46.99405337431514
73.69294393492316,81.96139158564951,59.41992834017606,47.153610269171736
74.05561485103954,81.03680758115637,59.427645705734925,47.491819013950284
74.32751361395677,80.97064713861272,59.44773923950877,47.25868185223398
73.7474446824344,79.40361483782617,59.34256656689654,47.4195382071457
74.4229870581228,78.05221913133042,59.39902245889128,47.4518916345502
73.95440865906195,77.58335557306296,59.457859199687775,47.56716845402178
74.19874625736048,77.04474206788856,59.45410911434959,47.2796213890064
74.85563281515368,76.6210057130129,59.539748157961625,47.30903260336362
74.41088824042659,75.76718813314599,59.46650743087492,47.34115609295522
74.371377035146,75.49607102919401,59.755205138202015,47.18728381815413
74.21365211338332,75.07274689129295,59.83145911868124,47.26115754621553
74.52760819119828,74.72860861055474,60.02375676962369,47.23252201649966
73.66355053963153,75.55986532264421,60.03783349394125,46.94818424051934
74.46249456330061,74.79217749533255,59.96214729442551,47.17284099205879
74.824506093748,75.42332070611121,59.70405505122176,47.18263304454881
74.68455371606866,73.8254970954595,59.58251870410464,47.37610798245479
74.70674373607538,74.609132183024,59.65296966437032,47.210838648936225
74.43520870163172,73.61731938386939,59.56934110269788,47.47538260313129
75.2581835840817,73.98496319690088,59.70330028884635,47.35011811328066
75.0066829922693,74.33177197967804,59.77668608899394,47.12332060800372
75.61736011272707,74.91758652989571,60.00823225884719,46.87101898075504
74.94469128452269,75.38509041599804,60.122944260761805,46.885368347950006
74.82029592335668,76.04206929381857,60.08284661314412,46.883085569568024
75.35926888102081,76.38589249216378,59.985306691615015,46.679259009265316
74.96301970986494,76.40868695401538,60.141806475201705,46.689494550801335
74.74287505948391,76.80678170924412,60.23808065354585,46.70003363276204
75.481245311999,75.8468384434085,60.02690798920521,46.97568245716745
75.21631212636083,75.75205455924663,60.02948916193647,47.19537223818101
75.38954827709048,76.00463673020448,59.70547320814347,47.07695378417344
75.15753819376768,75.49704915173189,59.89927663141569,47.1904848756018
75.46914618985637,75.79185625218483,59.97520145765108,46.973646879481606
75.07373326592628,74.48259252924527,59.80775438126872,47.13440812671773
75.77610567273429,73.7476352647534,60.102491823197454,47.266670474771324
74.31282518014407,75.42039102370993,60.08723663839645,47.38289519254725
75.08164592410589,74.54004531378163,60.10863507868011,47.47072382813768
74.29995575120608,75.54320210255491,60.17048550010274,47.248473398786345
74.90545701516811,76.2386724026533,60.133795319989574,46.871090342097105
75.13531419931584,76.39999466618868,60.379715676287205,47.33433323278629
74.51906158361247,76.65170234250238,60.59157342028431,47.30078930921158
74.63945585755337,76.92677440348331,60.540368504826624,47.31867800145924
74.77128434837016,77.43524954328534,60.32510662326787,47.49146431227231
75.04670253345878,77.17814978846161,60.610283753804794,47.42221169114309
74.53624206541521,77.08869112994151,60.595362365135564,47.43781455176989
74.11898572775291,76.97095117634319,60.8708484661947,47.16585655963537
74.2590142172332,77.573464466721,60.9061659779764,46.90114994644538
74.07853189060721,75.94598282681275,60.72773765252884,47.26625662891097
73.83893733347661,77.10432010021293,60.6438205551291,47.07298414801127
73.48077612284533,77.09578779298201,60.74751557338068,47.207178156922495
74.27820455023915,75.76829410278901,60.8666386617802,47.470644114480905
73.29385831486952,75.45691013631449,60.95806426161426,47.44902700914061
73.36732491838151,75.10026075870564,61.12510346713417,47.62536339114273
73.69284315065927,75.46955213880845,61.069908146056584,47.22075454741863
73.3004406557301,74.59563219675337,61.06610680076371,47.59445417367009
73.65772182917088,74.53255841540432,61.42744444570013,47.512538200869585
72.79576233599568,74.68637603566403,61.51061789375049,47.567367433078175
72.24011668223429,75.0019405102291,61.570721739819746,47.52424867722927
72.77242930042331,74.19214222465013,61.88264602853917,47.76912043165319
72.92444268641447,74.36286371704186,62.0543282102238,47.763586459712315
73.18876722642464,73.92006545216378,62.3184105956048,47.798932295087155
72.63246893601092,74.62519795152097,62.307083306060335,47.52973342990961
72.7462822382289,74.80280688074293,62.43459754725515,47.547851254655356
72.76768544606492,75.1286222893859,62.352216455287206,47.62257247063282
72.77434854446702,75.46821037090588,62.29931643944904,47.6697326067035
72.473650034733,76.02073509342593,62.14118107473643,47.70043048824806
72.0369878980258,77.18763732057802,62.02073925388464,47.292108952584584
71.99851032386587,77.25549865854562,62.05898882889646,47.28613266544769
71.86442157985343,76.92430170254089,62.160519788148676,47.536966505528454
72.11951545994953,77.94388733673716,62.0238687398291,47.351189006869234
71.74904269126559,76.8396289884363,61.851431165499285,47.459670924032274
71.3148688981138,76.55451082486533,62.49037216393609,47.36325015388897
71.34194973001829,77.39889776475931,62.63399091635905,46.87815948650939
70.73270770669212,76.97963740581284,62.821480645694976,46.96456669698202
70.44283759274263,77.59289817111046,62.8121158469076,46.8696858214341
71.23282545535832,76.8850338324198,62.86508685084996,46.88391451036277
70.63240448018404,76.98158389167912,62.96218152526316,46.630052925448624
70.37122259484686,77.64807367565396,62.97991695973914,46.86665869856192
70.41978977227996,76.91108440725488,62.8924075325676,47.162228545185286
70.02319790950668,77.78249070761396,62.83905015158097,47.14472390061583
69.68130040046802,77.0199981498076,62.855387080506596,47.241470560527326
69.27942902537075,77.76220354076696,62.835459416938406,47.09692983958217
69.48332450350924,76.45501317988598,62.533382075391465,47.479751058152374
69.55735247241964,75.4125388417724,62.78865344383071,47.58762384190425
68.37367112818326,75.82996262140183,63.006441374857786,47.19712583060335
68.65057497104172,76.09821497767237,63.21691111554799,47.26354162303387
68.46604681845756,74.58717756493897,63.12428457696247,47.46283667618171
68.22138883981704,75.3439228239207,63.49599261961969,47.50292699587303
68.39224379882904,74.98462165753384,63.48206170326518,47.75671849908896
67.72028897224396,73.91907435872955,63.47977137469945,47.85653960664088
67.8844333143577,74.01545362104937,63.34906860546219,47.77947070598444
66.64732085792761,74.06449187598821,63.54106515661543,47.32950118223526
67.15967309830229,75.07352068448073,63.77757996344411,47.13028348566284
66.01838413146328,74.52639699726687,64.00720720188146,47.1615606486797
66.88827806539585,75.01003218271593,63.910209170543624,47.01979056411582
66.85079891761092,75.21507438392084,64.04732166877963,46.88466242708175
66.75874705390264,75.03799308988033,64.00122200752284,47.03032642250494
66.70430223913903,75.24299736551681,64.07780967768738,47.22699715093018
65.79957787600554,73.5908009792457,63.4576405957917,47.672900627747225
65.6741913117004,74.41004975844163,63.65733436256605,47.46058639847342
65.0086700372589,74.2310937545814,63.53973550007184,47.29169701497831
66.09251217242624,73.27169422201584,63.76638489266792,47.436090670464665
65.41453589713201,73.55668251135825,63.82511950306193,46.875063282614214
65.30754883115297,74.48917377840667,63.75962696197441,46.845738668108424
65.20270362607616,73.19303778922382,63.66809941554388,47.16664778115298
64.54376588441488,73.34687693259613,63.773990589694975,47.01499007315761
65.08072511997271,73.40841212514923,63.758814724085745,46.862390714771735
64.6738716019812,73.1478571582583,63.885188630888656,46.62959396654355
64.14793388267285,74.09065641659001,64.01553195964226,46.59937394560677
64.39471888025206,73.81298739703041,64.31474673250321,46.4316711177883
64.41105113683659,73.4367676260418,63.903195389934126,46.81241542884427
64.4247469209047,73.07760540599492,63.82802540786302,46.9122696864473
64.37244704168074,72.91045566546431,63.98501068860092,47.117383053454695
64.37695833747343,73.49818080919565,63.99212339741544,47.187463821823876
64.75017583545471,73.29574996501347,63.785782872960404,47.29044895377389
64.64314200971728,73.76118397176904,63.86146624193613,47.2164675169869
64.57696730489033,74.06933908055672,63.76851324483194,47.34803565975179
64.32623959209872,74.0633517690647,63.69035330882547,47.362886091992905
64.70163047015961,75.31117678816435,63.608393783643294,47.13015146806107
64.9785912121177,76.01667928944721,63.48489713668195,46.91875974478209
64.56735278829554,76.07240452990214,63.23578694797908,47.07841283771502
65.23232707082867,76.40373621931622,63.355024992780045,46.923562080376776
65.08621180799017,76.22593196475883,63.093640567343904,47.04162366896222
64.91558368866828,76.18128100224068,63.13566686347887,46.85943811484543
65.72387082682259,76.34462743257572,62.90183265548632,46.98855211665075
64.92114948625635,75.57899542018833,62.42731541393862,46.97917007632627
66.29483669355847,74.46319806930732,62.553373424043734,47.16164002365162
65.6788932078376,74.8765431523419,62.549816091588966,47.193004952901774
66.47950056997135,76.47827297574185,62.62167071470489,47.03628087544034
66.16638262017891,76.99141565347554,62.49157240599319,46.834480169538224
66.57033094546577,78.36254139941556,62.630851276234026,46.715948007269816
66.20507350588359,77.46632579533399,62.18493334407833,46.909033655733985
66.88535578328879,78.33200141472068,61.85030861637712,46.7517171872149
67.4824089484388,78.55098818556652,61.72964131427173,46.69487724125109
67.3539807749232,78.71044655066865,61.90068748496144,46.77538134549422
66.92532791563107,78.55225291948035,61.67071777588015,46.85835559238092
67.31338904384756,78.39359276254122,61.71223347098746,46.90944369550243
67.55918252600877,78.72013855579299,61.59877668955559,46.881207955788994
68.48144725283447,78.33920069961665,61.58832071058481,46.86906892136423
68.33261807218486,77.40552115064432,61.22669384928741,47.03390209171898
68.6913865674979,77.38099895005229,61.38438119773923,46.96698768019304
68.92316383341944,76.68032189875802,61.00503987526731,46.8601320104307
69.0269121809787,75.97619142044144,60.92721448485125,46.946082858158164
69.27482046983195,76.01527647912849,61.02649789980974,46.87390904033691
69.44449194960518,75.72071878159906,61.08887592600081,46.9393628889642
70.06501022438673,75.49786594503689,61.409172717086435,46.79863402714982
69.3310780761625,75.22524644416494,61.37480343260002,46.79129633214683
69.94662017328491,75.14350082814256,61.14107955336118,46.77432647064987
70.34638591141368,74.80752813399292,61.1350133849285,46.74613448327554
70.78157257913762,74.08106735233294,61.177605033193274,46.75090090245928
70.8137094564943,74.54393355377488,61.23860727930128,46.50943973075952
70.76846245211783,74.77516278060655,61.23354323811296,46.21859184632502
71.75149343918679,74.61801811038652,61.30397490271558,46.20220371307177
71.89737585151548,74.35756400400065,61.05210447555383,46.31927818945018
72.04075736189813,73.90120614419368,60.90060251150568,46.25639550490373
72.38378702066859,74.85733283233208,60.734168338030905,46.001365463650785
72.28066727809524,75.74969695897198,60.30135124398416,45.83644815531264
73.09101083687958,75.8153599610327,60.203008801717246,45.461094778412715
72.70074163635138,77.38973285083414,60.08336495359943,45.203558259373466
73.45979350112209,77.542092584195,59.97499040391687,45.06307812069562
73.83236575636784,77.09089187007578,59.72741315405328,45.37679836193005
74.16570878782426,77.94809255695505,59.61404787358545,44.87284309029422
74.57161648138974,77.6535177772738,59.75330922265665,44.98780828898962
75.07086385244074,76.77825629681868,59.25650973379662,45.11367221999008
74.70789692570932,77.48704112380705,58.98695203467397,45.0045501568261
75.4311681520875,76.97795185736351,59.0206714651151,45.11366809489745
76.41980581642221,75.60704145301753,58.90642712775159,45.14551570269059
76.70256831825841,75.26101999772817,58.93412828247149,45.4019791005836
76.77846748830612,74.71400017209399,58.796903372850025,45.51538481190778
76.74474708316978,75.82809887116888,58.641873563665484,45.2348074961713
76.56369658468418,76.2817251352782,58.45531718436299,45.048947674390405
77.30997436387895,75.84701681819615,58.694311349196354,45.18259675917065
77.46233895759863,77.03044284387481,58.457351547990626,44.95314245380328
77.70763225178115,76.4161373983408,58.27691135610303,45.125323671471705
78.07536756282028,76.25810914117045,57.956725768908925,45.35766141323659
78.18793993271628,77.01022855712242,58.12207397502965,44.79054153371384
78.36800851753495,76.77606879613855,58.39487278520208,44.85310351935746
78.25454873427097,77.059174046876,58.29097531960112,44.66940504656638
78.71182690765347,77.80706858968169,58.26978368435471,44.595331481078745
79.70766323410275,77.59682117749999,58.33966931943121,44.80029591751057
79.58476467397833,78.52417680513048,58.131646347668486,44.423645392907744
79.92717755272913,78.4217883463492,58.17188987155686,44.399729118355935
80.4256104361925,79.03133911630458,57.8840802151128,43.96056071185484
80.76347761752137,78.70352547379166,57.55350011067823,44.08584747531258
80.78754214357328,80.00643377678604,57.55415951218254,43.47998735005348
81.37397703305172,80.33011004111748,57.53910945054303,43.498789553923686
81.43264070920955,79.89757734297743,57.52417046166654,43.55967381316704
81.08373891563463,79.92853494605964,57.47377417938732,43.288124399906124
82.38762640832478,79.96032961325855,57.196973477858755,43.425341362060585
82.70053694622433,79.91056022455166,57.363803954442034,42.87838197146238
82.37748260880537,80.2193078152595,57.176920737220925,42.69434576726589
82.93533608830988,79.94360537620757,57.27637669502888,42.796213728422885
82.22209723585081,79.5296527030661,57.316524352593106,42.87462159513444
82.13286590026432,79.88812776136372,57.28406061460684,42.82560710861944
82.83750647043045,78.69181087246538,57.35555792444742,42.95584400402398
82.43837011348427,77.9226426518197,57.13999305575247,43.08194477119967
82.47829794310037,77.02583653327967,57.12760171769352,42.92354056774496
82.82722708146798,75.75637738543793,56.95732154347972,42.779428178790994
82.82040849729918,74.90211108745667,56.765737096414874,42.63085860018211
83.79796313134148,74.9610373042099,56.96395488540479,42.14422932024125
83.46969945358312,74.2682427095937,56.77417295102352,42.12749432598849
83.68251730439943,75.03634257275391,56.73741970176039,41.6567056033996
84.14452443951598,75.3258471840318,56.82769312260018,41.64108820634324
83.15494329232749,76.45675940873161,56.670658764187124,41.49675997134125
84.27096363415268,77.72587747176364,56.52453020720277,41.56116029214723
83.57599118431764,78.74055881743142,56.68177242020738,41.480000552897785
83.31506902355821,80.2907236885549,56.6876614649385,41.31876862399662
83.6775590657393,80.9464558623021,56.64660253829997,41.147102927715935
82.85198935315333,79.93559052738884,56.08909588544874,41.51713955831344
83.85270905233757,79.31546260806428,56.24833852174655,41.846083330320056
83.83839922483928,79.41979714423834,56.028183855060206,41.71076536378165
84.19708205049135,80.21074116435484,55.821607629593956,41.55885406961033
84.28316631146096,82.54685987026167,55.86786159064756,41.53974775313308
83.91430752091031,83.75329477873444,55.701521093112596,41.857395595160234
83.9562185756053,82.96190906379884,55.59359308206503,42.373018313456605
83.90878958424592,83.31523049945625,55.2636886891784,42.56861895914669
83.61679902681182,82.6390476903697,55.43419024432106,42.44068910452363
83.370024449467,81.91178949718011,55.19304731184785,42.50526025234089
84.09521645366226,80.33837656724539,55.60938765086256,42.120122424131324
84.20480188779341,79.4714918812848,55.49868845856529,42.03846133112597
83.23430842251275,79.38194143472884,55.49415682513371,41.787342290273656
83.23483825408809,79.29551763597213,55.52166786350359,41.62551014848473
83.13428096771229,79.9357028027553,55.16758029191241,41.463580092618855
83.43139030884853,80.11297989006465,54.91788783061662,41.2923110650036
83.37132162453888,79.36156368005416,54.41278419739717,41.27969052450722
83.68410711750988,80.07948002261631,54.44304786358168,41.31319586171788
83.84649940306693,80.7462393255199,54.30696481670648,41.18954550617673
83.6647817375867,80.1983846286899,54.100722049711926,40.99784243596466
83.86188126642764,80.0478123002392,54.01515273428652,40.77780910844808
84.23425035929839,79.54166114977365,53.79673064406707,40.76119184609268
84.17436857843168,79.31998089214541,53.775851604980616,40.46920344667688
84.16457296832814,79.46197155778734,53.53302664056204,40.06288349866864
84.69593597220333,80.79972731558082,53.79958901481019,38.71428252989488
83.63807233040487,82.31794927106685,53.89763074138027,37.0075075674402
84.01899586118306,84.92179650277399,53.65525541160002,36.085991156371335
84.82464586144782,82.27602384779874,53.53392042520017,37.2905948599647
84.80433835020125,82.47259465866617,53.72863134524621,37.09791077444821
84.4570815806684,82.0211046406568,53.760990463724134,37.25046815068776
84.71884796458318,81.13240378994257,53.84005909314032,37.786779842050535
84.60873248087839,81.44937884231133,53.86094459442755,37.56179349569906
84.85582967229956,82.6127019588223,53.3015829723156,37.92100657761755
84.73387100112944,82.04914405622353,53.523816290532295,37.34028842442197
85.6487002357174,83.56961412776265,53.517594952501696,37.42888709926218
85.4184751112455,82.46410273413824,53.18902474423709,38.06981988331559
85.32678603671422,82.74591776486952,53.28617342969282,37.90342966928521
86.3725247411603,82.81333537562514,53.39897741105009,38.02562496373168
85.89886886625257,82.18384849489549,53.21187228588316,38.182003402963
85.45438686552977,82.4793420757371,53.29910523757849,38.10652420928639
86.06972935939888,81.5538309454603,53.50899001891604,38.73065143056387
86.13611176316553,80.70027522414881,53.252821561475315,38.72534391196088
86.80167635400407,80.59536518565072,53.2351396553023,39.30910990820291
86.33423354176381,80.55149492942996,52.946829070494516,39.63709125750013
86.01372390262223,81.10909042439995,53.16985275758022,39.96396245114033
85.84256142166208,81.24155533164922,52.97283145806479,39.96786027020668
86.21913479008315,80.86320664005602,52.938368120508215,39.964635285454136
86.35641439936684,82.63948812380787,52.909168366738605,40.12984262932311
86.58836469428906,82.78292800486403,53.037413907113475,40.27849096014893
85.58667761842945,82.41506750441246,52.90992544804677,40.21608715084465
85.79198155473595,82.42510685656413,52.8302244892802,40.30063814625568
85.62601401919353,81.6595276150914,52.9357676194918,39.98327380478244
85.4793342879028,81.7555886860851,53.31883467243907,39.279626286482966
85.62230720807192,81.87280633452866,53.64856983588317,38.89404896739002
85.51919734888405,82.2009296922204,54.25264276658039,38.341457165958126
84.73694839607865,82.06842261394772,54.42169201347778,37.865833089018096
85.00858166869524,81.85264756706253,54.61721921210892,37.344240000096754
84.69245342278545,82.26297984121274,54.43852560879853,37.37030352539822
85.15739016983758,82.81418621220459,54.34201677941773,37.33322765930176
85.03004813868343,83.19961504140952,54.24285022763746,37.346669540934954
84.29150264712439,84.33489102373073,54.06465629656185,36.83029558949658
84.09372984282685,84.3247529558519,53.42249437119864,37.651351943282634
84.82592978759537,83.07925341798,53.498867823399884,38.40156850580272
84.04774463427287,83.4299188772755,53.285801233830725,38.99728029655576
83.7198255332452,83.5835450040749,53.153798913972906,39.402712825606876
83.97769105156912,84.09291424376971,53.07792615995405,40.15857964038295
83.66994191777692,84.06024609874044,53.08175234749899,40.6506123701292
83.67496114891148,84.03528253823812,53.1783695223606,40.99579912947732
84.47317285250112,83.6589779183551,52.99314942254256,41.64620944310121
84.5766738009047,82.86564330379456,53.01811875208557,42.180414577389634
84.35461452636073,82.79564887094656,52.96326250990558,42.26484253070528
83.87829993056187,81.8716785257411,53.16155346281078,42.189945812507034
84.04798966613406,81.9157677093051,53.026046918954364,42.05156622822367
83.2807437330298,81.49096139995783,53.04753078180953,41.86433480014877
83.95229078499305,81.57441212859835,53.075843129933496,42.31656208627092
83.95154373883477,81.18662437439528,53.22766340738515,42.362698862447346
83.68582933565749,81.3178188208866,52.97801662212393,43.09657880369082
83.18512507913114,80.69041975956551,53.100492575709886,43.42709940565409
83.72031351176304,80.28971945688852,52.97447383828833,43.29518629622979
83.28049512214318,79.8711003069256,53.03141637494164,42.52832720799783
83.14914639842027,79.99953415901953,52.9747681242427,41.84773018474211
82.77896432957331,81.4902630590327,53.15653384709369,41.12490212359415
82.33785658135547,81.41489222954894,52.84524242099667,40.96165322745893
82.70159712644912,82.35272290141845,53.1989318050976,40.903880257385204
82.14955214083818,82.85798768424613,53.1031188449613,40.97930715508724
82.50228130875358,83.30184226973992,53.40017375432674,41.22907323292462
82.2760335384908,83.07081861807322,53.33069488751027,41.317194081143235
83.0614690603712,83.01295115166155,53.157743769637406,41.31286411692021
82.69027034952819,82.5151835015177,53.042871318859326,41.51906005066826
82.75792272212536,82.93149891554589,52.96625835273977,41.500049751068154
83.99705815556403,82.24145824215708,53.01098949797586,41.981023927243434
83.67557587557985,82.89601591038453,53.00156247780663,42.235980039480495
83.86411596513197,82.75714158022544,53.03242991158069,42.46495834633134
84.54449636617964,82.97153732528683,52.98742966110015,42.813117556245686
83.9862382512019,81.73795937221104,52.82017248565551,42.51703987629459
85.16233120507523,81.38948847717865,52.960705535048305,42.60298822583799
85.23706605608676,81.16733958044306,53.1166782036554,42.49870302615997
85.9218506842457,80.06104125381725,53.363588208810526,42.389212456635065
85.76764150609797,79.47645637182345,53.31204222430231,42.384241263764295
85.87692993800499,79.05836266761807,53.02580552782244,42.42333001156244
86.8369030020904,78.59750348942221,52.96359878596378,42.44092567081746
87.22341464734895,78.2776758105626,53.08789170508019,42.425238099085135
86.82317185201737,78.73971605955134,53.15911312644239,42.36185866739416
88.01724260624471,78.27896276862833,52.82309374139935,42.266871871528714
88.7217622313322,78.84493561715699,52.69809168987051,42.109041208064845
88.92041634609217,79.82330443962216,52.469182198304736,41.94808431019863
89.56488439327477,79.1478158238406,52.419444168104576,42.08129306313705
89.61307244463366,79.51203412501697,52.43041879301717,42.08970515503008
90.81733322832412,79.7296279992563,52.46207278771509,41.96378241189478
90.71101225842327,79.5835671987728,52.123831490481095,41.93107295063361
91.0706329460097,78.72054955705022,51.96416163715281,42.20127471161122
91.17136044673774,78.49499031361705,51.83737607210665,42.16403079242728
91.79846220032296,78.44543324528064,51.963265441235166,42.20801825040938
92.1310039835574,77.93865654726795,51.92086647487686,42.32070960156542
92.76977728684741,79.63054887366535,51.79179269065545,42.117996461615945
93.11603220952145,79.22577505744472,51.80986000458845,42.116445693187806
92.540689329173,79.45623334611327,51.874473815946196,42.14345188310754
94.18636664889164,79.02388924790122,51.93830574242941,42.250210037861166
94.08701016157109,80.6291239010361,51.96288961156426,42.01512626243169
93.81502572249113,80.15123514289604,52.04353374323499,42.09148710427362
94.46115593698956,80.29411398242772,52.05394568793207,41.982061945150846
95.38098633181238,81.45029475280856,52.138173929039866,41.64081738126764
95.61253532566181,80.72271227272631,52.27230239653359,41.8427863524485
95.20606420463882,80.84560576697788,52.13096619105298,41.78755106041693
95.80506782443656,81.4201932031312,52.240795199425406,41.82572881711366
96.13098456544225,80.8623157537062,52.153353723490696,41.688143467817305
96.23139322625059,80.66002712880481,52.387167518559394,41.56340004716493
96.80680039125,81.03845928788694,52.37683250790979,41.61229936182397
97.27545431285336,81.1450087385941,52.4022936208075,41.868362437084016
98.12268011934283,82.02598847717704,52.30209642553987,41.858419870078734
97.91915275306107,83.16170265549604,52.438600221808244,41.540889387800476
97.3543326055112,84.44869782471308,52.637094038606136,41.14715112921616
98.34927773113026,84.87447217698684,52.53100730436768,41.18894742998732
98.58330242577563,84.70717820673445,52.4807797847411,41.29170683754718
99.2154738404516,84.57157256776813,52.61192267722896,41.323301537265834
99.79491427114156,84.72286280238018,52.502853097691656,41.23615424532129
99.34032345716727,84.28496339044639,51.9941131142437,41.23799621568358
99.71122049029827,83.66439570082952,51.28515231844365,41.31939640364618
99.7064917301114,84.14587017304366,51.22644920605113,41.23407948931703
101.06021773988076,83.16338381958911,51.92904116298952,41.21457982571226
101.49533920855674,83.04846763284706,52.15828287134562,40.988092833072656
101.09360728016702,81.83871782239288,52.36010447307281,41.063861488318125
101.8598496998204,83.15070022547606,52.64023512282328,40.920433088957736
102.72081069563103,81.68024076528563,52.85090705716145,40.953073578500295
102.16387658618538,81.24507229630558,53.19456305755556,41.03421926335786
102.57084064122749,82.37436588592391,53.10486920644425,40.9257957473083
103.13667503532909,83.17621114174693,53.06872232969101,41.08517161757025
104.16680052553626,81.82769313089516,52.87457793335446,41.187944535978055
105.33373701366165,82.65482819441343,52.8676338430527,41.28586864973251
106.34985042904341,81.23816542225156,52.72596370109149,41.33954143341808
107.09245734584363,80.57621520178535,52.80156041267469,41.26957406851926
109.57672053546206,79.68243938553944,52.477457021012896,41.24106367445731
110.17752888801147,79.39865928615933,52.23133883801704,41.30650102617404
111.0336472107332,78.85398354454796,52.32141613229649,41.27332109655289
112.19070073033934,78.79925974929125,52.4371321238119,41.10931838888676
113.88407121730111,79.06836346847386,52.60637294585733,41.00144144200808
113.2310815518536,78.75579812981921,52.220931358349745,40.80528760507235
114.50076204280228,78.11096161704491,52.550712860960246,40.691213003008464
115.29406233610597,79.94644704957359,52.27942881948266,40.67334454815634
116.29587226698044,80.09799746377288,52.47973056267578,40.612270290563714
116.99908688826933,80.87696007630474,52.14844291014824,40.46879539645249
118.0412640438768,80.81254090909127,52.25651733638142,40.48460064496065
119.26263304473486,80.40593531688224,52.63221671672808,40.66213863175049
120.12804292890746,80.68315998152305,52.369768281608344,40.78148715525444
121.77577605455708,81.15674462548625,52.41973628046375,40.61835702607479
123.26029594765032,79.8034855625761,52.46572166220585,40.527528142175264
123.73201171860288,79.73855025671327,52.42392734640417,40.437234084860094
125.19579169935287,79.56645850616846,52.40668284537162,40.2204764560266
126.4199147461384,78.2948440604558,52.28454370243868,40.18633292755496
126.61775995086964,78.9115503294444,52.30643597228875,39.78714756257948
128.81996891296313,77.9038210973525,52.23102462574608,39.69534684931125
129.98706472806288,78.246977577031,51.96400616677518,39.71721657220755
131.102994004459,76.76704999977719,51.852360739077476,39.77009658938147
131.75902359610518,77.60241199694354,51.92213961293956,39.582711031310254
132.55960554669733,77.68744207775805,52.132519996221035,39.425832986783185
133.52826073328438,78.33905477161092,52.23764697452948,39.189343813791076
134.66627080985492,78.60760349492922,52.17221097499809,39.02053325192822
136.74896178977846,78.24874515716033,52.039119568785864,38.96010378644455
137.88547483027887,78.55078311384321,51.87282275627176,39.175412652597345
138.95821261749654,78.13251423109035,51.98347926818064,39.20460935522396
139.9573810987447,78.5386792570006,51.82053450313124,38.913691859407145
141.64640411296057,79.65190955615728,51.94906469137797,38.87622791727928
142.8840826123713,78.38814196850325,51.769667572886576,38.93596519497708
144.67056338800455,80.36865009364239,51.725875551911955,38.78666662681892
144.40969980691892,80.85828238792686,52.4278594953148,38.387811681193355
146.0464341666319,80.73709720539694,52.38153420961666,38.4520860032175
147.10505583906252,81.46542569150364,52.26524771655977,38.77368692461414
148.28111098841285,81.50847898275202,52.12896767433502,38.935113125200004
149.6963011598183,81.48581293370395,52.232313754426244,38.75698487825916
151.06070671274443,80.16028226588277,52.34889935246983,39.00630626612378
152.02366440116273,79.66767392585614,52.38794623209152,38.80219590767518
152.83916124741472,79.5871217075258,52.2874590380231,38.83328661376966
154.04477222093254,78.68743170534108,52.403309291329904,39.2322694699802
154.73055844026044,79.47168621852721,52.01802477934089,39.385328532963136
155.5557706478029,80.43223040463035,52.02535243950513,39.638159149899195
156.4394584832883,79.76808186054252,52.196482060604346,39.59571395053779
157.44042989512863,81.98373239471766,52.15257358256379,39.476396249087486
158.34202637453856,83.02640214560485,52.024906772591294,39.18558554812162
159.67743316907604,83.17636462054202,52.23465092782274,38.439754778542195
160.3873846057225,84.54005051231047,52.019848393146646,38.33094398207328
161.8381486952308,84.1524825179311,51.83958747784344,38.42867961891874
162.53432407088184,86.40469516064653,51.941482420870386,38.060631858249074
163.8180112840513,86.53124913576951,51.83521160181489,38.07758642837107
164.83527826542291,86.76979190433266,51.849605867855786,37.723845674260986
166.6369999855095,85.79514676264625,51.88092286411752,38.20836455819074
167.4202097026925,85.95993484967256,51.92576289276772,38.261813914528176
167.76592470746095,85.45292479420753,51.862057199171716,38.376777616887644
168.55275755290077,85.40929311737133,52.04088467493358,38.18607210212643
169.05350302465635,84.59064800965973,52.00716468541458,38.44888728804198
170.12326369240418,84.60226769289162,52.093141320103406,38.36235124068047
170.90178003157007,84.83264451127695,52.42506896172438,38.29139076424988
170.93580108033964,85.21574724784767,52.314626660431614,38.213096541500775
172.08890800097072,84.81839495569784,52.60311029177264,38.124335328756715
171.88817080373119,84.91578041054866,52.480720502794995,38.15590098726764
172.90008852538423,84.05675168011953,52.850707954787936,38.20439855033119
173.54511450922413,83.03139002232477,52.688553394924604,38.317465975449444
174.57194623067284,82.61868580439844,52.6090525330347,38.40541380653576
175.30360266430878,82.48421490619548,52.69081397860463,38.5231985858426
175.02530569293097,81.74430270898529,52.68590588712873,38.82133904834923
176.4179267234229,81.71334484271969,53.10872830384798,38.86322709147345
177.08119943319565,80.49041449226593,52.940926287832355,39.28976790179848
176.6513638698868,81.92931949528862,52.63489989577788,38.90135515130499
177.7230312420855,81.6588905757641,52.42176214330588,39.15342699763876
178.2676745795373,81.0825558703796,52.404670688429064,39.33107158074519
179.25915501460938,82.22225794306317,52.483962444510055,38.924970249625275
179.02463683493116,81.26162868035149,52.421870171259066,38.81942013975122
180.50241151476507,82.18124227169577,52.92154022570379,38.54531691158868
180.64081048640836,82.7667070419335,52.978670705154215,38.70470544528665
180.83787078448796,82.23074638486868,53.10476874443172,38.53906138968686
181.9379282210496,82.5880398903903,53.14809222670165,38.446040819977924
181.43446021229317,82.5853137383059,53.44087707387768,38.586384566879374
182.3165118756612,82.17321673861174,53.374938434206946,38.94991942075482
182.9631497875113,81.67760038206083,53.643560567468725,38.97208843151249
183.2865699015638,81.91732084119023,53.47942955920509,39.01702061336329
184.18363447763954,82.09915197426184,53.610795672949706,39.195090506790145
184.94377815265355,81.74145954680736,53.50633836769636,39.34667796415831
185.40029316189634,81.13404960505056,53.4827198477623,39.31648359840979
185.47151326730912,81.07321526039391,53.55364195391865,39.175407776780915
186.08935038387824,81.10891812026395,53.58774119348337,39.175913122625175
187.09049276447553,80.73868448450365,53.714616340851975,39.311878356040005
187.66127318812306,80.51985034313395,53.65053056194347,39.10169848106237
187.2477357477811,80.47622859615791,53.581694412197656,39.02025423471416
188.07124369552167,81.10858951120558,53.72059449926087,38.83242615224258
188.2062087457514,80.87644001337483,53.62182397065773,38.78337944067999
188.45945795339998,80.89269631081487,53.56294417268609,38.72147158266071
189.05616250809555,81.71135020322657,53.58011079545099,38.74018408633753
189.16393278035048,81.79399422154147,53.73168618146896,38.76577737218179
189.41507154080773,81.94237236150968,54.073577778705314,38.660698087129504
189.96437520093943,81.76689765837551,54.17438428315721,38.85850670888472
190.2344856506233,80.89862527257208,54.16123920591865,39.18632904992438
191.13653808706124,81.64643169357112,53.869142891113285,39.2677035237595
190.86701823921555,80.71070918080807,54.01478556538311,39.40686407838407
192.05691388945291,80.86742714264983,53.99225352110302,39.55218572006788
192.49277608779119,80.89449793361717,53.80811591476037,39.52383533114016
193.21954890644744,80.97515714883447,53.685726502252884,39.48955410257408
193.42732731076472,81.34408290360152,53.48038626083492,39.33237733890809
193.14851611205765,81.27362785067591,53.397970129509424,39.27367533479355
194.0991179789537,83.06806346009144,53.61357974876057,38.962740591254
194.29983860293004,82.31550061834452,53.96042179638227,39.01040005265982
194.5592498559105,82.6325254163727,53.975094780765865,39.25819822139798
194.43743863721681,81.7443487345284,54.29777289838874,39.20013484842923
194.7144469613521,81.24783103934703,54.581405338667096,39.1754090870401
194.38172948110392,80.16040932850522,54.66932689645199,39.153055748279456
195.8948027436967,79.80000511824792,54.5102671959987,38.88096448716972
195.76077727575205,80.24649958934936,54.67639396106617,38.83347486622736
195.67806697745456,78.83844144593203,54.8084041737822,39.21434275159912
195.61964883507062,79.62784796563844,54.80819946935482,39.27357726204606
195.71025703686016,79.64524403536407,55.002692486312036,39.26939392457594
196.56742152618065,79.78997158777912,55.056740665828116,39.27614601476422
196.58007175453085,80.17099157659194,54.795326780967216,39.173591908471096
197.53921423829226,80.06229933204816,54.878320271474934,39.133591976646514
197.81393575079852,80.18466338734146,55.000502880352926,38.953727459519
197.15576940531776,79.67079856119831,55.08004036284402,39.02366907959208
197.17389597969324,79.3748832223809,55.47581970038554,38.86241338478433
197.02355999891694,79.08971246917861,55.578678932663735,38.844438365403214
197.4566179231256,78.58774128834156,55.73760779323857,38.81977365691047
197.34526656465525,78.03967696649777,55.72556844106998,38.92571945003405
197.40845032629147,77.65711314396665,55.63265889032658,39.056118347773165
197.5291687134912,77.76097459679053,55.5127911573718,39.07606398632065
196.94932266362102,78.09399357486429,55.75684810379761,38.84443745006799
196.2296809756014,77.15026977190183,55.67711531747154,38.875500782407215
196.5403845218856,76.80604725271698,55.609403461204785,38.89365979112423
196.08400336242738,77.9724558156084,55.356396644906425,38.888030882134295
195.21467104822653,77.48965391617115,55.23697620780663,38.90698270066377
195.40042146952248,77.903883985562,55.55838893035305,39.055998813799235
195.0149674409781,78.5032587234323,55.7265720383207,39.21123591267781
194.91368025395496,77.9313834944776,56.22023573200825,39.161798846278195
193.39636619030608,76.8735523187046,56.29389215249234,39.48009861892447
193.19511603755652,77.43323243570345,56.798309577778014,39.34666365378315
192.46873697461135,76.83493969094498,56.888384763276115,39.52118373224499
191.53395811019448,76.85666377040388,56.59208590985208,39.7148475354105
191.59042465916917,77.51235792748125,56.22653926916658,39.72244811502749
191.0699432815026,77.1008828271227,56.403840334523224,39.67527323983676
190.2525727452968,77.76783580891657,56.455967748085726,39.87361145518416
190.36232851218875,76.75513903043151,56.63185196969296,40.00773216621048
189.73664688127525,76.43548795098377,56.62891804718582,39.89833332533624
189.78293985727714,77.48046321814853,56.15604644497262,40.04029786233954
189.91491593207792,76.21476937997669,55.95212756383984,40.29499509451875
189.2291844748773,77.12186124087324,55.45469499146205,40.24649098847063
189.37949451673,76.99178482672889,55.330181990637044,40.17406539875208
189.18577593864865,77.35427301975398,55.17000576190943,40.069475306199465
188.0598543595397,78.41542786833604,55.24436808191231,39.794128324387295
188.37315873552856,77.91148328639622,55.06820378654182,39.977481579267334
188.70657137960143,78.21658755127665,54.523916211704346,40.26023767845581
187.96970874936693,77.54765635050452,54.8081627964654,40.496888918674
187.52022473826835,77.30744601703663,55.03093403079156,40.393356224804265
186.3550908106403,77.34897153307196,55.52352090013335,40.15393268330292
186.38978412336502,77.5785524709772,55.650778915036284,40.19900516840239
186.24284459270874,78.33340497797454,55.447438721573526,40.35740967323542
185.81091650067992,78.57310460296523,55.639456358892645,40.13828216571608
185.72042213445823,78.84780529217092,55.439089963802985,39.846434210779414
185.46539912575437,77.88545485071991,55.73775479629547,39.82837587508367
185.1419943206446,76.39962915634433,55.96422270386078,39.97841664773242
183.5187371907142,76.93027068789203,56.36405838344045,40.07170163264853
183.50212473515262,76.27680864238499,56.71742441470248,39.73116661195531
183.73256906522715,76.52151115722637,56.23593423592504,39.91305827198717
182.95206222428874,76.27731829911428,56.44302140539615,39.97724073045735
182.80307135703742,76.43156190978122,56.42329599772218,39.684556482430985
182.51220611613024,77.57880231900903,55.96221549890717,39.690928568434664
182.42044436603513,77.6646098604026,55.981513281371974,39.550086305433965
182.3768405860955,78.02929239235846,55.96712301831512,39.55389199051788
181.91687927805702,79.02400787407873,55.99633997022305,38.85176115419641
182.29322190775065,76.99198181915838,56.13697313070347,39.07317137693484
181.32627314727432,78.50319458127572,55.96549489112932,38.988906355751595
180.91533318475086,77.0308509398013,55.925271531338595,39.28005802224057
181.81692935540502,77.13642167372888,55.678798185248425,39.337674633962784
180.82523412500032,76.74917004679489,55.7499516710064,39.66145189311279
180.3192838398365,76.01698297829469,56.04802115828997,39.71523075792346
180.2649829999168,78.2402597666413,55.81998127410654,39.52151606967499
180.50994569990795,77.974987150913,56.14468756453057,39.02576820696535
180.62512959553257,77.75785711215538,56.15606267267224,39.29187447461982
179.66985050831656,78.39937545184003,56.19298590400411,39.510205986136455
179.35702392684095,77.92478735486173,56.665571662496504,39.739182731073136
179.21637371407763,78.2042113002827,56.76410259652896,40.01992155508401
179.64151894675314,77.49031640056279,56.81053754105598,40.39275042079118
179.1355159740531,77.49061970833603,57.12844845066782,40.58460032484389
178.31392766392048,78.3216727092746,57.461503577810475,40.045100279714845
178.58329725342782,77.39059702205313,57.824311956608334,39.951758432484766
179.33164625757388,76.82807213076836,57.908150348631494,39.971197227013
178.96491962218394,76.5300939643289,58.09794217513339,39.849352114548715
178.19308277346596,75.77621812614825,58.26038445418471,39.73342727176755
178.3709105905577,75.84668341846454,57.633014809376846,40.129094277562416
178.44055468500687,76.01966331460491,57.44675319936705,40.10532840076717
179.71824140144565,76.00325853078908,56.77703194901113,40.09703862104426
179.0737484104368,75.5529152210269,56.58266538308824,40.1509210145461
179.57089617854143,76.69749239811189,56.87725659454803,40.183569629704486
179.3309428239396,77.53786784013187,56.683954990803684,40.40070983831572
180.50779381775826,76.54378086710366,56.37214750567575,40.2757260066123
179.39103646707912,76.19527359983529,56.74077962571434,40.45259644286488
181.03369513580296,75.61011330349685,56.13112806073071,40.66480987593698
180.0651538834964,75.09494039443484,56.37944124261659,40.864499639349056
181.02677645415324,74.77325601474121,56.387068422392986,40.82464111134756
181.25431200445297,74.53822252062993,56.435611662117005,41.00956608357486
181.86552486771987,74.5253769033306,56.15984967333958,41.13925999226346
181.27294844417077,76.70783653147248,56.14367638866301,40.738586430232544
180.6423971560229,75.32936326473816,56.54835250636622,40.65493226475247
181.66688520652144,75.86790081738599,56.45542482607546,40.610512213383835
181.52573380959083,75.28991274575355,56.86215862268346,40.692120608287865
181.8225718537331,74.82052752164978,57.02816400505347,40.67366542123047
183.0992228715197,75.0728318638655,56.88890160823073,40.897054227658984
181.9184540584289,74.00103599042941,57.15880574252043,40.70937590651492
181.8902977779748,72.96773734798076,57.568340932184356,40.514001197875494
181.98541671822346,72.47352321698781,57.76501365281129,40.69190973030504
181.84794796453576,71.03392231159,57.777396497565476,40.9425641975769
181.79318885476906,70.84371152943103,57.67561825933534,41.004157612459394
181.81454368069888,72.50335841700388,57.26602230956402,40.8715201479897
182.848878357038,71.77244385471272,56.891647532997084,40.89897245036187
182.93000124416662,71.41002797955068,56.552285138780064,40.8932102192856
183.10039218768154,72.09068162270692,56.693098848758424,40.649514790546704
182.9155382017344,72.45959480703702,56.99815828662583,40.419259255782116
183.91034556245546,73.10853360330634,56.475367237188976,40.243050888264705
182.94588349673813,72.74486878068214,56.3311584793709,40.24876578921661
183.70592494819013,75.04712967701954,56.47429558264354,39.60199240322329
183.57468909233285,75.86213753306302,56.70650824792094,39.397030881380005
184.11197012181594,74.6177762113757,56.92453251917178,39.5877218081609
183.67280554204297,75.05296653849821,56.945198337997724,39.723910014267894
184.37163469045709,75.93045135908764,56.65292353429271,39.55178468263686
184.20006799213672,74.4937929804009,57.07838677562363,39.573256236166635
183.73569490700606,74.44049469436142,57.25175602385606,39.56460830145357
183.80245652236727,73.88978510993195,57.4258570897661,39.45211084155399
184.3511883329252,73.55214345916553,57.41709071833823,39.69858702801939
183.65897524622517,74.11664587454692,57.7048708985666,39.17679912380984
184.55637501882487,74.5255305794388,57.074112645514575,39.37833890113576
184.71211959038644,74.37493728998797,56.88969293272918,39.433807717013295
184.9429609142636,74.76513338231234,56.853299890345454,39.544683951521975
185.79119930369498,74.16315454643131,56.581864875383076,39.87267777841796
185.58714986395788,75.11303523518097,56.39755044604702,39.72348100225635
185.71376053363412,74.68484214388877,56.44238051914721,39.71846112459089
185.77470529534986,74.09913368992788,56.185386526237004,39.82077504081504
186.5063222814114,73.47562346067032,56.22839299093027,39.2236817403336
185.90667962749063,72.69317543079,55.999207832664524,39.386682439556125
186.0468760263304,71.57731916951944,56.11013728536084,39.69304741903176
185.53359182671238,70.90270303256604,56.39895752164507,39.703286803572034
186.63310821191882,70.59760603958611,56.86995614443941,39.397612891636484
185.29147773951567,69.04579856446009,56.85387899841853,39.74218151509753
185.19961075730194,69.02095636139335,57.43951498824005,39.5319766574059
186.73661588643353,68.87279890151218,57.20108483371074,39.35217007599625
185.82660755891808,67.58012368249399,56.70097628654044,39.32180629710627
185.89797051600902,67.55738065405525,56.695013988020904,39.25220100178246
185.36091276189296,67.03040285364129,56.42136992441566,39.474597123514876
187.40814513266827,67.205846763944,55.565503196786494,39.604226063996855
186.26598543848354,66.61309784647207,55.29747368763891,39.643679452654524
186.198679345718,67.3099099324109,55.30763298582963,39.865656395834485
186.02293660095063,66.43220077023186,55.61625651359054,40.19389790187265
185.56876572703175,66.97942032094092,55.689396486965094,39.92224708799643
186.38422410202452,66.72254570129925,55.38507753067403,40.012398846648765
185.01988540839193,67.12678363097602,55.555073543892334,39.90548438228958
184.79782690304393,67.75022086887572,55.63253068643538,39.82314349199159
184.5737742527235,67.67507788365346,55.859091127050306,39.68453250763875
183.7200484502352,68.63208335832505,56.26479003297875,39.699499325268306
184.7499336028916,68.32437285271575,56.093176728592155,39.768069864915205
184.56675552546994,68.76282097831282,56.07345583692025,39.74126493771806
184.2835499963107,69.33239891740985,56.3790894515845,39.59490543630098
184.12250848486016,69.09761213282064,56.34742445069456,39.809225495703956
184.12221853913576,68.93424100473851,56.238639935348644,39.90618624432254
183.2509600259751,70.68611141560964,56.43321605438807,39.94064539576678
183.91720649369984,69.71671577561426,56.517891646897525,39.811789691245366
183.53476115870833,71.18596725984567,56.570067806925465,39.84674701656591
182.6833305743337,71.73268808784911,56.421109723806325,40.08827141870525
182.87877215568102,71.49071208293094,56.16328609062718,40.26448318923542
183.1928168690428,71.34193657768427,55.92947501601282,40.09612778617812
182.26828303200068,72.2116040149374,55.785116642915966,39.86059949217524
183.868143349228,71.21972868472346,55.71536480570645,40.09418956105671
183.47383228910013,70.47050435601017,55.70212705316541,40.26439969179758
182.2381173270918,70.31062649929416,56.0552974304547,40.33902784505421
183.10321992160084,71.0049549909792,55.75566066501639,40.23760656442821
183.1353587314565,69.75864370465382,56.11877431029406,40.312445419624716
182.322057625992,70.65544468046082,56.10845130511351,40.17276880862103
182.73847195703385,70.37737815995644,56.201841716067314,40.06684681293315
181.5992121478933,71.17481865175208,56.17792444979206,40.07962609298647
181.66093476449728,70.64939694291361,56.30988256020326,40.26306160239133
181.80948388451662,69.80593139792279,55.96680145251743,40.55216641628719
181.52319444308085,70.1963413177603,56.05595815454102,40.382190834737514
181.398799650944,69.5985196156886,55.92318162178127,40.38739651527951
182.95034001518553,69.14114017167182,55.453084424947996,40.31362490707734
181.5698926235301,68.94154873748887,55.684390370827686,40.427622008195186
181.42885763277948,68.88094410640451,55.73708468969302,40.455708291037155
181.57374617581218,69.31786836086306,55.77937880656047,40.23668614113261
181.2376562070343,69.68466518625915,55.86625869437209,40.10028032895721
181.04791873743704,69.1261709224179,55.74750320306387,40.35225458770518
181.82032258259662,69.99068775315547,55.8711363921221,40.11790909969652
181.77980709150626,70.289934256225,55.689153203138105,40.143933589470606
181.35203636894246,71.3170518144774,55.93034129007549,39.99767949681109
181.23972709474128,71.28349107125786,55.72011821802335,40.11068365560395
180.4385481616066,72.95669783535382,55.798306500077956,40.13342761098785
181.16103419187826,72.73478603976275,55.46266988481848,40.21069736299708
181.7683279846585,73.85665309022949,55.00798227185605,40.23377249789359
182.1005347593295,73.8185548235439,54.921224711874146,40.16937906392348
182.05516552768933,75.06166092260418,54.62854407892797,40.23781388115895
182.01367315507824,73.42828875345997,54.70727825230627,40.641239768844024
182.43723009144253,73.19755938773953,54.581084320168955,40.60234709547972
181.19101860311457,74.16710289778385,55.00493112177332,40.50870167306945
181.27520699108604,74.21154886243806,55.00566852492655,40.602480634035615
180.63406310839207,73.99303044993789,55.20620007604325,40.53474246942913
180.7999155376289,75.02431815526613,54.824279920447296,40.3197849105021
180.60887798202907,73.98493518168031,54.97083594713163,40.404768339096485
181.41023327673227,75.57667270700807,54.758290372103126,40.35843440370561
181.43275640709615,75.42423612167234,54.49922059555939,40.604013599555316
181.08527314263787,76.0089363840467,54.61717999463593,40.57535107936989
181.95750580642357,76.76741633971018,54.68889788959555,40.00871220440746
180.8172843684624,76.15448465909995,55.01102273536496,40.2980071148187
181.67228229343226,76.66425694711859,54.93625270347078,40.25799450886091
180.75563956555908,77.58708238393555,55.299697466684975,40.00481311889083
181.41641310091498,77.24002645262415,55.29085058961863,40.40212410204773
179.8257585270771,79.41758561648307,55.49623577903806,40.31239180403432
180.33320475650174,79.08069048662492,55.445907101609556,40.61194315877286
180.00111290037262,78.12619295810204,55.64282969843613,40.87562711319635
180.2816521697522,77.20171928527668,55.454578585996174,40.86830995278103
181.11007974773756,75.31748045383537,55.61694033465754,40.88511542277104
180.52060010689638,73.85267860777209,56.044766333304466,41.0260141137127
181.21442789530388,72.71941887123586,56.216674318070666,41.12548907320847
181.3148482785183,74.24137415201761,56.39432592848162,40.7520325841637
179.5292158405953,73.36930771199724,57.078354821138575,40.97436667686094
179.14799695155284,74.73356635981801,57.56114735789842,40.9731969470717
179.57198664534337,76.07880495533195,57.42443138981329,40.74824016613799
178.85489124216028,75.07681864232977,57.864120975076844,41.18630042990361
179.655361102304,78.19102456146706,57.8663910418197,41.19234840892811
178.8591133386543,76.90558667139737,58.09111821856776,41.674245440622414
179.55878754520216,77.98421737495892,58.22352292431016,41.362612836514245
178.41704190029284,76.62365585165112,58.02722837431747,41.42166233477468
179.77146661850813,76.98839153123023,58.04857244583974,41.075592024070616
179.84547532298447,77.01569754450648,57.99028745934724,40.82233551104209
180.53280288406677,76.47516861244623,58.18620264333006,40.42900080050083
179.37948656625636,75.48519309560587,58.16945743139229,40.633002962217766
180.69121396053555,77.37906204143503,57.89604926494381,40.04084534494668
179.78948101589228,75.60220285613727,58.214921327533474,40.35263987332699
180.03220935680164,76.94811247593357,58.35407947047112,40.24353019475968
181.01155062178452,77.05339433637907,57.950680303281935,39.93580384072843
181.6065002671257,77.08464777163597,57.7027726817372,39.45010967142449
180.58821210978775,77.01127525922747,57.81655031478908,39.27731503228381
180.84226576975595,77.11851375808678,57.8208201963823,39.11420378079603
182.32116614839344,77.74330718535451,57.39109860163181,38.60000871225091
180.89525493836607,76.62387903847088,57.53931848351587,38.78642566972513
182.26119008330028,77.07274085490346,57.36254439203654,38.514584860149704
182.9620274188765,78.00304100264069,57.060197290276406,38.85496825904215
181.6494225885957,78.24633058908353,57.42652198719884,38.675877323522016
181.6277496462331,79.1774932880789,57.7923949628938,38.767706932165275
181.4569421648003,77.77558105975297,57.90263813647299,39.09337855847142
181.986986474758,78.6271598872295,57.96064900534908,39.34948012790222
182.5540555523863,78.13974556577513,58.18857653015668,39.359827322874
181.91193636666958,77.74100871931027,58.15252180871478,39.604080723258505
182.89152497348556,77.79085998620083,58.07777172334902,39.659466044627216
182.6161770958704,78.40245858279157,58.069740428170974,39.6000648265695
182.85970106392347,78.67771822552487,58.18443955153283,39.5580667538254
182.42986016359885,80.05130323221434,58.52522274472539,39.3819715230225
183.04094590134525,79.45217853281365,58.65170638502799,39.25214963779472
183.42915907273346,78.33787170565523,58.36221988410591,39.555182112956444
184.04130697151527,78.93750830462258,58.424245430144026,39.23124914752456
184.39606258286918,78.15843954070962,58.5131520474158,39.16320257111359
183.91135727752183,77.67527085142329,58.48336638344756,39.46249822360432
184.52585993465283,77.3834952128004,58.62585529841854,39.358665580073485
185.2672370168184,77.63042096573918,58.836295520737444,39.31964155133336
185.24790507020856,77.01451027790957,59.20132499690047,39.21819789825156
184.66654180712393,76.98928812654249,59.40569804385104,39.11172621104985
185.870395137118,76.06932778949289,59.635397719329205,39.287942963778576
185.16232193101834,76.84559015081214,59.85549426414424,39.26151440921005
185.70314556822308,76.3598503080361,59.66276226012414,39.34567335894489
186.17930198510916,76.07407208824306,59.72637313995154,39.24072632070701
185.36088142936646,76.34323305752189,59.79005563042525,39.36775121618994
186.10594514145538,75.3843926311487,59.94399004375253,39.399950632843414
186.44935678218204,75.77454642592491,59.8793274916614,39.63487064123671
187.2679416527261,75.40459294787043,60.14439861588792,39.67114274269016
187.37536403605847,75.86757182253282,60.14562508002263,39.93418068856246
187.01892732509145,76.85115757010611,60.566459601843086,39.66973403322087
187.62401082385188,76.10320965395394,60.39765520288673,39.95135162621438
188.1607459146466,75.1374258330156,60.37344687882451,40.31622288009256
188.36370624572385,74.51200975784789,60.74984955465527,40.71180248058586
188.23623387599247,75.49303744945797,60.67345282000124,40.56362755901652
187.81628080771003,74.90193407677634,61.11286125144245,40.84561616259417
188.27141736309693,74.90232243266983,61.096751064593164,40.94929691039196
189.36123822166815,75.87935526839385,60.82397152884715,40.75512182928411
188.61155576657288,75.89172640548455,60.98997123936972,40.95666497816758
188.65772854395885,76.93047020539588,61.20462212524201,40.88253165015871
188.26944741727777,76.14785371335125,61.79885294792692,41.15778913709501
189.08051241535503,77.02967948723823,61.68574207606869,41.36812248128924
189.65194943196516,77.45043016594542,62.192586882907975,41.2484951753017
189.35173903009593,78.5405184696984,62.31574564663975,40.92384595636872
189.84414981161711,77.43321362994303,62.481054224702014,41.338101743844014
189.87727319516765,78.02100028222148,62.7233962764873,41.18434073834855
189.8425357400965,77.68834396653881,62.805912209103454,41.56233645574585
189.67664637135968,78.47758863700417,63.43281005687096,41.46130136998326
190.49811883400054,77.28577087013021,63.856840275110685,42.27852322732067
190.92168633040592,77.6480237314445,63.70445742595477,42.48979833947974
190.7566532367042,78.30714959374733,64.04555892658198,42.83809314337262
190.51199740451656,77.8053696547342,64.52467015454602,43.172157137125566
191.42065474943598,78.11547461946293,64.49472465680415,43.691817394375406
190.9038047906879,77.90465607771789,64.83003804731673,43.88912754365918
192.07491727549302,78.02399041520981,65.07244346470047,43.85699682985137
191.4935095124181,77.97636972922008,65.19969057363933,44.12504351605014
191.35861206177142,77.86064491393171,65.43743132989721,44.15252262343555
192.745326897472,78.49011626419701,65.44921495878933,43.9003050377754
192.00503585332137,78.14896439245156,65.98603677253502,43.958746109090555
193.36564307681616,78.78575991508002,66.13930456180468,43.63864942776249
193.55636575042513,77.4824325388906,66.38421188385047,44.07164140969635
193.66350809182123,77.67714017678908,66.39115965802671,43.98709907552037
194.7630964334307,78.58611239738899,66.28034880825527,44.372588679112816
194.16902505351342,77.7491836685591,66.55393838917989,44.8225411389674
195.53263838291082,78.93016829694584,66.62685376221006,44.623089882615666
195.03900497545908,78.82785581123653,67.17538274122262,44.76195006686013
