70,51,107,87
70.733017648396,53.55238911232125,107.61783811058845,87.87849650081753
70.95216133062029,52.93508967770801,108.15931973683865,88.83620553595435
70.04106270107204,52.00366120923728,107.95997310965764,88.98563806082572
68.2414176451108,53.33846303876688,108.6319683960318,89.6652844292967
68.13134439771031,51.19043326486661,108.43608863510782,90.0405819411123
68.19392459787356,52.43551634956355,109.05231940064314,89.27029689681395
67.51174527083512,52.72011667720754,108.72490319852972,88.97612247495667
67.25213786737328,53.332047342472656,108.72442013654819,88.9097446930082
66.45013572865656,53.9197317505006,108.77709379952894,88.87878731963795
66.17446417617724,52.82837335667925,108.24118721733623,88.66299266105685
66.34584211796151,52.656784135792066,107.7845248274158,88.46858709254681
65.71212255642487,53.25786499409665,108.22594183945233,88.54660774513599
66.72213174119372,51.66412945830638,108.0331626056249,88.28757420826727
66.22102312299896,53.3846937330288,107.49645032129563,88.07550677542983
66.44392638944362,51.72011992276247,106.9882525503494,88.02782104369267
65.24985105917034,52.48022466398744,106.26684199739272,88.08408389654628
65.29458548411947,52.57007817012635,106.06833902190552,87.91586751131268
65.66942019068212,52.683134629029794,105.72049283739216,88.03971877395682
63.9099674404211,51.92733735866403,105.27574056106329,88.11688168489846
64.05537352236459,54.11307324383547,105.67274836651029,88.20862299869853
63.73333038055918,52.25172288317265,105.71715167447798,87.91207945954238
63.71079050781506,53.35391470954291,105.43826044307448,87.56418162124542
63.584525961928165,53.943044259674124,105.00862211298005,87.20264946181192
63.72256093658113,53.21886088340095,104.1834349171038,87.07089043312618
64.12549573455067,54.46812011656173,104.29030542998196,86.87623111894503
63.98074212839984,52.46305401412299,103.81918183707955,86.32107563242073
62.507987543726166,53.09868267696696,103.93472228087033,86.71478987730745
61.99443517753212,53.86117688433984,103.77405646520081,86.22375398841518
62.61741712155973,53.8408198671432,103.77774073824504,85.34638540539966
61.95523119371059,53.0325091098041,102.9553261257305,85.25305660606453
62.955036410053424,52.67459447895907,103.19837668739007,85.19712746018261
62.76400096407545,53.7548144204766,102.35664133193853,85.03338213952954
63.26263895157673,52.56324986437359,102.29098776904794,85.08901830857249
62.51157706555321,52.05891542083317,102.41901426102666,84.79051051148434
62.035258121418934,54.378294667012774,102.232939885527,84.76362740151457
62.1258886263993,53.53384220416959,102.45717973024054,84.25904723410667
62.55552646198362,53.395003514192794,102.36559305884143,84.2105191083973
63.297636766309154,54.462214008965574,102.20614955742502,84.10729968398695
62.708082055375925,53.27062694207471,101.89967604437862,83.94732444058934
63.47486917261766,54.4311483481283,102.18173386975988,83.92270945502031
63.25779507932346,53.72085182508594,101.838526667373,83.97717559789125
64.4461882317195,52.096149059687434,101.29600302233781,83.54481822419348
64.86581615076145,54.75265291219189,100.66182003050693,83.33867285635057
65.42329355335625,53.25305379230337,100.71114633464248,83.38965797165584
65.44407112562612,55.78077318901091,100.70399286187737,83.11420387360472
65.55867901250335,56.014159735467686,100.13271340668243,82.8895705486114
66.49418153090514,55.79695505703501,99.82304865124576,83.01240156087209
67.82434964245603,54.57708926163042,99.64029760720769,82.4828058668601
67.26226773883026,53.779488626200916,99.25990538106788,82.27470378298844
67.9215376038376,55.546799303066386,99.2162885638366,82.3115022538099
68.59183006014919,54.71720790398035,98.71945803557864,82.312852267599
68.32702872540963,55.14763710270135,98.50880408224735,82.6014626157916
68.31875722445804,57.454690949951086,98.34165225719963,82.57052454944247
69.23364233200994,55.714100222819866,98.82198961942836,82.1984195722629
68.88020705629141,57.97417930275025,98.05744167262114,82.22460189405014
70.30147811028824,58.836947703061966,97.71806849365163,81.63470715690144
69.18535616053397,58.597508871460334,96.90660368873529,81.05536706829523
69.58261661622365,60.395024786890474,97.09633955157362,80.95298278719557
71.09675577612911,59.997583373263744,97.39571092794205,79.7926972502707
70.15867727775654,59.70398531088665,97.40148709273501,79.61494150724954
70.04024940568843,59.03050415628348,97.12693724025343,80.14971341234487
70.0846994807109,60.62741458974568,96.77381230925566,80.39585155250248
70.95506713536382,59.5059804075193,96.93392967239205,80.26262882561537
71.14233508036651,59.57407088897569,96.53264617792824,78.94554192334753
71.28995446869105,60.149804497946754,96.49432208675057,78.91583916351983
71.0213239672679,59.634245434495355,96.55622983586771,79.02503487641636
71.41919855577167,58.86978283948453,96.56953069894112,79.20681803305959
71.42849130340196,60.92413848791334,96.41046319913977,79.23506183257052
72.23002194762182,58.660653757268165,96.60496224019818,78.95266870240366
71.93024137669913,59.326219620981774,95.90079327208048,78.92700768094818
72.9614413248928,58.91861411118629,95.52830460166632,78.30530269173485
72.69777275094489,58.514922013396735,95.24948725902448,77.9922149079422
72.68341748292715,58.04356584807936,95.9409291728583,77.7041184916077
72.53087217100949,57.259288399772856,95.6215477839418,77.67043674218914
72.18737494245275,57.02142151245877,95.82299041634326,77.40345680986567
71.77916981247692,57.36389381920029,95.16876451189299,77.60405764289247
71.14522990245172,56.75564533812417,94.96856645020681,77.76640113072406
70.84785758783525,57.15484567199141,94.89013795659561,78.8958372650822
70.6738596871414,58.20085563098501,94.56169092698026,78.39801597441011
70.29375084252932,59.3012549964673,94.57303065126692,77.96452429950939
70.34512286519379,59.93591112737194,94.67731562850699,77.31631204666218
69.97940791893004,59.984066407270866,94.95766868114173,76.66000319854653
70.4241318398631,60.94228679661765,94.77587995324977,76.37224649813211
70.17968809002724,60.76255270802994,94.67562961111447,76.43465865197604
70.37356879826692,61.26960812919027,94.3228758253053,76.30370395433094
70.01807754916139,61.95257369032313,94.1929572747903,76.11375173988871
70.55190174275783,61.81152646256915,94.19454023041627,76.31271389652832
70.55275189291139,62.03112985356952,93.8887586401749,76.30224869141598
71.2854476003817,61.25878639206084,93.88960538357212,76.24993548792438
70.89912059284269,62.358043453652876,93.7140396832445,76.54224482746399
70.17975897963392,61.59439121877392,93.19631249513552,76.53922094979356
71.05566012188916,62.39966698191987,93.10914617947552,76.41098416705405
71.28570135713233,61.83694111581692,92.93889234965857,76.10568765271707
71.01159732338185,61.459700615983294,92.75201153544049,75.82199906113547
71.3479556165778,61.72603387294849,92.7137394365941,75.1536868320243
71.61309399541817,61.65063567677895,92.2562282328102,75.23441408968404
72.54755698386957,60.870291057769975,92.6108520069802,75.1199458436001
72.14509338336848,60.91964493351159,92.30458191902302,75.3617472234177
72.71006935363067,61.271182221088914,92.01225584421496,75.31000881937364
72.95939990964526,60.84331756909182,91.5338989852512,75.29343327844634
72.87360065360186,61.79389417425284,91.22499761015175,75.24702424741147
73.61237251594864,59.97026713887222,91.82173318542104,75.22589388960608
74.00644359814889,58.35207346937351,91.69549343695448,75.28548389336675
74.91929902865373,58.629337323206684,91.4089808085026,75.2312270461868
75.5241767098293,57.84358084916316,90.99134135888946,75.33286852884532
75.30286954486087,57.46962117921525,90.3450684797186,75.39600592123188
76.64416824912556,57.819182387074406,90.25930810773814,75.49510518566598
77.15057493569573,57.38116410009406,89.80826316615665,75.69927527045773
77.03064523702238,58.544672636378536,89.84228720456929,75.7144536909667
78.07665075302998,58.41342125999118,89.88714067729336,75.48852814195948
77.08175826089462,58.07101191375487,89.54032337163264,75.40578190260254
77.45803368447962,58.98836317090731,89.808983542166,75.4781603237662
77.99312113928268,59.15235342326752,89.8159650869299,75.60229179511042
79.06955751094677,59.725257206548605,90.07772423111625,75.19965637752989
78.37314916667776,59.21415355035246,89.3803508101977,74.81697632521006
79.05753393740278,60.288516445986076,89.67144134832509,74.71377023243232
79.77787222265734,60.79587490248767,90.00516614878248,74.3492314492004
79.3707700113203,63.49821054566497,90.1512843084943,74.10424741476295
80.15903978627269,63.77183669385589,90.32943438561031,73.36995605329841
79.58761934226723,63.583172272395885,89.91921763670744,73.27644538514332
80.218036343111,63.47274380395247,89.41772917930578,74.07520241740468
81.84822067612227,64.35898543720832,89.2304922723871,73.66969218452326
82.75682230492579,63.140664520224824,88.44364093041318,73.83099553164287
82.6916955668342,65.04513064477875,88.53419501996711,73.82560829405699
83.75293070803556,65.48678289946723,88.3296719428678,73.55948696129849
83.53442857933867,64.60419671724092,87.7051399774777,73.71156203404692
84.36309448361865,65.75832769597986,87.53760244121622,73.78845799392697
84.44308611256692,67.30009687662672,87.12270289442804,73.59169143915739
84.70262048717193,67.18220458983133,87.14147696706493,73.54631117047745
85.6458390460991,68.33724693791221,86.98220808812312,73.46815474369367
86.36892197606687,67.73119623525673,86.65713414400705,72.64739015748867
87.49928653346967,67.90633923763049,86.45963030153041,71.74664591264576
87.68146450113305,67.1773076855298,86.36657866412898,71.3775443022746
88.53525737324844,67.90863064975832,86.44575077648199,71.2584808757697
89.19944196843551,66.55892872325902,86.0137387563649,70.57093391877744
89.74079655210414,65.88691623479123,85.74278596818192,70.06292385931431
90.34940923322148,65.99595182352678,85.43691222192824,70.20423696535912
90.64877256492935,64.62560239943677,85.2395523332168,69.81801561934674
91.93871465430118,63.99527087922304,85.09691692462172,69.13431003792016
92.80646526851594,63.209623537758546,84.89995486217171,68.64965673111399
92.57821663605453,64.08826910128718,84.56751773180056,68.2120868807707
92.9775192852234,62.34253879133569,84.50491970462333,67.93150221667081
93.83507982659528,62.22244672249151,84.12729814331001,67.59339282597651
94.89646660102358,60.30965616338361,83.93436652166766,67.71285226312173
95.76759737704288,60.36952508292215,83.52939750541383,68.04506305431755
96.0551286734067,59.23851410729695,83.32203792274338,67.87816902603976
96.64843053085121,60.22403241997013,83.1911526627125,67.62336714676101
97.20050288325407,58.62759611738806,83.31883234674915,67.70750139632885
97.73231667782487,59.333379230844585,83.2370096554063,67.6514523800563
99.16906648159903,58.95420337908743,82.85178544429141,67.38634738341702
99.61885616276878,58.44272616738492,82.88684560552142,67.23670749876902
100.43393318618655,58.89768443486353,82.53446799955958,67.41448806646706
100.77740742002898,60.036987582825,82.80761136739014,67.1245855947105
101.6115136659378,60.91100090502271,82.49036618716158,66.53142165812584
102.45798690822731,62.73896111267859,82.44951303562155,66.51355989964107
102.93142432418314,62.66167987211732,82.13847428364838,65.65451498294053
103.2899752801447,65.00125623380876,82.34767541235115,65.36931692510149
104.4250200062049,64.61836121525275,82.34609330092576,65.04217519049847
104.90036371570169,66.29284825181783,82.21520340837671,64.5677361553214
104.91051969894488,66.46903031109838,82.39062781217001,64.02312121386035
105.68001164341989,69.21332201418896,82.26224786500401,63.47958283028806
106.28860504773662,68.49578637695863,82.20986430587928,63.05897383166723
107.22013491578926,67.45513187887033,82.01434946197452,63.43715093688513
107.97900647602752,67.06728714088723,81.83886503107325,63.366650245102136
108.76031535251606,66.61647138643352,81.20682057958842,63.66307525563998
109.58265421639612,67.78686748899528,80.82635348667486,63.51194616746355
110.0118598081456,67.6853064553821,80.67090070719274,63.081428480432265
110.54001065330614,67.99390270064421,80.0823457385479,63.53779597740234
111.93071870300213,69.0559664145921,79.53750043753803,63.41567196701362
111.74814673189755,68.50926065086449,79.30286886605752,63.21083813391533
112.26601367105442,67.41000257623551,78.97013276935256,63.401576497919336
113.1035499296007,68.68424531171533,79.10334551399254,63.66441685890679
113.8079304346525,69.06325088240222,79.02625616721255,63.36080725317267
114.77359538545736,68.9124957385733,78.92500713935834,63.07988165169124
114.78468273335868,70.09704742684391,78.71903733378375,63.07402130742713
115.39912272713642,69.57317842516447,78.16904717111419,62.704881974949416
116.64513085978541,67.94688021097167,78.05204126163015,62.549614480745824
117.36981999904873,66.75071499758019,78.2128712108119,62.433054838712096
118.17495953566728,67.33498527379695,78.37057009010634,61.99939953406492
119.09035482137897,66.59971478726081,77.93771108156577,61.9022237328315
119.37141942855575,66.15987900347007,77.57712377469119,61.89714850998658
120.21724931606838,65.40984033606571,77.41278318648982,61.809436452946784
121.27772205768102,65.93617203633042,77.14294921354184,61.972679510462015
122.45220750294425,65.17856279825486,77.00532861038006,61.85978849509451
123.62384825198721,64.75718944643185,76.43362168195475,61.24015736708303
123.94623639354549,64.64624741821449,75.64144404423318,60.75041564510755
124.44308601472954,64.82268204962759,74.81509499902144,60.73843599312532
126.1532414930939,63.94529633843859,74.25580476088066,61.265720827446884
127.22392986652865,65.42630860105129,74.1294669707851,62.048486725464784
127.84911122854336,62.439777959870526,73.96172937099664,61.27363886300992
128.37310238833547,62.773939237810005,73.79124164809214,61.74822197873628
129.16445460929418,62.734482206032055,73.44440192946205,61.71867458924174
130.10733171367048,59.72121605478362,73.28922286409855,60.240513429061096
130.97514999172813,61.58959383549338,73.18394457633391,59.495961538312386
131.6004706178608,62.94725276676171,73.10801196640062,59.57507260767508
131.95503311531343,63.49400356642327,73.03869047941677,59.58358086766562
132.57261738397497,63.692050744940104,72.97699603146316,59.73663520986966
133.37456149743622,63.941573558149905,72.52064175342137,60.05725498349854
134.3402462752017,64.27394022619316,72.13885525476474,60.43153118052949
135.76129920097213,64.21666135675935,72.03991351463512,59.87912738093007
135.83933449931146,63.97883824925373,71.47095899113825,60.18338777765607
136.8657752536107,65.34414982591724,71.21323182468204,59.783511997835625
138.21215331149537,66.4081884001178,71.30457590808977,59.95105507269876
138.76168257612395,67.69207246797096,71.3537979405064,59.86374042945331
140.62183661160213,65.45820513303178,71.05811506636334,59.0923428032752
141.3185586660931,66.78062557427089,70.88290429995047,58.28669834321569
141.52034451221283,67.470760656523,70.60677410834833,58.189531497570876
143.0299513025114,67.53142693997293,70.33160935774288,57.75055569409371
143.94816439967164,67.8846872208015,69.84951247474464,57.59026265158963
144.19683089172503,68.21642463159755,69.5252109155427,57.271168350187104
145.37031431610143,67.96160819776033,69.72489361453175,56.796795900171304
145.0097768762853,68.81610265498487,69.33853349629865,56.7744909173069
146.41256983746666,68.53219439601764,69.27381630077241,56.55927261721921
147.1173609569357,69.16413683788595,69.18978100410696,56.6414715843552
148.63205867227555,68.90233138943071,69.02697310176117,56.57930444017438
149.26383094363902,67.99372434269756,68.96673150440677,56.2774488813115
150.25807713554494,69.1025209979248,68.68631197169218,56.37064494851174
151.33851713277198,69.10056381014196,68.38420138579923,56.09075611214408
152.2878231929783,68.16232666611538,68.19711202068366,55.91534567213072
154.14089766041252,69.60832504304284,68.1619655942084,55.8005106009027
154.47798146271305,68.7582538616737,68.01400472676222,55.4856896364153
155.4057950033182,69.70249425114193,68.01335544481957,55.136848433203824
156.41646255122743,69.86466289340959,67.91403199345294,54.93609030699744
156.37409290301414,70.08902344633957,67.922914015088,54.27551345939136
157.81617122785056,69.80167761946934,67.68093247340788,53.7897395882878
158.2888348063937,69.06292780067884,67.51494890063861,53.35555622150868
159.156680234054,69.7881866371737,67.17716720026753,53.35581069761548
161.01358544853852,68.87574275976424,66.7560143108583,53.19131283486104
161.71895653279051,69.23809303679064,66.40313372381057,53.34177576287604
162.9466914132826,69.49838391003217,66.26277787171672,53.10259817475243
163.70807739030303,69.53516322645984,66.34360796838045,53.06111566402495
163.39285953030063,69.57260453058522,66.35693247603372,53.357538633075194
164.1481690879695,69.08764303919327,66.47517724372331,53.20868678496508
164.57734819461075,69.20730276430336,66.65101263151072,53.15851884363374
165.91219447837824,70.64679933115083,66.74461244659614,52.813812358469676
165.17537453202743,70.01036331520677,67.12602336245246,52.804528890482445
166.72886566382581,70.88130309051408,67.10369788657785,52.73508910505407
166.52352608984665,70.21157979754025,67.27945873366555,52.61801348062977
167.52652921978043,70.59027749511503,67.16349339215726,52.78322069102555
168.02409081569039,70.97221063678465,67.16703231093848,52.68232338876109
168.99904613101742,70.33190688690773,67.30336506600203,52.39154049176469
170.11102969370413,70.68678836731141,66.88833146073834,52.04474406549897
170.17272423620872,70.93629843270595,67.12427340799894,51.92209593331029
171.02529049060973,70.34747823743317,66.9531417665065,51.82297419105828
170.915179525903,70.10118118874058,67.77232106128226,51.74337469631142
172.10638772790594,71.61733391885761,67.456888858812,51.926711500403236
172.74377825988122,69.67140529205443,67.33419414371065,52.30947387284812
172.91452808443103,70.36687300646112,67.25326059809196,52.27865304686034
174.18633950504514,70.65761455055267,66.85104529338389,52.29819797341777
174.46019695592577,69.89649612379975,66.82338973890211,52.22030525340291
175.15763639833057,68.29656955800958,67.15442396990733,52.29345388771541
175.7126293538667,69.06472505009955,66.95666659475249,52.200921064461106
177.06935735251716,66.91047516787934,66.85182683858974,52.518780000118284
178.73659442030367,66.22734137679342,66.85612357261901,52.319798645018565
178.90450103754173,64.81137293758579,67.11756243961689,52.38210199346342
179.6690495386304,65.41006515846817,67.40591238725774,52.67266556579193
180.88978018417941,64.94396920734977,67.71747924076749,52.429409069209896
180.7013468433172,65.46855185026183,67.47445982344829,52.65875593641279
181.89728431604095,64.97726186655596,67.41553250573652,52.42980101121364
181.64600933338176,65.0376884864572,66.93148453582145,52.44628244255425
182.33575059504497,66.01299820516329,66.87931647935459,52.7469815717115
183.00326807803728,65.21918878838616,66.85151648619852,52.48786642452447
184.01711707949852,65.7190550055406,66.36278012447653,52.742087561109344
184.42533064458104,65.71290459255073,66.18988370319316,52.61241695849277
184.74334395856488,66.00707249417991,66.0557963264794,52.6337454977637
185.28990999004807,65.5505352000168,66.30887595963553,52.467949312308235
185.97684883826636,66.55001020610851,66.23560481600309,52.538059314247555
185.70581724932106,67.23655455110521,66.18464688716759,52.451184720317826
186.9493696025532,68.22695156061303,66.33605330148387,52.52726130966389
186.90540728856678,69.615027096206,66.2116759041368,52.470546489609674
186.99409202891184,70.31611390822147,66.2499637430474,52.08182204791583
187.65200266748684,72.3135914912695,66.27339977079929,52.253280380927265
189.19687145423282,72.28117598289029,66.2192100343467,51.87407172748293
188.9271539651528,70.68366015915264,66.35377538511543,51.94794093447627
189.05495965716509,69.747911516248,66.65619456041338,51.881295357245094
189.6223645554795,69.96360241989134,66.74244371342165,51.55731007912324
191.04816231802837,66.32995317993286,66.23182814751154,51.684342560329654
190.7682643516647,66.7938359242689,66.39852787485316,51.43868725948364
192.19963577904193,66.27667013885512,66.3569246860149,51.210199582327135
191.76312249567758,65.3270044540744,66.21507006011203,51.359601028501714
192.4560728508645,66.34842203481763,66.27537392842054,51.47796983044768
192.74677703689693,66.27558450250599,66.3445772903866,51.53002311226922
193.0343294938241,66.59005361531918,66.07348919515451,51.69821383309901
193.27839239370337,68.97467107966702,66.07011182456438,51.67444982816984
193.4132526660473,69.41611341681124,65.91786519291796,51.68200244720775
193.64172591932007,68.73688103414788,65.84534069476854,51.83442244917859
193.53307714155613,68.44131341748891,65.68303414599505,51.54454998813513
194.44678013970866,67.83160851878282,65.56471297463635,51.36342652575129
193.9993937364555,67.1116757882382,65.68268864217973,51.26027787230962
194.84117515284362,66.12160121947117,65.74631634126615,50.993122632997334
195.43638566970353,66.3321196115105,65.56705647559566,50.903260422413084
195.4598642861033,65.76456131534945,65.47363813612836,50.79659596506032
196.04694427456548,66.25028240009456,64.98922317750048,50.60261873194341
196.38163518145996,66.94848000578745,65.3050646043049,50.58805394521758
195.5469295165165,67.7650668756167,65.25613488634272,50.62537308025733
195.60943499113083,68.42543216907569,65.37059998357876,50.803512848275076
196.1997394639902,69.42186364283539,65.21653854644468,50.62883284522499
196.3702937902641,70.62903375984749,65.58103897038526,50.7266637316302
197.65712179410065,70.25949589236792,65.43101147083038,50.550558799840616
197.27915157648113,69.75823301887385,65.40205214702459,50.476197098983576
198.17532101415043,69.95061906899447,65.45572513296626,50.43454381769854
198.67801035124353,69.34570385597794,65.37168706175889,50.23917307453398
199.15010826910657,68.84951684072453,65.4771115318302,49.8980749999463
199.50938762402077,69.63913544536473,64.98227437877023,49.944224828557296
200.37589403692243,69.8119143096147,64.67183299627746,49.98340175013499
201.3221569631989,70.16499776757466,64.75074229590365,50.69073577093702
201.44834869414328,69.73892005117028,64.95689637827343,50.694710616355124
202.32151664992162,69.32935987961211,65.22389291152176,51.03363197861261
201.89803857808147,69.83556352196942,65.30029896556275,50.62199527791775
201.8065666811927,69.72694569392124,65.63948788212721,50.53117301399942
201.36376159545372,69.76269222298131,65.87503413644156,50.40997047614309
202.96460118090212,69.92763043917915,65.47333891113122,49.99636228716868
202.40636703034232,71.1895850438535,65.55741361235502,50.34708498916103
202.95807220606235,69.90636673373406,65.80951960324244,50.39681475654123
203.95445164454927,71.13749930320122,65.42716765934865,50.1656776127489
204.02491224016586,69.72952704515762,65.84970025660166,50.36790739372325
204.8123145425106,69.3837955288974,65.53037337192276,50.53549162598061
204.97056149321287,68.60604409752813,65.769769507853,50.525056932785546
205.75318028603425,68.18188891833712,65.40417939105262,50.71625366196243
207.392178606197,68.59196606019279,65.25836808597023,50.73614412370246
206.47978422513455,69.72263833722525,65.3509158086508,51.00937715386728
208.01758521373554,69.55259140033677,65.50898901155556,51.16488738500189
208.10407172170522,69.73216903010719,65.99524499833147,51.10062293258554
208.09439352120012,70.44745206655658,65.99955014941321,51.37914068042042
208.7809920635551,70.36816040988184,66.01133335066244,51.28229536919966
208.71796920199458,70.47844504049174,66.00740992951222,51.251720230252175
209.00365622797145,69.77966318343833,66.0407124469837,51.10586142173119
209.87564797145433,70.43867259260509,65.86245196080682,50.91009947444023
210.59103856606652,70.82180230018619,65.88944752391919,50.787699158885765
210.61528275460915,70.03286317948597,66.00834261771477,50.48019203115672
210.91254323215077,70.3285307014335,65.87574371617146,50.4457200455933
210.91874881263246,69.85071571047685,65.9047666700003,50.513059780907724
211.26764419041268,69.40151739466602,66.09622436361532,50.94590750458974
211.8178090331683,68.81489575237345,65.98580967216434,50.97284803012285
212.5386952237622,68.99698319161567,65.74771928917198,51.27979836645875
213.0030252341726,69.22434374018069,65.69934586568303,51.341434232689174
213.07726930784617,69.01979605406979,65.67316859175881,51.55653298720168
212.97026601629403,69.89619680344188,65.80353958927849,51.62833695224076
213.6341245868648,70.38879619991796,66.02342759804036,51.551751299508254
214.75463713584327,70.1141703389449,66.02220774738143,51.20757232879558
213.72122624920934,69.78420425736181,66.09248645168012,51.04700368171869
215.05393320002452,70.2151018441804,65.85239058573137,50.6497614753071
215.46274573276452,69.5571607692838,66.01612342324023,50.24718567355144
216.24201148954546,68.2703803058379,65.81449451135705,49.97500671290955
215.5258769758455,67.47036713060764,65.60578374979193,49.88927174238563
217.29955998582653,69.22698388791399,65.18246837665318,49.52585837621586
217.26751068544877,69.65442379481513,65.21372548911651,49.3648830479534
217.35599016832992,73.59377706609183,65.23756973163185,49.147825217582636
216.50425618566214,77.9657705459563,65.42375487793751,48.93013884632896
217.38000043132953,79.53788116401148,65.48422976755603,48.70671894717776
217.54183412700252,79.1295555533565,65.6746227921221,48.641035474977265
217.74383445332435,79.21787519279376,65.31379731043762,48.826659815294136
219.1387819498548,75.46411377598119,65.32793570419967,49.30835588664614
219.10835631108512,74.03731283041273,65.29322769451989,49.46873502408896
219.5504413681839,69.95932293551188,65.44988568281275,49.72838076591532
220.26166203081488,62.54890170888781,65.27932878289319,50.07997331488059
220.79916463645412,60.05819399475518,65.58524264499437,49.98974150804419
220.98399006844357,57.47352744651304,65.44467173810784,49.87071120007435
220.9923508574346,60.25470509997843,65.5684983710761,49.87804960756206
220.8733838230893,60.411106083045105,65.57905037870694,49.69637876948461
220.63905345568855,62.52712341934459,65.37466140421387,49.638800511956504
220.97500819837484,63.92457470294738,65.46742402244226,49.56790078926141
222.06822958105707,68.20122279981369,65.1924828211966,49.42017602165476
221.9420662124549,70.03337039523996,65.56442492524155,49.37913806575327
222.73488320975153,71.26378392686586,65.76453448729943,49.50943692272938
222.76584645187262,72.44907768267544,65.81460650696387,49.45204489650516
222.66665082523943,72.87396633380087,65.49273715286023,49.34993457380676
222.90272132880153,72.5976182898029,65.74293035794983,49.44211851453333
223.37359462710492,72.68959653446237,65.42784166421328,49.35377239277203
223.8447072913126,70.67696248120338,65.57272994877138,49.63922859337853
224.296243467682,70.85817978531267,65.26130868104066,49.57022533225003
224.85681017490816,70.38625400456554,65.64884734828193,49.46520563199806
224.72088702581914,70.40853683312295,65.75329031365891,49.32715658700698
225.1252990713207,69.54931747199541,66.26634298140124,49.40611761942998
224.6351666554255,69.47509346361515,67.04308200583796,49.27569397477955
225.2773883423414,69.96387748210928,67.37885793042334,49.0609536004042
225.01251723922655,70.358472099946,67.37918499738973,48.96550600237053
225.31734609436168,69.24890997647137,67.44113290717637,49.068164697932716
224.95808918449575,70.03352396284164,67.19920261191226,48.994598651544784
225.11613749646398,69.25147826558864,66.76735028793505,48.92720758877125
225.89387989424995,70.84478270524626,66.39795730798222,48.91805763902576
226.84077987579516,71.84000653755108,65.72893435001794,48.72655419467512
225.89283630105905,72.50809710374136,65.39153316841883,48.584555676144745
226.0662982364354,73.62260413601649,65.31771298697605,48.83882339636486
226.4559320018046,75.49114570064485,65.26342206375416,48.94372333179245
225.9839619233651,74.3335874132011,65.52805436939863,48.955750503616684
226.6769245839128,74.77547374382036,65.4755735774188,48.754713513933176
227.9682175116289,77.68948454439791,65.47223780232761,48.87043125251627
226.78050020827538,78.42800821355368,65.63710483933201,48.835534702224166
225.3730181589059,76.8736463923147,65.85283789798078,49.01975436323552
226.52004654241864,77.39775528897621,65.8548041797694,49.05833859230638
226.94829454963045,75.23463588910664,65.74556335345954,49.16366460394873
226.91407972731622,71.62785400891158,65.81930138085261,49.32377328885785
226.68374018299986,71.72934955065013,65.67752376989866,49.30369216033912
226.4201153685214,69.72144814712946,65.9851629762812,49.63573846043936
226.1847762320357,71.48926444455205,66.17478970877377,49.68544603713961
225.47499814300633,74.6216686395505,66.31775168240034,49.47252068550522
224.63063246943437,73.52641975985158,66.71112362996438,49.787603159901664
224.69365605047722,76.63767578361237,66.79646745957369,49.846335189181154
224.82490353097486,75.58102214333957,66.84382242775094,49.88417523985815
224.09366340224824,74.26230489382772,66.81630094525963,50.233741096656374
224.75245036747555,71.91614388121077,66.94703336179576,50.35161802178183
224.91424279354226,71.52071168920284,66.9953498710503,50.41940100627587
224.57052369150188,70.47726363482732,67.13578665809032,50.51866725455892
223.1914499862223,69.36421598194845,67.64625532595217,50.34921912179933
223.7816766538158,67.13581802902658,67.58531780958175,50.402744141185465
223.7111634818411,67.49188098973391,67.55306754856345,50.35855123163738
223.58788569970625,66.68725438713832,67.67997409750252,50.50322461574696
224.8578385521804,66.17977154218187,67.55458112555459,50.48307568610746
224.35065711629844,66.63629642289122,67.70031567704831,50.253480444525216
223.0458407971749,67.12387859738692,68.35936195930574,50.72889823642596
223.53340979775476,68.05390321096829,68.16371205607473,50.65988302085925
223.2871235351842,68.4982298567875,68.22495904004562,50.67766331363781
222.84447250319863,69.90542074825912,68.4882494660354,50.39266029774603
221.80119634660696,69.97227117735893,69.05853402906277,49.75203967963691
221.90514500578215,68.32726546354692,69.27251502557776,49.81836945005389
221.23804318701448,70.51613553774456,69.67026726839266,49.6379131479833
221.6947561659577,69.35707193203883,69.10560372013326,49.67420252467809
220.86648960752012,67.60002412603178,69.4257768963031,49.56601462141841
220.66995807590217,68.86747249086481,69.3863726790672,49.41107343097957
221.59779481807018,68.38857215704306,69.29502960034405,49.339937371264305
220.68036969012968,67.79319764913481,69.1603261697617,49.7516205044527
220.51782524127913,70.18092152989314,69.70204928164608,49.63545477502395
221.36704910825858,70.32211369306003,69.65013760142224,49.74200179830295
220.64089217012193,70.70102908083311,70.41826052075767,49.71874928511507
219.47079727561191,70.90914748772435,70.76477378576382,49.757480765854375
218.7117027069103,70.23036349154077,71.02961886896507,49.8251615481597
217.88834133723756,69.24043294797255,70.68338705461638,49.89242364065221
218.10784698742833,69.90235303146144,70.17746800133169,49.85558078376496
217.19428304168076,69.94181179861953,70.01476245527893,50.161221327761375
216.83702781218008,69.08520800757825,69.60905330438828,50.21342286777825
217.52626512130587,69.69591586255422,70.00553109874767,50.19233528223857
215.77573698458832,69.51985239253352,69.89436295307269,50.00727694258815
215.90005883810073,69.80152784581963,69.73951620809456,50.020154288678455
215.51046061965013,69.8973672501661,69.07962239960305,49.81261899049355
215.04880936680502,70.31694144489757,69.35786148736915,49.7140101819475
214.99201331358563,68.65226713083541,69.23542090252329,49.97493382337106
213.95499068991995,70.17184169502667,68.9453779758503,50.17912870899603
213.26944205203552,69.75226052025172,68.25548446584601,50.094804601566494
213.57373138250185,70.07043953473979,68.11989634612992,50.33773431220728
212.1025513853393,70.33727898772125,68.07429223070399,50.455515437343024
213.30416900445925,69.54391827331881,68.24679208407468,50.58772626740203
212.45813031277174,70.62925202448334,68.66677370702966,50.45356385677809
212.3513170975715,70.99741310576792,69.07417847502128,50.36084820361579
211.41529891068097,70.86635122736837,69.08834590442436,50.56261770328009
211.2251407383105,69.69157324020281,68.62708345273124,50.639101131147754
210.51545126577633,70.52107610076281,68.4086391124021,50.851908249579715
209.79264474663782,71.27576886400352,68.40851803916547,50.83222728912702
209.8950356577596,70.43534004291689,68.35013378275332,51.02744396201258
208.86810862840503,70.2610042039145,68.36042644702482,51.23785796617692
208.74403736324612,71.49054373646044,68.30465283828299,51.24646629910333
207.86191406896808,69.95410247913834,68.55963779337561,51.363566235866436
207.41117070522148,70.24857909376728,68.72359266639873,51.44226909189038
207.18979486279545,70.17573542933575,69.04220649553379,51.223004013221185
206.8244517471524,70.53610862386903,69.06052433740818,51.18147421071228
207.0767526110556,70.73760789949928,69.23162176352845,51.03799160512193
205.72877856935716,70.54428694849402,69.07888363703097,51.125273642544556
205.9863163688026,69.79451192517996,69.19593138205366,50.970978954600426
205.14539519248166,69.93955895318751,69.24088577123199,50.87816011228186
205.64278540682372,69.37525819362521,69.57275468350461,50.99785066067462
205.59636378999042,68.79137136141637,69.4702454773401,51.105159769134175
205.7233086787729,69.45567989707064,69.54524971595798,51.142200745334335
205.19451637214695,68.41025390490168,69.24037845282234,51.2496051533583
205.13301916636922,69.42994696198768,69.21280304851382,51.17388474850326
203.78672095503865,68.86200816579043,69.33136709679127,51.35279690346634
204.0570809144518,69.31190290337739,69.79745260942691,51.51213880609965
202.70728962291764,68.74602351729877,70.56524485402454,51.571300018327506
203.30084448113405,68.61656716217169,70.85670039413517,51.74242891707086
202.67124526404527,69.30335169996164,71.23291759796632,52.0576331725961
202.73200396337057,69.2099679834502,71.4309186403403,51.97338293879099
202.63838866269128,69.66620230783631,71.36612109617543,52.072659210900554
202.66338860508367,69.52008736603278,71.04474709402223,52.08240917546608
201.80040148350375,69.23670744209292,70.68549251870287,52.107845756328615
202.093691501136,69.93506993477372,70.72263349042298,52.080258479666014
202.21612083253243,71.12168166927236,70.4249662806086,52.27160754395994
201.87868816837246,69.6824838606831,70.38906551249039,52.35096563883775
201.77193204417807,70.82432974236227,70.2958686281008,52.19711874522609
201.79617034601262,69.84378170952859,70.67082165411692,52.28966493936418
201.96185174167738,70.9159037865935,70.46697276803346,52.174264544363965
200.8248035825223,69.57459959925437,70.54197473260999,52.059454890841984
201.45789015774113,69.93825557298072,70.41703918959061,52.07257622566647
201.04032176616735,69.65048958365908,70.5019798499278,52.125726254145064
201.52429267746146,69.22052179676233,70.24539777541848,52.41073246981094
201.65254905415998,69.07846352101255,70.06415656077732,52.610503376381416
201.5734861776993,68.85002005810028,70.50989297349959,52.67621856082408
200.6727421845066,69.41996223549421,71.33567101865337,52.633378209758334
200.46292089178684,68.88255677288608,72.42287135503658,52.60633287458358
199.96499455005818,68.4417938389975,72.75892126123748,52.796696951670185
199.58060701550855,67.83676104357771,73.18192762886298,52.99156345465835
199.50125337982462,69.0334232927902,72.82895767014844,53.262843294544695
198.57972015691251,68.37906774398971,72.81402020715983,53.519770103816086
197.7409672178042,68.65452824171203,72.86118900529974,53.4577024061752
198.07544580086662,69.30957791484286,72.72084997050649,53.361243087678375
197.42401498475914,69.47225760283916,73.12325360316137,53.48104161258034
197.4100929148869,69.74923450028987,72.91338753601335,53.38577699373688
198.405139480873,70.62475869857596,72.19509048610418,53.43871224124027
198.33955370997614,69.3565197910551,72.3300176340084,53.508505704998306
197.94557955127289,69.55362011786598,72.96913808219477,53.40085853608031
197.9020668226006,69.15229649855817,73.02822724812688,53.57732716154645
197.65060488257723,69.14981506075827,72.72371961967295,53.638373676454606
197.4026684715725,69.7071156297376,72.71471373564889,53.752947813998325
196.7228446766449,68.33417481609152,72.01361137144995,53.97608524091299
197.83464706189105,69.33684248607514,72.04829972021611,54.12665961683659
196.686302241824,69.04348875250597,71.9771243718529,54.05126219008714
196.21053385882112,68.31590276889249,72.35850740270672,54.059589335095374
195.77408042649614,69.07591536147461,72.52966897919416,54.20169242774493
195.2417610598403,66.9082087623892,72.87887970329756,54.549405821485266
195.55026845684534,66.96565373193857,72.9775520497333,54.30151278699957
195.64240291489352,65.66435158546257,73.3022926107939,54.46098139756206
194.54320465660874,65.56548936907637,73.57923188238172,54.42432184807514
194.28499288575094,65.41644810804316,73.91355657326282,54.53583308411394
195.19350981306837,64.75623383546079,74.1870173046506,54.771212704356245
194.30503621511338,64.52816512837578,73.9789161321437,54.48194837842378
195.77514306416091,65.59043592291283,73.35477162429954,54.77429073269191
195.27004674348785,65.78161370944517,73.64262739366141,54.937951406397744
195.05220744348344,65.57194382106769,73.5390763037706,54.90803133279032
194.4763064258112,65.54262790111596,73.8550379687599,55.057093193887326
194.9916809939394,64.73620284759821,74.32698725929272,55.1817595485163
195.28656077905958,64.87048535259815,75.12136290098405,55.27307784038271
195.53138810187215,66.18715231353949,75.89331409557055,55.478292621593766
195.30443185721262,65.39092937355773,75.05061359374042,55.79343396364649
195.2199286395571,65.51502955339575,74.22067929431638,56.18222568522962
194.43699630755597,65.50964218940456,74.00676937360072,56.184857119900286
195.7077825122231,64.3454179548692,73.80730487585839,56.383318388804554
193.80763863025211,64.43690843002902,74.06097469211996,56.37528884226746
195.1624930401944,64.08043228992005,74.47633241082816,56.400388364284424
195.3499924827035,65.41528506908514,74.64884224445885,56.690231207659785
194.69042358290017,65.178386968398,74.75183376242288,56.65838344846024
194.66414210850525,66.49940541998699,74.8950527926394,56.77437924336061
194.13227417933675,66.6273248552981,74.91077987287228,56.82369930486644
196.079353054793,65.83403896470215,74.47348697975372,57.00529676141965
195.72082915323682,67.23758708704332,74.49110337806381,57.21977823142912
195.94593954656875,67.01569967426342,74.69643521675945,57.15891649398562
195.51929756624668,66.58729354319408,74.89693029332656,57.14512623002176
196.7091317073856,66.56116213351038,74.76822958852131,57.20901720713418
195.52384704830422,65.67974517837568,75.28661534837954,57.22266465212641
196.77641763020898,66.76642957507201,74.82447428028782,57.29951062139325
197.2135291356855,67.90614134393917,74.7629193507227,57.437830657934825
196.33121068928602,66.80628811957301,75.27552002750262,57.59515899761826
198.86623634867806,68.3220605258079,74.79101427251041,57.73913534010487
196.09811978335628,66.55160691981017,74.95441926775374,58.02860131014816
198.31558064558484,67.32635560875016,74.99247494968789,58.42260066438049
196.90007921634765,66.38381209216253,75.52381758736482,58.32400002716224
197.71542616134965,67.48241125797419,75.27327850428736,58.608887747419516
198.15499890871968,67.31930080374485,75.2774387454763,58.67443398617512
198.86063393607205,66.52729106818637,75.52653565555585,58.594675090376484
198.11644995744447,66.75637501830752,75.80047234971555,58.38004075345286
198.19325326336946,66.73785282244282,76.11502837488476,58.23302391804934
199.47177424362104,66.66532661262622,76.3276783940662,58.09179070685651
198.7792807803125,66.56045079404304,76.6731254479264,58.24592622365947
199.12159905729447,66.25138175177565,76.70902611449483,58.348172693250945
200.52391859699068,65.96968490427662,76.34287402883984,58.385614046761745
200.71658828191238,65.00200783894026,76.67092027580512,58.54141882258122
200.34422360761695,65.17739380534462,76.17948726583624,58.645115067583106
201.29505893653868,65.52293687369743,76.05744367485651,58.74593743554094
201.23368791198868,64.56642075162887,76.46266518879919,59.06531523762155
202.46960168868443,64.25884245889661,76.81066722079197,59.38531593683126
202.94861929939808,64.45878309816628,77.01420374515499,59.72176725270765
203.33595677640375,64.90312671921663,77.17753321725303,59.66321118143918
203.743227198668,65.32934203901982,77.30166983392145,59.641507346747
203.551627454181,63.64526553934521,78.14014505706108,59.89184478479531
202.82433827432317,63.55819595735393,78.64821985129838,60.14170754361381
202.97971534428223,63.515029545745726,78.77332890190263,60.1222420707703
204.4808819191375,63.1926666604695,78.90684570489123,60.1629780674864
204.42647520955896,62.537012065305824,78.56611393785795,60.089148528431096
205.67100056268575,62.470040341546905,78.73406837310104,60.10862786699739
205.25844037990163,62.81934518761454,78.89554695103558,59.8935396171312
207.03808499091477,63.16969357908329,78.98133237923203,59.858183071144225
207.16825750448047,63.56940813195368,79.75505544010626,59.72695684926356
207.78958431738562,64.97419713192073,80.06199983653775,59.736550897811114
208.68725110715357,65.35232683497219,80.47652370184427,60.15321476470483
208.6107008526389,65.37248968839104,80.73492100893876,60.29378695995663
209.96477219121908,65.68177369558538,80.44860182071562,60.667139451226255
209.78742275763295,65.39436164831308,79.75519776235132,60.71583388957067
211.2035315420632,65.46839259803033,79.83471969154022,60.68856931835484
212.5274092028263,65.25633695595809,80.1299732250696,60.802957020057185
212.65834270251946,65.68957546115499,80.34821652213424,61.02111717613782
212.71943843836664,65.14390660240925,81.08899186439443,61.28175232217898
214.2345499629966,64.71102623806054,81.34983105446432,61.441911845904606
214.76107008293715,65.09718548480829,80.93354487344943,61.5489547167514
214.57874516464886,63.353914103733985,81.27752872545412,62.11497114556917
215.41365414127577,65.03631301191069,80.92569658912464,62.01233326513743
216.05764691213585,65.1588532607229,81.3796368517007,62.043670658540286
216.2542656533131,66.20313126570399,81.18633038124436,62.15798991190053
215.96447523126284,66.95021749914238,81.68843469056429,62.408195138442096
217.17528984355638,67.65349147375422,81.78405605835614,62.64978462019192
218.42668990134513,66.79874774958766,82.68870697000946,63.06653860204455
219.5276561877696,67.74628419923053,82.94094515091237,63.38411224859664
219.03623386375057,67.91773441968832,84.0345722277078,63.57544693627375
219.63240559394143,67.11133745756271,84.30080361768538,63.76017213348139
220.5826338403005,65.96763324911727,84.41907252372245,64.09784639658884
222.31500719110775,65.13633068634336,84.4403382305339,64.08595038828409
223.15253200359615,65.66112647127514,84.41383250581939,64.07069501507006
223.79998956203764,64.74256727027472,84.8385531073911,64.24682277893011
224.48266878792845,64.8938479379829,84.90340082944041,64.36376443418146
225.59375844642008,64.96179017157012,84.90741190693477,64.60591031487266
226.30128447263868,65.43190772573817,84.88233497864879,64.56187833890495
227.03173084934127,65.1885888317511,85.00656000061612,64.77261341335964
228.20065450036478,65.73975426467635,84.94181396492927,65.19194504484315
228.8432871006533,66.07443593530857,85.08339945344629,65.16319577884042
230.5850029502328,65.02445922388313,85.37606720578918,65.27544522099954
230.15342452944927,65.61128034678782,85.61904313490635,65.19083657585905
232.02186529603762,65.05457644734557,86.21289217646493,65.27452317303973
232.58971402402443,64.75408297229735,86.50399296300259,65.53954175694693
231.9150740437042,63.8565142380824,87.86489999707901,65.81850110401382
233.06707145283485,63.96521618354089,88.16739278040599,66.06651791286657
233.6199113163502,63.00315992214207,89.02778243386302,66.26366748561175
234.37788729059525,63.7736314007389,89.3517197391077,66.1214120513563
236.75760669047696,63.053046576772516,89.47596081537381,66.72462255652948
235.92825356640122,63.810251648134305,89.37110953982679,66.89917898143189
235.92637016426028,62.54553288414258,90.89089389470487,67.00095187167894
236.83901540895113,61.15525882532896,91.30861254397038,67.23287424082395
239.81571898432617,60.24312563757335,90.59964711178267,67.78425687021569
239.45716885460456,60.41778880290342,89.6658223205907,67.87672979001698
241.08486633245076,61.32454768270105,89.37404029630474,68.29846364830115
240.71392531891695,61.49444854306965,90.45801422274096,68.49333586843895
243.42997728255213,62.01845734482761,90.24675501208644,69.00861909006173
244.53384443063788,62.568580876906914,89.4945802789683,68.98004203115458
243.9264814901649,60.74407387775152,90.57307750289414,69.37972776516233
244.97725453892252,61.080790859032014,90.42574010330807,69.42018178528163
244.18704954336658,62.34115631326851,91.0086865025518,70.12691984584342
245.67881568848338,62.695846971892124,91.42232103899252,69.9312879979635
245.03289292089698,63.67896238937094,92.9781973376299,69.96216972556678
246.51057962417792,63.48511721264436,93.00885996223903,69.76178956501046
245.8985392242281,63.722673645362,93.09345113442659,69.81626467432436
247.28508526282513,66.83868022474032,94.1446178170747,70.06755539460474
247.4209338069888,65.18867214094377,95.40160084952485,70.00114010173297
248.2118157279907,65.92134120881099,96.88633624343026,69.9608020353647
248.07373623337844,66.9679646831892,96.997851991131,69.88666267408931
249.82425209324634,65.17707614095085,97.42239543168515,70.03394806994451
248.80045413305476,66.09785611871325,97.55165259381877,70.64942027809266
249.50316025890845,65.30029303698376,96.94662328821278,70.92948951234948
252.38058002510655,64.99799370020698,97.15312719449187,71.56182145594181
251.31316703350703,65.44903398097078,97.7205342741417,71.644118773597
253.7114338631092,65.13504295243409,97.24028758427433,72.29082197758112
254.85778028488,64.92325687068325,97.34927621413748,72.38551703006912
254.55138575324222,64.1410439210295,98.41421618321495,72.39584483980822
255.92729864834126,62.97408439813111,98.92402861753797,72.62493006531653
256.3453289559907,63.14305302349842,99.52101375553013,72.90847423498344
255.75812098130191,61.50253173244514,100.53782999120943,73.35120122623265
257.3380750341491,62.207442313103115,100.49090426874781,73.82173323164906
258.10980269640015,62.56932967440705,100.51190790162315,74.05156342335992
256.2951022746269,61.84823040066051,102.07282878479145,73.76427582016964
258.2974726190862,63.16927108804366,101.56936032132214,74.1774206723085
257.1057013958852,62.14581236158541,102.4112615032067,73.99508977457748
258.94101501997955,61.842261795885506,101.9742965381873,74.42140249058644
259.6400859175758,61.24686083754961,101.71807379996008,75.008709096743
259.3365295273486,61.31108553134727,101.8704510297209,75.00289698040852
259.5754521745153,61.064415885913874,101.70840473605725,75.34174299695164
261.4935367201462,60.202011310115424,101.47920440231212,75.3022511247342
259.2843335103812,61.21630936656495,102.06595902882361,75.3258456242679
260.951390113975,61.968681644074124,102.04435102962137,75.4236323178907
259.9728748703805,61.66754444052063,102.40693860104952,75.56955274906827
261.71862319822935,62.35905151816034,101.10570941743367,75.81857121179462
263.6652946001425,62.74853038508947,99.70131380029386,76.21450763120473
262.9394125739785,63.19015371662325,99.2437421147497,76.65075941573919
265.53478408255114,63.70659866438992,97.83098777634042,76.66602668935322
262.75513038577066,63.15119742791234,98.9082937000569,76.16786953938967
