51,47,25,62
49.727802727789125,42.01962261097103,25.636716173265192,63.18103594790268
36.7495316750215,38.423503082790795,26.615049921702514,64.56528212985593
32.481856425773394,42.22438214809472,26.719203620459155,65.06559286091445
40.67963117007295,38.90160501788352,27.204052174474565,64.35831969891116
32.64166462155522,38.167263920995566,26.991607846595734,64.92155327487262
34.59187125442892,39.30309650710754,26.69163968780274,65.96027666753034
37.68717291375438,41.68419067904948,27.17906193913563,66.17029864058756
42.82771096202005,39.165285053305226,27.64557750832126,65.96977770726878
42.745593542337275,33.222158938266375,27.64049931998981,67.31940622373074
45.37801994076695,30.89279303999338,26.960625874063624,68.6121065353116
46.927794510866306,31.909514421534297,26.56460199090042,69.18231772832775
59.651522190664124,35.72316076242066,27.584063607058972,69.31671705764813
67.49888083385486,31.47893292154626,26.78901532116455,69.75350847112543
65.45481073163525,29.80418149658201,28.22042555236116,69.28065528552057
85.45359726298973,31.291051069962734,30.91854322193669,68.61533073362332
99.2006620884031,33.125728636492525,31.645054296891985,68.6809320346137
90.72836264963395,26.10142319353446,30.001062902987115,69.3333214583362
83.81918841664572,25.447691573868816,29.62505919558884,69.53395795936325
88.70691520280938,23.70679668329707,29.249717553993353,70.00387691810175
85.64389823502887,23.570107800443893,29.160082580532293,70.32247432844707
83.35082886326552,27.252979475809624,29.648821408549107,70.17617483511363
84.28001983581751,32.53615160566566,31.02440053141663,70.07624491874911
91.54880795381081,38.35249237040607,32.06050399693261,70.02591291480078
76.91167485128689,43.554541727927074,32.250681680946464,70.12775533972595
73.74102061770694,40.71979575669809,31.31092587206426,69.9666986614177
79.50483533046831,28.847840109667416,30.286689383840525,70.56405660098036
77.66682006593368,22.534296135593962,29.451082728149174,70.55334701169187
71.59885320207988,15.861389087989757,28.950328586362012,70.27976824945891
62.913788599006494,13.821766037458787,29.87862290202918,70.46336930584512
63.69602245250016,16.957427689014246,31.170069392254,70.0683369520745
72.0440686951931,21.995523876267228,32.46456926416843,70.3029621036028
82.93150504105668,24.251578505399735,32.307498422682514,70.99401400291597
89.90431604472755,23.997693494705487,31.103771476831128,72.18476391719683
104.19720246518374,20.132187102448903,31.49495460492249,72.69236387345389
116.70945968563413,23.996089037443376,31.090468278406938,73.47900132169777
113.14259329479093,21.270187365968283,30.34852004728353,74.07069389184872
111.4963154989237,21.27558671288582,30.663974557478493,73.60288866747283
126.93094012063725,27.199832299425374,34.06033900243595,72.09295566486058
138.38774471248752,27.385388191155982,34.03724186905283,72.81479356038608
147.56870951718219,29.420008060232384,33.126594750772796,73.4116783887565
147.84665589675194,30.482018381867242,32.96455619693152,73.52450037844572
148.80285936291935,30.438471960615445,32.18807776489553,74.48249188663337
149.56821465502316,27.53731209923955,32.44264314918561,74.4864776324619
151.47281085095477,24.887850850515342,31.438198376765783,74.28515827838709
149.35189351555795,29.556919402411935,30.72700991137682,74.45435037581163
125.74539286807519,32.45612456825444,33.116182548596676,74.24457511159929
104.98258869973955,33.20168567524376,34.71422274753339,73.44371342474831
103.5040831042707,31.368838448825066,34.417157242312,73.6495026655896
101.34547233139156,30.91283108737312,32.6066915659915,75.23020866460473
106.72324507650553,22.5770615202467,30.71032278530634,75.1027081960953
107.48799167974656,11.785360544597282,31.065331827026547,74.86232492376772
104.90832967687163,12.815425845248065,32.48630758734686,75.14100257409493
112.23670751845465,21.615157223248886,33.93444485667791,74.86849550689664
118.08705872218717,21.611528448383943,35.786411088667386,74.86372284098536
120.69749356756138,28.263071500639526,36.58957667768894,75.52275003634924
108.8209062866614,28.306545905979277,36.36699682459765,76.14134115003287
106.0613977132565,30.426859545282106,35.52820588832675,77.87681411630994
100.06099992064738,25.130454415448327,33.661508451881055,79.51384919292698
100.40389694784022,17.89912684316066,32.00210469583808,80.43817757493062
121.29107909720207,15.573206781243023,32.422841708218144,79.9081562445891
132.96804111145963,14.328254213354128,31.862879730275612,80.35819903870554
131.13187800176817,15.564496019024915,32.22418126347053,81.31153404552349
132.87481608222407,21.919433615196887,32.732000117495744,83.22997195051573
128.77760167319644,28.5460113677984,32.938370795322975,84.0620454348662
126.06832397857656,33.025915470366854,34.45196718784797,83.18501871597701
129.04438792883823,39.490411907139446,33.13648987475399,84.34659867426942
141.87245659238232,50.14730569490623,33.73954740708903,82.93968826984919
132.98421264667562,55.62648378535981,36.48460424072223,81.06185818402747
114.4748645533873,57.52708653414483,38.56249670212635,80.4765538137103
120.65049601890783,49.80149284970791,40.52533054661229,78.73039479569908
118.03757502259089,47.786565738196174,42.25059008159201,78.78468269019388
104.26017169228142,51.025434258346124,41.595491348188546,81.16509034620518
99.33409923812405,32.060387070692066,38.11209234439961,86.01253824193763
93.30682482000142,35.16066064797254,35.73896184190424,90.99913998285645
104.81001540374507,40.9137526320296,34.35654737281679,93.1366899299585
112.67116498186489,45.75953656451043,33.13522558848073,96.55984330672234
118.77726572474315,48.749296583496246,32.536210111126906,99.15294940732662
127.41457739371715,45.07536026276075,33.39328970443344,100.4987493888309
137.14362160182014,55.08700134829478,38.9788044404503,99.04515720612031
125.30329537871249,47.97635494173058,43.59041250615857,97.6151750851364
133.276748678858,50.71188717493749,44.54734302157762,94.31235305999229
147.64511066632502,48.22010933136459,43.91911773001645,92.22157285417886
155.08130046719776,46.44201806568536,43.365937907634276,90.16303021958348
160.86404211505848,47.3562589218024,43.176971000039224,89.1119269261308
174.482619957038,49.649250120992036,41.30045200791451,89.13946850221984
172.14897225197285,52.28219368301538,39.89731906102152,88.9188673614585
172.89053633217264,51.26974377698821,40.03580775350537,88.78479076476705
172.35618492804426,53.56342362276344,40.54746404256768,88.53879276960302
167.19046590887717,47.15945347060466,41.31003416725636,87.77554344187752
126.76689082244397,55.03634407225631,44.934387406772586,86.88424030433262
112.32270584909568,40.446031548283855,44.47026204881416,85.48277135608049
122.88967572465776,35.54130222995123,41.991744608242115,86.0266976040395
126.0605631327045,33.666136063638056,38.893860971316506,86.69549203326117
128.1485503537084,29.81731495112942,37.1859582401913,86.99763689011161
127.70243931872326,29.955463547575505,37.44856224490848,87.16227278197553
133.2403778371813,38.59292670619617,38.19368639364839,87.53834977571611
147.31858151128264,40.91518997365749,40.635471465350626,87.39688330379036
140.88114394620837,45.45425434497101,42.72651563172856,86.90492513552918
131.5168725263135,46.77507689288046,42.57779840307107,87.45691423610324
134.4118866575343,41.64659314728138,42.5000784953545,89.00398062829373
135.92188569631924,41.642150578925616,41.75058846756005,89.85718781390456
135.730625414755,27.78051518690026,46.24793212539957,86.86008808335365
126.25162600685759,16.764749731521633,44.59427022156397,88.26410045404256
152.72152359133153,20.52214565711889,48.161437262687066,87.92577122059413
163.84822361706316,24.525118288551184,48.31302333854602,88.97987097430672
166.3010189585777,24.304636367408477,47.22667678047992,89.60308161206817
173.29953842510145,25.868597875470385,44.88488299477811,90.28551953003401
180.67124978158458,31.505583425865453,44.08615209051844,90.68421879424568
164.9613196991079,34.05066066906264,42.88133803472661,90.94943204486813
166.43516074176895,36.11007999503271,42.87322627223453,91.29150493656591
165.64496892263847,38.33478216642216,43.555401268436874,90.78395566487427
159.05789088126176,42.79007417805613,44.54751016787341,90.8936670305477
132.00126327163832,40.32540528585972,44.94378440713905,91.55658311263544
116.95775573214627,38.29540589856018,47.559642309599056,91.94929204477397
108.5987423935028,46.33494945583642,46.06925820505112,93.04318369476508
117.0040523544622,41.98557557464093,43.53429300557694,93.84685507774452
115.94397290212748,40.23161893027522,41.20248979401238,94.29877444826806
114.40502031146515,44.84334976973447,40.41772342833607,95.03875474144249
118.41460496745358,42.26053882795635,41.432725997821265,94.68386774846726
133.58966777300256,43.71932479411471,42.03768834424638,94.38875015826949
140.9212894177189,47.09754654898844,42.20730902898249,93.42825293649203
137.38268411878772,44.22838483702319,43.38112050836142,92.33306746598076
132.0110112144043,44.09087256628527,43.8730022475659,92.15837102163187
140.22372325682147,26.15879912735177,43.99778358935474,91.95844324082023
142.30428143636314,21.256813038470142,45.64347042609448,91.73582664200188
164.53978052641457,18.771493563765127,48.36043408263887,92.17982647354351
172.111155688751,20.38436330338655,47.329660917046446,93.10736305619034
172.9896540501964,27.85661029413746,45.97588377623532,94.56927199612657
166.17436772043848,31.539511552203237,46.12395257949185,94.56386884416142
155.12057687773282,30.672843695081234,46.331725685694764,94.52949001793355
156.0911870746725,31.37375444854962,45.196333613597645,94.82269849235544
160.49306225621106,33.76237615328743,45.1385701522542,95.34464048930589
152.75032026004592,28.10986300988297,47.36090988050336,95.62470846647128
133.47595147870703,30.199064818589378,47.06133661508673,94.60767767630242
119.47735878736644,25.505833812792353,46.96453711971568,94.54744334992229
125.33692425958027,13.960304471241088,47.61852736549375,93.91740298216163
116.74397071952328,17.86299566606229,49.741413431686574,93.35799824738791
122.7428191378318,14.977788964511866,50.41410454370137,93.43678810572268
126.96882347398568,23.615636972719756,50.9370605829897,93.68061666466127
