205,151,17,50
203.7125359681575,151.87133774136808,19.062854337067485,49.688805959383615
202.23867427923784,151.50063264252742,20.834741364767552,48.935997359584604
199.33973640879717,152.12841156951126,21.191601485878024,49.06047387582906
199.04813286586597,151.6308208414023,21.426318252156655,48.06838988699376
197.17308113423354,151.61254340577065,21.684831847363434,47.97570841140055
196.127453995212,151.0784442886825,21.991483470459944,47.409677303828964
193.35422861007754,150.53277172603163,22.09366201377806,47.803409243493405
192.46922084785862,150.34200543985824,22.21421161639839,47.794948527569254
191.62746529318903,149.7180051945624,22.294080855521813,47.72596523788896
188.5004278029748,148.36445321596267,22.482362163637276,47.04314508091416
187.23871291822744,147.57836751217735,22.185087289443995,46.83934844349736
185.79584442625378,147.830197965438,21.897453389235466,46.39217388285434
185.26031267667358,147.03958847222395,21.589628749063785,46.54247574614305
183.40632189143543,146.21337281856256,21.58489199541944,47.296651891653944
181.26440803784266,146.5510924924159,21.828874337133897,46.70060134032416
181.2415243449035,145.92300620842346,21.8356639133163,46.4271041338557
180.5670448906394,145.3767623695221,21.72107806295189,46.389201940518966
179.47765708541752,145.11595388639847,21.627786121169187,46.48870870931606
178.7573147915406,143.61593576559682,21.21694405605658,46.37482167147962
178.59673046512586,142.23116289818435,20.855617817789295,45.9530597988841
176.67012256181863,140.515393335499,20.768182631750534,45.69355521987816
176.50008939092672,140.75994649643016,20.931874969515142,44.809786682641786
176.2472045256401,140.7120825836255,21.14988741874947,44.1731337544226
174.68534354230755,141.61708119040546,20.829226489603748,43.91042675825467
173.7042882937719,141.86863861116794,20.930805645155537,43.261374008139505
173.1366761507605,143.62685649437313,21.079313600791412,42.46226474718081
171.83011986765976,142.13143301703502,21.026965776177715,42.81501889444645
170.29022657706093,140.46171742855643,21.374977009063905,43.63857323301126
169.05662531387938,139.67987015822533,21.884092895799817,43.545465635876724
167.75986273115893,138.75823359904143,22.032777952875602,43.05913785872539
166.59699422886993,139.571711337269,21.66073286174689,42.5647244769728
166.3261342862373,138.54189835643675,21.496949352708835,42.562017358417336
165.84252672124913,137.53766508542125,21.416165792402815,42.787217732435224
164.558101911002,136.8458241636866,21.671489228979063,42.72290959478492
163.45361437378298,136.13015561272334,21.700676586748706,44.038766284327465
163.77561564797125,135.3595391761117,21.284026014658387,45.27018353948412
163.4157301650282,134.21682904854381,20.91181872565761,46.09478111576645
162.99656621240015,133.03498710576045,20.823880250477373,46.57086935829021
163.8005048579884,130.20693933108325,20.582322871296697,47.44082290778813
162.69125064758234,128.5822375369356,20.764483236621466,47.5603291262981
162.3557987744417,127.5823882831107,20.9665838786323,48.08936955139261
159.81476509588612,124.31543281935421,21.309496610843667,47.43947435312775
160.03775042648454,124.43363414157437,20.1710184805372,47.98888022948272
159.71057472379005,124.92097656103056,19.774052022639616,47.801181361366055
160.04018015313682,124.46514939774758,19.162798138184165,47.625138471303
159.5167729923106,126.51586804470713,18.98433415899212,46.518132930601226
158.703349978451,126.89330219257937,19.193855059707595,45.46995199113597
157.41134940189067,125.5534448659907,19.15308155618868,44.61919290138863
156.35737529348245,125.34381088803201,19.103489834249885,44.098073730775056
154.93626427464665,124.31027813996273,18.72452048077494,43.17463769475532
153.0738295646871,124.57395311778768,18.232402826287704,42.076596599524166
151.64685922493192,122.63823281365472,17.915079520157718,41.878977305922376
150.5581098062452,122.93527886055239,17.76380314091699,41.930036988331764
149.93061075173895,121.8401098133307,17.882248059102892,41.546322212531805
148.73243699801262,121.40311014230474,18.033232143725858,40.706665102365164
148.0035092770003,123.2780907413567,17.880601158349535,40.20846437799323
146.2895304026528,123.00082949972362,18.168815648937066,40.040227448325965
145.37504728827753,122.8749592639663,18.410690870557477,39.87393788646551
142.4905202434637,123.91273546440225,18.47557477075337,39.413276703714786
141.36470507987883,123.25749282537925,18.215999117807453,39.329082113135925
138.94753252068432,122.05924473970552,17.566085103585063,39.484946558372776
137.9287857265956,121.11757576955722,16.916192645180047,40.46182602893669
137.60234346020215,120.22715585077479,16.56857758921236,40.83601222513263
136.20064642802217,119.45091489805986,16.558491125803645,41.45409505266859
135.4105840229859,118.52818003109881,16.73296983174015,41.455163526434575
132.96223953615893,118.14250077633787,17.191040354326507,40.50915824065663
131.1923203695516,119.37418691398526,17.424454868767917,39.8924935310166
129.24794471782783,118.74593070157562,17.28655493213755,39.61775552902231
128.27053699700264,117.54163234870563,16.724920842158085,39.49706951528213
125.7441712338924,116.98485203285554,16.547174625447933,39.36191681009229
124.96241293018193,116.25245967280381,16.384887979320066,39.40862309417116
124.01260534942838,115.3816341528622,16.307605058827676,39.28452636540813
123.41510283249141,114.35710843281424,16.54252483430081,39.31147281691847
121.77485182898715,112.99983055042043,17.21656723581033,38.55798526748497
120.40613817522295,114.22919778775602,17.503349833609583,38.62084030450177
118.05692582470776,112.97182041542052,17.70251791956384,38.25836846284257
117.41611572290573,112.64370377951792,17.745339488296796,37.80226129980794
115.34931817564186,112.40353986749932,17.413702735512523,38.08777489764129
115.00188862961275,111.13508355559983,17.391872704500692,36.904809911623786
113.58498789934187,110.56901497184057,16.73372058147401,37.17074483978833
113.45550747255196,109.31779810514827,16.092603340508333,37.70388364876633
112.60626378131633,108.69122443343308,15.682316003757691,37.39585875599851
110.21314348748689,109.31226132617424,15.794132539894278,37.14872888057959
108.20347416614135,109.44544824535666,16.166086531545773,36.483220409727195
106.14777614679123,109.36439577786447,16.132990152982693,35.735930199683324
104.87450168772645,108.32609184736378,15.867281278199801,35.54295398048238
102.95428151252855,108.145220210017,15.577607868789567,35.661606267433406
102.36936370646482,107.65729711008521,15.449407434532343,35.69766264605538
100.59596230344654,106.25214145614055,15.3435893682603,35.9970288255622
99.22145696249315,105.7764363451939,15.146016870580159,36.044914436944225
98.00592105328595,105.38863798549148,14.979841619282261,36.52847841790708
95.94190056309803,104.68540811460554,15.204889863319316,36.87583225006262
93.42002886208687,103.98251241513994,15.605170179665595,36.1905692462293
91.81616839278232,104.5849681935415,15.914629846852705,35.82525952907619
91.4645174844968,105.00277130914151,16.106769816006842,35.110692079942396
88.10034337484285,104.19125510162013,16.18443076177514,34.54640801737795
87.39830987043625,103.89521868793793,15.894561550200297,35.26550558610006
85.50242570574459,101.8387138158672,15.484810440223903,35.330021459341964
84.38414987495848,102.45496428316376,14.961412002770498,35.43483459903263
82.99988777610898,101.37222326524953,14.749707833693016,35.20275061822005
81.79589575375836,102.49222025113954,14.532074883033939,35.10172013604877
80.62117311376211,101.5949415447058,14.525678032816778,34.66454904734852
79.08750781876715,101.596193933585,14.34622316857943,33.94636328367683
78.9519011077556,102.0704178347596,14.237913389668885,33.461273882707026
76.43356843627316,102.17356275135754,14.254649815678917,32.942598251027235
73.94979181880504,100.8980494848526,14.455972834888392,32.551136711822615
73.30155464494231,100.5872675519384,14.359083727838904,32.81668306468472
71.74765418953035,99.19318264974521,14.56015499322859,33.10414728113331
68.85698930355055,98.97855444245158,14.6985482895296,33.46018829402789
68.30034876235636,98.39353049173,15.216952354373962,33.0930463943124
66.61577955796845,99.45282694192571,15.540641306811988,33.31367840482704
64.1890852817795,98.41427532893731,15.9742324428307,33.45199447632283
62.94847180995439,98.10918269753094,16.20863927203071,33.162317489954525
61.610935013072194,98.59120918024784,16.228708152587558,32.81627408511088
60.43104028880718,97.40414295194633,16.12363703667166,32.68254584499706
59.912401035773414,96.5297630643147,15.844638494017058,32.482077333040635
58.978952202502754,96.74431077426225,15.015483029307633,33.13005174677005
58.449526762075166,95.84196235704655,14.819254588478739,33.02329448519616
57.20994429553703,94.4170333969589,15.007176085646961,31.893295579076856
