129,80,64,78
121.04382392930512,78.0617909972851,64.96139325835485,77.37697839970356
113.3258539565899,76.46218674483794,65.8604826423663,77.918293823609
105.97782842107313,69.72088163006025,66.34790095358164,78.82592689578681
99.21823289690903,65.51279401536056,67.73716492711867,78.86658708216943
93.38629900564243,61.93527936339078,68.19488507277039,79.40832407354449
93.08991502749248,60.389626391594476,68.34351206436497,79.09487934924485
91.59786855973445,62.442112600561956,68.25385997476936,79.26170919027376
91.66608374519467,67.33291236920574,67.9165253135948,79.45196374692046
89.88384392472301,73.78417502121854,67.49391732773692,79.55582781537912
86.88166861783887,79.23832671768143,67.33035668431528,78.90814299199187
82.96950540467363,83.584725113766,67.8897004597952,78.15128717981986
76.97412244251147,85.65357085267593,68.18142833314315,76.93105927070239
70.92998388598511,85.21424841801995,68.60246841196347,77.03963799818422
63.74974520979226,83.18286353723975,69.20156104016921,76.3401308095626
58.54135776387734,78.97689280748995,67.92866351343906,76.81481036374338
60.38499847198117,73.86966948053879,67.25235242499743,77.19183041043733
59.43135305954142,69.93289235198043,66.45357046364725,77.00776329512891
62.46479486410616,70.41872633968458,66.46078984428088,76.40343395063265
66.86655699332017,70.12559815375968,66.16678508394017,75.36535068667861
73.24112058204874,74.64279000778372,65.37837723096538,74.88430172081434
74.6777062127863,78.25330082059868,64.44619918355323,73.75721497510438
76.21954853281937,81.12113631990908,63.119292504654844,72.7434403051545
81.62765424372002,83.03294448111535,62.27339651110515,71.82751377359541
85.88018905769991,85.5836952763835,62.25727985743495,71.0219195850928
91.32460321895836,86.64338396261006,62.4611023516176,70.33261396502408
95.64674323341914,83.06122162944477,62.262021825882385,70.04183354827603
102.07632916414931,76.82787086355164,61.324593251621096,70.36183697636585
107.06830453536384,68.666859709443,61.831240787137965,70.99676923915649
115.13165398092917,62.4566988735359,62.077010246657224,70.83436997581265
123.92534902508375,58.52054551141195,62.6873106166631,70.61567340808918
130.06100367183177,60.618750793508724,63.08024188254201,70.562771252257
135.6182175198341,65.55373642899235,63.12039130014031,71.86248275381924
137.62792647891888,68.36609611909208,63.6100259048351,72.8367376293348
139.4594136859946,70.55790451401924,64.22327383432676,73.28345420433557
141.0606715578703,70.92568679637473,64.90280324653041,73.71698934009788
142.62112425891218,74.08551900511637,65.94683480903464,73.77912143482375
141.37973520231282,74.8607091303576,67.22573443180579,74.20173524839818
140.10527831213778,73.4409222644033,68.18741848141828,75.06147664293091
140.12709960364174,70.75444189906142,69.38523728559805,75.24154865775198
140.32084207406746,68.27643699793992,69.95357843169685,75.67682607504129
137.66072942285479,65.28673626504707,70.0903730629237,75.69765246228451
139.22475140870662,65.1834706898002,69.8602662117354,76.33734749445684
138.02277754854987,66.81608652435577,69.23958726999598,77.01248668391148
138.16839107332976,67.62049230916004,69.30564836423594,76.87907373570789
137.66712121341016,69.42315338469079,69.49191910030501,77.41668742332004
136.75144339113558,69.34332602638867,69.43603551716676,77.3683726469648
136.85875628667577,69.87537282942542,69.34092694846028,77.63369104814308
136.67609446392808,69.62930555624078,69.06879804999944,77.80983864103673
139.42693357013655,68.52063669274531,68.53926954322824,78.1150353199283
141.40011636409167,64.59561843673367,67.52662892542357,78.46450885727934
144.71466198802014,59.214718879441634,67.83056795383402,78.54414624536525
150.12950900485134,57.02406916985713,68.72672392991288,77.94229519968789
152.9129291429195,57.737738546966185,68.42051330825635,77.0025009225613
155.70096888171818,61.130333952737345,67.00515095963493,77.19098935220913
156.64840648391043,69.57664078062304,65.87417643674192,76.05437643255814
153.72659161354747,76.49303864917324,65.95419473211984,74.78768896277603
154.86797753198488,80.93059867981582,65.22029293069264,73.52780625860893
153.2765103442981,83.58277945577186,65.0711659546614,71.82560423536731
148.98870229751486,79.82189337739099,64.58075231260284,70.75412409413227
149.28374290916918,71.98250113980936,63.6478101706753,69.83554126094273
153.728376874802,68.66647647721676,63.03446986925851,69.92368153785105
159.45210603587623,64.13277523947112,62.936938576671565,67.95872421635352
164.28592822395174,67.25752092902431,61.96473946369823,66.52391063087354
164.79342949421044,70.4022703940978,60.837042470597225,65.942646482792
165.05172269843186,75.3568312003169,60.14417961842975,64.60371743566364
160.1403349977912,77.40919881886623,59.9400644437023,63.33635032877237
153.18592529000995,79.31302208358375,59.566624568119394,61.94091815100951
149.00369398932042,79.16073674236983,58.2656855717963,61.33528288638891
142.3023641000904,79.46909677759551,58.29138674379366,60.09946535990033
134.07141024797446,74.15663867448217,57.558597853941194,59.27613592245662
130.48180034499683,70.2192107748433,55.8302414216014,59.74787924677848
129.7176401365404,63.579023460526926,55.13676920532149,59.74754468169283
133.44679664376199,64.17072187374842,54.85682800539841,59.259343172355884
134.352402849543,65.0767986786566,54.28505247332281,59.907714798855075
134.3802090868433,67.70643094326758,54.43522602209755,59.93552985479842
133.78801770000163,71.02025769980908,54.81518563503396,60.26339194205099
134.0435715719458,72.78741240256304,55.086256242232764,59.859623977135485
132.13651335916666,73.74552249305884,55.088285127361615,60.03389550916235
129.4119555995535,75.0172544242856,54.91122265063296,59.72192322575725
127.71848927270707,76.43588672253901,55.11832631701861,59.2598277507092
124.44037497003835,72.01685310426109,54.48136506457044,59.714574816109376
127.73208207309696,68.49698940588212,54.872480000923716,59.65892458617675
131.11134342157686,66.94542550067376,54.253685508324175,60.2516489467735
134.4333045268983,64.94902530400894,54.537103608472876,60.08151151303999
144.47070585972202,70.86511326338871,54.49467723579978,59.62475312219062
148.64373587305693,73.39398181188335,54.194407450982624,60.05511124861371
155.18074788920484,74.35852610988462,54.584964242649015,60.02156000592384
163.3648901331061,70.70883886735005,54.68378390108276,61.13503671827777
167.79686680758755,68.6351429132024,55.385939628720706,61.26299458864061
170.6327631330194,66.692738044376,55.4077571774494,61.671789126115016
172.72960819202135,65.94038934897127,55.2705595287721,61.51817809879847
173.87261790494856,65.82438747268372,54.478621313177925,61.93318739428193
174.15451488053085,61.07650908533729,53.979830143288744,62.00901209854336
175.82427051271102,57.83344238784552,53.22839120554136,62.15396787852956
177.0116358674999,55.68903156533192,52.67459252043123,61.71522778910689
174.88397947967752,56.37593509117323,52.770309824533186,60.426149709160995
174.99937258483027,57.57450419144729,51.983000711617116,59.79832739712617
177.8147699080056,64.83608926136887,50.69142115677138,60.25684324960645
175.7991398512337,72.27048164791844,50.99235303930058,58.89928783529079
171.69001419699134,76.99753527292009,50.703636485839084,57.57105065077741
166.7098254014271,78.52153312310395,51.211344102598716,56.28077164240803
160.3391687539264,79.2863917438713,51.79626762369064,54.91902319963484
155.0769865993646,76.90530411937456,52.30950506357728,54.41759141624992
155.33993859202855,71.81391784579446,51.81328016284841,55.555497442546695
159.7827886622681,65.39762733950933,52.292257744984255,54.55375767979634
161.18539613124688,65.3998496933942,52.460365995176346,53.9819139365397
162.7105310373351,67.05160003362877,52.10094890455402,53.722963766469356
162.5058625574204,71.10083058646086,52.238676607499194,53.477627678940095
163.092685569334,74.92906312219188,52.41505853614093,52.01713327955257
163.8597874624346,78.01438049550319,51.77485860895045,50.94564995282697
165.1178307475203,79.66208349399183,51.05730413089458,50.53148546231722
166.97742361014943,83.03941632576793,50.4879418502333,49.89943450939264
167.44521990643787,85.07865993059383,49.424593109533575,49.174138365759624
169.6427538589879,85.6177587113448,49.04355763781955,48.85729131739872
172.35330280865435,80.78655096640223,47.98838116474738,49.034963229880276
171.20021373925303,76.89326825413835,47.35079004667388,48.76481011345054
173.79731863497943,76.68564779277779,47.52441396792621,48.17119949314059
176.6556844391212,80.00521855630973,47.736305813214074,47.78699383136585
175.9384313322635,84.54839478452674,46.835647438492614,47.82621779816475
173.07432419168572,86.32725312504343,46.42039784079245,46.863215243065596
169.8045946736086,88.8571500321649,46.27909152394257,45.92868023657664
165.82444988826177,89.64125738498048,45.66765296092597,45.19509334778275
164.25269269330468,89.71796761383925,44.36734147334537,45.97118170590214
163.89621140746294,87.60742960133705,43.747146309441945,46.12390511707665
161.10059608542883,84.95334260021095,43.08352411919516,45.88669994354254
156.48680516253904,82.77956464966198,43.350782283534045,44.82827130882376
152.95442941731272,81.96469325370235,43.32445572923298,44.23914668052626
150.45218486482582,79.88647822947945,43.40409513543282,43.88752069731993
147.71010103877643,75.69857916966805,43.93069080736491,44.38271900791067
145.89888021162383,68.44601429855553,44.30425529776744,44.43793171309592
143.55028824743206,68.23694170636125,45.05022945071057,44.077478585253004
142.25129044230118,72.85752241375667,45.68336435940634,44.877875730130555
141.87081444200373,74.55220968567006,45.78593023427803,44.84492000414343
142.35041590010064,75.62398320902312,45.85735139939961,45.26166368782873
140.543268354693,78.6918437376073,45.94057131780032,45.597428766771145
137.42264894261393,80.40379765570859,45.80256025711864,45.158652323486
137.35427227011533,81.95356924780673,45.54641877202232,45.03092298473169
135.66375597397368,81.49434974172915,44.9484543994124,45.384974815528835
138.76911182565283,81.55026526086408,44.94984963120501,45.475488100571056
144.6272008097146,81.5370281801807,44.59822916439073,45.344495402810864
150.369021092953,82.40460964148215,44.745263837271054,45.18472133157891
159.29628155695588,83.13648857680745,44.52470921932448,45.42839774984654
163.50571331462885,83.03379859307634,44.9960859876949,45.31816093853804
166.3050473342056,81.47455146060483,45.50112223518626,45.3027948635016
167.9360766518458,82.56060364277967,45.442025420680345,45.42540062010568
166.73917428601837,85.45348602177998,45.742523923420116,45.218808503242585
166.467081195799,85.07776113007722,45.96698614932649,45.07884344282054
172.4095847494613,80.47316070415437,45.674292235463916,45.04998534842964
169.5463534552137,80.40557780961237,45.00680435609361,44.75822158475837
168.6488150426462,80.77762710367344,43.750770521412186,44.052636492657214
162.2604451493786,80.65296659126498,44.423572449626256,42.77753469864165
158.07662698066378,74.52228046349826,43.75256483563358,42.1145395845796
160.74886821264158,78.17373498539705,44.48158736231642,40.22875404202219
158.64954300289656,81.35540105798674,44.290433847187245,39.441751963981815
157.76136559518494,82.89001561376153,44.591480716435804,38.43602573286043
155.88521402380314,87.1766536965902,45.38226908341977,36.947685487172095
153.2764868755169,85.76734308608165,44.95174943783405,37.2969725740712
158.83941113313173,86.77566032015557,44.74127682873616,37.60319670837173
159.3175001693381,84.52538211469164,43.447484622177576,38.92289805779558
162.51746310173547,84.24116920654629,42.85420319844813,39.51828202364463
164.00173964371825,86.33961209445548,42.57531554808672,39.562520629747695
166.0643447447971,86.791085358054,41.5364625254772,39.652061894594326
164.8161573630624,86.54612223605012,40.57447190113643,39.25275824446743
164.53863842857072,87.6804737813259,40.51161737267582,38.382660896052826
164.31241253642582,90.29618948943042,40.35938152256752,37.47585867890554
162.76515468335455,91.43669571698143,40.01366292519748,36.73998719858961
158.59677554682958,91.19456850833822,39.55251234348415,36.28832260335827
157.0975950793491,90.79830952485008,39.06088868984891,36.03533821056722
154.68758291152866,89.29570696132996,38.3198317203627,36.11679988364706
150.57998422140818,89.49864034791455,38.64037885386828,35.42918176209609
145.20139530093147,88.16480031979926,37.945400363790284,35.35032286142599
144.2628682590493,87.57489577703332,37.87713049884749,35.459615054163514
140.01093921698373,86.21257810528273,37.127163384408234,36.32585364143333
139.1873197084323,86.87134530431612,36.96433954429716,36.79151409035741
139.67946606823006,85.61542700177246,36.647856510313915,37.271120304284516
138.4947217494583,86.28782550901302,37.05674483778449,37.466664996119114
139.47230801209622,83.11057521320005,36.949906512344,37.420930640376774
142.9841633604177,82.88072788410645,37.205906017761855,37.33001787952927
143.88201907455132,82.70086141235629,37.52749884860202,37.20450039847935
146.19267412489825,80.75251511417773,37.848914759472535,37.81706837920211
147.54621713162237,81.20621806387916,38.51325066234608,37.935337668497525
148.5854318607383,80.42741391025613,38.81588776719025,38.97475388430266
148.12806759781907,81.61666268188905,39.751220389703214,39.21158751284148
143.03872943143656,80.47027093573966,40.81793251590172,39.35999094172098
142.61550767602827,79.10470667377987,41.41575789817301,39.694939975244964
142.84120526878286,77.05775075467915,41.38482855493274,40.605061614126754
142.45760041520725,75.96771513481585,41.46469707923294,41.18214822063483
143.49652548907335,75.03134592565114,41.28471751359554,41.94114651119222
144.40002326960197,74.08601512689721,41.96600241817856,42.038106714908025
144.60498238359358,72.80394058528076,41.959978885346345,42.418639899789035
147.68727604929944,70.95431115454628,41.368062665574584,43.451463914999394
148.55661276239488,70.25485075228976,42.81444728336186,43.30515824969524
147.25353904883565,68.27670376514293,43.632985035636516,43.399311718304126
142.37042665371098,65.31509023099855,43.12870088391284,43.90300274695983
142.26424764315914,65.7942730881493,42.49563551202699,44.208392777023924
139.29157850130068,66.06988282314748,43.129451303519886,43.9733401965088
134.83087721165276,67.42439513192971,43.48873793333952,43.799094592350826
133.34511589354747,70.23330396736,43.93504170172673,44.08759440387401
130.75427015988933,69.48478386921985,44.31010263626199,44.7974006893228
133.5961482595367,69.9487710551883,44.589165644404076,45.38638835985955
133.5266884375164,66.60961232482254,45.540125884905244,45.84479024138467
139.82765039966435,64.40931615349027,46.10609211856048,47.026196499131046
143.45600011939823,60.55972170546596,46.293624219417715,49.04211242243713
146.02232480620455,57.24641181180555,46.9320275500139,50.263456147945774
151.7994367782821,58.540964588752516,47.48492841017637,50.546164471189655
155.70117343188866,60.25734847009084,47.8844958626222,50.88382122746215
157.64761614443705,62.2072449742753,47.87108060133162,51.97273926405461
162.40613973423402,61.81920486602392,48.355173820395066,52.51814251861687
164.42126242497383,60.33060605262889,47.831285280849386,53.90416865972243
163.7189736001482,55.34495447081124,48.17391095535747,54.24637305714192
165.0721861843815,52.23881975843861,47.61214488057557,54.81039598001076
167.87604742247922,50.31806515846625,48.46153039958597,54.001817090870716
171.18269317688663,51.517006171579105,48.249661941437324,53.76600048677717
169.5078674781169,56.16656086682337,48.329353067864695,53.56611361336088
168.65609585520076,61.63473223623922,47.539581220118635,53.267126809188554
163.94694330363657,64.63436998280203,47.86223794664263,52.52268338218835
157.89892914621453,68.76549524148143,48.40278968920329,51.54469581588094
150.83132081501165,70.59411607992357,49.030692383794715,51.313278326621
144.394181717279,71.81390323693697,49.7576522715885,50.88797988475356
136.85523046358867,69.33547733947087,49.26181099682585,51.66604496020943
137.09792805979404,70.69384004510195,48.64443521619698,52.47622972817324
134.45370431790099,67.46553572983782,48.19605861022333,53.50309546456582
131.5231171579104,63.93956856262186,49.10524632034506,53.58600972263645
134.40827821932157,64.79203219414464,49.43097260263191,54.117951943717586
136.9423998983794,67.03677151634388,50.10046287637529,54.425980897283345
140.24137290624552,67.56903661185366,51.030359104589635,54.80593101088115
144.32160027416933,70.00929849568868,51.40393323899184,55.29464592812919
145.3033912812515,73.09071463952247,50.68430408497328,56.222513172772366
148.35387188336776,75.87523078132632,50.56084796273006,56.2514468331083
153.4116443277677,78.70667515382752,50.8705589799974,55.97792576405931
156.54007522619733,81.11576948830765,51.43223355044393,56.23064280089782
158.28426591793294,77.82546305316454,51.95954071592867,56.502085571150985
159.4259945010836,71.4221668989415,52.19111488760747,57.62044367298043
160.01898120068876,67.61164602688223,53.393829336808274,57.8269874937789
160.02931546937242,66.33627127804844,54.63277141869165,58.07724054091508
161.3506517767168,67.69894093198516,55.65709005417753,58.85332852178789
161.9954272258331,70.81292114375478,57.0083009478892,59.223054383490776
161.89568061568406,70.93203953508764,57.639832919444814,60.032274615489456
160.304923276797,68.80416390461157,58.32415235127105,60.8302749497833
158.20679358468826,65.67881603648607,58.38424741510444,61.735139877706686
156.25513440072245,61.069378481931686,58.75325441653128,62.41104436330305
153.95049202451796,57.09075602180113,58.61899356190581,62.211281952783736
153.44158072948417,52.66797855639097,58.180195861240975,62.90304239850887
147.95121184844515,46.51193721898953,59.43339978290501,62.657376967136095
146.3171969458249,49.02485890930028,59.095085926773145,62.767525314782176
141.0732082895566,53.06619371609942,59.211183960763705,62.38683624996142
136.37383945536115,55.119988554455176,59.5017021505421,61.3839979747868
134.94065514323472,55.11996987441933,59.362859037335795,60.9390736860406
134.87295488589152,55.92258033607737,60.090468203188195,60.839704534727204
134.93424755308797,56.37327431957027,60.14202731293575,60.11023982342499
133.70463074989553,57.23307007002432,58.50055939048616,59.44155705889439
132.6517156542714,57.57494916533299,57.10151006553983,58.51694828848649
131.6757222200012,57.370078481541434,55.660978858173095,57.856070936383034
134.8264485786961,54.25231955114438,55.02012017391192,56.85144027821523
138.37021396172528,55.01316611324188,53.79588621198202,56.86134378129183
138.83870177604223,58.35566071001679,52.79635750036005,56.5214453300513
142.06029556637534,62.83714555208689,52.04132413298345,56.866982178430064
142.4200687022096,68.4561092904345,51.1426539789564,57.01279604634544
141.44751387027694,71.69483089823498,51.33589953398176,56.41521879076828
142.6434181272772,75.10674272430084,51.33765529269033,56.22511776215661
139.67345077029512,73.8764576276117,51.9111720538171,55.84516936647354
141.4406548998546,67.53465647980784,51.13932242611746,57.86242220577033
144.33180231579001,58.745736657802425,52.09007600178957,58.80292640162225
148.8192674792237,53.718897656441115,52.82482738589021,58.35790967518045
150.7941417048519,56.49076282066167,52.960002805396186,59.28007263516445
152.98894318053172,61.310896298002106,52.365524477708085,60.55457350282896
152.69319820189853,65.92558339879135,52.55946949426501,61.17291681153305
151.96873336386733,68.00157274671383,52.75185881068312,61.54913222518154
150.78195499027746,69.28052915082905,53.09099349115944,61.02843580032825
149.81925319600703,70.55831272396244,52.92176171701635,61.46641563741965
148.50080053530945,71.86805264855866,52.19143549253218,61.48765180316563
149.0378871913389,68.7215273879894,51.432049801423354,61.38865406009894
151.60498712679967,69.35869395505061,51.290771914739196,60.738155601257326
151.74927000237926,69.2207282716372,50.33356283358498,60.063257638194
146.71229926616482,67.38820267268225,49.461287060587026,59.39385191851392
142.90565963794705,68.36778299400032,48.97946286749928,58.526283887908356
140.0567267942325,70.18311347976191,48.82756712845054,57.51492983873265
136.34723991734074,69.77121586150204,48.37422655646665,57.22412676661337
130.09147606191007,68.41903392491515,48.041198503394284,57.37356396052922
125.7332726309738,67.11720823061312,47.67086671571269,56.73175508603356
119.77138407760656,66.31553267349905,47.92751917495016,56.05527914528992
115.86911980176183,67.03705245720325,47.577750678734105,55.03100779842014
119.63511353053204,65.907956314,47.78191312412338,54.30237866394517
120.16603534953398,63.05989676483873,47.46966359903969,54.112682329696625
122.82593364895041,58.162654118890195,47.924360903053795,53.67929530202413
127.33381969198568,59.218648141969304,48.20526628432074,53.42481205816226
129.55061911446276,64.58908731737775,48.47321133494604,52.8740508539141
132.00170549391117,69.55367047064948,48.72999005685652,52.86240813172601
135.90806065852112,76.25077027552825,49.04238476255584,52.710029993902666
141.92876318697034,76.11748519052944,49.61049036190042,51.78480289878795
149.50736582151535,72.150786181668,49.02149917559715,51.78530375809224
152.39709192206897,69.01729157613134,48.90607102251782,51.55559001788091
156.90121204255678,65.16181153167116,48.18939346457201,51.57771334401387
160.80134577520633,62.153075799860616,47.47791697356808,51.69241083094706
162.59045512102003,59.0109518961312,46.63002366964169,52.040565275126255
165.6548298573746,57.416479477459404,46.89618881565606,51.788440513915134
165.2394044725314,58.82360355558956,46.542312107401074,52.04940237100064
164.66950216048664,60.219832836651676,46.573641978918275,52.126876989075264
165.08827971779414,61.45493146002876,46.92932538517682,51.95854758295807
163.66766515101213,64.51103702288837,47.38656746140582,51.65118093815386
159.57866554130757,67.32073616962091,47.833888372280136,51.17735023334025
156.49191380903022,68.1008533414782,48.30409823706384,50.47202919033897
156.67054517628736,66.01751439971792,48.34258477385298,50.608429390324176
153.1458832391778,65.83718704860621,48.11088387253939,50.60384962808365
152.0552361391614,62.73279598368439,48.16694654698234,51.67409776449493
152.15297514879165,61.44424912579362,48.19453607186702,52.615911541664246
151.50007022125828,60.98616295070472,48.935306873820785,53.1849993285838
150.75757042381878,61.566760185263334,49.67744975759583,53.314836624935786
149.47539309984683,63.676344624474865,50.53085242362816,53.977180295542354
150.09227541892938,64.35274632261134,51.03067940548604,54.364636644135366
152.20746447722578,64.83849155369677,51.77151287276149,54.18100786736436
154.9862110526547,65.54227976151188,51.736816484573225,54.311282001942544
155.1787285941906,65.05263136925984,51.42237822908673,54.49502871195901
154.18188806529213,66.93995181080552,50.906433054985285,54.57765897844045
156.88850041680107,68.0801207128913,50.66523882907303,54.66825515957866
155.58734556925535,70.56012796192411,50.02818366819177,54.5916368833641
151.47375998640123,75.88561539917345,49.377793513629754,54.98434114073456
151.42800632025265,81.19560290629076,48.61668467790721,55.443942276753845
152.04836008608248,83.38626012321228,47.99450126062473,55.968762542687855
152.8419777406562,87.33508355508485,47.441589194292234,55.95728569258969
149.62947445332733,89.46549094094416,47.59620467859762,55.92236924929658
146.47015476651978,86.70637333821506,47.93034494444228,56.38936110444955
147.3395048362114,83.95252397447202,48.00309600314607,56.24590736053767
149.1889699508703,83.65551909996837,48.707039797624496,56.00949727838297
146.4374153459648,81.76565831166042,49.01630681601456,56.381045480265044
147.0142267371452,76.82040885772251,48.98734586017024,56.84484874395122
150.13074236231728,75.4250164656022,49.308611955274586,56.64218542516642
152.6378976361192,75.80168533021381,48.918605457328425,56.05192014861849
157.10273859381792,77.04879251376448,49.016480368823935,55.015434271616684
159.56724640098105,78.34666596942591,48.48380271901558,54.84520854307867
161.01121600060756,78.3447139568663,48.35434629220608,54.33109124638165
164.02336690672854,78.75961853545607,48.37914265919001,53.460582684415186
165.9335813418276,77.48992404669424,48.01060049962307,53.46110778294411
166.20943413118889,73.12432364228675,47.997894506767025,53.70198768798939
165.4304785432945,72.0364439202489,47.82650180986685,54.23582535969637
163.1595275002634,69.3099507652973,48.06668269705166,54.46734494583535
158.44342472704332,66.1812345502663,48.26499853122327,54.56395330566386
154.5721370592889,67.48040416517196,48.859990990062116,54.54147233717619
149.0724812044811,70.42640483947545,48.565483469653074,54.53625562790353
144.68173960926384,72.9494869674835,48.61399140421739,54.54998291178943
139.8190159600093,75.24830253955864,48.490843127346366,54.66945865336119
136.53281440881582,76.8327967091025,48.34681970300334,54.806121179546594
131.3694947160797,79.02350694584223,48.630121874437535,54.27050009047389
126.44516852523265,79.69705046107273,48.68538586115086,54.04724727561172
126.7993304947405,79.58463368808653,48.62549483999321,54.44411609068226
122.76657811668157,75.42712390411248,48.351290000312225,54.91715527115382
123.3415657119085,70.5444904572872,48.107605289985116,55.62254791174655
126.307226844596,70.28183077154232,48.6060068776724,55.06605706967378
128.9813080240686,71.7618601885886,48.49770769514376,54.90566413834405
130.8159281117767,75.70599405528543,47.53247483823303,55.2966092236979
135.67153385531276,80.29629737060178,47.61733497875545,55.127420016663876
141.10632544623897,86.25348722556885,46.7789242588368,55.29966487651983
147.13304420443478,89.01996816957215,46.45178346482034,54.22132686585144
151.85193373018922,89.21359385789131,45.8900007847677,53.25399444027226
155.07045634795128,87.07308548303999,45.53277963446028,52.87506400504818
161.27727106291405,83.44206997769717,45.21216325895156,52.53217431049218
169.37579051113943,82.5566265756544,45.60418333966983,52.09899952366578
172.33488940713653,83.46523519176733,46.023298404092856,51.78949202226518
175.15817724309107,86.1664880040424,45.85333433407151,51.65592603110243
176.98660990019798,90.65272406288264,45.06856708400109,51.5635647311196
178.1676083781643,93.95228771568273,44.90318701751928,50.94860515084963
175.83914196845853,94.92986092975679,45.00075427321342,50.018177245725006
172.42047495642987,94.12183570507958,45.084355343360585,49.39686079430324
168.37900895801175,92.39731505627276,44.77428657369323,48.7979343759625
166.0085139372863,89.83607360680341,44.58328923618318,48.825815074058895
163.2987795344057,88.87452949956659,44.64486019831658,48.307514398372916
159.67440280331107,90.13876906432529,44.50472398929591,47.706724871419354
158.72313666915542,89.64138553350729,44.36430008377728,47.98868686505478
159.37331441692953,88.54051429588174,44.45715906877984,48.42380023043843
158.2528616444445,89.24432951832533,44.37744505443409,48.52395949652458
156.29679033813753,90.3062085780681,44.44051534460982,49.222644621793165
153.59791443817423,91.11589759004337,44.68535698755719,49.432495866395804
150.5680689633876,89.76121922914818,44.86768861282286,49.46141153409138
149.39676385743854,90.31783922111036,45.186324603815294,49.67441208630731
148.71137608679686,89.69456970780107,45.193812058803246,50.24125689080584
147.7892295159404,90.21713588607636,45.427377359675745,50.906809514981575
147.17693738330865,87.95373241628204,45.64040198322045,51.732900384265164
150.13195581439467,84.95417808909839,45.749327449975524,51.66560774011671
150.75552571103165,85.56612349396303,46.21073403760698,51.79584211170837
154.58846647140328,85.22713516263445,47.05856521133685,51.015888377098484
159.17048845967744,85.93034380707448,47.15171794333804,50.67746558847951
164.13034511914864,88.46786820085717,47.1477816773374,50.713807887003
167.9001766039358,92.92130205841485,47.2012979492914,50.42691061054768
169.49157626433816,94.93292430363395,47.59956204333582,50.03027317628857
170.69196500107915,97.44416650432694,47.79377066694397,49.91009855460469
172.58046353208547,96.98357511046112,48.03492695835033,50.67915093843773
175.85827293650468,94.70838157547234,48.25142498818009,51.35797976744887
177.26477805238355,92.25523872249614,47.59789407553035,52.4423107400589
176.75263104758574,90.81387013452675,47.379610552786474,53.209240771124456
178.11606855002756,89.57981027838424,47.0485778831122,53.926951917400665
178.24838845241854,87.79369474079415,46.61141651969491,54.029035113618846
180.539171887311,88.10252500764454,45.583387730563466,54.88724484406008
181.39100838942733,82.962873665161,44.399372712597895,55.46540696301962
185.68148028966664,77.80586342899545,44.49465786161632,54.2609439851786
189.59342980315512,78.71982586983624,45.35626268002851,51.82896765251152
188.16961634454796,82.46077747204774,45.16175377094045,51.67382853888023
188.508599203505,87.30023712094467,44.99444987735643,52.92031818583864
189.3741172824353,92.53395183723161,45.8760717008778,52.47343827784787
189.56770899219677,92.99676315532933,45.73875060901837,52.29800049795228
187.78895577226194,93.51708088085131,45.78472365589562,52.26460192753623
185.05242092003795,93.0742753156264,45.586317479821986,51.802046854656744
183.34541847941966,90.89939279902879,45.61126431524464,51.314391782581836
180.5896720319759,90.34345335993382,46.260117537888135,50.476188767862794
176.02494950390778,88.00976747761862,46.25146612503876,50.60231292902934
173.41944022450525,87.47811762687925,46.23941824166271,51.17770363585346
174.31950333311494,89.81052735614819,46.621761975956616,51.30819509076676
172.1785589355294,90.14228089296103,46.95249028667163,51.41203751744352
171.169336266372,89.99404046772159,46.970430608139864,50.961833872434184
169.9781161900303,89.94430166899848,47.651768666606415,51.085174575413845
166.48140568294565,84.85669087016157,47.585346903922435,50.617816095967946
163.7757782497809,82.69455782888978,47.384229313903674,51.172122633421566
162.95514064154946,77.65970639801397,47.177289361683236,51.48695689559444
162.44441050012907,74.9013583052688,47.433027071106764,51.45871940274435
158.78717618922474,72.86931730719104,47.12333783338559,52.24604874764529
165.27909434586033,71.6550376467444,47.70702947312845,52.61564299272733
168.8285485387882,74.00542390148297,48.02252645129009,52.64999837978813
172.7448853658089,76.52079253173265,48.45053694951392,52.90275355323788
175.72051689592132,80.19515065488834,48.862490153507686,52.6709084571171
176.6897155755989,81.1342120374384,47.99057762813784,52.71802870995296
180.64567521589714,80.9844621292923,48.019148583127816,52.601777496615185
182.9743904154156,79.9299014649588,47.66036367446439,52.972002897258534
182.3684655253051,79.04824302373183,47.61519149804512,52.72968193536243
179.27317298683076,79.17722373695327,47.336878951792016,52.73095073269261
177.21151593961653,75.19633865536409,46.819336903765944,53.0195433437662
178.23047802880043,74.35126669323088,46.640877382538484,53.3976236670236
175.29064475623431,74.59309692875027,46.79528208280106,52.8618947349121
172.7470073129325,76.48040522136479,46.33301215467744,52.94631840589537
172.03870212987766,80.97937007088433,45.99986548071797,53.47038883656059
169.3440195016459,84.33250633741594,46.366020774726024,53.3747298758786
167.45297716997183,85.08349349532719,46.57831393301086,52.84618495006315
161.97118795644909,83.56277479977683,46.91005214774215,52.67444844991239
156.30830153029297,82.60793205499621,47.02053871224585,52.88131286683732
154.55798641800598,79.38774065353483,46.6766329195804,52.95321809636284
151.89107087027952,77.83656060848162,46.44696963405944,52.794717325667975
148.75546440640315,77.48506854652439,46.095406034399296,52.90944049374471
147.59772760100756,75.29152549246464,46.16392380845446,52.82205210836159
144.11276191599785,76.54411984049722,45.62642824183727,52.77374495106379
143.66253066935025,77.50523593840069,45.34106940109737,52.493462841567364
143.97080507853286,79.29890612015492,45.282503542810026,52.410143520702505
145.47639565145363,80.38854697481682,45.1610142930481,51.72389580516058
147.9885842080273,79.99874970719844,44.81752752563892,51.370743638500294
153.39333972845685,78.9155675645496,45.05649649030734,50.83269157997088
158.80703558910616,80.06519710763693,44.9763296097071,50.857842977082356
163.3080244132578,79.71199091632319,45.10116440291588,49.91275170131274
167.77495498381703,78.57190686851263,45.197928464116785,50.28254837959219
170.0535344439847,78.81436062097166,44.62908629189265,50.67940787873612
173.7608262230789,76.42520962058339,44.97478477411894,50.261257760617795
175.91524375560056,76.83497844856025,44.441731561894116,50.10253951212301
176.84264206243486,79.92165683572473,43.767853522782225,50.836847541526105
177.82936421217588,82.84459306895984,43.65523593807741,50.63764280837083
176.25073524728325,86.98003551836496,43.55721874083412,50.28935934459407
173.70431610806708,89.58785635139735,43.6502133587147,49.59536350962048
171.9325977712163,92.80964820617581,43.92494630323928,48.86247904451788
171.69124620204053,93.73871095032314,43.64111995869805,48.83504537536675
168.18091234096266,93.38107636524816,43.70220546868127,48.07207524765077
163.1750447731165,89.69290765441278,43.24538899813816,48.23143707545118
163.5771139178852,85.78464064719816,43.101368317476634,48.51999519580774
158.65931040862944,83.78831965794609,42.83419905393873,48.79276098748714
155.3860754385064,84.7712371659861,43.20376258465927,48.1040255640129
150.35005516692553,88.07748104954811,43.99971157912508,47.6857227299498
147.40151898136943,90.76163939616436,44.42278979288717,47.95109726020506
146.82604928778144,89.96938051645756,44.16653099610954,48.725686408555376
146.89839612645432,87.31969259357206,44.04531119459912,49.62373354743947
144.2860271622282,87.17266830428909,44.2216796804412,49.896152817632206
143.79104744493236,87.44864553139362,44.219510753755486,49.92295898118739
141.24928911696293,87.66316736942191,44.27705576611561,49.91731312564394
139.13937288908295,85.93818034408815,44.57339914473934,50.39766570470197
137.06659143965035,85.94550985694227,44.79233407316502,50.39052556546277
134.13923689099204,85.55130389248819,44.73920292179716,50.686366585278165
130.5625225699803,83.9916296104183,44.98329967658453,50.91109865636348
