141,73,27,34
142.4369620275615,75.18377767026941,28.377066064883024,33.05689190826529
142.00139646093757,75.84604972773997,29.034342101981338,32.67424768156586
142.58082335357545,75.85180073987078,29.48255236863504,32.54916751895023
143.08583473513212,76.18420836821794,29.782741002360616,32.36560643460689
142.69651508662122,76.59039228509583,30.030853722301615,32.174291356856514
142.81432549017518,76.15776159971182,30.07861212993135,32.27239860564674
143.23078827204694,76.42766696810527,30.09517483359177,32.16764037174198
144.46902431787709,76.09599246603261,30.188676105986904,32.057048489734214
143.757597711167,76.52668637925441,30.573635018406982,31.78150375750623
145.80433749979207,76.7859178095406,30.46665467122873,31.948015957825294
145.90450231079222,76.47038714703687,30.291331497313998,32.186939359381405
146.49540978401956,76.13256621140337,30.24330001142065,32.2791388038609
147.21172735208566,76.0072773111312,30.306905588335628,32.35921059848737
147.51848886151083,76.34649128394028,30.321152213730542,32.343357968465064
148.09854124364912,76.55991475573785,30.523427397579596,32.199975306427646
149.0560231641573,76.70848495543494,30.527462459352904,32.1990106223866
150.03265739337354,76.91462523481414,30.47036024377366,32.23131517160381
151.03309014717277,76.4728896604426,30.404612846524877,32.46895977945584
152.1333906924746,76.57639909340115,30.527273647459182,32.419598920228
154.0899118219977,76.58210326307704,30.667413346520007,32.39022496220604
154.66629852389823,76.31136702740265,30.653647759684716,32.3267840365888
156.19186866099113,76.2958091366938,30.649720189749218,32.19640277867058
157.3734600113014,75.99598264624134,30.496931092748497,32.443998421468976
158.4257603058287,75.91147393145997,30.561544299158435,32.55148751035927
159.48550402990526,76.09261986492461,30.26557668834417,32.86321471607852
160.7269045991171,75.61837746630542,30.291067012319683,33.06086141822889
162.47469436278982,76.04106446395318,30.12230385445961,33.34838086508669
164.22209427360187,75.32540211408786,29.794885757642653,33.29423947263429
166.27652142217434,75.64771914116031,29.613101452864683,33.22359636528223
169.1293944628771,75.79391936823288,29.02342323049234,32.96175768912188
169.87835247218806,75.81420941465736,28.569499088232607,32.72986505956911
171.42413939371264,76.27530834898701,28.34487234477666,32.66866340981797
172.3322452137698,76.37536440524124,28.31859639229157,32.58149148010675
173.48931259654518,76.5274748775281,28.24343358949792,32.600967325654295
174.68884174084326,76.79881379816595,28.094237957965717,32.49045287126299
175.7637869640804,76.13639195737726,27.827036885723714,32.45153904253138
176.08942785044238,76.42966363260396,27.67082043025319,32.49539412678846
176.7929204799477,76.17094632514087,27.747459101275904,32.225570346398385
177.87717927666765,76.13431906663817,27.7324197492179,32.13526474592773
179.1820372793069,75.93502550373131,27.792059549195052,32.09424654513754
178.62551549721374,76.3356270268374,27.751774683117638,32.26467332914776
179.10428652764392,75.72847761750637,28.076774087571835,32.27090215702326
179.34152459195394,75.8490003151246,28.214278090149477,32.168307624401926
179.72691578345464,76.0785548094183,28.26333387993338,32.1395445658719
179.0917355329649,76.28247389161109,28.15987930871575,32.29259220715704
178.9535023584274,76.44609957441229,28.238214086546733,32.287184757971865
178.66115020996597,75.47810520771046,28.29805913622314,32.50695099943157
178.2037866116783,76.19802297332937,28.06112835238318,32.53425917678442
176.62901668147697,76.24700237466345,28.037591454345424,32.37587230163083
174.63450978750424,76.71573304931765,27.91750997853692,32.5080526020816
174.5091588117084,76.14202038401507,27.894370748559055,32.49936903658331
174.24035899049628,76.5098771994779,27.971776081285892,32.668213479291175
171.86788434894353,76.93066742925821,27.922794387181888,32.57543609542548
170.30829186769074,76.4886899996689,27.99869683007927,32.60641800456024
168.44463192834255,76.54029061857723,28.028273425458345,32.49558391034901
166.95510193626401,75.8160973937423,28.193736564896092,32.608300903876575
164.2616004504496,75.78270056212568,28.365517010422355,32.67806583989554
162.876416430592,75.52664170497988,28.579890485622897,32.752062689844585
161.04034976116495,75.98746840128481,28.797381433205544,32.87856206295804
157.36706471417105,76.08570161627125,28.89224779655313,32.83432597884171
157.5020637293107,76.24986469357536,28.931173817878815,32.88438955914105
156.03867031149537,76.51228690764916,28.689905984694484,32.80305439361227
153.9010778940288,76.49855235532783,28.696704067558535,32.557523359499626
152.07157092285604,76.49983725818453,28.528686065159867,32.53480938334131
150.25270151495175,76.79153964316154,28.459673650701795,32.707763990427466
148.53485477236967,77.26540806668099,28.530438880141354,32.50930137613381
146.478099714569,77.39217593692806,28.558769504803383,32.19224652761722
144.31601448317855,77.32249820735993,28.38831260152537,32.24282431754799
142.1711924063776,77.46659138381746,28.38343504179717,32.457248969194204
138.21455002520932,77.71665550995561,28.52393315546054,32.2586797913667
138.15235970070356,77.99334181990447,28.638199491847672,32.210037375750396
136.36516649747546,76.96510729974898,28.443839021496963,32.427523933245816
134.73665712885438,77.40228736345581,28.345111341344523,32.38832634513256
133.11836042103096,77.91122633655873,28.273974479515083,32.33343193889694
130.62844501317954,77.91844768011303,28.219413801242673,32.252306678010534
128.9489641682805,78.16461833860396,28.142715189327554,32.10716550591617
127.58448221681947,78.60303343437467,28.02424215580468,32.326226864910524
125.74904621965332,78.59461219113905,27.808850021778852,32.31490811557452
124.27360857993796,78.85294413458763,27.60958875193792,32.25605062063924
121.61607760220522,79.52285053513951,27.588580262768645,32.287137363982204
122.08431498801757,79.35107496237993,27.366244767695292,32.35294291966998
121.5913594674137,79.7284598589715,27.271382440612328,32.59442717706643
120.37964756075041,79.31720152828828,27.282910427793237,32.609809395449936
119.28317247612365,79.88317799381414,27.191364063907855,32.750622228965184
119.57814278796513,79.47783501660777,26.976801166597554,32.8629316036045
118.22960231614181,80.7020452445837,26.940117481632726,32.785968733864614
118.48701193586393,79.99124640933374,26.620284700462392,32.85915331052618
117.67197543472578,81.01821400626565,26.569408380094988,33.03097389258086
117.48920209724307,80.29552882842856,26.593177094065183,32.94636028981459
116.81559625867425,80.74374548091936,26.676082899048254,32.9454816654421
116.456023861468,80.76297475575954,26.74369489482207,32.739908396874426
116.83601587509327,81.53484174272207,26.671505262171934,32.93868098859599
116.54576686598115,80.66349366631269,26.636950635521462,33.08515029120843
117.73147963550922,80.95344964226743,26.65489939619912,32.80242383209424
117.52294640463398,81.61944627995143,26.7488337900553,32.62988068448179
118.10243809734344,81.75629256246476,26.625133261712925,32.35803718080202
118.92185740019173,82.41614940491748,26.180646606926526,32.3571638640366
119.62710152347594,81.80913223755135,25.773135456121466,32.31009874398991
120.21901426576403,82.58947425164939,25.59902429758874,32.151905752994075
120.94219174347825,82.37557727130064,25.23481960619165,31.974577434000487
121.15458086825981,82.81060924127618,24.967250482866845,31.704906717621725
122.42169400783963,82.64525189555442,24.584262706441315,31.41815452662359
123.25934317473133,82.4470912748318,24.302497198596782,31.06424716358578
123.77016988097242,82.61585895360055,24.274326048538526,30.79293372053843
124.62489333036757,82.53778578655653,24.294382029081238,30.547856052474188
125.82261611907091,83.2962789784284,23.90764999419514,30.41279616995501
126.14815466620716,82.68346058377873,23.783909301911113,30.482603541755843
127.31876282709683,83.32398401883577,23.797057969607515,30.438769553747534
128.40298165001502,82.69165882713897,23.705121451611404,30.355982507826102
130.65829413984218,83.76472867849553,23.785652229202807,30.321284790154884
130.93823801878037,83.7860505914229,23.79676870379478,30.20001897916562
132.58713642503838,83.50879888363283,23.688954782597595,30.1772608121504
133.61208063162283,83.24858136137006,23.710586765321928,30.198048771676476
134.36928684444783,82.78376202789188,24.06766890386833,30.33363193388596
135.71559530513596,83.12623500373562,24.394695744871612,30.279591700098827
136.2842434870995,83.11686927706805,24.818021815708256,30.47415502372007
136.09471692004402,83.32818491661872,25.031240323235377,30.64649491193833
137.41455003707517,82.57514141595314,25.351655546341945,30.97152841277923
138.6076504797588,82.22161698866503,25.89268299916705,31.108860418501838
140.76645495416471,81.84176553088888,26.382540911849237,31.29778664187254
140.544103080355,81.76394798393059,26.701515663881107,31.382308301140167
141.58124768640337,82.2751433431944,26.841773168692363,31.322628766000157
143.26006328117103,81.27306199537156,26.83427889254731,31.540586218033035
144.008894587005,81.76431808472735,26.93435530177579,31.386492441419147
145.95331784061958,81.85588815569025,26.798120929892224,31.59734742778042
146.87052733138827,81.1393674278758,26.651376568522558,31.937224822021964
147.27804409789368,80.86830186942089,26.637988764842735,32.163358194203596
148.3141057451957,81.74832087836954,26.814210978628218,32.10424255321066
149.90349990130332,81.43452915910504,26.721315875526123,32.3385758907307
151.17696428262104,80.70017140136896,26.551869523076835,32.14649985423349
151.65161516986424,80.914057381773,26.419822015611008,31.90332661472686
152.55161393920557,80.90514810572387,26.11820480058043,31.616044016134296
153.4752623054623,81.16436263559747,26.044468938607466,31.559354326561248
154.27273410277715,81.53464201989716,26.08243196188003,31.329256670981856
155.6895647652808,81.46959440097673,26.09399647788596,31.316926489120323
156.00357645253672,81.73806020355588,26.173230923316737,31.263338833352286
157.17661003756058,81.9657033845129,26.215314576685362,31.326199824656527
157.8843662529975,81.57303012025912,26.36641617164914,31.398078329423228
158.16813896215146,81.7285985416386,26.42230483196886,31.0831262183802
159.66590495171653,82.13836419573566,26.646411800522568,31.20769807821204
159.92391874819089,82.31826282224576,26.802558980963344,31.156577640533207
159.59094081167294,82.5705873046225,26.89923110977057,31.063565256261057
159.40597878714613,81.797000453267,27.02168077933652,31.164280184618228
159.28221072663598,82.6467176465619,27.49507973161925,31.076128397409683
158.92991132866638,82.88868619018189,27.674568165867818,31.093140152150617
159.1012595418939,83.22337898604,28.200969664749604,30.734240949098798
158.7772925657611,84.38877290538046,28.224649272355432,30.86894367173705
159.23934058315317,85.12985041150911,28.138761514438052,30.662165984822263
158.67823559716803,86.38628496800814,28.180154229393473,30.450243862866415
158.89011272461374,87.70983287634232,28.59933546987678,29.743299570184668
158.65855761480182,87.5409675779234,28.736994362968446,29.37960368056922
158.54748676759976,88.49739273673637,28.6815003086775,29.02227167874161
158.71222471176497,88.44489588073509,28.68338781572411,28.40959489658026
158.9526007086713,89.70196315806814,28.561690501454315,27.897466192910983
158.90017565146547,90.064546259063,28.433959584359968,27.8026811840443
159.33119478224143,91.09906116633508,28.105816009231887,27.39888472803885
158.98718866216873,92.05662849648934,28.032342856162188,26.95504222439125
158.89510080541024,93.86628629439063,28.023266000178644,26.371899050518717
158.59104974332328,94.07131084916935,27.985208218058062,26.032289260598134
159.43655189148197,95.60368716478817,28.013219579221357,25.624677969117954
159.38918840892813,96.15915761283581,27.89384784636696,25.329392694098885
159.97979267931137,96.52027997297921,27.870200051229258,25.105924364827416
159.74393276421065,96.50217069855529,28.002736197568655,24.84774383901484
159.70534219751005,98.42393106315821,28.130590570184726,24.41110946368962
159.37770811213815,97.64738281793215,27.905317582595067,24.504153003527733
160.05026295020156,98.21446491129018,27.768152526576813,24.297178655215795
159.58468563195194,97.96060563107974,27.802066862523663,24.380599166657355
159.47135738364182,98.12120733472322,27.780826584183718,24.245096671288696
159.31714861669357,97.89819174769043,27.854882049646406,24.320609659899855
159.1672556497407,97.80125427663776,27.987412695785693,24.151624862918496
159.04562311917465,97.67723760980503,28.063556560553085,24.03708936830615
158.13562289197804,96.70558989844547,28.530451526740002,23.484239970070444
157.784971266887,97.33393486397088,28.458057213892538,23.557962692952955
157.14975009078574,96.57629628865442,28.320826404228548,23.980188462109737
157.77406279569107,95.82716412649039,28.330882038498174,23.844178572611447
156.39341386119563,95.5509252332912,28.215098304045384,23.98636169492154
155.98379260491507,94.75053139020348,28.151294458428197,24.020034635114378
155.92215833786446,94.33208903359728,28.156921378349754,24.300917489599986
155.85010068917734,94.39831816637296,28.20087253279462,24.73725667472548
154.50916960517443,93.10635445830619,28.31607641789906,25.027715632824723
153.92038407655497,92.33533974765066,28.17523086683019,25.41172442500409
152.91458766242806,91.25958581868704,28.441910851554255,25.675008110010683
152.81483145967522,90.82013860323698,28.845764229772065,25.566388025154183
152.06916051914823,89.67636148955532,29.292538768475776,26.210695123365227
150.70666670808214,88.36675611674849,29.775927472906453,26.62103548736187
150.69417379928174,87.51455283132391,29.774827510530304,27.269758755205146
151.20968235721315,86.90885238059857,29.451771525931534,28.03750259828861
151.4526121406981,85.53845542056243,29.259557030220435,28.491025984462915
151.42972582512144,84.91903885528612,28.665458782175968,28.996384069953127
152.39429306689948,83.67150087323037,27.969673927743102,29.33381457368033
152.83464209048952,83.59789016238142,27.517938221905247,29.53248490252183
152.3645955722651,83.61070956979783,27.267793917122233,29.717737896632087
153.5431897823334,83.29860219132553,27.067925697958902,30.019049872950806
153.22614081423123,83.03266141282114,26.819998594564275,30.01075717360324
153.51476832618377,82.3088236456913,26.390180904911,30.267126078833932
153.68486241372062,82.3909898027527,26.150982223658644,30.19848520923306
153.54948967774104,82.45533948908505,25.86614963088305,30.084073736563994
153.91660032433347,81.95904836146464,25.53815651723098,30.416187043227325
153.81014983604166,81.61670229086764,25.471500376935317,30.72711434825449
153.411757489011,81.43361180230573,25.483584225899094,30.64533855148422
154.09633280977621,81.10385242857987,25.406838961582487,30.8023054987002
153.32103922274308,80.86112610389995,25.480794113832907,30.851971863113526
153.71030793732953,81.2633685573527,25.43627884799682,31.079919003901516
154.00266376762468,80.44020753006454,25.445282158360637,31.26582357392858
153.8534572018538,80.43314814570053,25.355723603932354,31.495812670880085
153.65846682942401,80.18804819731734,25.386076475121733,31.51371302504083
153.58604589927768,80.87153784241848,25.32285761814402,31.444217939083295
153.28759839992645,80.51998761993543,25.404339609912306,31.220036214495895
154.01909711412884,80.33127916811961,25.228868617205983,31.371891693403654
151.73405030914142,80.82321501088832,25.62896464084082,31.02355299452595
152.02979582539137,80.62319779958872,25.671922373910448,30.974327145046956
150.8085870375464,80.81721882227995,25.859974213798527,30.897180933342
149.61402299550585,81.25833974133717,25.85772426137644,30.973671003308798
147.94430492487626,81.97940871708641,25.98648079465824,31.011424854735864
146.33247873871068,81.68142477541244,26.052213584338954,31.064637469557134
144.23347301526226,81.86538037743175,25.98404440974995,30.981580510103225
141.44166940758245,82.28940571106203,26.072545831717694,31.03943307258328
139.6684987734935,82.56746738081686,26.063551652384955,31.259580555265394
136.58207639398125,82.56371935450552,26.15343549527168,31.369357353898973
131.15078313974536,82.78656736213458,26.108113004286334,31.489821416988747
131.02458121377663,82.40157845279477,25.969246682781183,31.458300761336595
128.79485727213054,82.91242618735123,25.909384090645275,31.416651507988398
125.721436897511,82.57757174926446,25.99283502926924,31.320090669065852
123.07290897300793,83.18017256061293,26.163647821457943,31.615831676020324
120.57978112624126,83.41133720135356,26.32945127371122,31.442600844727654
118.33079913705396,82.93533751483449,26.571105308000426,31.45633690071321
115.82637087542506,83.26664288836712,26.703763094042344,31.596120627724414
113.90146193223275,83.1603092371239,26.977171207629443,31.427078871259162
112.73518445311801,82.94594267344415,26.962084272805786,31.066333282736196
108.96269119738669,82.8957151783755,27.210014767433858,30.900183946842255
108.51617446460804,83.31525132760234,27.336885769136288,30.808632454183893
107.82341339576229,82.47290473737509,27.563559313108392,30.79993391368444
106.04604531717192,82.29508987358605,27.640317512553086,30.854343657479923
105.43845128734979,81.91442732946518,27.748025964885876,30.83990032263328
104.63440354157618,82.22132665946616,27.7321567863208,30.92244087278232
104.14756989372492,82.41268295012064,27.690956339838024,30.882449193700438
103.96830675585231,82.785089728989,27.92337127896723,30.76200779581066
103.66345796210972,82.21445243925466,27.686723065752197,30.80013848217109
102.33718714769739,82.22443131192122,27.795679409704547,30.86936313351405
101.59277880449392,82.94718065884337,27.751245863079102,30.870647120800058
101.92041304967582,82.81476421397369,27.731186625533297,30.809337525989775
102.0994987994143,82.92624274793071,27.797420656762966,30.94834109873142
102.22499687851436,82.97555345198147,27.771985497229306,31.033986651272812
101.21252271958818,83.60844154024339,27.99391247626423,31.091987980173258
101.89554024251683,84.25600353525786,27.767713554748124,30.97996814246582
101.95798680453441,84.65499617477606,27.921034043901884,30.916930013868715
102.13569467557383,84.20112324786375,28.04807233436454,30.81194650584144
101.66220392939374,85.20374143378974,28.043251500143317,30.505524531594062
102.24223638955968,85.56492024568674,28.02079947438505,30.533307673867736
102.6543725826287,87.38384205038489,27.88861387644909,30.209400872968054
102.44376212263069,87.57533425222358,27.863717566461233,30.013876694135536
103.2620525806242,88.20641845763294,27.659394503406535,30.049690007097112
103.36100908082017,88.34969472149209,27.813793698020874,30.139228650575404
103.13106805654047,88.83548970519135,27.936019542659615,30.052734338676437
102.60104530716949,89.64025429660236,28.251583817431545,29.93206746655065
102.04429344124014,89.2231096566674,28.371728576138768,29.737295023821325
101.34443662879522,89.74114828125386,28.526021816888857,29.411151488598804
100.38482753614866,89.79337674761796,28.26144340663813,29.383383751849458
99.21325767918579,89.93234698785088,27.974823681715105,29.25428263371158
96.4287798963077,88.90391429390228,27.465024402290084,29.10044427332378
96.14799570501845,89.20546001939768,27.26760684683964,29.219693947447315
94.86164009457404,88.76216089556331,27.094028046104597,29.14020434586888
93.98737032098838,89.16102606102979,26.999188949256837,29.23991853219396
92.09064128168444,88.77250775321014,26.824461403767252,29.138552238534814
89.74225253526288,88.46522493905334,26.668154888731898,29.274149953346992
87.16080177452156,88.3748493187321,26.639444572017496,29.241529252860154
85.68671045815995,88.93152939744157,26.61947462537485,29.156848535301236
83.6357943253717,88.39170210137748,26.343544604987315,29.090457248424293
80.49065554897768,88.28822238169215,26.29778822254555,29.291828762530887
75.79009704863515,88.68965901367946,26.27443905160044,29.302246811078405
75.51259656505164,88.06486156295901,26.469343326782685,29.21998373881664
72.6691027687579,88.33574015983083,26.38078428218722,29.50415400917455
69.73533878937883,88.08394242152409,26.44092097421568,29.44028704651349
66.50100942173962,88.67601041757891,26.606501048464764,29.409434470425907
63.07377686615072,88.32467797771841,26.83015986643187,29.284624668732924
60.19488635605632,88.37376989846224,26.721098739977787,29.497654768043912
56.18400652409764,88.32044210448274,26.89281556114623,29.39947978047671
53.23225074581646,88.31698916293604,26.80719500179739,29.393629665493187
50.12998530175888,88.29854562162599,26.629850579638127,29.540200914618396
45.76933965952025,88.40176623514891,26.476514211631525,29.547860002737025
44.671513286326196,87.88857887711681,26.54882803920151,29.69855197889847
42.483611308457256,87.90304708143485,26.45932451043602,29.76297461369373
39.61022058531417,87.97736816370781,26.36899982321576,29.737247270558463
38.10383320379336,88.13450724171133,26.26984865221636,29.678435815525418
35.519317067774885,88.48817919511937,26.208553974462664,29.686504069992168
34.04263149761867,88.12504675586153,26.4843797076339,29.63804597213484
32.162166977305276,88.28896321305662,26.36827559883664,29.642545133931954
30.091538531365288,88.22115390143804,26.24904809116239,29.653060408741222
27.98354184923975,88.30783446989628,26.25744378499915,29.48981638031391
24.47463839501334,88.42628647093882,26.43251441594459,29.44052758673842
24.510996506274807,88.51243149848327,26.66602545790984,29.555295132280563
23.34032475029776,88.87619500301778,26.62029686091482,29.711134053876584
21.543007140658702,88.4332573932814,26.650439383545997,29.629522609383784
20.6441360496499,88.9877450913561,26.486688538731926,29.520564790004016
19.850630717701208,88.51071773310643,26.473919637503432,29.66798874195383
18.23682910297405,88.46247898363102,26.545188831765714,29.566525264633196
16.38158912590906,88.37852571031075,26.386812642425653,29.635785842527255
15.923287500700688,87.74886292425592,26.743078781027542,29.669294400909635
15.264460042181085,87.23462749447944,26.997871689927138,29.764880335606094
14.22524251862196,86.76170749391164,26.971428639996414,29.60552734546968
14.363827061672275,87.02229499408547,27.049381490077828,29.601013813547905
13.992501077880704,87.10932909950373,27.189574035414104,29.63036197111553
13.51689899804276,87.15843892992882,27.183667686787043,29.72677380275423
12.719291451653945,86.17907098965404,27.362030625804735,29.557097589648393
12.883964029679282,86.95383654062623,27.663866242201994,29.513297480322585
12.449919969613253,86.35734483901165,27.701042619706744,29.541176994242477
13.114032496490278,86.63547399042619,27.560226188509752,29.66088273889589
12.725214073708436,86.85513835743446,27.575363386744613,29.559262345880065
12.31549452793016,86.18939098370036,27.425811789331227,29.65915064960614
13.15935011233194,86.08660071838243,27.377700741825315,29.696709486676887
13.040138082546054,85.94087025633227,27.5621384181605,29.71312480701951
12.918175632900526,86.06384733487769,27.603772415618852,29.657477803372107
13.312860195425904,86.28043768582624,27.611967108560034,29.71436429100311
14.100181392621025,86.2532560839214,27.473636721471067,29.68177015419079
14.012258444378437,86.23353278649695,27.47437322567554,29.69971470668344
14.316377557869473,86.65518867638465,27.52917637586212,29.781633762682
15.144267357433193,86.21708239235198,27.578162122450635,29.706834066636176
15.69597061952764,86.91741631192272,27.518236689308207,29.78596367087252
17.404572960216242,87.12736155329824,27.481046888831088,29.78336768665834
20.41321154006725,88.19630635903859,27.31485921356839,29.701572007693944
19.807411948239263,87.86978144295786,27.16302775936857,29.610709033281132
21.712476762744714,89.08118443125635,27.215891856060182,29.712613828391135
23.91499131684281,90.45790400790618,27.20771910579275,29.702364928467407
26.856000575470244,90.8915469968473,27.131861664961427,29.486244325628626
29.670126815459852,92.69980834052879,27.011536636262182,29.452208484246704
32.7085684819833,94.48132501319276,26.95870910180683,29.31198105280906
35.82091275453298,95.79355514089052,27.203617405780484,29.13275643966727
39.4514600591796,98.10511649221513,27.152054024539424,29.09919763675716
42.660920045107964,99.95639127646915,27.230295830068485,29.08152562760791
49.58961986039614,106.12364057127161,27.24608233607466,29.181612540936364
49.32665276198988,105.44314568718056,27.397128721698543,29.152015713971984
52.040148489286736,107.79402586534329,27.703208354439177,29.124497470846162
56.3461233562775,110.86646373765844,27.765343662755733,29.4112170823353
59.18380160043417,112.91777576869748,28.129684344347748,29.368665780531437
62.10920591219892,116.12769525878964,28.389694594084197,29.481949382977717
64.3986285819001,119.12154703425824,28.589779117737997,29.750336384260535
67.10434949270316,121.39852714309536,28.706069656833336,29.64225245684933
70.44532530866404,124.10519687564769,28.87102246672662,29.69244014430102
72.47840172012754,126.15812575605493,29.00310692987494,29.708546514209992
77.85372469698362,129.20885197568714,29.081212922096867,29.606478528237687
76.86233832165726,129.6099894187418,29.23082808525874,29.37039743839285
78.71390166456625,131.8349492946155,29.402554994918166,29.179143538138185
80.80041756761717,133.3795488806094,29.500230704319144,29.03125170466565
82.87395223810779,135.3644755599815,29.455635265289516,29.136096101347896
84.92691949953068,136.9181077836948,29.42644299458621,29.025968787269775
86.16890359008859,137.785765397206,29.462371528827227,28.918489739371907
88.51904175354186,138.4319292914499,29.223292761659874,28.786145931588862
89.15424742246725,140.05887928346388,29.347403439837045,28.935405493074988
90.79184145930887,140.21757841554052,29.63569422413785,28.957739544745706
94.44304465227283,142.12487444188275,29.45919628612778,28.976047583050644
94.17710817711202,141.57115949153572,29.491318884796765,29.146999999340423
96.32386105422322,141.80900669999752,29.300120845945056,29.167521433264973
97.43033866087966,143.65479331404745,29.232235717078815,29.368978545733736
98.36169787604915,143.24747086389593,29.269779288040294,29.331262902941205
101.21979777115897,144.23408942101736,29.108310831966744,29.237953829971794
101.8947825502115,144.05608270246515,29.100697761917964,29.282030928808176
104.2696674557765,144.5564302476123,28.943442226048166,29.317427035066427
105.36781175190372,146.267169421707,28.792882183971763,29.212199725833965
106.71840325135429,146.53036508365162,28.974126599460824,29.27335792660579
109.43705516419678,148.0966332754158,29.038278485847762,28.98576216235108
108.97593893543642,147.57018757617215,29.01683814575452,29.170349309743667
111.38191485416314,147.93836603173483,28.777176481486023,29.10521240820737
112.0411693757637,147.8799667936479,28.884180549798955,28.991399637053398
112.52915368804472,147.41139578604665,28.85066769435755,29.07070981043234
113.69509670950238,146.99852776449177,28.643719961364006,29.03803642173102
113.6072972405667,145.62111140200994,28.632629502949307,28.999981744389327
114.73847943314226,143.89405754190204,28.490703053059583,29.019668710769345
114.52651983838082,143.0344530698664,28.467773241160067,29.216431598854033
115.16544714626404,141.3695865257232,28.535743218263093,29.324591832188418
115.61050921881267,137.43779450199207,28.613082127835852,29.271723417647166
116.25740060888432,137.50465980521335,28.559299070334305,29.237124077292307
117.06354081126025,136.41238560521654,28.22311879989605,29.468732646072773
117.225487783118,135.58203815658104,28.17756092005815,29.610601277762417
118.59959904746633,134.67049178405006,27.84146586617531,29.864831520617834
118.85183593753425,133.66497849502554,27.958678579813974,30.10636977160796
119.94192671849449,132.22387075894892,27.71156993311009,30.44235622683881
120.64521093641247,131.45500239113665,27.74549892938937,30.861561112858315
121.78881062677388,130.7710015069546,27.823035008484005,31.036938405906078
122.29234903403386,129.4755017807838,28.427317609713896,30.8213762785787
124.28094902777067,127.60538904833837,28.408572059358605,30.8344593197179
125.17452713736711,127.81788458069511,28.40436961342862,30.93690116515329
125.98486050937517,127.38878486226024,28.419784611060578,31.376666385770392
125.72299379103734,126.70053561406516,28.540040428673876,31.355340606579762
126.96536964301868,126.93152220031283,28.64880846054764,31.71127700606995
127.04504342180422,125.6261478324926,28.68794338149433,31.640146579298147
127.46132413307505,126.19089785657712,28.99708157692377,32.19105033146586
127.13172774396844,124.59057807803683,28.97209295966791,32.57949798976722
127.0367437624624,124.3568202851738,29.21927132117733,32.93134535803557
126.89021831040502,122.75685018251156,29.41474429279449,32.84193258185395
126.91021229063273,122.02735165553295,29.61432417505104,33.14585520614686
127.77985718797673,122.45685478886409,29.698528549797143,33.578896962354065
127.40568066004644,122.38448571580899,29.889657358154366,34.36385553686339
128.1057156197217,120.7037194238314,30.06584231066126,34.35897700986433
128.57250775446448,119.81016121346968,30.181963360180042,34.19366985177515
128.90310949831326,119.82122469401398,30.3328193808462,34.09907781924676
129.44942747699412,118.61308337193476,30.622247090705812,33.35789144994586
130.3290829018684,117.32197569883579,30.84652830188279,32.51320296267204
130.38335099766087,116.9220094257366,31.257790478048726,31.508433201577304
132.1531216124217,118.29946002655035,31.43232540051922,31.070385461040644
135.15544734946042,117.35496730684373,31.908713661620453,30.24242654394707
136.08221269523926,118.6768222526473,31.929815106836514,29.885060467755984
137.90432265689822,116.77639589691022,32.38882410322028,29.496660610562877
140.23903693405384,117.74633197604854,32.20178812603374,29.44926845473286
142.75612341173024,115.98252058040046,32.35914440912874,29.326353942294425
147.4863620979052,116.12755676100579,32.373170117845504,29.033263280164263
150.85715131743785,114.969765971961,32.2627868923972,29.136839290389645
154.01699314698095,113.26232054015085,32.11825677583883,28.865565616714377
157.16952869454883,113.36306267138995,31.664658370709596,29.009129129580877
160.15395192121764,111.87096677841394,31.71527285327882,28.743156517929073
166.21671473850526,108.7103433675974,31.11716985673196,29.309982082694546
166.52309503775157,109.21802673305854,31.049519304919762,29.342880728885802
169.97940945114098,107.40839173208732,30.9421636051335,29.468031655977036
173.5164227930553,107.00711234370057,31.000166189157945,29.28787504005614
174.8268017795611,105.3200996349627,30.789349462333604,29.232713620264445
178.04762839053916,105.66927231903902,30.71965112062852,29.142715818807464
179.66752209289504,104.876699367183,30.560456149367397,29.15725376924774
182.06134219114318,104.59012739292892,30.355404997955723,29.22045020114474
183.16566158272215,104.56870805865094,30.44919978804416,29.345109091714228
183.30350678414746,104.03323156880934,30.34878562236247,29.301031354367513
184.45985620500855,103.58675553951998,30.233916246436102,29.409974366799254
184.67642059522353,103.26386961957834,30.230846569768158,29.550401052024263
184.05052031252876,102.3284819700574,30.07745372014177,29.67642411773332
182.89163264778708,102.02186406687579,29.94216834884429,29.856564467319842
183.26941851781467,101.96629207608717,29.99354900030432,29.7897391117791
181.63131194995447,102.02912160628921,30.0411416448061,29.81753310798862
182.4389138342185,102.15213816144106,30.326444528660222,29.81295852116056
180.15215063696098,101.35808309002552,30.256235463184883,30.03411286210659
179.94182465369846,101.59307625261434,30.404301525935622,29.97516221891081
177.97494656704134,100.47510489997673,30.524099370588033,30.336764314404977
175.73671351266532,101.40256128750984,31.14644276181405,30.315666460421475
175.42485582674578,100.25533000670367,31.448832485494346,30.399283323658985
174.37600491753537,101.15444888905202,31.897403183846325,30.57403534277264
173.120226044661,101.73108315429656,32.369970555594605,30.62277816932447
171.84154556760038,100.44701109348081,32.80214787975667,30.653046213104837
170.74213834258586,100.96314041545298,33.525525591358004,30.339507721033844
170.90110717603145,100.80486827755382,33.90785353065051,30.418679952185464
170.2160774445581,100.7522736731591,34.32390474135994,30.53655695116575
169.9111182426815,99.43752695154275,34.88236941041493,30.539120299671943
171.10444210969666,100.01626823116496,34.94810410206086,30.55308100563606
171.417851261741,98.83138026827399,35.21349774485896,30.908047529324776
171.91802867636494,99.02766329177763,35.614882232197544,31.00008708793635
172.79126174296556,98.11474203184454,35.535540196163545,30.95788642333489
173.99889490465276,96.90707591653744,35.48562396599056,31.190748279890016
176.35733956542254,96.34916789239118,35.353659401145265,31.283322965012225
178.60082273805725,96.42171080711874,35.62611957742194,31.221712856646104
180.25392489630295,94.67278413034511,35.64464805421581,31.427975005623324
183.8709264078837,94.75324167594579,36.03682215506156,31.274850780054955
186.1433991613473,94.0630111519888,36.10482808104459,31.202865273629342
189.1641298074665,92.71232047308902,35.953872833548864,31.184624024297406
194.843185233597,92.79306726699133,36.19957859709184,30.78663734965342
195.3447676020803,92.44397996214914,36.1571579169546,30.500013214028936
197.2071860495123,92.40623339813055,36.04655729591232,30.508533717906502
200.63179027933472,91.7450454394399,35.709598753741346,30.709864210841957
204.20107913104178,91.49136543487229,35.765194272331236,30.670490974640767
206.32900476085626,91.18440695297967,35.75309621072564,30.568659925954194
208.84328690330483,91.94485949453292,35.54243163700133,30.71758264816036
210.36043745589214,91.82565052939765,35.58667542514113,30.561988257553885
213.26620566278757,91.96575687121585,35.87825448072108,30.297754660089364
215.50115766791376,91.80222995533163,35.99634947828328,30.23519586960218
219.79937024413266,91.33292554558767,36.03048533174896,30.16751862237408
219.03792932321156,91.63539100577069,35.64065389571316,30.387840430428767
222.19855136005052,91.25889472761982,35.53110356451994,30.318270468836
224.46080397434739,90.00217627303309,35.79151365514493,30.22963379091505
225.25871277343106,88.72378608948532,35.26532351856743,30.398677407186497
229.3603828913885,88.83165598558153,35.21325557068616,30.421174614415655
231.02893041966138,86.74117999524816,34.96849341480052,30.71280348167696
232.40952235964033,85.83398576339755,34.8420940118616,31.054048589514608
235.48057212971938,84.67635509803203,34.639139316752235,31.450894294833624
236.83447604704892,84.22457906580692,34.49537829521537,31.523070191870687
241.01308109566543,81.62889360478718,34.277301008868015,31.66673212639339
240.49454706303158,81.31413039162604,34.65655288146107,31.869017067156413
243.16806516572888,79.94160685609097,34.52902422479272,32.06515402792081
244.3858632911194,79.53911569148272,34.144393725529454,32.08729644511352
246.10799522203095,77.24806698098355,34.167377792919375,32.46466071440836
246.41890227235425,76.80042364423724,33.855882419510465,32.64408387152018
248.36871296188545,75.48172973880234,33.5289698935398,32.92936908678095
249.45654808132397,75.40872458301125,33.13557107667957,33.205089692488606
249.9476633100829,75.16338139227005,32.666549628843505,33.16926397768542
250.3127813467072,75.17748173338447,32.337298131067186,33.523423822817215
249.8642138728511,75.59281627237594,32.36237632133762,33.415777595190086
249.52482810321203,75.01845284962246,32.33251648329428,33.326129762069556
250.22638657391624,75.47407158421004,31.696247061245753,33.43559749689435
248.78972478131124,75.48739004195244,31.551032670508583,33.242955370728374
247.8417736967797,75.4003637897448,31.39853986363648,33.074930189634856
245.96620943220947,76.16714244285967,31.397282278084546,32.7556856838149
245.22199768807693,76.31461285177964,31.13299039356495,32.67037018373299
244.38930609718764,77.44693928770589,31.035397965667734,32.28555500223103
242.8688421551982,77.37771439254374,31.04352379314278,32.00573714262934
242.00155862577276,78.79102533290042,30.859529906113707,31.712224211722734
239.03159540706017,79.96766942488722,30.304161920158435,31.672757006251153
238.81756563416135,80.06882202657269,30.114338287671806,31.661834941872662
238.30244318098173,80.31857614193669,30.033525305607313,31.566671954746433
236.44939719705573,80.23236930396558,29.691465266346434,31.541227850850063
235.37423396033384,81.4386187709565,29.47426584920233,31.392897320213475
233.225518092329,81.72454109393766,29.344337791981886,31.145570738509598
231.7875493430524,82.74167615203717,29.046595970293303,31.03279297710651
230.6379332873524,83.28734497106582,28.944031032026025,30.70015236911518
228.68848686557206,83.33834361360316,28.71415276096711,30.575347776579246
227.48657140647623,83.28667362976569,28.52035455385395,30.44589335042997
224.33552068028808,84.76609164342028,28.29249385792184,30.354325967063705
224.2779844302356,85.21447305657405,28.171763307515498,30.252446452748188
222.61974698513967,85.35717426804659,28.08496007589148,30.15429765161101
220.3769743495214,85.9331258250437,28.100810993685652,29.785305101459144
219.1477476080281,86.1524539587915,27.60457678337756,29.799526443838236
217.60332525625847,85.94567030124108,27.436885435525532,29.89908487752176
216.204594080681,85.95543674456664,27.20445022416344,29.733889202904237
214.7198026521403,86.05334080759462,27.1095041353736,29.616947177999144
212.9613798195027,86.11203172568433,27.003536196621894,29.38956682163308
212.33428557812806,85.19224562177799,26.798250483837176,29.2511448386297
209.32596527220855,85.35488242387767,26.545571320650375,29.463197258013047
209.89072833699558,84.95609820099591,26.341365967580646,29.61598416290859
208.4828311389197,85.46201424075078,26.31463395061337,29.63590522327801
208.17922582567223,84.93014497286904,26.115073731266406,29.778085732293103
207.16585337304514,85.37657690896265,26.11983261398101,29.768287163294353
206.63063149138307,84.76189168410542,26.056313399320764,29.84640557809199
206.67024228929677,84.8498294299811,25.80498311186898,29.792169907268658
206.26034203988732,84.97981998846484,25.667811385984187,29.86164574106425
206.11201104811292,84.25951038316428,25.64927884252092,29.802313521339265
205.79954629874427,84.53016854385848,25.66482123114548,29.98573350288678
206.26906705740197,83.80769372489354,25.477181698832407,29.95636639030141
206.31618316634146,83.72760381465704,25.390073432616497,30.040345548917443
206.5165613244519,83.35986613727007,25.337382301894017,30.052573863134096
206.81080704421697,83.71465249478584,25.27234424194361,30.11780925791799
207.4392855451533,83.22985050220574,25.14898438640962,30.056416310598202
207.32037751789602,83.37746037196777,25.29915986248374,30.13975483560882
207.5807438260985,83.53936693795305,25.468268173158172,30.2735381816239
207.95477449616158,83.5213890195837,25.50435063997024,30.364253484124642
208.59645286352028,83.41114221923215,25.545935527123966,30.239207889357132
208.87186037060923,83.22913287895948,25.66028174073344,30.27186514439921
210.57249210247193,83.02395691808891,25.75905643419795,29.97776197094008
210.4119323138154,82.5452964969387,25.941259546565668,29.77886539645681
210.87781214383048,82.85304625879724,25.843039997546956,29.783125961661128
211.48937440520294,83.08441395404292,26.049570734872006,29.466726326319783
211.52779914116348,82.73775516340339,26.147146062530087,29.260085978909444
212.08822744817476,83.20398930311895,26.161476668609975,29.433129453653187
212.72551887129555,83.31556892426293,26.190057652035442,29.31693405206803
