177,51,21,129
177.59474327994496,47.36156264693548,21.035330615289432,132.69295312743705
176.89555068647337,45.36183811391176,21.62183540242997,136.46080236527118
177.6839868292925,47.772295550445634,22.347441585600375,136.41696105379168
176.37577693631937,44.35794016744005,22.375702483592924,138.67943213141248
176.04604309999803,45.023469608262374,22.73533356761849,142.12954067690873
175.0904695279987,44.8997041408749,23.01548864738457,142.09754972958723
175.86694057888118,45.25925773651734,22.924594273586884,141.62328671886542
176.40120341963518,44.05112646254385,22.765151478382236,141.19791672484746
176.94430463904425,41.77780047322483,23.041759789993577,141.41119296092444
175.91810489663783,38.74224663788591,23.50100422698253,143.4459038152803
175.3913616439877,37.29494139400505,23.77089854660153,145.87945522120458
175.80592092431368,35.164304404416,24.124084593392837,150.49751974907593
174.3644963496053,36.92985300978927,25.14842247257041,151.04064600783744
175.34430348357031,35.5452346969647,25.2481008774853,152.4374558286616
175.192422163986,36.693408055606554,25.550455651221974,152.51855776138765
175.64478395121097,36.273125154162244,25.800128244094857,151.98641361463623
174.65465368159462,33.096866638111365,26.09045544222029,153.63218906587025
173.50733868323192,35.902428180139125,26.366167975863192,154.44189459719996
174.5815543845435,31.92529175283252,27.240869675408046,153.28082450617146
171.16435002625843,40.919173699191205,27.652150998870056,152.4290204138826
171.48859394103573,38.95420299228904,28.161514084582,150.90682094317185
172.8744286734397,38.8984322636429,27.96878641909228,148.05634620651347
170.31648887071066,41.7394058928799,27.772120647742195,147.93134916055035
168.9122205411777,45.50329543056817,27.976814683379356,143.15180309557326
170.006187764993,41.999348318843005,27.332320711109684,142.95422817317646
170.0399028083764,44.57097131649442,26.855197688674046,141.618426722199
169.08384221456834,50.463617184555034,26.176213307139392,139.08783570105095
170.5072317067143,52.584374794654934,25.8241651148684,135.46910100576343
169.8131992371046,55.975515591995816,25.554162460459224,132.29514723874792
169.41785434005718,59.18368337849944,25.3492005532175,129.11492510973576
167.9619952334457,61.589234841078195,25.2210120482453,127.45691836007319
166.66352358601125,62.30355643162718,26.083772844478816,124.67843209547921
166.90343541589408,66.89569057865313,26.03417668750339,123.81504238695412
168.05968461346282,68.34021277623208,25.834889864653036,122.35436180428378
167.8428859751814,68.4220287988266,27.148224161899513,119.38806551113822
166.49233851390494,74.35734673169361,27.07465082511007,116.78274408338454
163.79446406765302,76.50777484031632,27.467177584566755,114.64720015137343
165.2836107546392,77.0368842435524,27.956902146886556,112.65835113383977
165.8208022783718,78.38906921223021,29.02315989192416,110.22026203615619
163.17380999514148,80.30268906562334,30.693564128491392,107.43969306557906
161.9811991634389,83.63587176545181,32.46321538385731,104.38142616698782
163.38919171704177,82.41294720636732,35.42453281212746,103.54178596294125
161.9791236721407,81.17422791679303,38.3093735808767,103.38891398667067
162.3136726779056,80.56552609395473,41.383218436330125,103.49348309949204
158.9717368951991,81.76595270083986,43.127459682071205,101.99795412399138
158.9497714944756,81.51171517294938,45.27164321979724,100.18356649277648
157.52953596376983,84.5623264518556,46.01933689226834,97.88704854313062
157.4935512905917,86.92619724133363,44.76430931660732,97.58922024068244
156.96874423458416,86.24101657341366,44.97324302821305,97.40820230284376
158.98742194735402,88.04239921664006,45.394235572382684,97.81023955957399
160.6408224648189,89.34717172430666,46.91485083123195,100.0246749515269
158.40595820014485,90.37164954890966,48.01648305050254,102.2743738758503
158.97249083560038,89.39115374443013,48.51999614172344,106.06628386433786
158.89498303839648,95.93917470541133,49.34162613188981,107.0686176945326
159.59372141951803,97.03171423822226,52.21334910033126,107.15611464153623
158.7833388191054,97.44578404076088,53.93855164738079,107.5852783695039
158.75631535127144,97.06325437104394,54.74170872664516,108.25123045990472
158.7133596003282,96.51514204670507,55.26273795016485,109.32606565394596
157.73103808658237,94.62329986387999,55.749477540945435,111.28093967170467
157.52591491526528,93.47196001379423,54.19561165165105,113.71817566415243
157.16036981173522,92.36917227782573,53.253270890037314,116.30524171416914
157.6944872474068,90.45430852475627,51.790993747263386,117.95177326644148
157.8225264914378,89.34129719678188,49.77597336469945,120.36552600870488
158.30755743662073,87.39381328835952,47.28526490173226,122.65734142993028
159.94060757127303,83.49736249387274,45.30787008661237,125.60365598446043
159.8051183700804,83.19055235057964,44.08994153414743,128.0853348637356
160.8528255945455,79.77401771508933,43.492158538485576,129.76816579538408
161.42987017985223,76.32280824770275,44.00789128219051,131.2279326301386
160.43420124584785,80.07129377035714,44.7670431483091,130.23424988317774
161.03138294381174,79.51825638466767,46.18714020200171,127.834023538346
158.20800270292898,83.21974753956574,47.13072175406751,124.05718442180293
159.05507265839668,81.93115152618213,48.563124435484234,121.81934898818481
158.08625600909346,78.59958934640623,49.656795317579586,121.22056100906306
159.02190188546223,73.79182663023322,52.06882808751736,121.28258102716208
161.71746428905982,75.51346512598272,57.24179735203042,117.50820063044279
162.0573423726828,73.81664032624649,60.3823027958765,115.6530889766286
164.72563797736296,76.7906093198109,66.33063903971063,111.54784155204305
165.89494435867448,74.22743548637777,72.15336125988269,107.65539206548478
165.52400327936536,69.45388723929733,75.41830581564562,101.75554359401117
162.90353341978826,76.51316444077851,76.52706879342618,97.77216482945533
162.4057850925706,74.50707091234244,74.89542460575159,93.85297435805312
162.37987910945526,74.83101472076919,72.5312881351725,90.57491167601547
162.03456838382888,76.09771820895975,72.8418573054958,87.3336803786264
164.02102465311668,75.38916848183985,73.1910531292406,84.4983406858843
160.9194339723746,72.25814705936841,73.94830511052817,81.62097094071032
162.2382203187163,70.39118347621005,72.97113881373853,80.1814853841696
159.42003204090946,71.76232359315955,69.41159259212425,82.32282227322138
157.3530390937557,66.22308446490054,65.70261546804295,81.74917420911518
158.72745559476513,65.06569945926579,62.883047654907514,81.77306416935846
152.5860992380017,63.574500236078094,63.333379189286845,80.20673233516206
149.3905538425995,63.13258387842861,63.64747269195425,78.52671046524877
149.76695065027732,54.782880933963966,63.540052437114056,76.3413390524573
150.98422559902534,60.8578212368128,65.56236517523912,72.34032740931202
144.89279484967486,62.18038945894604,67.43858575403648,68.0420239277542
148.40677285618858,65.58654466596272,68.64277368022331,64.22961401308396
149.87435215449455,65.78875291522337,68.51835689683647,60.33127399134733
152.86458493993646,66.40923764740728,67.85781860423317,58.07742280812458
144.11634069052724,60.79612907622618,72.01701431218422,53.16816339138728
150.8159129208157,55.577224079687426,70.94494278399792,52.619713750306715
147.9219203262747,56.37203540630536,72.0220902975158,52.4476470021315
150.60695746406535,50.62022887629105,71.04142277955634,54.87021998393353
151.59470896599117,51.047855321657465,69.47156703945383,56.63391103430885
152.2226333284907,51.6948342223564,67.7510624378139,58.68828057877657
151.70844108420258,52.286377904847726,65.35305067477287,60.266723486212356
151.60901736007972,53.51609432014986,62.50413595072054,60.795528971279
150.72247545372994,53.163563132016655,59.550653011527395,61.771755091672716
159.2922201897299,42.23908250033353,56.872275318281226,65.54414853076248
160.29549077709575,49.46102359676707,56.56605335393341,66.91871987143604
165.7692251139487,51.40898475484059,58.105194986541036,66.08639613530252
166.86017370560637,52.27532521845072,60.322361252335384,65.51672337483234
163.41848459452407,54.55699295981853,59.48612202080249,66.03023151659602
163.50372098961174,50.69915757476828,57.46678625243765,67.06229601256766
167.55224362469033,51.14440026755662,63.859507947626255,61.697692544706065
164.9550525886121,58.70259621530886,68.83803292022671,54.853311794759556
164.17655376989939,59.892007457221624,72.56299640378117,49.5588027066994
159.2339174247514,61.5143633303173,73.67731934193597,46.79080536301173
157.72683729413998,64.76710047476853,74.72948174153782,46.15604388731404
157.05258769972477,66.9052035237799,73.24837911973954,49.172600647545636
155.69288187900253,65.80821855763062,70.79210924720108,52.41603538100874
156.71074226990822,64.7664060815313,65.89507448098351,56.680337873557875
157.61606682416502,62.782253975846444,60.692044654535756,60.96455241025862
160.61728879350545,62.01617878627103,54.064104806047766,67.17995596731174
162.1964169695814,51.23081496412618,48.49718371714426,72.71804674284743
166.2307803254698,50.08970462953007,44.3114928438053,77.09394785880546
165.68014135476537,45.5294422780231,43.32895416232975,78.436642454576
165.98270720477683,43.99753347312781,43.12963272326358,79.65388494006818
163.20042580779523,46.41696244533263,45.69441866052614,77.02853435349797
155.1414742952104,48.7586603179348,50.10449983179309,72.57334293342706
152.68369389894542,49.682962277372425,54.839196441677075,65.33173712776346
144.82083838007003,54.425981022734106,61.98240155863408,58.38553937442953
137.52720214541532,56.85102761336202,71.10448368300911,51.422144279423264
145.02257059837007,61.58117478715582,75.26590000407431,47.31576075936346
147.43999148032253,64.07539476337386,74.45820955740183,45.58870018715478
145.65430460665794,58.46065431720648,72.8861805083171,45.44833812217156
145.00546528875276,49.253499891854375,72.47359866695083,48.295406203839576
149.0699257986717,45.82451546739914,69.89378034214333,53.552700775630775
152.5638264256645,39.71911023744823,66.40101018177609,59.23969417634707
154.42587504956708,37.848711436711696,62.27850340664372,65.55909416162203
156.43709093118,36.26754135671346,58.701625311358455,69.94600571244992
153.9143263337841,35.01939282864635,56.948121613813655,73.03415144158645
154.93512160600307,41.463878249861764,54.22600273618603,73.93552975690818
164.0825610644994,40.01162206201351,51.478203785873276,75.56133800727916
166.8499274359265,42.801802736743156,52.23763780108192,75.24264980130243
166.68487236018942,43.713371141249254,56.49201579055061,71.78428984811637
163.51850460923936,47.738725758361255,58.92675089824567,69.7772009493489
163.3506851324072,48.852143044511,63.13513761500146,66.88713860484968
161.78474211750913,50.814523683572546,64.93274295859761,65.14862340450043
163.5689707983511,61.57557902884638,69.78310231388156,57.682399397067655
160.54030088012175,64.52539229677376,73.06370534005936,51.62229490120519
159.49455859145374,67.67209524569715,75.32684193271228,47.93076236363003
158.87042891730528,71.24521003898367,77.467517347421,46.89102824832378
153.47435474808805,71.27585297691539,75.78693440575543,46.807292650929156
157.43418531716105,73.01251561901904,74.42053849925662,48.48672641787856
158.19279755631115,73.37388543229618,73.8484653355301,50.596790157079084
160.24949653692158,73.72984132204792,70.81901323955756,53.994601755138106
159.49564405177586,73.15402575083027,63.18673498319504,58.69258614355097
160.88600881316543,70.23872691661774,56.044691437716644,64.06804080898652
163.75123223047203,69.46425481927369,49.35573332567242,69.86913839806559
165.52806537348314,71.34785974829711,45.050507509340356,74.64774189263062
166.84419568877755,68.08165074440622,47.79123687556552,71.77987223486937
167.74657798354934,66.49220021549094,50.1962191078551,68.32379859715178
166.23441982264418,67.38884345297453,55.12658106496589,63.75880896003871
162.04439916033473,74.47299384013436,59.65336077032475,59.894745489817076
154.6061550775656,78.12832572501776,65.27220193190304,57.740232431495556
147.72954788282556,81.39839714633332,70.72661703243831,53.91764467769869
142.10164015763576,86.49166412526554,74.70737843218629,48.76506749878267
142.86641764973507,89.14007903150443,75.4586987889198,46.405614041509345
142.37148464896467,87.92986811633364,75.81743662407467,46.17566427769478
145.7763929532418,82.80995668311704,73.70812884758301,49.383286155059025
150.900273755019,79.71431843974855,69.77064284829979,54.94235792053405
153.23731472540115,78.31154435680442,65.26727469345259,59.42384258249152
156.81378977218245,71.40674199286357,59.48608511340018,67.03154772976447
159.1316533527916,76.61794471715118,54.051975853976984,72.35781105382155
160.77918755464654,82.29918413293662,51.44540158563886,72.55543257206205
161.59017496376305,82.85127542424436,48.822201576887636,72.10706700888927
161.73580562215363,84.46599360008055,47.56864288370542,72.54334551139755
162.1879349694603,82.29462180191796,48.06126721540343,71.6494951859801
162.05119752506442,83.00336624161717,49.14399530396351,69.88217444826748
160.102588932731,82.12936943497085,50.194299462345015,68.59213449547713
158.2754728790839,87.69372777743376,53.32735569905469,63.65835482217449
159.48132780137666,89.76139632283817,57.55982842994703,57.719820388674655
157.28413147867718,92.06986432981982,60.01771886805206,52.035655083435124
154.98779473110707,98.42259110796357,59.478007689496266,50.509951870311866
154.82580418658276,100.24282816675245,60.34148121216329,48.7589209751998
156.06437427848994,99.71425868683201,61.21636669398359,47.98385088203672
155.17831192352594,100.49870426867435,62.03981479457873,47.205574852434594
155.10470120256338,102.233312808612,61.1153936410625,47.90887117194997
155.4630453305515,101.95916163723845,60.644554486218425,49.03346528996498
158.9191086266265,102.54631967016388,59.79342574227125,50.371181488987645
161.82936795836963,101.20531130394457,61.54755499485857,49.84508625851865
160.04337419165137,103.59793588840871,61.186251119252674,51.006483627832694
159.09596853899677,104.51440678646274,61.20508134928376,52.931529949026384
164.12363831036728,103.84362700523687,62.38716038430481,52.85301715576399
165.9820815333335,104.31492892890563,62.04066638730463,53.48604064311308
168.24310116015073,104.65417551155303,62.56841621897372,53.91884486385744
171.83352359975265,105.92924166033808,64.66165163382627,53.97421514485643
168.77400456968815,107.3652712539969,64.63317894492748,54.59920207891845
169.00472568997847,107.217623104114,64.27324693148704,55.07036916789278
171.23113217210508,107.79599389788,64.90222312851881,55.58304349313759
171.25747114991165,108.9504018348302,65.77345011413843,56.22411426865231
168.22518653526973,109.49857208530526,63.920092476584685,57.68128581222607
169.73630398887246,110.40357876871894,64.01767852342775,58.746435567463934
170.1133898521541,112.20896305903167,63.35419013079408,61.195907595025474
171.40061112814328,112.57012633345136,61.985813589742776,63.59398327690501
173.62047413247694,112.52312830812338,59.724966695179575,66.75132867762973
172.78664212847738,112.95876877609469,58.22660106738046,70.03002124399629
170.72736335845798,111.63084546486886,58.137889036835595,73.78518703111644
167.70569371327298,107.62498107991841,58.96351076838991,77.43425200777793
167.45059892873047,105.631146192633,59.261132099508245,81.47331078285288
160.1799483615236,95.55201895464488,59.387450494150755,86.41283366726933
154.85608017013288,89.69540266426824,62.546998109981004,88.87974644480427
152.38960092263648,86.93487989477335,64.27677904105803,91.75892533105551
143.50679936376088,74.93788926258482,66.57182482856538,94.2569365136311
145.11725445272108,71.82122162068289,67.61613144121111,97.27946175390477
