405,256,122,148
408.5692552619391,257.33039895201625,122.87319030207286,149.69755736536976
409.68351995336815,255.8707002587389,123.15833006594063,150.46753055150472
413.79618689092524,253.55435631257353,124.22000313458001,151.6364856275816
415.95890347328736,247.4478657213569,125.25231121679204,152.05640228266142
419.30929568123616,243.5106181493947,126.58181633884185,152.69919906923747
422.8698254108796,239.7554825179687,127.46856874720629,152.94245984076667
423.4564167941713,233.31013808831153,128.55822850154334,153.0558619493615
422.8989549894292,226.2052092988099,128.99751219758218,152.71981531409835
415.8685470790602,223.79729030549606,130.2009610928687,151.94540260704477
407.9647993899472,220.61967277239813,131.18484564881732,152.09742941213236
399.52195196869815,213.20173272725958,131.74908068321895,151.35930186005692
392.8517189377126,202.23124005369223,131.84020087007247,150.2435539554129
385.8517094888718,192.8959833634009,132.5081439113853,149.47566852440696
374.0602071264602,187.8028559219254,132.98179315174102,148.91923024637904
363.9551382698742,185.79606698402193,133.343141091675,148.45797097169768
354.65572560917474,184.12022123585797,133.33186134884232,148.82613485398554
345.3575630264577,184.07161187623316,133.53310618672145,149.36265118726254
338.3475703397666,184.90012808700143,133.68179188384337,150.07338342707072
334.837004724895,185.16205156341866,132.78931896459412,149.47792928349367
330.8655449761289,184.8488700534876,131.84822370785403,148.97949778977446
324.3633713735243,185.2267315396387,131.56225936736712,148.235738823279
320.4600890533086,186.0057990812636,130.55442169452263,147.87320465155835
318.8674641882392,186.0656399670907,129.12833835612793,147.70769003818546
311.99527110087786,185.76830708814782,128.50016351590386,147.1844089106427
305.02354044881827,184.21868736795363,127.54733224785217,147.26108743759087
298.6081302917518,181.1434286961332,126.44962903972757,147.5631788683359
293.3330099710871,176.99691250987144,125.17906314212733,147.01174409438772
283.58667111904145,172.06191157408492,123.80426858504363,146.96636687038108
275.7097922386262,165.81350163240256,122.8507395019044,146.88694452272114
271.70609820870465,160.44094867762013,120.75232782628743,146.93894561066162
271.19150766446285,147.22109909834893,118.51445578058009,147.2461749706761
271.46918629072,133.89415834008068,116.49400103322685,146.81826685781863
273.0308857198768,123.07792157950357,114.84383090269208,146.7101712445368
276.68738608985706,109.79605717572134,113.28973401082905,144.68577444511962
283.97239356527814,98.70514887725483,112.97620809675834,141.9381834954233
290.0593494787882,91.08510920880857,112.53420417281815,140.3946505962453
295.20065926586994,83.33362311008634,111.88231514234121,139.49866331287842
301.149198959003,71.03810948255563,111.35153688855411,138.08465837110003
310.4032208987385,61.24682648118066,111.04162912020001,135.41766624789244
314.89823948009996,61.80182419484049,109.92434984347852,135.12659740674445
313.62053162812794,62.349018892474746,109.15419149949555,134.668409707738
312.13614115416715,63.46495837247073,108.55001310344832,133.8326947510149
309.50037365750336,66.35244654664166,108.09805728729471,133.0543662962687
306.9188777045103,70.69688427437839,107.65701146508765,132.0759644059783
303.7605260507079,74.8027637789504,107.36571557755687,131.46640944420528
301.2241192429011,79.55978297613743,106.96393355632263,130.92588579138976
295.94601118426345,84.83626120740406,106.6716378597822,129.59370460640153
290.9467528608253,90.00932119492407,106.30377719387236,129.28576451984623
285.54485532514155,94.63871336126806,106.11657426099512,128.91313808895882
277.8158099131615,98.59081941832636,106.11637532663113,127.84447657424789
269.04305822158886,102.39349403378424,105.90696575539519,127.37097904035403
263.531502425358,105.32452705281119,105.78916714383658,128.42341595725725
259.8859663518712,108.9570830002117,105.62212084279568,128.72986002137333
258.0943363732099,111.51076269162594,105.09222605919838,129.0019172088748
257.0555726007368,114.02372115632257,104.73957171580318,129.23402328871825
258.32171447374753,114.6087329024189,104.03510099889371,129.4335296143244
256.2328175190239,114.94664485812638,104.51364336539693,129.4118547117688
255.0174828159395,114.20791224166403,104.79371870016146,130.28487999103763
254.29224597147834,113.76006546054565,104.77479469731534,130.37813719098952
252.85980652445824,113.65514395946337,104.83788096670878,129.8219461847782
252.2994029762165,115.4741327799638,104.99435302460887,129.390326767117
251.30796862682575,115.9515829125,105.45121150188243,129.52075790604684
249.67885810528446,115.32092351337371,105.8848419363959,130.18762007147944
249.53547509676702,113.32213468500984,106.36981929151679,130.67638966472288
253.2335516881663,109.81246624085945,106.61152880217935,130.73370886027473
254.8747890781916,106.40859301509238,106.83835816438773,131.40854431445638
255.2617744270549,104.23760785547897,107.05672445903518,132.4940927477019
256.20388196947533,101.59725265706544,107.2724951048201,132.82904014237505
255.16370495314055,98.96363879515333,107.49309504378468,133.5130735096358
254.6336441310395,95.67860059373658,107.58364488806399,133.65924429343835
255.42139660805245,93.51055260768754,107.68819285520368,133.21869552205715
256.2617890670251,92.76468365304572,107.74884409425886,132.92281983365598
255.7738858495636,92.7776708825442,107.70343202587638,132.7670160343641
256.8384529998915,92.05731049896681,107.96891899735468,132.75267715221258
257.33341515496124,91.83184240176662,108.06945058825778,132.3344041872639
258.0488496012224,91.93249068061218,107.96720185313215,131.492713701725
258.8603725720417,91.6272835065883,108.21092158578405,131.6414429610819
260.2248457217387,91.64018883714314,108.30088931138238,131.24673739595062
261.8485200522754,90.9693086699361,108.43366629858934,130.98747144729376
263.12125090262504,90.99479901067423,108.44876241255211,130.96021070904652
265.84975646812813,91.15684477917029,108.72864915877534,131.28096689941037
270.1190727558144,90.94239974941898,109.26475511033223,131.13799489123042
274.77138130589594,91.19327286878155,109.0774620362034,131.13527844193595
280.57635794928177,91.64138461060885,109.64692971814,131.23683986656405
287.60360739731567,90.7862861539455,109.9582303583019,130.1309915726003
293.0207016915168,91.68515612209258,109.79174700110599,130.35479737145207
298.39084028623085,92.18801998677274,109.63555200285072,130.88429816804845
302.36490840328383,90.26956279764306,109.8380235662197,130.21876432386517
307.1962746652614,89.42301738121202,109.77743295452811,130.52110696491445
310.4975104135131,86.97137294540002,110.10830667737689,132.45487208707016
313.03517707536014,84.08799607463864,110.10449293104568,133.50394724697733
316.50912716421004,80.60061249873597,110.28618915848995,134.44400475442112
317.0584337655113,76.79190301626407,110.30429759967758,135.17523850643803
317.17436101840246,74.02769626388269,110.5569058225779,135.87108695380329
317.8341934221016,71.90846100328483,110.42077408083182,136.76256121126943
318.73980741246544,71.04664388489384,110.4841221846039,137.46893712310666
322.21279064126384,70.8576419940475,110.7512910919555,137.6448180736748
324.00043652578074,72.72173974275663,110.43765137059285,137.76097164767953
326.3767818119651,75.21562206741791,110.59694376121132,137.854034781454
326.8754616488529,78.07512619656706,110.80535320384718,138.36812469611817
324.43652394361686,82.13146642191083,111.44109218865205,138.35168343620876
321.30063324363243,88.5336826384123,112.17181847538777,139.44699367540613
318.76069931189176,94.7390712258516,112.62233664924153,140.57211102560996
315.21219594727995,101.44395082573376,113.24487624080666,140.36399368386827
309.174199408961,111.53875765950575,113.59353105213111,141.05460897661536
300.60323650241395,124.48499163291928,114.20352059108085,142.44462951601503
293.99598868859727,137.10989505715992,114.70972021748553,143.35426571205272
287.8092142686653,146.19733316749227,115.37359585510598,143.78148222326243
281.5876133280359,156.15345814037696,115.73739715384622,144.4591759849509
275.12419662268024,165.1431296336767,116.22437421915933,145.21308458381634
269.8536532948431,173.54342995372872,116.89436072464136,146.03226136176264
265.57129416104453,181.13615559141147,117.56624521464147,146.55053661172343
256.98530712663404,190.2647623686637,118.24766939810604,146.17182694402393
247.54429710384673,198.422452721038,119.09882136878667,146.30244134453886
238.23270819627794,206.4190861577503,120.10340212915526,146.54462939415606
230.87165024208056,212.7237435339364,121.11433998123864,146.54185226348574
224.39160269155872,218.84829807486886,121.839193470536,146.72108644856226
218.97724748533562,225.94923367295024,122.2559240427763,147.851721438159
214.99635151803523,231.7392082637415,122.36251782153599,149.4540759566756
213.20380650754095,235.66631788207297,122.04479862957712,150.79317579839847
211.70471981611195,237.2297162874773,121.91737993393357,152.02370585107653
210.8109957473884,236.96254505284162,122.06013809352825,152.6357710400118
215.56560711868187,235.77759084897906,122.45404068605575,152.62564922596962
222.00560221000976,235.3186516882299,122.85396760608609,152.8894242173148
226.3500631286516,235.0085266506384,122.96342196757217,153.30511070610277
228.6505364998554,238.0226885549803,123.39821207062452,154.3970742097551
234.19426321699206,239.10987492418417,124.1488854463198,154.20564498857277
241.78876130259272,238.97550204858257,125.10798217839806,154.22469672606104
250.1625718894955,241.35658413298142,125.75404544475285,154.80917286272154
260.5409841413717,246.5517163335293,126.05918783006005,156.23625796402047
268.60752113918454,249.8816695191365,126.83145585941978,156.7584624110041
275.7840411401946,253.06964347260367,127.84722316495481,157.3688490932899
284.87744593663353,255.66951623220106,128.5147811107063,157.69112976216996
293.08804672779775,256.34798251996887,129.39093450052525,158.0548607218284
301.6845070840322,253.61435114829442,130.27843867838558,158.88332336573367
307.2628146433862,244.71006722712238,130.90309381494524,159.95928631449198
313.2686747266101,239.78612695611943,131.70069765154278,160.7404587048474
318.0518923863956,234.96856302058794,132.0491119594963,161.4567164303067
318.8198201655382,227.29369208962595,131.99855201600968,162.56514754495436
316.1325806261673,220.2276865828261,132.50365239316375,163.36552561254518
314.3233939079348,215.24688277822867,132.6886330134997,164.41779283648893
310.77780414069264,211.05402161862486,133.17187872625271,165.07506005371692
299.5238398672709,206.43250825408467,133.5796072248989,165.20231537673146
286.82733665332756,203.52362252797172,133.87102702016008,165.2734980094067
275.96545265782345,199.9957781336352,134.3400565346693,164.9770665724045
264.44333369455563,196.38753048372953,134.51359641891008,164.47850784627116
251.23171739039162,193.29383051655572,134.2448032331572,163.988812343394
235.13019488339506,189.36710684683678,133.45506249421976,163.03680706612357
220.4027408105963,187.23336216381074,133.241239268507,162.67427487615578
209.4158661563065,184.56328946055348,133.6447469527908,162.5502846354588
196.59538630912618,180.10691033134378,133.49247797251974,161.704839670733
179.40758742959747,176.04823053845064,133.2122449234027,160.69868245159685
166.11492644858305,172.2900139314636,133.31127473034678,160.1781875971892
157.93036898909767,168.26994935085713,133.25764459871357,160.4980451493154
155.08976690093886,160.01067595554503,132.9900815280142,160.71325509148258
157.72918259605487,153.0556614857291,132.22587739720615,159.9955584357337
160.69921334452522,146.10685666035664,131.2739923536886,158.67751015106745
161.8537154951601,145.70770078917712,130.41114298375402,158.20639376115778
163.8094975154361,143.7185111139737,129.59269471832204,157.46453476620187
168.28250568237982,141.72315880513804,128.82503355365986,156.76107427369502
172.2937972192637,139.31014681307357,128.07544073416224,155.56782012210311
177.9362452221992,136.83744821792197,127.00475022377725,154.63237365200905
183.4573273880577,134.29375844593142,126.09627837926794,153.5445298478815
186.4490279856548,131.36717258257295,125.23026686806905,152.5351520516575
188.42971686087088,130.92143262745242,124.37981730323725,152.48854402746818
189.9880571436233,129.1959919279779,123.24839214433224,151.86624116069385
192.1879918004719,127.38832655562497,122.2382537915082,150.76574560873885
193.62048191150342,128.05090001753945,121.51288773104795,150.07142325605042
195.38050926050997,128.36092785185053,120.65999794839803,149.3818064086186
196.87740504290147,129.73667847370302,119.93331412405053,148.0395507019572
202.372114496958,131.1929265005291,119.24347015186817,146.27976317749483
211.95864450372628,136.86911193138587,118.5243503552353,144.18441502910426
216.13657995550278,143.50272234520622,117.19747066995618,142.88700759307451
221.85922583122013,149.2745129173403,116.0765054894062,141.83508022537907
229.5312354748071,152.13408229583814,115.73652565799625,140.46294467585236
235.54181630585924,154.23264828459855,114.82653415695509,139.26956416295323
240.52311673035183,155.87568798098465,114.17270408679511,138.39492609012655
242.92493112045452,153.5313232238961,113.0628127506659,137.05341243047087
245.71320157622398,151.14699096586594,112.25703636110062,136.1002437023061
247.00305307009774,148.61176353982688,111.69703189560997,135.46118095270418
245.199179416151,143.40599963066796,111.54642139664584,134.63360328210035
243.0507122137418,137.74143570073136,111.23035583625094,133.90254695069717
241.14939421524272,129.89054986327062,110.80019456233634,133.38138152678388
239.84857783575336,120.62173175666297,110.14088909960276,133.11549387933792
240.9249422088123,109.50568741283911,109.35969779547221,132.56287443484018
240.80001459812456,97.5949681433845,109.00462748282538,131.78632330986778
242.70006658031338,86.93506513119007,108.17207802164071,131.02843860139876
241.61740074499977,76.43823239956079,107.61999330419518,130.43967264298365
240.82593312357045,64.7192554376377,107.02146797408237,129.97590392529926
241.49881087901838,54.523189021633826,106.39403399894755,129.18616562252024
243.37405237345584,46.40301824108134,105.78288189091353,127.92396439013436
251.1663528897584,40.972346461968755,105.70417432768099,125.47685692952666
264.2491339278281,38.99057511425516,105.310745356942,124.39172744511124
279.45173188689597,39.519847609154,104.5941488973557,123.39760329966236
292.56563805892006,44.920926245391826,104.55966722260774,122.54684097811543
307.55109699174915,51.11181206594583,103.92245928888168,121.26217376401121
319.8292255055058,58.777103402309095,103.82416524344148,119.73863627641575
332.4104473664724,64.91436833573543,103.69884685988632,118.16584781726854
345.00715682216475,71.93031552244005,103.20051968427222,116.74051521383302
355.60298614420526,77.84223890088086,102.93146351823857,114.63991616375455
365.81685537743306,83.75556292388069,102.6627639748607,113.0971554959646
373.1243317992617,90.23627791828243,102.35888258366683,112.0235814030622
378.55926201821956,95.64799765970119,102.28991499253985,110.78514658047942
384.0718189248494,102.41402754155408,102.02308121525061,110.07252313048997
386.81675355763605,109.56584038065739,101.4744884999561,109.80918772252289
386.79608137833156,117.30692330710694,100.72791857939765,109.70513184953896
384.6575444429921,125.01504728713942,100.2218139235006,109.34204284056364
380.1784563671718,133.44635932860587,99.82284248932977,108.86430417295527
371.8160546213925,140.46209351840253,99.8353726161748,107.69680466315434
361.65732868999083,146.07287978180216,99.53849612191144,106.4236943625422
352.6927395121184,149.86432401333593,99.16242607660323,105.72309597872504
342.5480227683421,152.17493366654602,98.54687345300857,105.44181320315204
334.12582890251383,155.62037150628007,98.18560648828901,104.92797258190443
326.37483850078,155.7646869261787,97.76097536503812,104.15821627899459
318.49050852986085,158.10335007478886,97.71897318731844,104.0894933731376
310.3275593410102,161.34660484202087,97.24986414656246,104.03798407640932
299.38066288283204,165.00696749545068,97.13107069789768,104.44397887191477
287.5209490727325,168.41741929910611,97.1761848495047,104.31838861850827
277.19641573274305,169.67818811749632,96.49849580720323,104.93418591456873
267.3117758748118,169.90379787243037,95.96316801888992,106.00878638764055
257.14731226436095,170.73162778527998,95.64228291386048,106.94760344989442
246.65211904943436,171.53006963225948,95.27513242020449,107.87645888365185
237.42721598914076,174.99017431030987,95.28409364838188,108.89606744442102
226.36472064424265,179.9503977933243,95.00506631782184,109.97647149553687
213.89285362857896,186.4697715251168,95.14822295977277,111.10433166656824
202.79024619488834,192.877332192906,95.1185894679275,112.47669076451567
194.21253179002485,200.09266996825858,95.37681355360834,114.79866951135435
186.19057042088178,206.56544520853495,96.02089080017242,116.5503517096243
175.96201703534882,213.8298887459398,96.16045304993256,118.7407598154023
166.13345250677222,220.8508001546637,96.34042556422379,120.49786902373665
155.2122618660064,226.88014881327337,96.75416387599131,121.93167355750474
145.89867821704263,230.24583378262966,97.19758658482667,122.78436568093247
139.61800161008426,230.6110470417557,97.8569423902716,122.8867888711008
133.05275293351957,232.2170285802743,98.35823880271263,123.58117677327346
129.1548733060182,232.53979736443307,99.02754313612618,123.79301614011919
124.6818151538329,232.96087095057766,99.53488562770849,124.14509458562452
122.37617173005232,230.96361658727295,99.82367902800931,125.68060995229959
121.3163343474616,228.84752642285326,100.03427413324722,128.0626578368397
123.28468444540938,222.86645556675703,99.63141332912116,129.28840759318967
125.53654862003587,218.8035066053459,99.65670798846648,129.42164961534263
128.32642514123003,217.3098036775272,100.0444589564572,128.8819672867858
131.54075908213537,217.61890380064233,100.04227966117972,128.78214780659854
134.77061825552303,218.4662426164836,100.51149059909574,128.84233498740403
140.5233580623256,218.96385823924226,101.58961380728081,128.97498573551854
148.16478874082753,218.36040495649422,102.38945999517989,128.9415598543468
152.17044432953207,219.51109908580656,102.67793252977813,130.6858293055731
157.20213856554892,218.6247470828505,103.02455284180256,131.67737009727236
162.1189428674865,218.68704112961933,104.00180675342374,133.15374754737604
165.67447225121344,220.67816779068323,104.26963931688331,136.16906359677202
167.8348103262428,223.87202619242515,104.09021298567257,139.93834525751606
168.4205712191836,225.50315396319303,104.69250851207892,142.122869376988
169.2248911022814,225.77820054422642,105.9728326118539,144.49629144116793
168.25366045768408,226.70233192669815,107.70219634100592,147.21402776678724
166.25176828047626,225.52072744348405,109.83296094950225,149.552304461373
165.94076824149337,226.85481267596998,111.72399143267499,152.7939631606539
166.91235155289837,223.06899343609882,113.07848825099167,154.29541233928262
167.31910700167296,223.105734845651,114.61073891804644,156.53875301116548
164.58823763887548,223.0125289839196,116.96425254285077,158.76352962869555
163.99582946253236,222.00376168429554,118.50525356864128,160.92179231248537
164.87260040885383,221.7143773845964,119.9605836449634,162.8448631559248
166.34054670001575,219.414444761192,121.56569857213921,164.6391786970272
167.06439172273173,217.369174554815,123.43595686269444,166.50192612200513
167.57708137909214,215.06311457398317,124.89753351756636,168.57615370889926
169.03504750522671,211.91710702568946,126.6107653613241,170.17891640532446
170.91430007292075,207.5162992261368,127.9174563196111,172.09462994474546
172.35298411946218,203.20461109815224,128.92149323637588,173.68508448450285
172.96612705793322,196.94497408714963,130.4177324976859,174.3727199549433
172.73147488529258,194.58935057094033,131.68387625016604,176.99082310370045
175.23910061346254,187.90054180831837,132.97855629199915,178.30363586147433
177.86798042631057,181.73215116120156,134.6551491673555,177.45536810136892
181.0838734001477,177.21793856244386,135.14830001958623,177.8778175887809
181.75955905324196,170.05407152669957,135.83215965126067,178.07463808027984
183.7414041225957,163.96231799546064,137.1393865516623,178.04155039351897
189.28504811849712,156.78581894741544,139.3562576785687,177.24253451622513
196.9053302671835,152.10184413215623,141.09413656818688,178.261568458581
201.45603127650992,146.03710096456862,141.0822843042405,179.25188101377512
205.4676081063726,144.9036115921764,141.39318496509122,180.5149584130566
209.90938055313896,143.57469073503677,142.37067885303412,181.6225339009756
215.41477490151442,141.8951989261956,143.5998522051908,182.09164911742948
218.70195419737797,140.25767363445956,143.64871553250555,182.53664008946583
222.54734277216045,139.40125473125636,143.53845580770985,182.12331082122046
226.49826590768686,139.81020024158667,143.14032689323938,182.15550688721197
227.79386965661809,139.73526547236884,142.09455267255183,181.23094079058552
227.64915401908615,139.85562478555028,141.58596585301788,180.07487370018356
227.55328993449046,139.0565899525066,140.9920696225771,178.17553129657935
229.1780189439943,136.78603740920764,140.62405188552782,176.57554665418155
230.37628631407983,137.1125893104765,140.16511391036727,174.08139227715407
231.40952588066,139.20047385986132,139.46824816789794,172.13025882000915
232.59477876887257,140.84459166581692,138.99970411919034,170.0979841752307
233.51959925725924,141.8427180020687,138.5438613287015,168.0173414958856
234.2630455906454,141.93205335319516,138.46128881434902,166.59914737127377
234.5051133389753,141.62860441878593,138.33897594758145,165.80713015625358
231.21703813271242,143.57840963787015,138.6505783384775,164.27581633332454
226.19377778654678,145.4759074499418,138.8157367843116,163.39550286930927
221.37372412588024,145.85555696379976,138.93222925330164,163.1283514222905
219.35752510481242,144.28256114352487,138.80804032043142,163.38991536125837
218.92510278766167,144.7909589256061,138.98412100453936,163.42192893038683
219.28377432654497,147.42645448538056,138.80144659365396,163.71041009333618
216.78090620360194,152.94725437156728,139.1076481832866,164.2978153464693
216.5155510371109,158.07873630259655,139.16895023728495,164.83310853467287
215.90134542030063,161.71390609915144,139.48243551336103,165.59683991368962
218.4644754258453,165.03812771817695,140.21115073277306,166.76976724159908
221.1854348583341,166.73503029002413,140.907518036623,168.57127411926143
224.18743132453753,169.1651501238336,142.12489573430736,170.84656512368326
226.29472149629137,173.01277279795076,143.40750761655266,173.57422601000638
229.30187856640023,175.82613590516135,144.8728304125329,177.53311763779567
231.17211192046497,178.2535772856861,146.9773037235255,181.41871896851123
232.35253600635065,178.60737924462703,149.58585756993,183.93034234811836
232.29006917059027,175.52298802498677,151.66375127098257,186.89168125931792
233.39281065280153,173.30600540067087,153.81440717409282,190.46880387646135
235.23287041321313,171.33393506453953,156.04429067346138,193.69306920039372
235.77171561878106,170.70418355248867,158.5889320594389,196.9014144979181
234.3461361103511,168.3931514823393,161.4324621689574,200.19693373538257
233.97427962546686,164.51248473096274,164.56264298439328,202.50414058764002
237.59846682350832,157.83263827067003,168.12302633107572,206.58907920440436
245.98820176479853,154.29249516553955,171.4025996360103,209.39557933422978
252.91927806420523,154.86410865468977,174.08783885385435,212.27916923585343
255.3092196510648,154.2177438267612,176.31644389928528,214.8712400109996
259.6669093658749,152.443828256613,178.99847354092276,216.31766637219556
268.54803396907363,153.3157964489277,181.9571648531179,219.84423820152276
276.6711487355291,153.9741029438466,184.61484199233797,222.69337306167148
279.9079181033486,163.9635746248417,186.35196483930713,224.99714688856494
280.21935894119827,169.20274219178458,188.07756518466235,226.15388306385842
280.713903810661,174.68445516673054,190.38267599086493,227.13258817229922
284.34980820917804,175.75103356831585,192.46947320817918,227.16794485765524
283.8264615349807,177.81487637758852,193.04247346046313,228.407815465276
278.6568459414425,179.42223655570822,194.2071098578729,229.19563986193697
274.2894990918599,181.83776179510653,194.77984914746025,229.86532241052248
269.34105340687563,185.2459878101936,195.62101834490943,230.40766139152555
267.9512075203765,185.11821527823594,195.7799103464927,229.79133263466872
263.83786088219847,185.59813554602303,197.0379190850669,229.61878657057258
262.4944588044607,184.84799974105022,196.5131874451507,229.27889315771745
263.5897102188528,183.4310785723046,196.06657226312757,228.14491632032252
264.3370181932954,180.10162683144904,195.2080740854425,227.56727904801767
265.57464623080796,176.72843593315332,194.97490443894108,226.29303751481154
269.33301083828445,171.67504701482764,193.53709121678443,225.7291217803418
273.25564390898046,164.7885821834318,192.26482828490805,225.0852034540743
275.25872429704623,159.88245438820658,190.91808906584788,224.0171269668977
276.43627701456865,158.33807369919356,189.02997068324453,222.02805406593404
279.33922378012903,153.1566406487824,186.67524031516274,220.26887934446754
280.6836317185846,148.62122528185233,184.31520948729104,219.15937889606766
279.56262496413217,145.18425669723084,182.03964828854566,216.90450026671323
276.5506522719852,140.02616042060225,179.5505225693202,215.29632245925274
272.2000595988468,136.48220695750143,177.47295801449428,213.20570971482056
267.67725085648533,129.93744611954602,175.71133843368295,211.46304524359925
264.9464778980402,123.49772584376664,173.30160313692568,210.23885344562703
266.0861654530422,117.04170576237374,171.1238869317122,208.52511207844248
267.59374296956395,113.58392158746582,169.85406771350097,205.57659482455955
269.93324005708104,111.72066560944484,168.56921493514017,202.6099262464798
273.4591288196786,114.76711774267915,167.78461663925796,199.31104416185508
276.49540629084515,117.27952547234742,166.167947440345,196.9636356748104
278.61156824367805,121.05214474265301,165.2270651003688,194.32852534039534
282.56446256808727,125.83666909538327,163.46549148262204,192.24101347628456
283.96379522266795,131.768904637411,161.68718474035484,191.10623268234673
285.0426914004403,138.27275406180078,160.751285001733,190.019380988948
284.29393072375467,148.48858403192742,159.25033937425968,189.49064329996176
283.2484283598818,156.10955312024657,158.09898642384735,188.85216342016074
278.249075463282,162.74865217066824,156.70072502526585,187.45912587988784
270.2913438270498,167.91506749439347,157.09207530403762,187.5251539627654
256.46521089528926,170.77958058260634,157.53861702965077,187.00657668121949
231.6389856090633,173.65670551934915,159.65138290097647,185.87733731794523
212.05247393837197,173.52824476354965,159.50995956842402,184.22612005544192
194.8130697434427,175.9491184293728,158.8315864825202,183.42623869063445
183.55871331695505,176.1586125638202,158.26419072191956,182.8133435573874
174.47608456743455,175.1740942013742,157.5545136747437,183.28136287387227
162.35922293126845,173.0329011262347,156.74273094297564,183.70756763309583
152.46263295852773,170.0268441321761,156.2404710767296,182.8361602745964
149.8822730624052,167.73883950637688,153.90186797830307,181.98723570107921
147.52354969007752,166.0140545268901,152.55287900538596,181.98657940979683
139.93958919634827,162.28474856179696,151.9364777217088,177.69442548496963
137.90007486492567,161.1006930461832,150.17181154116093,175.2170275591645
138.85146363771096,160.91120417411355,147.860322314256,172.15921749665563
138.99334667443884,159.66166213797842,144.92441244963953,170.2561618671936
132.36507901235694,155.1254618894549,142.02507850257905,171.06080540249832
128.66441426664647,146.45886756544598,138.55481165071512,173.42050397918655
128.3744816138974,139.70342820191843,136.44567067925033,173.8276265009071
125.21425533476136,135.979527283803,135.6380729689518,172.6714457226411
119.23566151882181,135.4479375946217,133.33537564816453,169.38930202800992
117.62074491446049,136.41778992191536,129.61153552046693,166.73159522233803
119.23911708845765,130.53717655012355,126.90988787182567,167.71908038799074
118.83368551600188,127.866628876631,125.29311609757896,166.13648129464903
119.83852016726101,130.35549219518592,123.74009886391627,160.44190639547912
122.35955568541806,128.7642807535645,123.99459988465081,154.86594475159006
127.9353339849715,133.17424241349295,121.017689590645,149.73464152477024
133.95051000240306,132.4579516598129,117.71919145963047,147.3520900748427
145.6104116425407,134.03664631233204,114.86069988692657,145.12867100225358
157.44642061651433,134.96191193735567,113.33587210132532,142.17440540986001
169.20537349911916,140.43147237567229,111.61979722521286,140.24196940896437
179.36838491284956,145.23610085359584,110.64171793720364,138.1209749624686
186.55353308487238,149.58047235757323,113.70809175508539,136.5866993239635
198.4218351993695,154.31228731633527,113.73279944504951,135.95640956552552
206.47691368093888,156.3097011098385,114.0640191218819,135.76448061047515
215.98537678615952,157.17053185624385,114.25700850110981,134.6623199317326
225.4232196127919,157.47262514907965,113.9740235905318,132.57421497630466
231.68309382470903,158.84965755986133,114.31521180161977,130.9597142661951
236.64145292348272,158.21342681913632,115.32059194745847,129.42704938080678
245.90132410058087,157.41268582490875,114.19581742036706,129.79642040818305
252.89589754290643,157.42294453199327,114.14197236932682,129.61664185748364
261.29322323876795,159.65741891682123,113.39135824134246,128.795648560649
270.88905030654206,159.96947266711348,113.54410560502117,127.89928992429856
283.47446607650835,161.90255252152502,112.5860779918615,128.03568031042428
294.7153419050762,162.80985486398293,113.16278941974748,127.57835326125533
309.0057705761283,164.12105216575992,111.96824831042612,126.78422621289798
321.64226425855054,164.6061810506368,110.30873096826923,127.15818880244677
335.31327055311885,163.76578372334043,107.85999426209405,127.91174127417105
351.19447430129514,159.61465559891005,104.17901687986591,129.2818233032139
362.96015286349626,157.23928953566687,103.05393013285638,129.69262354386223
374.224958869447,152.28583502957974,102.10100164475662,129.7028402923548
386.9244671892495,153.47151372147493,101.04422915774819,128.50633324034078
397.30531551867995,152.64732490580434,100.01361653729734,126.31560409283574
406.4920033306452,153.4446054349247,98.95715877350962,124.87609339193651
409.8695384805516,151.27932252926948,98.56767365952228,123.76338310320233
413.87386379579266,149.40474580578467,98.0098045619482,124.71697163541805
418.9642475574343,147.50895653490556,98.4926778275308,126.07597285884064
419.1003753902653,145.63485837240106,98.74215071067272,127.17932170684041
420.7043325416625,143.96884027929815,100.09970203465352,128.63226721112372
419.5010730438553,144.32331478256694,102.10511147298601,129.15018024624516
415.1187672574731,142.48058957098112,104.5831251415927,130.41795696751782
409.6012187118022,142.46531024107384,105.79620071191276,131.5052653834493
405.8399562260769,142.67924193901322,106.02887399898799,132.67635859523222
403.0601789158226,142.38940333434283,105.18139207448598,134.72274671184914
398.2782775796003,141.61107715274966,106.63994647091631,136.21708475998184
389.43172310062675,141.98282746731513,110.02968306472198,137.41336419755868
383.6103853264452,146.3934505790186,112.52879329618851,136.32485140209843
377.2286375412922,146.88209964607796,114.24961542958789,135.07447461804935
363.58366092311053,150.24676275798782,115.50877833777633,133.21466382630476
357.7541485763711,151.49055002550307,114.08553370932216,132.47521803011716
350.5317898833638,153.49475625200677,113.55082573547244,131.62082259606746
344.7205302883027,156.4153530229329,113.0113107558861,130.6047647770642
341.3873907413416,157.18030591004668,112.19482280763548,130.55340337402407
338.1873312332457,160.48635521985793,111.19187894593833,131.12245516888203
332.4755149329216,160.30966125071348,111.62701575051832,131.39659756504244
327.27395246775967,161.68402175399453,111.73665112250733,130.984734823988
323.0592603550937,163.4098297193301,111.31127868013195,129.99828049208023
318.63165244595996,164.5372584867073,111.11140148815625,129.27114180502878
312.17381816926337,161.84225447554144,111.30469166716907,130.26733676813444
304.1486940692795,159.31988107367565,112.30142734577834,130.78874740845936
296.69024940310817,154.3598692106292,113.83969694344586,131.73007230113868
289.8877998425519,149.06478951630143,114.86558318851846,133.41237084147673
285.9423813796721,145.90095205061303,115.27531405502046,134.19221253347922
280.06534831641056,135.45410296506333,116.74822340165207,136.18336477251847
276.11657911180004,135.96722425954204,118.36876364186722,135.86338502006478
270.69921238830113,127.49247501178044,119.28146362385948,138.1278263032836
268.10673739803997,123.31663862172942,119.87759521268207,139.91860469988399
265.71850368721897,120.64285710677558,120.72775900444718,141.18040527625152
263.19893868636444,118.75381139317079,121.39178853296664,141.44021826522084
258.9138200764003,112.07022675329158,123.36320959231205,143.52922049561832
255.34759626477282,113.88108996077368,124.94897143948805,142.74568337355603
255.4998482708803,111.03387081884084,126.86072951806196,143.4332433163784
258.19958544964913,110.49021916440766,128.41261722188256,144.51756842011028
257.5425323329501,110.07597410030392,129.111620753143,145.19209337655698
261.4784259330452,108.79980423462283,130.31450627822178,145.23885629905755
263.9114996142648,112.092594316087,131.72320938198186,145.43063323871843
266.4782608966381,114.11690523672678,132.36327578205248,145.89419874421225
268.82499614483805,116.76661745512038,132.23533364811843,146.58331885444704
268.89960320434045,116.43789145058946,132.9594718208563,147.25057459189094
269.37068825440633,116.15717984705394,133.5202943492977,146.86569169985293
275.54948874659016,115.14560862988975,134.2866604974436,147.19475876347053
278.93887891737177,114.13311322410615,135.0488566490813,146.89502253788396
281.8895315042672,113.12660122646402,135.2521602133617,145.91948080257762
284.6500655654427,114.9653414358934,134.68075817545304,146.32474755582828
281.28065990781454,116.66660473107657,134.77019567988242,146.51731274342723
277.2540835068063,118.14337174317589,135.11803577558675,147.42625492715058
274.22720861977814,118.65278787707615,136.02412914467973,148.54816296928857
272.0947206794801,118.97724959992962,137.40293150543496,147.8110743175065
265.96704986408434,119.95968032397366,137.86206855832435,146.88011673787884
259.78422503796565,122.34245920529384,138.27971451996416,147.1288371015831
253.9718923568554,123.30046853212379,138.82842391126917,147.32778578891472
249.40403751376476,124.18231013815979,139.25606977053224,148.0642338964628
243.62243578587677,125.29419550094191,139.4303050439999,148.13379976226898
239.38268949968972,124.70798391887811,139.2647897069842,148.9029037448763
236.38656692608788,123.79727009789929,139.64685993855707,149.56826612819117
232.17208106069202,122.9722310289211,140.02954310108606,150.1366317236554
229.14339655233624,123.60446645996952,139.69300762865421,151.37948416708875
225.67330457363823,123.2453457317228,139.59266174445398,152.93090854245852
223.76173252223725,122.6231362907402,140.12225068158045,153.65216428321372
222.7873248026601,125.10044714097185,140.3957172038419,155.32077747288582
223.91128891148134,128.0387817535859,141.07422217812382,154.6904533091257
225.64683286287914,126.35677352763122,142.0161334262633,155.26029739967197
228.04392417675942,129.738690773492,143.46456772314258,154.7949588423005
231.1055304268075,130.72352970379978,145.16123811006307,154.56273615147433
235.54907617900983,129.64326157581286,146.39629903170066,154.815569635796
239.90727736004865,130.55763250289067,147.5013658252845,155.6069802602359
242.65514210829977,130.8666541377244,148.64902755113206,155.438875658337
245.98693914956556,127.45281187704363,149.28415314357642,155.4464399080101
249.95648059561432,125.37061117932608,150.67979287436393,155.82584803786986
251.6059235136728,120.41465203722879,151.84439517809884,156.33104212306444
251.4514582391169,120.43787230869339,152.409885813546,157.06433430707676
248.87011504060956,108.7247411479268,151.8142655125803,158.85200668918856
251.2582155982996,117.40463989788833,155.00216638588074,155.7551310213487
245.28967073310076,111.7778621030536,154.231010212883,156.3122607625197
245.1502483110974,118.38908978621663,155.44114510935776,155.03057976640588
238.78451494244726,113.01701874359473,153.06563672593433,158.35988313875035
234.61455801287494,116.68972556651057,153.3034523971067,158.93352966251084
226.0380137017131,114.16707818402575,150.9198601627245,162.6929595177983
216.7907904546856,117.87644903699966,149.81928019892445,164.7465563263003
208.57126654880332,124.27756275751827,151.04642882194497,163.04065137682795
199.3564925896138,125.06269768512185,150.06499475900597,163.54609011887536
192.51494901391655,128.64536667635298,149.97110595281123,162.6889062312044
190.67690750385935,135.4812485676071,150.3858154910048,162.19974541124475
188.55397859672794,139.69141536606907,153.48564382146247,159.15380767222717
181.9346516232559,147.39273223438727,153.75399767734595,158.28311455130745
177.06739127655436,147.3529599776162,152.78265610678088,158.22164181932445
176.66675142971647,148.7658619467636,153.16092084608016,157.31248062499196
175.51065724985926,152.72378320136607,153.47495792447106,156.96995114935066
175.73527268721898,156.6373952493654,153.1720406312653,155.47487133325873
175.0785928097086,159.41317261480017,153.51088142238729,153.42985587595166
175.00832546123974,162.73236571661567,153.88836379772494,151.26250701065635
174.49446835664938,161.14657379540228,153.904892012709,150.10492518003403
172.8703375427638,161.5534526279912,153.2594274282501,149.78256710855496
170.98586591001805,163.87979847470203,152.5165698810193,149.01112676893456
169.02033737545577,165.29096469819567,152.64474994985773,149.34635857858746
166.76475186249968,163.89975644908333,153.15979433625333,148.92830895355587
165.16145648241456,164.91634665250842,151.84050378711848,148.5238204659787
162.38970913630578,163.58160432227083,152.3718043608318,148.19871043879354
160.86260743138376,164.49714507491643,152.22544557989863,148.49956305575787
160.42590643592203,166.4635813427496,152.06727262326694,148.323196102856
157.97002736796935,167.1971172701847,152.6600464878966,148.17828521510745
155.9484517483877,168.31995900830907,152.0704903612859,148.5456443050498
156.48811336968214,168.21573131925533,151.98407677444501,149.22204628775162
157.48004060269872,169.1813958353452,151.24864492956186,149.9731030724414
158.50368143254744,170.11352783084152,151.2781619985812,149.54980554495094
158.33976959036843,171.05513656476188,151.6585747854673,148.7934632095554
161.76380979710578,174.80467242364202,150.78413779695444,149.00332007358918
163.30753999184412,173.58833451736115,150.29579495540798,149.6936593776754
167.59771033088575,173.1894493507436,150.22933872765702,148.79601192046408
168.97509759543408,175.33504377237668,150.2677810580771,148.7665858046965
170.64318783058206,174.4624310544201,151.09580620514478,148.89918514099637
171.07969915218678,174.21730274903103,152.09265935511587,148.73189043568468
171.65847755190435,173.77579212306085,153.56202184704716,148.08433267988866
174.08911411726805,176.03407126612979,153.6883608841503,147.95366416903298
173.1947695432047,174.3136109220285,153.50917098870707,148.96452309416492
171.95342451505815,173.758036945952,153.4519506542855,149.18001233824702
171.3633701103976,174.44752359291925,153.51276236970415,149.0087538457285
170.39168223752546,174.53520565031604,154.07480487336386,149.51695973075175
169.39811632638902,176.2692207914771,154.20771696442867,150.03287750153964
165.49863390301448,176.4055330593975,154.35018531536124,150.1427300798685
164.24855206288504,176.92873432018084,154.22368912472217,150.62604557470718
162.30118067218,174.0451354781284,154.80501261260815,150.73033452095524
159.6312266212957,175.0304044928979,155.21486019261852,150.2904958076918
158.52849076880557,174.43057805462485,153.92749917327058,149.97118644209812
156.68763970359322,173.6240940634747,153.2460366417825,149.48588569792832
156.0927928677175,173.46388257015678,153.03520691543824,149.149140887475
154.9474170147422,173.6497052402026,151.73422101976965,148.89347985169715
155.98100256277093,170.04713004664427,152.22891300024406,149.57998650156455
154.40085433947496,170.9098331225562,151.7715349439305,150.07778760787636
156.6077596671746,169.80891078455255,152.12062669130728,150.90440913766415
157.86551128628395,169.47431507176094,152.78967855072233,150.07970816515964
157.3325270333287,168.30541070667394,152.55211033033254,148.72617180084654
158.99092428477178,168.47354360216477,152.60085346997863,148.42855560955746
157.897052593093,167.14483325527897,152.14490137501812,148.52907305479079
160.61620987709458,167.34859355157033,151.82371931568412,148.96442767735755
160.03660697606563,165.9043371047451,152.09084205760976,148.87726444328598
160.07664377289842,164.51063150358686,151.67202889758178,149.62209079571247
159.68783749356294,163.30911335057357,150.642631355025,149.00590803714314
159.46564620619654,161.0089482050875,149.5850365702449,148.5546461022275
160.19409469088785,160.220364260923,148.36617340626782,149.36203359218723
160.50453855522144,159.35835574579812,147.83957904140635,149.2261757270035
160.3462444587982,158.56420224751696,147.65103538175333,148.98190803154483
161.22670960431125,157.9487643883549,146.80472351446025,149.0217657077004
162.30759208658293,157.68325704795114,145.72389632874493,148.8267053226722
162.23512055591956,158.44586806472813,144.61291353652928,148.5330260123079
162.85614272493,161.06978163733638,143.89512911796479,148.34166866447742
165.16117347005235,163.30508560745824,143.84190574149275,148.6921195306353
168.02401344774404,165.58246061763384,143.44639490024383,148.66403603060868
171.65373022324945,169.91898562567962,143.66008327866265,148.98658904037057
174.74917046253393,170.25843741814927,143.76959431845697,148.9946130212449
179.81324814880313,171.6838543733058,144.29904063957127,149.0555786686271
180.16290636136765,173.7898723734685,144.10903355146002,149.80340189661626
181.9085889291913,174.2349638125865,144.17842202672344,149.4772555332212
183.44498030920963,175.19599275330577,144.19318918722024,149.42928145982222
184.2909324913127,174.74251143129342,144.4407247063465,149.2028731874246
182.9548256891991,174.61933271891195,143.94255350924732,149.7038075928876
184.61514449614452,174.79668980765365,143.8951390330079,149.48422198989059
184.06764212544113,175.24517814629223,144.984015145207,149.87347319317553
182.6246893397721,177.40015601013593,145.86477767684985,150.57171663729048
181.51760580317634,179.59148162095136,146.83866623882096,150.82406522421894
180.12718240649974,180.95560547978334,146.558358997555,151.09843683687342
178.759769309482,184.6221031285413,146.72511156067083,150.690613699639
177.00806693029654,186.24665440007038,147.16179943931252,150.54857069969933
174.96766196034207,187.17626027193035,147.2830175813754,150.4750492399279
173.18345917555908,187.5787200930086,147.48795328475217,150.79758998591637
171.91824697941286,188.08653634537615,147.6123278886738,150.23502398024277
170.10707319568337,187.9150309300184,147.75712627748226,150.76422624986884
169.66394331197705,187.7769549450702,148.4298427433731,151.15678220625958
169.08038596590922,186.73828823070545,148.86503043391218,151.44019349121507
166.2443796699099,186.24238495061564,149.0550505745925,151.47967640212775
165.21421656410996,185.77959930422134,149.95453439990533,151.1961284631576
164.875210037572,185.79561260391685,150.4711461140159,151.10213471291848
162.8902417062934,185.5570636467121,150.77843505301698,151.1546089978946
159.716287197435,186.15965368464765,151.16453875545912,151.0763895734846
159.55240780780505,186.7993960744134,150.93576397858897,151.0973502172015
156.19341405516965,186.8803702299761,151.14364810212174,151.1472596205988
153.0657394533539,188.52473865919754,151.29553771708993,150.21017804009006
149.4258091180899,187.5341554687893,151.6871521081838,149.5391546971261
148.55573839483424,187.76445603351425,151.5939185341,149.38172064674416
145.4037792706038,188.07173496885994,152.05001141677485,149.53486845853155
143.31710196710384,188.78366673396047,152.01705370382425,149.82226018236014
140.8466703504854,188.39170145938346,151.59618944795469,150.12652087418405
137.1399937860383,190.6017073067522,152.08563420689308,150.0056317496101
135.5178788990665,192.93928465354315,151.21137618855585,149.832494118411
133.26988199939746,194.40088177064928,149.951526169982,149.93769455872294
133.33664076941656,195.00595293815405,149.5205000543964,150.7830484123117
143.86152753871852,195.8516210746691,151.23625206857338,150.53726582385542
152.47312084895134,198.31141583911088,152.46431092129345,150.13710774973543
160.23767969187327,200.4754821038699,152.22148689744037,149.57987993544788
167.16255744189397,201.36805462317125,152.38010159230453,148.84356436893344
176.34871637906423,204.31425393011784,152.5827699114346,147.93185865294845
183.52106427557584,207.041136678123,153.26306772785333,147.9923490565033
193.40133671941197,209.46610304861295,153.46160829156693,148.6783040038842
202.14810483875027,208.887022295919,154.62102626425613,149.22217733397102
203.55908608087526,209.91929844523173,155.85910692972593,150.35745784206264
200.32309571801102,205.86570668524416,157.8540441211685,152.02109069283037
198.55063090842043,205.91566510404436,162.8674706904894,153.14094244167416
190.54505244438374,193.7936784948914,163.69260501583113,160.56811456850863
177.9374553750461,199.59248969710234,164.07287451175856,159.55185999755076
166.8959580217416,196.47174322301044,163.7890134387903,156.67819660725573
163.0042032157727,191.12332192343973,163.39921926932428,155.0263866087238
158.49438411472835,197.74251983347162,162.7128208455001,151.6549561129171
158.079126404521,198.292692186637,161.7649493271312,149.46903389393322
161.5779480398992,201.27150011051526,162.4456350601402,149.26376464150215
170.15625780140587,201.58197996578525,163.83220891350965,147.06037559673965
181.86783695069443,202.09598763927772,164.81057244682472,144.53036895961972
193.07676526257524,206.90927407921464,164.94895209001334,143.26813362164376
199.53251105401006,214.03395018814575,164.33195293390486,144.64554985045257
207.1720067621565,222.3861452826856,162.872223910147,146.9217604417268
214.03812022828268,233.4023013014466,160.03826106622324,149.98448795388032
218.48995832120667,238.9299426519658,158.87576229501855,151.14090685166835
224.13906629044365,244.8679158926101,156.97872083620638,151.72645139772163
219.16904115329964,244.2668317187247,154.5328003309818,152.80980993005565
224.3216807169036,246.16898113988637,152.77076191278795,153.60295879235622
225.8421081295922,248.9017195096531,154.71723461391935,156.10727748046497
200.7468157856443,229.55853578386893,155.89754795914428,160.81589663898853
190.28811415710484,215.95194926672673,154.89259972821793,164.23654800344386
185.6993980057461,195.5796962860723,155.5304102774297,167.54668194333536
184.05856228113043,184.97625376387936,160.97462276346127,167.02825881452554
162.12991421889512,173.0020099237791,165.1733116104375,166.84585450671844
147.16879128085753,167.62021676125556,166.9325731206115,166.11837958638358
142.8895076611184,163.07943327134345,166.62981941053704,166.98818991756985
136.3766017112004,158.50589020217663,165.9443493399287,166.00300582968902
136.52725899819546,155.35951347259441,170.33323122728206,164.26235284537552
145.03019213977387,157.63246567006144,176.13195545103872,164.97448402370867
149.63933691399933,154.26323879302396,180.3899694232462,168.55787079145767
146.85671734072258,153.29991911500744,185.13727840454848,172.86914421181132
147.1956168054524,160.65902585713818,188.3239328663491,177.5445093651553
152.8582696642892,164.0882607480919,192.26783421392608,180.3310684941549
160.18804301572476,166.48047836759298,192.6137017211492,182.13881262850055
168.439704790816,167.63983841824665,191.99807955236292,184.07193106394288
178.64710020180252,168.76957059984923,190.11904535240834,185.89700692139735
187.07728751828483,167.91915945492963,187.4884787301121,187.43149936536676
195.1832462444426,163.82380538003417,185.32142276198022,187.77703094254184
203.82729355373255,158.5559834557647,183.02958609404823,189.56080830165476
212.87176721609507,153.14947651484232,181.2185319071132,191.2446903848475
218.04174779039076,147.72715333840824,179.46249719194014,192.02450915384645
227.74337298516986,141.19491028286077,178.30739720733274,193.60532493301622
236.5906577259703,138.88500201094513,177.69454690591442,193.70858958634463
250.40485271720087,139.607025837624,177.27033229689505,193.47248223363744
259.73084794862575,145.9616878189682,176.26998764047738,194.89891819551553
267.5574231894252,153.2418090385399,174.71132527799796,196.2547825756198
272.6282800250042,159.44176442383474,172.01220506770045,199.1538579058456
271.6460373634594,167.4736785324661,169.27070762299354,200.36547665089728
264.19864980802504,173.3565827785687,168.16246488484836,198.3390456385942
255.5081616123817,180.4423084187752,167.34489387807452,197.13539035947326
241.12378700738083,186.88340265208984,166.47907230716908,195.78657534294908
233.57882955343706,186.84646363404528,166.35689550147947,197.4438861967739
231.40233770178918,179.6561831991897,166.00969315023326,200.07553494461428
225.78806763971193,174.31065326396077,166.17905573878565,201.34021689714734
218.85203195996252,172.60541804716493,166.41549478581211,203.03717499410703
219.5099618598747,174.84488350492106,165.927613663698,205.1676537278483
229.26704731732406,184.79495572946192,165.80884284780336,206.29594857500416
238.63085887974322,198.61518759155578,165.86025687750003,207.37346482567142
241.64462370487723,208.0971002151471,164.72451270785055,208.02312245189938
242.46929029691924,215.5703648860452,164.7923225515421,207.29177993636637
241.0007865261688,217.76895090868047,165.06573199477435,206.40331067742972
237.08100252857054,219.02893708483634,165.33981923903934,205.58343822269626
239.2167652935483,220.6590769051632,165.62566561628475,205.01029375433635
244.08394730349244,221.3819555672402,166.2176909739422,204.2091259577453
247.86891918570555,221.7824297063737,166.07343495190497,204.42280215602707
249.02715695310962,219.3435541386886,165.24052410026104,205.37572507539986
247.41458033750794,213.7629462761534,165.27585224835963,205.9759137849763
245.23777762810315,201.08733057577064,164.89214859616578,208.6006236090368
241.23340878498146,189.43381978505394,165.12292540296585,210.04469416675857
240.97189807140353,181.30880969668826,166.57205718707925,209.2584480408912
242.6810617784667,173.7742297129773,167.33131766443526,208.30785104114346
242.65263607204963,167.39325710550224,167.78877522049262,206.7279318411125
236.04462813573338,157.6217397849125,168.48303098085626,207.21722118896957
233.20195397530216,148.47353527709072,167.81347456427577,209.05776248678993
234.70464088092456,134.19400869160106,168.02751081811232,208.02992569366467
243.73886923957213,126.71204094349247,167.3803009528034,206.83006342915354
249.2299412454069,120.29180292611503,166.06561655520395,204.97654075021472
249.70563225074244,119.16529976901936,164.5204061465563,201.38439605189342
251.74698926048117,126.74006850937523,163.3207452005659,198.30926615647556
255.09927406934045,137.89672435656064,161.47499826055167,194.96189871657145
253.03147818674717,141.93792301246867,160.07392315047113,192.8667263603779
255.09729539889014,146.40925828604824,158.13455243569288,190.81730275400372
262.73564890294085,149.23699662668633,157.56742579751312,186.90450948060328
273.3392572991552,150.01392298141377,156.51097957590935,183.87908069505258
280.6924687404158,151.23546096313552,155.92156762756144,182.66826183260304
286.5880920964414,152.03362752151625,154.8976093719943,181.68868777721474
292.35825249258056,152.38534174619048,154.41681731578493,181.32752614522352
286.5012836167589,147.0488797060565,154.31983715897934,179.81899387405815
278.5384980688554,150.27241355611727,154.4042787562116,178.88641964568401
274.34901123795026,149.48841671853864,154.1364012874417,179.49665226064084
276.3393063441915,148.82810289500645,153.18060233921767,181.9639333943315
274.7761963102678,145.57776622462796,153.04247209782767,182.6320925930668
269.6578793246979,140.975423854754,153.12299962073467,183.1772049218842
