153,105,26,43
152.6773399206092,100.25084030547379,26.26511049973481,42.592352012456075
152.50214124836782,93.08778545603906,26.71205047170906,42.402761834064286
152.93901638321998,87.75216719454134,26.524169802585263,42.22707899713103
152.4218688259396,81.05599928721087,26.36548933156029,42.324081717574266
151.70864798960247,76.01841672318807,26.32723499484279,41.89824735262926
151.82680339381142,73.90127275629845,26.543599683467143,41.68656487397385
149.0439715786231,71.75481199122737,26.66981225736029,41.41267350894006
146.26041693391969,70.2411752967721,27.098725075871315,41.140665015520334
141.91945482877614,68.9470672795544,27.281472153905618,40.95810581868169
137.08345477480583,66.00209385920589,28.138848194708224,39.960989977780834
130.8512774598389,64.00393679679364,29.21034491151056,39.52562259293912
123.6939853392811,65.80776626272007,29.449968953856086,40.00220663968727
117.5845419253703,64.1234739207041,29.30764505975816,40.33964463957189
111.28497744543691,64.2422840531434,27.77478010289187,41.662179640367356
111.28735304845559,62.79053428453329,27.76188157366149,41.83172929028281
111.93384135731607,61.136719927004044,28.112664323400043,42.03226977673579
114.29426808859448,61.98358866205735,28.80760875626879,42.30925800768388
110.8405204477653,57.81968218703491,28.93228572438753,43.71137907611181
106.05513157642469,52.85709480528714,28.834568707496302,44.07336953214413
100.11696013491526,49.70632686838851,29.304296875479025,42.95456989004826
93.6683996838117,49.39591769107882,29.449838722107216,43.65639852365546
90.49909404147579,45.54231869765473,30.355412587101952,44.005521746461525
87.94292040100537,43.77714468130236,30.115201452045728,44.341168880238115
82.22358207574645,40.90124857303701,30.650246114977172,44.36269387253796
79.01831780895284,39.26069173053788,30.722933524529154,44.093385347789834
77.79318108366178,39.99566198951296,30.70150627126759,44.284116082292215
79.01284507949855,39.79633554782498,30.610155033582892,44.489957814881876
82.07262785776946,40.428517521852775,30.41714446036195,44.593931130098696
85.67228969588336,41.422838717758786,30.68484024921706,44.64046079068491
91.36923237785344,44.11241998044393,30.452267754253903,45.069804254286765
93.95646765509336,47.75091512646622,29.927625536809863,45.91360380634022
97.13094596341767,52.592584306724085,29.725987810039598,46.49341535160336
100.84073049940118,58.84713627141538,29.232693176515454,47.1516497648275
103.88747408131671,63.96489557068846,29.171780330631485,47.38974645569273
108.63191951663703,68.10765899453816,29.338857990202193,47.402681221730155
112.25041310382682,70.02725861842441,29.975960495277793,46.745128122305914
115.6228321975387,72.37787493258529,30.516702637145123,45.98515329183611
116.4224890707433,69.62080062412011,32.107885373296256,44.577758952009134
120.702665629605,66.02798250641246,32.74067774088209,44.06294727529855
126.61168447219424,59.031027306921835,32.55895688865108,43.91698648766307
132.5824619099682,53.80925659080333,33.43015214657487,43.15407792889397
138.80476012791402,50.15189311637728,32.92752398634785,43.560067678733645
143.70584354586668,46.4128216202285,31.98564998283138,43.87140890727272
147.79220387844657,44.05505435679007,31.33953179827624,44.200606137202826
153.41159631708416,43.026259827816716,30.975882672863982,44.09574941023564
157.38855921908606,42.10579769891283,30.61959430454715,44.21240917474435
160.67157440809657,42.797327280059754,30.358649149562403,43.97838515268347
163.0949340971837,43.84711969042746,30.209737331635058,43.8363314149438
164.7740604716343,45.507036612538045,29.91338339967009,43.63664371935931
167.2456145280754,44.02664854602298,29.395184111469256,43.46885589989503
170.30849011525407,42.43641333890484,29.614489650436212,42.97992881145733
174.747714635763,41.740321462699285,29.34639536431746,43.24371587911119
181.90022836691907,44.556313920619345,28.87620312015596,43.5307335097709
190.4192814610577,47.45456535850372,28.95689338314037,43.48629597115318
197.4923759953237,50.43814709709799,29.12764930716218,43.7284397249703
203.62844153006347,55.86476015664221,29.57658253299678,43.06530972528434
209.97608756285751,65.67797436066778,30.672784254088924,42.00932594987327
216.39051630427332,68.64491810399883,31.32300001821769,41.75912979855279
223.11442836226928,73.00046061855508,32.59674901400103,42.01290178704316
229.3983841827368,76.91767717952177,33.15116569645441,41.50050820582461
236.64642081816473,82.0422174324238,33.02564268814406,40.85960307954774
242.89938590901673,84.13739130133953,32.5129312025702,41.000962008102064
248.57114600361982,90.21366750701867,32.47862109223224,40.701899133327906
253.19976218568536,93.14689069142776,32.154060119385605,40.34880773708019
257.9969845420886,97.82385625905636,31.392072471399622,40.83690415770623
258.2136853557702,100.17165883513599,30.778730954495046,41.61256318955628
258.34403659056454,102.35543489844748,30.715665449818403,42.47983255735173
258.46753391788934,103.91891413784727,30.43820838378339,43.12761620839837
258.14123181729633,107.37290288203268,30.73173208552118,44.10021736042765
254.81252606301865,111.50262746819037,31.09001046990207,44.874960434614394
243.40531006060965,121.75454688571895,32.00522398762477,45.47119645429213
228.52261161899372,132.7963498920875,32.88805635765564,45.39057483625945
211.90339035603523,141.36109835549266,33.00316075055704,46.25044313411157
