245,64,12,13
246.08052844042007,64.05781169379009,12.188623923760861,13.192313513598846
245.6850458483996,64.63128254931695,12.31998523240083,13.304303748288351
246.51054902484353,64.00646539744488,12.51279032017527,13.457340703565155
246.20016335261855,63.93866993230162,12.621394807291745,13.594259863964346
246.73110634019858,64.2880136520378,12.754501213931878,13.602619956449978
246.153839144153,63.61605870682635,12.877750220676887,13.585963281325093
246.621053765898,63.86432464510696,13.02924606268504,13.580201956767104
246.6977415283991,63.61568479461261,13.05649294345999,13.60293474327541
247.01752015752717,64.41477225880085,13.042292914856507,13.617089308062138
246.2423981232928,64.3440818862666,13.059846152264212,13.783017755821868
246.50526409844744,64.28406697087215,13.11787798964,13.961617615960158
246.38224094435364,63.67222150313006,13.16489774498746,13.90968748906985
247.5359747758735,64.18540493226584,13.07463545091995,13.914962206008859
246.97157469234338,63.63293602714184,13.067452151980817,13.905772838049955
247.5579532056228,64.2791726034628,12.96199005084734,13.928326999111299
246.90876353910787,63.81159538928743,12.902804092084256,13.896458772385525
247.59317274019978,63.88738265542521,12.842613529831329,14.084788411344753
246.322306004878,64.47985022142817,12.932306633023135,14.0192324963384
246.8490854048312,63.99870875716341,13.073201382195162,13.99244974210447
246.3491865165168,64.59583065003247,13.128760244198514,14.08938978774847
246.87616411700986,64.17725065792945,13.16357729393857,14.25168378808961
246.5829999587203,64.32601086235147,13.256473492170944,14.24039850777363
246.01487364799468,64.5967763161909,13.304332382288813,14.322152324565666
245.05299266456242,63.91167199880913,13.207096416765872,14.433824475784137
244.55669170881023,64.44082099996905,13.238089343318808,14.571354799298897
243.77143378049908,64.29540243670363,13.254321434472459,14.485277230658962
243.21397694176898,64.19768535114501,13.337815243348484,14.481908013935673
242.8683905798846,64.13207653853915,13.331166264767473,14.53623054072603
241.83797260652415,64.01481548826985,13.387158686152446,14.578913230131937
240.92509381725648,63.928270199248665,13.38633878344735,14.550859646199157
239.75356713124083,63.98128856407541,13.519462958348553,14.36281137798579
238.58205055273027,64.16930088711739,13.588196814436586,14.353721965658785
237.08212903061886,64.57712252677675,13.709863565841367,14.237326305578428
236.51838850283045,65.21325982386159,13.709181213143857,14.254406563182577
234.64156856336257,65.01106399248582,13.743157651388952,14.333961932110201
232.860930750483,65.44392642268161,13.684949300996204,14.202348319026463
232.0787862389171,65.39836687704421,13.537397531939298,14.192215751895436
230.4007755545764,65.49022285051247,13.61318157386599,13.96544848349755
228.4361082438662,66.07599601538232,13.80464970282068,13.87167986224771
226.43784316653773,65.04206419857314,13.789888835264046,13.806098170724347
225.13908124387584,65.51344924483524,13.643623133222672,13.733686187694786
222.85702029797133,65.83892441178901,13.51028132962011,13.705570811356527
220.99146340183432,65.24485245122956,13.487814153296839,13.930658255412634
218.93541689825895,64.77448880229223,13.286923123446966,13.964549088738526
217.57309300241636,64.26708144551907,13.260638134803237,14.014761208403712
215.80621805804807,63.8357216197428,13.358566848285477,13.819880393915836
213.74985070459755,63.49140867226686,13.359577250767156,13.759173589484053
211.85043217773003,62.761721333345385,13.391367151907001,13.708394502533437
210.14025894942972,62.80542069203154,13.459155621422077,13.418476844256634
208.8505523598831,62.67459486546477,13.336572252928908,13.3392174526685
206.07924132055834,63.08752230233869,13.384213486028411,13.379038630743095
204.68639633874434,62.50022370334082,13.35054722179855,13.431300847201895
203.68978990058557,63.129056543233304,13.290912358390264,13.476970154107928
201.95124988890174,62.98502017781993,13.226775437342987,13.577417997046975
199.66016489371887,63.04364488394231,13.09064216160941,13.75625053941669
198.48643148231122,63.34975632330513,13.079670942572859,13.693263031808074
196.49196559518387,63.808818651207865,13.097132053110954,13.854171401015192
194.24891436840295,63.88956770132343,13.171286806800286,13.905971455965162
193.43364593698587,63.75335814305687,13.119849668624294,13.916695034371628
191.61575674087183,63.32450379407753,13.233887854397961,14.012181434833426
189.04854034778845,62.70956147052374,13.264920461021536,14.184159654320332
187.3810461663489,62.45501809387843,13.244232722657816,14.386674806674833
186.02952450032234,61.949043456735865,13.23560332190764,14.68707649056327
184.5904146477025,61.67117294703503,13.291194131342714,14.680876693772543
182.1919662936273,61.15320035867044,13.412576942537418,14.789199993979716
180.73253448649456,60.83542609266864,13.313928154923847,14.934240362453153
179.5559327934246,61.51641711976562,13.152249820078092,14.983216898226885
177.6354582927027,61.111557102779265,13.137401085039212,15.043796160481136
175.85031331984302,60.79554080738456,13.183025843513711,15.152872552597774
174.20833540411135,61.4366442304874,13.164409145025754,15.12193613629691
171.63603618322952,61.11530450519628,13.193626201202381,15.116387193239568
170.3759064384164,61.03533334591949,13.113663130015453,15.06377347040215
167.84667021708168,61.00608460250174,13.30849255280232,14.760302776908716
166.31165457332028,61.79924550610225,13.279627136021336,14.814704202778639
164.44981683133292,62.42758127710224,13.257852990105267,14.8795364410385
162.7146218748651,62.62511412608606,13.337312358974742,14.95007755473324
161.02753713388066,62.8661578932613,13.573081813235373,14.978192567875645
159.32493147125194,62.493068552426564,13.710769918548477,14.935320381877004
157.08537614367995,62.78685479209692,13.632388106985115,14.99921366069566
156.3233109547297,61.83520909845258,13.63633287113495,15.129401525050575
154.12315420519005,61.34505183409591,13.59552291096195,15.381080679483425
153.14290160219971,61.13100147747243,13.524155219981832,15.542244768099053
152.19390946407194,60.502043630248586,13.43511233060669,15.793517103670226
151.12348651586282,60.43953229902411,13.490328203899914,15.857119968985476
150.94102674043336,59.585221365613194,13.53794774184982,15.835394794606714
150.46015836412175,59.60678996663983,13.557830019338825,15.903212838198424
149.75959099993725,59.7686662356559,13.609016928457171,16.184412416026873
149.26083744454476,59.67366009571252,13.647572456157592,16.191277429659245
149.64564570515833,59.93687973510391,13.794417880788153,16.326005995583145
149.59720016407684,60.15758245060947,13.722689873365024,16.53641184454336
149.70877997058065,60.64696027303078,13.707339810855505,16.559756582047086
150.13511833337444,61.44948027128967,13.683583678795024,16.650571780312625
150.86354977469216,61.52528272293757,13.612016328241676,16.741934635015024
150.88691558863096,61.736743693527565,13.663629078008999,16.879676168773376
150.79426887646665,61.26248120294751,13.714115566993105,16.75175663074372
151.69059739599663,61.33272247719886,13.748543328197371,16.79446285093224
151.41841049369083,60.92385019303045,13.790895843461406,16.741765599405035
152.37051977554114,61.400332101192234,13.934400835109038,16.90465481722921
152.5181858888476,60.6111569730098,14.076173495820596,16.82500852751849
152.4216986684809,60.08976634542691,14.028545337440887,16.757455016316406
152.74812979493072,60.48454386964245,14.095080264014053,16.570725719973126
152.33974553057038,60.03352639648035,14.105102811401235,16.669011369623536
153.19342009017853,60.38806769225707,14.200443043590385,16.959675231486187
152.89332340382975,60.31809890986477,14.119350732175054,17.289839778630494
153.18592952782336,59.765286688727656,14.135998191758157,17.53110960519985
153.51125870834417,59.02749058394727,14.176686801474494,17.654181654101116
153.53345297140473,59.84633179725076,14.150303462150376,17.331642559041956
153.30750516913002,59.45705003045,14.09933068130745,17.337842758909527
153.9562919535425,60.22841895884742,14.177631763041552,17.329178515906033
154.01048621933413,60.45801060725829,14.159209746841766,17.531640980968522
154.10856897095263,61.11976265542311,14.217176431033474,17.508993919069628
153.90291689296214,61.7916843074528,14.278707560519727,17.69788362711386
153.93645514272953,62.16684197324108,14.306820007732727,17.911830240035076
154.4603240306376,62.78674135430397,14.620785789090501,17.702653971270877
154.3922495638473,62.911239814512044,14.803867458742896,17.731685592092624
155.22171529740393,63.614851547833304,14.84767122839002,17.678360719395258
155.5252588998438,63.97475146710147,14.910948868829925,17.574389428745498
156.17390606694903,64.67174321110235,14.860119077557101,17.510928957135103
155.58072414695076,64.77896585386952,15.088247222079591,17.59240761521524
155.98372395015582,64.26763031113812,15.218659356727457,17.572360109432935
156.43433884923382,63.42945764848794,15.48555515879261,17.48042456866278
156.25392270118672,64.16278605959063,15.77426075312869,17.258967345883498
155.91732441604995,63.90832005831596,15.851629241236086,17.41925630985959
155.6940925362856,63.69346210735156,15.946210610905108,17.357723688616957
155.14200166968803,62.8203128208782,16.118248174257392,17.565550702042394
155.01409055175338,62.10723971016464,16.278575247456146,17.867411749339386
153.9871392863136,61.2367817670317,16.347148257973444,18.10821720571591
154.1572243615703,61.39176238770884,16.403500983597944,18.35551388154642
153.4547609703502,59.75695968177998,16.585736794967808,18.625097239697777
152.7519587771735,59.256861443018806,16.658725102631692,18.92377934416879
151.81376278078613,59.00769152961714,16.897769649796317,19.18294126748124
151.08012919573275,58.70581578245303,17.11053294035958,19.19690642653538
149.5898817666862,59.1548454526863,17.249050615977602,19.325809226242967
149.03998844353595,59.13875670175925,17.291348436012584,19.598592648371472
148.46550412441155,58.90999821977247,17.375607017894332,20.011861944704222
147.47161618281038,59.27982955039712,17.656087561327567,20.1583473310567
147.90836313515106,59.21790900490963,17.55165743177973,20.395226938335018
146.54557578362176,59.438374434617245,17.904939148490197,20.42349062889
146.75403033878473,59.3831508111227,17.832921538766595,20.475685120177005
146.64323610107462,59.28408705081919,17.758618066842057,20.387226990512904
146.30661824867624,59.18587128781241,17.803021714188446,20.2893090378024
145.88517408124133,58.9720570644746,17.976552602965356,20.36812595954688
146.7647566423405,58.39864009524444,18.163529239575308,20.3980349790303
145.68491411144657,57.81846187593543,18.291211421270425,20.581368610972397
146.09764345083246,56.84056259169043,18.31842934456123,20.65830929758284
144.83640315240524,56.34478114786043,18.455333448772738,20.86924433728894
144.21016191737473,55.71947684167061,18.54547630511213,20.97766737133228
143.8090873570644,55.92936225124811,18.66914460664151,21.108949631952704
142.32848415418943,55.49741423692895,18.81975518509872,21.103809921868553
141.35570401234776,55.1060536732439,19.160366427409635,21.08010803429123
140.08511466890945,55.42923715355536,19.31472196902484,21.16300727981269
139.31028849236088,55.401636286681644,19.294170342001955,21.105298880550592
137.96816079227568,56.11052942569769,19.32149589415567,21.22004057394895
136.48879079375396,56.5264539222424,19.260048038605177,21.24511307808065
134.22614297071235,56.355748457106884,19.08576570034926,21.27321925536787
132.58283187110587,56.7892719867853,19.118225287611846,21.28926448272181
130.533284190177,57.385959812575656,19.331948449700633,21.575132157932313
129.2146037076125,56.817674018220906,19.02351166131093,21.35603985625049
126.94569613306709,57.09126944554317,18.895427123467798,21.253330784131222
125.87972698579273,56.790944774536655,18.749688177415454,21.437889404813262
124.2489008014798,56.5026763301003,18.738004175865274,21.59342755538225
121.77883746280328,56.76744598299633,18.713763689700134,21.82096715387972
120.14839009177382,56.39207299682208,18.591351773327187,21.938435220120844
118.96055342153036,55.72407741933739,18.52756861127583,22.06672999734142
117.44785533423853,55.23523137176571,18.403854863949846,22.19383152778274
116.09661451336702,53.81534483247181,18.522615189392745,22.272911195870037
114.59139502332592,53.49549433328631,18.596973935330222,22.257080880573383
113.3725853747479,51.85138069266188,18.650456265791902,22.221553709253158
111.65877972579719,51.64781665882114,18.844323810457958,22.188438208266128
110.33347305417756,51.16470327426704,18.741010217021817,22.25849098657791
108.52318952928552,51.365953458236476,18.81398065948232,22.33188584143649
107.27957837939793,50.59326232632391,18.910429074440106,22.163026086018533
105.62422284476375,50.71133720798423,18.957706982996395,22.26748292630152
104.72366458279504,51.08744441005489,18.983408690036825,22.459693572721093
103.31561268458086,51.01064409644861,19.012064732993828,22.456951046179753
102.83557914835421,51.18048727151714,19.10822496888976,22.574133902668905
102.11621484384551,51.86252341532731,19.233966897198897,22.57800227276526
100.92165376424109,51.623346062798255,19.334387482384177,22.451687962793045
99.95488795413425,51.638107088652546,19.39268786312131,22.504226754029375
99.50555585607319,51.852307903970654,19.54658765951786,22.65571581640156
99.23981732999303,51.618768286317604,19.658907718216692,22.87262323652414
98.91894582853863,51.33799146254086,19.82220396819939,22.92618561649502
98.2452556674454,50.923281190285294,20.02956565937072,23.10855049096898
97.90860707896222,50.5220347872426,20.098793403598233,23.181082362493672
97.48129484831536,50.3272493819423,20.154756064490904,23.303619940507783
96.53446553374852,49.751305986916265,20.228036679121765,23.493646736274485
96.23895199449157,49.4020553017533,20.37170938056878,23.627023306516676
95.00797649005442,49.160041415243214,20.489673481988397,23.89586795532683
94.4589431163727,49.28803518062031,20.61523649156667,24.057773107793714
93.22317853458308,49.20889869084837,20.670287331702696,24.08396469492635
92.16163331304321,49.42288249785993,20.688265913670662,24.246758381295848
90.44785340194224,49.1878928068085,20.737368672127737,24.28201390811454
89.42975519985478,50.165156764324905,20.85643562170751,24.22121404446787
87.99762934305777,50.10816564478355,20.959425332815876,24.199068286579802
87.09833987673274,50.57541709123886,21.047242535651055,24.3277845995583
85.19664994975335,51.26956199272645,20.932739068737774,24.627833845150107
83.48726281938872,51.61853339268646,20.996522774206035,24.89613407906619
81.65317216468523,51.99695577460063,21.035597509129502,25.158423398379526
79.42001860246424,51.93026194616876,21.10612709224811,25.26129641685885
78.20485471006121,51.78035774487227,21.27489264642596,25.251285649876763
76.17336782224865,52.04065439576361,21.23932097369093,25.491150200378755
74.76475143426416,50.76130605015159,21.25703800903853,25.624883246753946
73.54564686071849,50.19469109415946,21.433556174006437,25.679605022415203
72.60064764312841,48.797556602293,21.561162148610073,25.988326709935897
72.75251241805903,48.022640900604934,21.650097545334376,26.13742767181233
71.69865878779105,47.063285956898596,21.882859120230677,25.966260843258617
71.55696148645472,46.73948213216536,21.984274887238406,26.04516811802685
70.96004419514146,46.66988979803074,22.056799280575113,26.13375205102126
71.44776118256279,46.691903098221346,22.10124597463792,26.360852420742034
72.1522185790525,47.411360532290004,22.053901596044277,26.7404133623858
72.41454193709433,47.51112903785942,21.972500269665588,27.19020980298178
73.67455492764816,47.30569103162029,22.300386819459256,27.429645134320918
74.11947608578055,47.564537607968745,22.32928883224892,27.696449763597762
75.32288936578078,47.84901259654288,22.559264351356532,27.89114030628179
75.68960987595952,47.5049133169459,22.573214566156835,28.073874920157273
77.18083690899985,46.9495272814216,22.701950587823283,28.052590639365945
78.01118481828674,46.9107464844092,22.895171499039616,27.96644919572966
79.65109115807256,46.85330794849449,23.065153920707036,27.951774135088897
80.60383868016022,46.49996740201196,23.03329554826007,28.269143990393804
81.6504833616342,45.179570138027046,23.082241963950672,28.362659210492957
82.38639075258786,45.414995529576885,23.091177544169433,28.38511667503305
82.70200874803072,44.59755226963972,23.06153899535904,28.76619425306309
82.91688585884016,45.099052579245395,23.126090759511584,28.981612776507113
83.98532282391515,44.1902849023552,23.30015106567044,29.337877452517723
84.02033821416131,44.56401287814059,23.441168513400537,29.709850170778864
84.25552705845296,44.529928303187454,23.540815971616034,29.93155971453349
84.61126361899461,43.99717567115745,23.595617887310116,30.169051686735845
86.10181096898809,43.979834003021736,23.73492937337045,30.235270396494535
86.53104446092908,44.39971838000474,23.683422553934477,30.58022771010186
86.88906259798989,44.78964076911888,23.735720368152247,30.599877404553965
87.5123148996548,44.343801994691574,23.90572760247842,30.857082886740493
87.90227425510676,44.51866228848662,24.068218149223796,30.862335544516583
88.23753671541006,45.58652168394347,24.05518571543016,31.18385323736058
87.38378812617104,44.50000533463016,24.379869541294937,31.38069580085726
87.86926577739683,44.91382307523196,24.47523674369321,31.628512136284716
88.21234931962618,44.74250978763196,24.610199741452902,32.05106602077299
88.43503499796257,44.221547804647,24.840327782123406,32.34433205820566
88.60862935979846,43.844365604940954,25.111494974585042,32.248313207949096
88.99089858702773,43.917644919868955,25.245395029484968,32.35832945063146
89.68632472097528,42.46600545594099,25.419568744184097,32.501762572379825
90.6465256608299,42.310172021668905,25.53708908820959,32.686765363309455
90.36093833432945,42.40291399872902,25.767160235869508,32.66730079033706
90.92020858027071,41.24294331558588,25.865010183646778,32.60119943040186
90.92178593719206,40.86938797830838,26.060832435095342,32.74742479359632
91.40679142608737,40.70879462694221,26.29477266576786,32.74500243366481
91.83397677012024,39.233036330587154,26.46237736354435,32.752095869436445
91.92777520143147,38.948669987573595,26.68653881548546,32.51790596965835
92.76917973326212,39.51028873379284,26.734740463762122,32.39853932820937
92.96833780173269,39.256735197581264,26.738304227716345,32.45118786322411
93.88819185774898,39.35763461231049,26.991868551279744,32.37814181550439
95.38410375722054,39.27799721622522,27.519307498930644,32.429399531746576
96.22599148790555,39.913715757414245,27.75266597870333,32.334258422047
98.1610119051287,40.518068907026866,28.178586075307294,32.159894943145005
100.31176894246175,40.88547465171048,28.647326542607495,32.26529206802982
102.01633397029545,41.63943046113026,28.991821229729986,32.162357477810176
104.39079020498578,42.30692982887553,29.314281480561586,32.09161867108783
106.50649491174286,42.59404286157383,29.793451973557545,31.941855707840688
110.05493156020641,42.93342747669211,30.146377212730698,31.88536711312649
112.4137137758161,44.19839374864263,30.63842488903044,31.83369016434924
115.57546331121365,44.40470512722183,31.012666294819642,31.929848191560275
118.65065005356446,44.56838628401631,31.369501533311023,31.929870151403396
122.24120724551554,44.1800279704338,31.72357042609338,31.994380263692427
124.91976812642926,43.97869905129638,32.002686051537225,32.1644238028064
127.73718571130996,43.73147224565271,32.063171617369456,32.13559814927056
130.3496229931186,43.14104511711015,31.941814209019764,32.31048320750241
132.1088609031266,42.765534889262995,32.23604945317728,32.04282768039479
134.06274879481725,41.52138878265978,32.051216455891186,31.78967537880449
135.38067245747698,41.4644818942071,31.479459395719005,31.78043587456451
137.4363781935812,41.21201672884848,31.172554334172677,31.648138194722705
138.07813017669824,39.803655081957146,31.001487570262007,31.51818228858057
139.828874758084,39.37579946936558,30.66481544213884,31.433289304923946
141.30804409592847,39.201094937601525,30.57559731073644,31.677914925921904
143.13967924181432,38.81816278718388,30.816512702828852,31.923565060487974
145.10140608140316,39.197025517716376,31.09750615829096,31.99312612752898
147.15981554036074,39.20378329202764,31.614717578542972,32.45598823631339
148.7620898943848,40.00155998745562,32.16108152233987,32.94917934625208
152.12170265671574,39.74246805709754,32.38352428930767,33.44891723132
155.127215528961,40.20167782477931,32.78116740324161,34.12068715285754
158.25578771027045,39.66998865941778,32.991409710957086,34.78089959909276
161.9093422608783,39.789288165699695,33.15843946032905,35.07553809667344
165.52828519636353,40.80845497127234,33.35244191891483,35.42139221134289
169.13514453667975,41.057724416126945,33.48567693708083,35.68156403444288
173.126124217302,42.61027956920933,33.663828548096006,35.8775783745734
177.25143061715232,42.59856053546149,33.57126832243458,36.20589874715286
181.59798619210974,42.87850687051629,33.60704684565597,36.39800101121731
186.0149036092325,43.02414779089223,33.60879351789301,36.41609489874387
190.7933965070668,43.090273303870646,33.75271408262704,36.39970181731344
195.16231653430066,43.16828542728719,33.86733224048776,36.57824248080648
198.98549511964487,43.25195721027057,34.066862281195036,36.79865318560985
201.88753724411566,42.49879784770937,34.31594513782011,36.787983466412065
205.26056082394737,41.72735221736282,34.55107536454968,36.59447202336126
208.28312225482463,41.40748284131075,34.65941754650282,36.72567910576686
211.1227709957318,40.510760220646944,34.77773276265154,36.71839654151047
214.2890246825439,40.53829485823488,34.79371236581728,36.56956193405462
216.9226614713903,39.8917621482046,34.84956472964759,36.50542291743179
220.20598480643213,40.11530482798953,34.777208501993876,36.47558636262279
222.15252518738615,40.36007789663336,34.73717218329381,36.4114641889046
224.9969576685401,40.34116057398969,34.562746577622974,36.503380579586164
227.994029089607,41.03050680804129,34.630050457519175,36.30359395107138
230.77038265700241,41.394876139641354,34.62014109677349,36.17503625065406
233.9387003390818,42.60443631060371,34.39424009710683,36.08423664195975
237.8259023367303,42.97818452177218,34.16989962797392,36.05279104417798
241.198687014308,43.77361758708659,34.184596707422635,35.79779094672853
243.55475773665015,45.29078259568618,34.0144015121934,35.46094260412303
246.8931319074636,45.582594360499115,33.87833888654168,35.58492685399989
249.98608982613297,46.41704451400818,33.61193261074392,35.31880696898398
252.58077050369477,46.63530548525158,32.86133885747396,35.20784795429144
255.87384432238053,46.814899126575966,32.3428949296505,34.8779696502225
258.74301302607876,46.389123181624406,31.861834984225375,34.44565809480467
261.1775092717969,46.01513492448352,31.22536884591616,34.43914727428726
264.2374214217333,46.2180748511936,30.570736818515968,34.52168163729357
266.42626591545303,45.954758235919535,29.96945546540125,34.61552013601376
269.03567134125575,45.01509497877879,29.535188558310182,34.744801622933196
271.5726640422543,45.1947466041022,28.76757478128764,34.79235130726478
274.1103689663004,44.61577419120893,28.422315764807543,34.99675065770554
277.48212640875477,45.304062870407016,28.01271356920307,35.296456053163666
280.17116811897864,45.5077858572171,27.56929064315603,35.531005406756066
282.4480634128756,45.69748723098225,27.568674376218002,35.78436592719699
284.61518284048526,45.7048583442604,27.631629978237306,35.927764687342865
286.9358675243426,46.47836093547292,27.672396792343964,36.2918763980257
288.84875084821044,46.55151536235744,27.718959828414306,36.527687969840755
290.11826797653555,45.85741298049581,27.842004816265685,36.53894875372307
291.9236615265216,45.796525482294385,27.707903214021936,36.97357301364691
293.764606460889,44.37136642459005,27.74986860021955,36.97561312395794
294.99026039738663,43.83112086731028,27.74985909996201,36.91929775305189
296.1987934985469,42.405800963807394,27.844807773174885,36.960510133568825
296.47610542073187,42.157847004740816,28.044976575540744,37.01752354645462
297.92890213074446,40.58126890945684,27.98462154394691,36.856084492729124
298.49991831342294,39.22479139727841,28.218398678745224,36.55616682259446
298.8345876530628,38.90105355355695,28.480479970326968,36.58928953287141
299.34822192318063,38.07173952757625,28.629347243905393,36.628138479728094
299.7532655995756,36.192711865863465,28.837161605252884,36.855395715604686
300.3217754955736,34.5958342866987,29.09944843997092,36.85914308134552
300.84332641356724,34.408805787254494,29.622309714426294,37.05892915961404
301.26393531342165,33.90403848550857,30.072849373934105,37.229469095652746
303.03840029316115,33.824672435230845,30.28855682660894,37.537288212038845
303.9961789129222,34.76496517274073,30.401584005063096,37.589324752691404
305.85992459155807,35.29380398739491,30.41601500031524,37.61622984517348
307.3584895193742,37.38840945504728,30.532477078074802,37.475627210712
308.87424569585767,39.24218981698566,30.629952747461218,37.733545608992344
312.2863974123702,40.62932704975035,30.77502819738554,38.29265005874282
314.0681635543602,40.71784528920542,30.780163541369696,38.2932994566997
316.1711593302346,40.723922659965574,31.398631176038286,38.168231498995524
318.1066645975866,40.111790047784915,31.999354844168217,38.22646925105326
320.4465694095141,39.57749479590249,32.47839062864319,38.546459037830914
323.0407809238399,38.93004181748483,33.07847040697975,38.95884632579411
323.90876962418696,37.66907178429404,33.713049911976434,39.66445220438247
325.96331626642046,35.23421398313357,34.34975791818457,40.63541968787633
325.55463068738004,33.804700871120446,34.48458792133414,41.383690014748154
326.70409857088976,32.43279088135332,34.38636179753776,42.49490831116319
326.733741581313,30.48552294423059,34.27476722519059,43.51632268117325
326.3953590963307,30.007479401918115,34.49356993734788,44.29493105174176
325.76497652016286,28.099857848205602,34.95789679897713,44.67327331398859
324.1663004570428,27.9379842777647,35.916865356846095,45.063488776158806
322.83183953798584,28.012259212340787,36.909464645425686,45.217855965655275
320.8077890389836,27.59555321704504,37.90426113912794,45.56598077408521
318.68872763433023,27.75641537501906,38.8710086982821,45.80661618026632
316.57068795915706,27.96044504571359,39.58663238723138,46.218546454437785
314.9660383385502,28.914956283580473,39.85082742869397,47.29426492924682
311.9738327909713,28.9967272677078,40.24146305053396,47.485755620924245
308.39989490354816,30.054184246856583,40.42152485966109,47.56554244699566
305.22930695475054,30.785720104918425,40.63761009921444,47.65476458876728
302.32649452680283,31.95796286509311,40.72940069168479,47.89605280147852
298.94665760171875,32.68821654769,41.21035078314266,48.07026106625993
294.82368146199,32.73791402119467,41.74004440172705,48.609451028483214
291.55012976910456,32.485817636314074,42.0859305151263,49.173763129984565
288.6841821672465,32.21593668572809,42.79484083758037,49.91147968095457
286.8804951559954,31.15340767785938,43.938140892738275,50.12533465629121
284.7100564685884,28.918641109886508,44.962999363653594,50.368505846287974
282.42768608088056,28.121650796640864,46.252095313507404,50.834397469338214
279.8394628179741,27.125151655356213,47.30788878307334,51.33928124394632
277.47148681939365,26.800947215168968,48.401324982468516,52.27293507181396
273.7488172886659,26.003541869024396,49.428159412062776,52.9455083179315
271.57044362403894,26.643924098117484,50.531951419875064,53.56215483359687
267.16303711872956,26.51531201972491,51.263303842754496,54.29880041517066
263.6565234311558,25.894608405216296,51.88750677135686,54.650163756271624
260.6939614943404,26.117106968748004,52.63950985464707,54.996083980686734
256.47999398455363,26.254127214885767,53.720157634115054,55.12243259714128
254.38264863734696,26.241942427024696,54.87398848428904,55.57662818784735
250.69181585301456,25.73078955661304,55.63899076535718,55.89102392224491
248.4237609008722,25.641267395402938,56.53421987423688,56.408852760037696
246.13541862154472,25.420084367413395,57.368515816787095,56.77693731462148
243.5359260561025,24.511397478119694,58.35804019250493,57.23293068118709
240.75598360654902,23.652083221989425,58.974318074127495,57.67163728444606
238.25167061636702,23.80373156848647,59.712662340411555,58.02675482017116
234.82933488926847,23.30547266851717,60.4475405030098,58.27952253023054
231.780876537045,23.05982546275795,60.91366959281833,58.36688459655916
229.25445808392217,23.56844058908844,61.37163690149298,58.635015717491825
226.75589295639105,24.537764815283623,61.90719099313967,59.053863659299736
224.46029734238624,24.508779919567974,62.36701623535909,59.320365233420894
221.9615230067032,25.30094237209438,62.73436672071976,59.7021135661569
220.14796960407855,25.69594700221019,63.47132627033716,59.76683417108879
219.37728466985033,26.751158577714918,64.05747595497627,59.916706082127575
218.13470342542178,25.632116123842707,64.29671922366882,60.159488382333436
217.67754984958088,25.21442669131261,64.7673377700282,60.14109261595294
217.1745569437629,24.631774674396535,65.16876794340594,60.52152691502889
217.93507092177126,24.374000104716792,65.14146543268315,60.97413649860553
217.37458394234466,22.489036074546387,65.55177287336417,61.089481429182875
218.24767945167667,20.87094186982895,65.57650415703363,61.44337801816726
219.00681466722588,19.873066516758044,64.94682980574653,62.09614544011849
220.10116125036444,18.314262453718488,64.43244676912671,62.56271117396586
219.7770172004641,16.260025537748586,63.67843490086152,62.999271035255425
220.40450653128661,15.139955524401088,62.981347659838754,63.391492401992735
221.06041502092827,13.25454900518897,62.175569299209826,63.88720441493042
221.395097080236,11.72516110528576,61.31204883854266,63.40262933882958
222.2864777827615,11.093623971249833,60.104303241178485,62.98167402432247
223.96122460975766,9.19137970738472,59.07889524706924,62.422752599360194
223.55020325679828,9.350075010372617,57.90415165722973,61.9521668453283
223.8121265143206,8.738631579855987,57.151672361465415,61.25837877141861
224.53880671149835,8.667462940066073,56.51403680369714,60.44160561828936
223.06563405856784,9.690041648100394,55.986133446772946,60.15710979467563
220.49362776215781,10.074875412143221,55.746114496167735,59.520944892353384
218.03233881715838,10.740569639943047,55.7920237790107,58.948194988639656
214.4640846881975,11.568127567864646,55.90954339043106,58.19509702612981
209.87327888173905,12.728112579402406,55.878958610656966,57.53667554839113
203.98779671348598,14.977149027060271,55.72275673905903,57.29391635274301
198.3192146058473,16.50177191544604,55.507324029892644,57.01082346199477
191.0633969994618,18.303968814742156,55.89128196868922,56.8056418709464
182.57265117226473,19.551761264484448,55.7751579700863,56.59828856169989
173.8297282649908,21.732194517120632,55.203384347899906,56.558386771727854
164.18097251445707,23.813256415585418,54.307141640451164,56.94097896862463
153.3751747325806,25.04581686911434,53.745021870336934,56.61603631977907
141.13955956648567,26.557362642498422,53.419034072682194,56.39028799371949
128.3702365861781,28.29111302904944,53.76341580724973,56.50000877240453
117.16257752736729,27.338827732015034,54.168256403246644,55.932193792713235
106.54270703001671,27.993615198693398,54.748336747990905,55.19250404164927
96.34846100643485,28.206775738925124,55.15223833981369,55.05340908816001
86.45992335706313,27.04078308727903,55.37672476380018,54.95035319990008
78.03179214956317,25.92650937569629,56.07063957464121,54.31238527269086
70.9815269465736,26.4029521392353,56.73010585260684,54.136680316726036
63.75673632629369,25.62762573278291,57.38074607160505,53.86318690332091
59.87804199235115,24.96951138565978,57.16078688203366,54.38806950043218
55.06420900847494,24.71722125121685,56.68402030358159,54.95351861375123
50.811819550691055,24.68302379307131,56.572243332174025,55.443136800087835
47.70221769641103,25.616673117824877,56.49982935491819,55.65994524635341
45.46795769012908,25.15586736603359,56.245495222406056,55.87798349168719
42.86450324571544,24.818544622793457,56.10311652017609,55.906632165328226
41.16176860651953,24.685136815112845,56.203066404788764,55.833310232409225
39.834636048898325,24.283949908484868,56.75771202929293,55.84545219878226
38.5627796431399,24.09844723778302,57.27637941026718,56.072453941282106
37.5168370337904,22.774770309220987,57.42705681514833,56.11503651589816
37.479523272522414,21.489327022316232,56.69618410068949,56.628191909402034
36.9042192838862,18.919223591298376,56.50392589801136,56.50040138438209
36.59482570568329,16.91332079831433,56.09978699156089,56.204476986403364
36.82721601604947,14.996927542013097,55.61979624555053,55.873465561222574
36.03448909619769,14.112054332880575,55.40823834605636,55.594197403207346
35.42188937898773,11.953125717516109,54.998723905271994,55.34674045898109
34.79289540390006,10.291992874273163,55.2072206013829,55.1216543136682
34.863942016253105,9.903610193159075,54.82961347242045,55.53387228751468
33.22225136432752,8.33689029407125,54.75295646548153,55.40599191332546
31.008558083448985,7.698474431033695,54.71758402903155,55.454396319461296
30.158419709635787,7.64456715346487,54.48500575812098,55.5637033309101
27.62264934104656,6.933224365722822,54.464097452527426,55.41650834581303
25.54928176139005,7.839166526430944,54.18039595197706,55.38114472256191
22.23924534720841,7.870206771977337,54.03697915847175,55.5991089074071
19.419834288569277,8.165669340117702,53.83196062511365,55.889681667394
14.728292263490648,7.765795412648039,53.9301678708461,55.52550932320092
8.968147970815835,7.545416528920569,54.539532843002064,55.252453278734876
3.53161772472939,6.645781611322022,54.6311008058273,55.83288150511849
