125,86,15,16
127.19754713395383,85.97446525859988,15.240182132370709,15.802821321820963
129.31176567078884,86.08304647975922,15.282358421423261,15.564381978112209
130.99018451547764,84.84326426148,15.319746270779978,15.43588588864446
132.0949537052188,83.56039287380857,15.24483176375476,15.348882833029297
133.42985412200647,83.75533572964302,14.951633686992833,15.383677738517765
134.78082652673422,82.76714379583078,15.219246491886114,14.640827403870702
136.57683092187517,83.76132270672885,15.074235299871265,14.667821114211872
138.25235052588297,84.13340112943038,14.836146500048958,14.771213845554186
140.5506180009057,84.38731745142142,14.783493596094042,14.845096596924623
142.8026615925801,85.24607347371054,14.717654030508626,15.102272513867547
144.43708494605772,84.72616557683008,14.62490903811985,15.328081666815654
145.85245886794587,85.25084138542994,14.675761464432666,15.312267401781941
148.33162094787914,84.79025764228004,14.536632442143443,15.343344037341886
148.86011210763525,85.10961553571921,14.384076724155776,15.573903254859403
150.2190369104303,84.18223814732858,14.391643753574083,15.758533602994621
151.2205396470046,83.04386020419858,14.296362730050085,15.934639129871007
152.78432212118184,82.16930826833804,14.200578790123872,16.084917320321228
154.43011932872733,81.20769888902431,14.177841007489839,16.146509327309523
155.34437078608943,80.10546876428606,14.294173302419198,16.442415881796062
156.49461220104996,79.4583814709994,14.27046736868773,16.61688448523723
157.27400349719798,78.25342940751493,14.202528012545708,16.770764151466132
158.21543047972693,77.26015687550324,14.082616918890796,16.811374828588
159.40677227250293,75.96105614728847,13.764896761049194,16.543541494727023
160.93342448366613,74.54716560528578,13.858169410423997,16.140570762406092
161.82550670665754,74.68191728753598,13.8134943574239,16.040891920603
161.58408990834923,74.94824227017331,13.761242679572222,15.830057144776585
162.61313853912256,75.84833314334938,13.678864149167374,16.03794121886386
164.25195860752657,75.33563428875306,13.513332831121483,16.155709533335042
164.61488404627812,75.16865519289115,13.433187115021559,16.098445516791273
166.24099243161777,74.50829589110275,13.38002824685838,15.83173670779982
167.4588691992872,75.27258893330502,13.461993582031614,15.748226766851534
168.23746805371468,74.25090888133326,13.76239733754451,15.569617879588879
167.4933424898869,72.9833705302865,14.15871480152791,15.391636810469237
168.52585139810313,73.99691872186833,13.748163535576435,15.525131706883423
169.51737930606825,73.45132602351686,13.743071963757904,15.482580510260206
169.41013733050417,73.87986096447912,13.38067091278328,15.317252296069949
169.97603024799304,73.86062601524321,13.466308761019933,14.651317239388003
170.1715862265928,74.49219529218277,13.429244158376594,14.587268827434624
171.52551690400992,76.29152445842652,13.462817694822764,14.629205714976443
171.77179068421287,76.62322399317948,13.586140286004007,14.498322289568364
171.62711460786562,75.97492562920307,14.220890713555626,13.413878175068998
171.58941390280833,80.23477611446395,14.246566560476367,13.244264718052415
172.142467207682,79.60191349969554,14.108279373136789,14.362342965846565
171.43853432725538,80.34852462293387,13.967300516572049,14.318005312455519
166.19963280477126,92.28433155620878,14.41715289890896,14.411983341013158
173.55948300319747,79.2647139008835,14.242012068371388,14.522872244953646
174.97627419828257,80.2828782384937,14.251007853640672,14.652898642924821
172.0718135586523,78.11744261126805,14.119651564877023,14.78794844907518
165.7451243380474,73.11122500901595,15.611177674425603,13.743163259160937
169.7946210251873,68.07754833136151,16.77977912127583,13.992923703834485
176.63345203267804,79.30991097926871,15.879632549826384,14.362229816561893
177.8050764942036,79.27848729994865,15.065562885073614,14.824625217191398
179.34753069900026,79.00858194760343,14.723784698120777,14.915352176698658
180.30898675237648,80.02552375854509,14.499367788965632,15.491626989221164
180.55873030106588,79.99524273417451,14.358171037754477,15.555606353825617
181.31278161362542,80.90061881609773,14.404027716056646,15.51903384362896
181.7847548723812,81.96827221407395,14.299346870007776,15.895407002013
183.39367183276048,83.35210262860517,14.442487356999417,15.77925008628155
183.5644858174789,83.69899969969843,14.475859989305174,15.883432851497066
182.96859130890564,83.51087812516163,14.753218232315898,16.40355273401415
184.6444334416163,85.06211301279612,15.231812126048926,16.247461424096926
185.67766223101222,86.44394791076513,14.856058106229137,16.15875201267824
186.46877156381058,86.81586356687421,15.041027423601328,16.060618458391883
188.0812405613847,86.97591515994988,15.392908029664682,15.587445262728098
188.8713972839662,86.95424444830027,15.582667072993768,14.98384051069347
189.47035374938451,87.57861538907117,15.757789425572206,14.917740747902325
191.10758517545622,85.13313046514591,16.154212327327798,14.082412694971744
189.3672617106893,105.05852787128713,16.05968739004901,14.665489790842146
190.04857783710378,103.04531834830931,15.639782105544098,16.097654439688256
192.9488640768557,85.8407253630543,15.313756233056282,16.45275266827711
192.70130876281644,84.23279740958199,15.133029401780659,16.252364879086272
193.09825904534395,84.05182969575264,14.979429824884432,16.334542825812065
192.3493157303045,81.74562328083115,14.827410914953356,16.661872663904763
193.11412031625977,80.10464453972068,15.032648756798768,17.09786537307275
192.97538094689807,77.61913288347807,15.159189919226884,17.62414477119573
193.08011877613419,76.18928094197283,15.410550323182868,17.570675318051105
192.7731083760064,74.72741025134516,15.479207147423912,17.775732183618103
192.02699495039505,72.97788984312544,15.70852824444334,18.0563825279374
192.04082768724564,72.30252710322961,15.933342749252018,18.209393462057776
191.34956057806747,71.18923162048884,16.215272070969412,18.247133271068584
191.91996183329854,70.77910228749771,16.809986349962653,17.63433257537736
191.2933817281945,71.22328451460488,16.953305424400906,18.1806173679418
190.64064378996108,71.75909783112817,17.251594635814644,18.91881676468046
189.6326391123825,72.65966911349275,17.427736427467156,19.340362670477912
187.84856308206477,73.02343860663909,17.671695544520865,19.85192762501554
186.644846455179,74.5833057357967,17.85654249364962,20.40286654412609
184.22457573984792,75.0674619643933,17.906706979904598,20.68588360023553
181.65710275172103,76.36597152046119,18.06929048127767,20.599094060330216
178.68038489037164,76.7169578627645,18.599886402730743,20.28354734289632
177.27877987806332,78.25902441888122,18.83057215100761,20.68268522716635
173.96053292759365,78.14288023493074,19.054936376517734,20.743212239647974
172.00261333826035,79.20205140068917,19.19444464183878,20.70270975747979
169.49595943723227,79.49518750424454,19.40682224091234,20.421699891411084
166.5534094760798,79.59375205213144,19.63466265001103,20.385551280948626
166.01724257562077,78.73578113703576,19.53423525680824,20.546233968918052
164.4802182970223,78.29654472609614,19.169362665884343,20.634422554522477
163.1910872964201,77.67060004818471,19.093571974220858,20.767682407377603
163.08888325500547,76.17865451648234,18.986773330030143,20.699185623992204
162.1423212222138,76.15336795529683,18.8311324137103,20.729660751426437
161.18248049445324,75.22132940935609,18.648052258429274,20.740921614774596
160.344148989678,74.25191880899914,18.732334905304885,20.28743225159183
160.1597775744483,74.4902094821679,18.693036425837654,20.072621258657463
159.2143021881412,74.15270460909292,18.4998049376576,20.707179045270273
159.19728818621203,74.22742344775521,18.57661507590694,21.104196684684812
158.46793289856802,74.0148180916158,18.48776059201925,21.26649861833041
157.91072830631444,73.64291751257355,18.361722120279396,21.338409350252043
156.56522631465242,73.23276394366508,18.323304471724924,21.29913605549757
155.68119860187852,73.67404553729828,18.3062895061407,21.216317152002567
154.7043577826876,74.7940125728208,18.341579265984628,21.422410015834572
153.78459000971134,75.21287242264826,18.331932146952695,21.465115215194125
152.6036293191802,76.42823117903474,18.26947163271325,21.5838529658414
150.6961080343558,76.80542060198808,18.284222989420783,21.5895110730395
149.4066824993705,78.26851062101119,18.38439939255069,21.71555234099204
146.31642772133338,79.32829199309502,18.357029655043185,21.909598322341303
145.57548656599084,81.22602864482064,18.598927138946927,21.761746391468858
142.84156592527154,82.55973042602857,18.658251598204558,21.810762910292542
140.963717810692,84.75924462522313,18.775598272244586,21.67282336187767
139.1809043798334,87.46580710393708,18.921756566382232,21.62268469276225
137.5384496809439,90.08861122319958,19.051480163906778,21.800106459149895
135.83897155857085,93.58915049115728,19.58304595270382,21.82536142550073
133.90102814728857,98.02778757864766,19.859764919742084,22.113645395789845
132.091452541171,101.78365462092609,20.09911285681698,22.356168247304943
130.7876307212405,105.50813949964024,20.123081510528024,22.235164117072834
129.53477948669683,109.78307945682131,20.17386030404714,22.36057652972533
127.76094117835369,112.41910027160681,20.021763102712534,22.495527134990684
127.10685434762577,115.4551938200275,19.911540163458405,22.89359559437937
125.95177894272697,117.44193297512597,19.74622639804653,23.039703651468905
124.87686504457514,119.81942281906426,19.637571846672117,23.108657434991436
123.75216542341899,121.98259065223488,19.512174676297633,23.137977441510756
122.65208001885476,122.65705693220117,19.673589438430017,22.92065081795548
122.28484251442744,123.93301978985514,19.936212705270158,22.681341286336206
121.54452622929566,124.30732401824011,20.297633782696447,22.993441342908167
119.95408439252455,122.02796607323671,20.672784944115392,23.140559805566966
118.83686274614558,119.22839002450917,20.738333046669876,23.202270102004313
118.93842200812365,115.80541778030883,20.785950154113078,23.400338599944437
117.64535817507424,110.24336447421173,20.93471270159504,23.539196455965794
115.00885325830478,105.15699299246228,21.27239139641171,24.01346671721612
114.68878451156519,99.46279313144623,21.312825699003568,23.784036057180643
113.9499958705685,94.65843208567287,21.32951887026907,23.59442082925604
112.11742070605169,89.83913504759265,20.820395755346745,23.861598971784996
112.67159013768025,85.04531284044324,21.73850229941079,22.933450524559056
113.2697446923283,82.6607107722393,22.94702371233017,22.97243110480796
118.85640109232395,85.563934150016,24.46317827132559,24.71679598836925
112.39005237356574,100.01756350163859,26.11165599391913,25.293854367665922
115.57619386871792,97.35777826330813,26.377758487475095,25.820798339154827
107.34699577849648,70.13485297127812,25.691013620432493,25.19318470078094
106.34091482023001,68.47377834018235,24.383468822375438,24.84899763863568
106.39200776743355,69.25125380938965,23.687018823935592,24.430234286380312
105.10548188828812,68.90555667011655,22.484815932952017,23.794821643702267
103.7267105990236,68.78810648462623,21.532067967768377,23.134303881870824
102.82104624082939,68.56240536838331,20.980232220683007,22.568852507573027
101.80242725155313,68.42946714050302,20.45935035987705,22.241904194108976
100.23749870521362,67.83806717887178,20.11888971368297,22.1131696348644
98.50721687399898,68.67751873718831,20.236491540531688,22.362811549959012
96.50269781371983,67.99629730517242,19.532777584147063,23.03160641953552
96.25437592936677,66.89447243719354,19.82584826877685,23.046623868346742
91.61754093684644,59.43423169900324,18.612677386417005,24.7266161544985
84.35257465796833,65.04488159669592,18.859985929559745,24.859304304030218
91.42576259401764,70.91129931926679,20.506681539143223,25.34687959927561
96.39451014073431,65.35546579181056,19.47195657135771,25.98865294592276
94.62996980874308,65.2080384672289,19.79813091935533,25.108315754069224
94.36925152063759,65.98480632416592,20.183223469648105,24.877748710453773
95.99049122375713,66.65300393074303,20.67481685660328,24.553411655884847
96.14870977052935,66.68608452132634,21.039214355058135,23.975833751127077
97.06003298286318,65.75790027379152,21.493781852257495,22.914635658415875
99.41993818250043,66.20586788732213,21.847787577285715,22.23977924359053
101.33402975308125,68.41737835913061,21.738287084558472,23.11781586150189
103.10769905480542,68.02090651932295,21.694830282037845,23.51093453308819
105.62666549994098,68.53830582630205,21.625343107640298,24.4557784945576
107.5177690968214,68.09569686890724,21.649268783050456,25.293371317856863
109.27177250234293,67.25918351113998,21.851235742773063,26.062267319388823
110.8556129126174,65.58254744679101,22.06633843202616,26.426593828845782
113.4051345370893,66.04075256400415,22.10552730982733,26.997304773772775
115.37210017886284,65.13324472446804,22.262354702326704,27.58152463207545
116.42599202852419,65.29287989068273,22.66385740358435,27.838522966351167
119.75780772746636,66.01312144908371,22.54570781096007,27.914768668115748
122.60220296868371,66.85501784455703,22.87537407403339,27.801017876718873
126.0285043079162,68.34207391882984,23.099301197677285,27.597810386405435
128.90418600160623,71.79354050783996,23.300013693330065,27.833778330264877
132.5029184991383,74.31150892473971,23.662811144570693,27.19555173381721
135.27275912732674,78.70348762384724,23.91830240588432,26.805515598010288
138.08279349876463,82.47857670933683,24.53040023393985,26.467909789926168
140.3605513748808,86.37551377546592,25.068990325952072,25.580970714664822
142.38744668179953,91.76854591677132,25.80909254752069,26.203863933108323
144.28391086161213,96.23011431788181,26.071340396914987,26.432959480673826
150.84312996134585,98.37008612982517,31.23849918410968,24.15724901911048
143.59784150033104,103.09595549012556,29.5897064523311,26.459885520368456
151.36045269195375,109.77428364423294,29.414143311365866,28.15311351627816
153.45464857252696,110.8764932276958,31.178627661681844,29.29592052984882
153.0630647027892,114.17502830779365,31.968312117264496,29.96859863208696
153.9616320288228,114.93945222327109,32.191912052926284,30.80877536456601
154.68270964721697,114.54425664194515,31.775738947318928,32.64295082194948
154.7477249498804,113.84897831900984,31.750618591309383,34.92727623146166
153.21084137198923,119.03310894425132,32.48610698259102,34.352485521915185
151.2241054929223,117.12368470594713,32.836563496238284,33.73063359075073
150.4584823989152,117.63278320963987,32.522844970033695,32.78851000672452
151.4538846903891,109.6027385165341,32.282849314481766,34.232127987055634
149.25536585130212,107.11750871820925,33.94033001713136,34.56623321861227
146.61833147304202,103.00366592055963,35.925117640673754,33.08649442681589
143.5000397930431,97.59570257330047,37.996984157023626,32.373202872867374
136.89519521832574,91.80846749758788,36.37018964865589,32.745427020425716
131.13900357344644,84.60885476248042,33.91437606409937,33.38475768994624
127.56470728361143,81.17485495516578,31.74418152234415,33.52982514582497
125.73604509630243,76.74605494237682,31.348741937344798,33.94750508019388
114.22342972393773,74.19262640304176,33.220071574781215,34.576365770827884
116.56151619857685,69.0909233838746,31.235315455896597,34.184135436153184
114.99699041046466,66.19302174768347,30.05864470598333,33.25728315028063
114.08719921580105,65.43910699065145,29.28011231728674,32.55290607060979
112.27749066862837,64.26261947643987,28.62855856027641,32.090858583417635
111.41074646458001,63.24172591692677,28.094562586375304,31.679348657738302
109.64445783254222,62.54612320330135,28.09089883747807,31.487614215014332
108.54408615571333,62.605375745974136,28.09421266817698,31.422435992481457
106.94865438275846,62.33265242298802,28.265066358290735,31.20512950083262
106.12816775635393,61.80694934286554,28.46621464641326,31.306441885656838
105.03843652244036,61.061153948230725,28.631247756249813,31.133316657128425
104.00499383456045,60.89431930435132,28.538405059900278,31.305983942018013
103.54649212295573,59.907081697876436,28.53755420781239,31.588134784792267
102.43440951444335,59.00984818694991,28.409483475510985,31.5996370370467
100.91913680379389,58.76043385904105,28.467087683331773,31.545760698142104
99.91140558679604,58.20944968679106,28.72744447301399,31.399762739300396
98.39499495524674,58.85236149551107,29.018874627780004,31.494626382442288
96.54760258718112,59.54593662913308,29.29432663909886,31.58130718969676
94.51349664568531,61.17730822040309,29.805365292791222,31.464201647464016
91.98275575354718,63.50871558289112,30.112271269099484,31.21424874775427
89.10422013989609,65.54570913630506,30.583753638392963,31.059405589325262
88.04341829011112,69.4937612806322,30.630730506613073,30.91220793727607
85.57894907775115,73.12361159030222,31.213059315582264,30.40148646256099
82.30834363228624,77.01996072545,31.408221894081684,30.116847660761195
79.95914315543304,80.88421488044564,32.197064882019085,30.22408199560669
76.42823530249719,83.83631016513365,32.171317391702864,30.29524602665967
73.06770003261224,87.29188024437177,32.36370793041429,30.501272079165183
69.36391819124802,90.1733611083915,32.26446019580352,30.540996531844502
66.43538254532363,92.89185963999971,32.615496241033384,30.47108730312377
64.43089132835925,95.31453210981617,32.40885041685195,30.859313067319732
60.847630911444625,97.83138307778763,32.71959666830603,30.82720987482611
59.51467331416637,99.88934332215015,32.931255397368865,30.96935751655814
60.044599703614495,101.62038912578417,32.44545950140131,31.725991315567764
60.54979813823547,113.00340843938997,30.94707985926281,34.09542980429966
53.12443204998225,80.6795667465329,30.691492737377374,36.89491427244493
59.61272734525325,92.62428898731346,32.13557586701699,35.24775358284056
56.14113507025121,102.83838490847859,32.33509037006806,35.6492623738418
53.7557785363945,99.96183157422071,33.76275007475598,33.919937013209584
51.524244789935054,98.51042084031721,34.07235182682879,32.70382803169932
51.449706473548844,95.60611105408614,34.383557174480536,32.91469078225187
51.315673397189144,89.49843758112877,34.774373816103434,32.96775604611355
52.93813312989184,85.43765022784851,35.142133817910086,33.073858694757334
52.86893857774375,79.95029763754637,34.54500416707224,34.829136306372675
54.921871767736434,74.26972125043514,35.450959228933336,35.0729743765678
56.22429264688995,70.34325708734242,36.01134017336017,36.63794971373941
57.27924772617056,64.53239711679043,35.61422324426728,36.6912329301518
59.09713682224693,60.83520495233165,35.23714981063661,36.74019683691245
62.94663046814797,57.45120082996506,34.57192561164956,37.38499563211325
65.83800605486707,54.57466168333377,34.328742211597344,37.93235226169634
67.6716258218124,51.86266044931292,34.468241656109676,38.28245959809293
69.05094516420127,51.423647037954254,34.665223301061715,38.97205264226603
69.97178346612904,50.82100507638508,34.94003069329004,39.794946646172754
68.96025367006665,50.86554668968568,35.13319205477321,39.8465367163423
67.40482772406635,51.53336502074534,35.617680376183465,40.25163209354905
65.25167626917337,51.23538124169468,35.91476044156233,40.22064265539898
62.400450729667966,51.573550887574726,36.611992606773704,39.76681448347747
59.59875881169722,52.74665117112977,36.67511987620548,40.2537575895594
55.486023691934335,53.524693819947615,36.513800248099365,40.4754894595553
49.77390364597889,54.7380319648329,36.77177610887838,40.70672767228135
43.72643539932709,56.30869333284461,37.1132439511201,40.393329610659116
36.441683487131485,56.81944128916266,37.54452409129109,40.21490688316625
29.499959619453843,59.61595208076403,38.59804870852923,40.698024817889184
20.468275968857768,59.67303030365015,39.01175235368771,39.915572983685585
12.912462483375592,63.22749426292732,40.186205119046065,38.14910553054415
2.5353088810618125,64.32259070357905,40.832236495433776,37.2501578622647
1.0410902801527548,61.57197523756965,38.19285970249261,38.83056040611176
1.0,54.309871765967145,34.15426542155407,42.90954236528194
1.0,51.7078626689493,30.492765543703992,45.908572889432
1.0,50.126123859941686,27.271331719645733,48.36376488447687
1.0,48.505038176528345,24.306400678555683,49.61381997154908
1.0,46.73210445384913,22.5814746825136,49.7533667157187
1.192495360618496,45.16734050820812,21.504399600411922,48.86965092698797
1.329951585076488,41.93045263751945,20.684751223774363,48.3988403269886
3.285646536432095,42.19236569156393,21.729714003046112,46.86235218580093
2.3845719094254108,41.441584810825745,22.02675428589447,45.720752232002766
1.1189927961871415,42.14962102550995,21.041611941976765,45.13836168150378
1.0,42.3144987719999,20.327063144732268,44.44442988297388
2.27882847257367,42.16523138692382,20.348225832654123,43.14774597259961
