40,199,61,103
40.25900002838677,199.86887128694394,61.372179632805924,105.1783533402064
40.438525517382956,198.9838356103943,61.9130151008344,107.2873878558485
40.2423050090508,197.4188865958,62.200971447445724,108.39044646461264
39.76624633237302,196.02077140955927,62.4467452343428,109.10522265389339
39.03259450618158,194.8651135760479,62.651913169989854,110.00537896953902
38.89754905233823,193.96200495260777,62.71338086649659,110.48582604401042
37.91731491146818,192.9132058633794,62.72403726275838,111.32636317455871
37.595786304166566,192.10042747968646,62.54224801357185,111.49087782888662
37.65095046471485,191.05806178660458,62.389936187172474,111.33685121593368
36.87631176280529,188.6297338702825,62.49688536862314,111.35640234202523
36.440500224393816,186.38770148589907,62.72062874441924,111.21890973282078
36.67336918307876,184.5680277257471,62.64137935434258,111.06989985414452
36.34116704461188,180.5496679766282,62.9211860316957,111.35571908287164
35.99719286498214,175.64349316007977,63.31230824622344,111.21158717425618
36.07781937586449,170.14239163955716,63.74496151672961,111.20787206839847
36.89314192232904,163.64121985971923,63.89453117964079,111.84679993275176
37.13348327544678,157.31934369598522,63.985490663550905,112.98024037326729
37.717126374488956,150.47581203674636,64.09221963315326,113.49752391565777
39.26902799303825,141.94755917424249,65.0460045929658,114.52929439655162
41.052676463619015,135.56321496391155,65.71913788561373,114.79382302208748
43.64168989149706,127.57386250691992,65.94159176939503,116.69479477181827
46.099993552099114,116.99558143897288,66.08019134138989,119.76313685148213
48.79584741778394,111.57316568018379,66.79114635886758,121.9006892882582
51.05488895958002,106.86126765712845,68.4998601271276,122.91394777721803
53.055227366964615,102.41905008892026,70.52274906712239,123.33166528555594
60.699704099987656,96.5085819555996,69.9827183685255,124.44472261166163
66.7618353607383,91.53293081726842,69.79905075221284,125.71159209759392
73.43560210090037,86.39275874312742,69.08118099646441,127.5172079773357
82.58109285665341,81.39645381993252,69.36527180559256,129.08018083557747
88.02054617975548,79.04294270184313,70.37931553230327,129.2878999423451
94.70972907189844,74.10939646197991,70.2167666477118,131.25578583467887
104.55907415133213,69.56318199604138,68.56853736352363,133.43611605482317
114.06599830140007,63.29320998003064,68.11219669738625,135.11077500877553
123.16800919671815,57.02315089977647,67.7386072323467,134.97872435457649
132.32071817888337,53.500768230715664,68.59271751785714,134.7400361232954
141.38452328119013,50.62502532521232,68.9181006138588,135.23797606912493
150.47506187208302,47.232906195540906,69.209632644663,136.94662508060946
159.89049410178075,46.04135395211611,69.4115213389472,138.1826750760017
170.23193899913616,45.50681438082596,69.72266447840276,138.38995687902084
179.03691772157458,44.50555245112568,69.65218248061794,139.27602784118955
188.66637613484355,42.567647847040135,69.67505222791738,139.9173998332817
196.85865078741114,42.36936095141513,70.47653485616433,140.78321675370418
206.23755467506348,41.0868267136494,71.07769062425797,140.9822856278464
217.47647956148805,40.0581571499995,69.71832703182133,140.76348430333564
223.32081717736588,41.17042373860865,69.46743479664235,140.5166276037737
231.2907593646784,41.648788321593045,68.57920663219345,140.08760630279102
236.89625379076227,39.19097873567715,69.07166277505257,135.97273417511852
243.50394536171947,43.11176331516879,69.08622953149546,133.99415581722369
249.2299317484022,44.2701091848473,68.81212837458185,132.70342385888176
255.07786277737543,46.89510898232767,68.4159069240946,133.3832110111092
259.2901174776197,48.34909349228465,68.09738277000199,133.844447240124
263.69250955600194,49.64996719531486,68.51364782440459,133.68793946902062
268.20687711684394,52.58028618055796,68.135040471395,135.01004145924657
272.171854895775,53.309438573443174,67.08072501980756,136.2177233306495
276.47327943858454,54.97308434294092,66.24151956861186,137.33480549927913
280.8852165726618,57.27212160903231,65.54292586531388,137.55654814756707
284.7472519525918,61.64050600094308,64.9394748727916,136.94171086327106
289.44708066584246,66.84239016487703,64.78117759507174,136.1392948476048
291.81933077003634,70.80242082239833,65.07881367321238,135.39089198376914
294.60468164883264,76.45059801583454,66.03767813677393,134.56954242518566
296.94328518931275,82.36494809872526,66.58767432223178,132.80564557115608
302.62413747951854,87.18643255627262,66.48354528438087,131.9994797167089
305.8938977421095,92.70168152304805,67.31912929337247,131.59668797342238
310.8126673041935,96.87161230261945,68.0505054447951,130.77950591169835
316.59379689003765,101.74541876606978,67.92945616136339,130.41276785799306
320.4343242835166,107.40116484880292,68.23866954782778,131.10385846253553
324.56763458103524,113.08340505949191,68.3346284844722,130.1029275689706
330.41540847953877,118.08815771809562,68.22838729939923,128.919432867749
335.05830039979423,123.20789814065446,67.52002154896621,129.26627401826852
340.6987481730015,130.12037536352184,66.85095783256128,129.91439995017413
344.69603500074976,133.62804539714335,66.8057666456396,130.3020374890018
349.4560659825029,141.3439855147652,66.24681741276532,128.66980392721035
353.48738682492535,148.81176874983896,65.7156734634246,127.50147572251666
356.89275083154035,155.52776631405715,65.39708114824077,126.320766709813
360.2045112208413,162.76654623780468,65.30423970830381,125.01523892718924
362.09894078552765,168.2988863308792,65.524149424499,124.2121682386402
365.2395061578514,174.2749733676647,65.37209749447858,123.78529236039749
366.32401183909354,181.67973521323657,65.3248404545642,123.6249046255428
367.1004606956937,187.31440524811626,65.28042283260137,122.61476788370507
367.0380402174743,190.5493434460323,65.10844202622327,121.28832394455767
368.0240820250405,194.40227634798566,64.81385719056182,120.44178922232294
367.8146385999054,200.40088864149158,64.81304961359064,118.72350216185188
367.9482628025837,202.84709474793453,64.3349759660423,117.39779182317628
367.4921748726582,203.93911062806254,63.773564259066006,116.5386498886665
366.7671693814955,204.86680919311695,63.53647942662333,115.80798330173644
366.7159139838325,205.47568651555866,63.17829583363444,115.15434118897656
365.7422525147766,205.30922214551367,62.88663357378207,113.68009774435176
366.0374375221065,205.46493272176934,62.849503543923966,112.85972509180331
366.0159880304577,203.67103903650985,62.851312687019856,112.51481955493037
365.7218054225308,201.63583252064788,62.594487005162335,112.55729475781648
365.0741660903991,199.8400641960512,62.35463326390604,112.9814462613266
366.0838729020942,197.20334677223613,62.42516545562573,113.06718422667613
366.608630846394,194.21010013560638,62.3840579590357,113.18960373589465
367.14906580253376,192.0005829809621,62.754808799405566,112.80373883543496
367.90131909828153,189.02350415918247,63.12647934117152,112.96861267832367
369.31919685308475,183.74119991325603,63.36777235042378,114.11277380131462
370.35976709811473,180.461432503287,63.86816686590787,114.6222315039201
371.53689601402294,175.6256621642446,64.45138863364056,115.27854802104737
371.19135572608064,171.01628380474642,65.26919604197427,116.51389106925515
371.5577759864793,166.7810055699136,65.83890882220928,117.25209990067836
370.8572547126456,159.5878085083025,66.60165000827861,118.78103391230744
370.203275979899,153.91298020564233,67.35631175174974,120.45118117526708
369.0549579500683,149.2881915586163,68.24143314369819,122.1099994954545
367.22810237481974,142.49485819012594,68.77156291308796,124.03101258959998
364.2100731224914,135.91953441687969,69.09194586512892,126.24998692124848
361.8310143936769,131.89356364221274,69.38083707904443,128.00385077436454
357.9299438800098,129.10896633067813,69.73097440815175,129.44586497661479
353.60612943509216,124.753229225953,70.07725962704225,131.12587548118088
348.6899764319894,121.8008070696533,70.56860787629624,132.63284837136086
343.31977844373597,119.26467735949018,71.45182554116741,133.82584233468236
337.80885671306083,118.17294537058171,72.29100430613435,135.05304221290282
331.1452379956298,116.46348376990551,73.29336011482158,134.4893841675094
323.2439422023885,114.68391955488205,73.76906893334775,135.08807300332305
317.21322010612374,114.55996680416276,73.81093829330848,136.50867095783653
308.8542706222038,113.75424921837879,73.96570855324742,138.1183757666921
301.12342513500835,113.21127215322429,74.79200938982572,139.2351667246561
293.61230397366876,113.13950255123305,75.19226030734906,141.0431755345058
287.8300202217589,113.43997175970522,75.26170439079463,143.17233743550568
280.8437937827032,113.52265892205367,75.32245307049898,144.45492111570388
273.1771166807005,113.68910352504423,75.65134434542945,146.52767612650996
266.1443525998727,113.38530471144814,75.89292551333853,148.42624799682343
260.31287187812086,113.12018202699132,75.91290973709789,150.5453999182121
254.56936746873626,112.45104408542494,76.22895184218027,152.00159564994868
249.6749995327067,115.11493131334083,76.19667807697475,154.7568226337628
244.57642946598503,117.2687713250184,76.34253894125719,157.32120501226802
240.5345283568263,119.59068487084953,76.69999530372382,158.2979599800989
235.9412899380804,120.20659588026142,77.03923330793077,158.03177586684066
232.79817998821034,123.35485157448012,77.30492047843315,158.81028079556015
229.60704521637894,124.79893258557149,77.70663735204008,158.9049867165728
226.6282017029332,125.65182263253209,78.47555294151434,157.95870160409538
224.85973577469366,128.38122642749636,79.37173617202554,157.9822631939121
222.35932602998437,129.4556725644991,80.52728867811975,158.18709930747616
220.82200296883292,132.61911403928247,80.69124185954239,157.38844518228743
220.61479626550113,136.84803838214242,80.85242429945279,156.53670066205214
221.33109431595258,141.00896587274266,80.77875638572964,156.80513131825768
222.17746925245623,144.69447202544808,80.8219149539097,157.1319228403479
224.5412187822158,146.35503057949677,80.21801455288454,155.8029710938158
228.27479639020527,149.81621356280036,79.19993536895859,154.22434420188875
231.39101744478728,152.0996344583279,78.61192232366906,152.25055516355428
235.97360178251773,153.22057281544397,78.50604570402038,151.24817994459747
239.45130454406882,155.36423462903525,78.22879599450474,149.60317505468834
245.15433737955308,154.97873011976316,77.9952074824983,148.48824502626658
249.67924419946826,154.96310202660405,77.67412010554652,147.2969459009521
256.46261727961974,154.04402840769322,77.43757720643916,146.32037120647806
263.51370193013787,153.31217369603857,75.70854670673869,146.01967464207206
268.4636868071419,152.17754414086454,75.11089988841655,145.1465094091297
273.97163725305165,153.1967102624301,75.01676425366593,143.64387623723786
281.0834782372128,154.26621922487928,73.58997329856608,141.5631787271222
286.3860616644315,155.69837394551104,72.0901803880078,139.80259216514867
291.221975413235,159.17483128129635,71.05939786403276,136.92574677846542
296.8001191702802,160.7501694647044,70.61676045868408,134.13290731161354
300.8890008233371,162.08615530785215,69.97909475189707,131.89945659397952
305.5460059323934,163.0391004435333,69.15856379185499,129.70677889381784
310.12084426406926,165.25636282500827,68.01827431616684,127.6763561115651
313.29980119309005,166.48793780950945,67.30544689275891,125.59158917543698
316.5110549076193,168.78318236989435,67.00825503619998,123.68120984671177
319.09749614781595,170.63866985683825,66.22243608916948,122.2729019480881
320.7595143327401,174.0235735769498,66.01510791803,120.40609937844212
323.1876086588492,175.01212815300988,65.6295592835749,119.06798625502597
324.67515603717084,176.08563094661142,65.3959721041331,117.4051401989608
326.3155802185219,177.6468068083887,65.49749031432081,116.03265294353994
327.19493740207133,176.8994506783345,65.26351674855594,115.15687026637323
328.2360579063035,177.92616809635447,65.70699505329048,114.18227020142011
330.02264587017976,176.42837620027052,65.7943584947148,113.55655453734991
332.6968820924899,177.12301761254824,66.67876682987345,112.73576207202272
335.5835659029847,176.26448369213122,67.80176032986347,112.47574055030799
338.2425759980739,173.89436571962966,67.69311928446402,113.10541153484094
339.6208978296904,174.08904483950153,67.45499795821733,113.24774388818255
343.08677051658117,172.85787166358216,67.11248123349793,113.77609148261018
347.2039877154831,171.44157873866274,66.723866015836,114.21119642314427
350.84735745379413,170.5470392035717,66.61213042123302,114.18064515924965
354.84513513461775,169.6290589803196,66.94608641294016,114.80731254857594
358.7032462787637,167.71878807986099,67.19256809159499,115.3658180953374
363.3057260531436,168.29740015899023,67.5192537597568,116.89209475089174
367.24269960528466,168.15785334885834,67.90949736277875,117.4041050958491
371.2073962110493,167.56633387644445,68.25416608253593,117.83254391726567
374.6150153531751,167.21569263718635,68.91016342378677,118.4939241727478
378.9897667185726,167.69693078971596,69.3338804522063,118.6773875462711
383.27559619773194,165.68742381292475,69.1612628097756,118.36627442317287
387.3409840558572,165.23713483073652,68.94406989484825,118.16080878511437
391.5246921196931,164.46506891585437,68.72615092447063,118.10048841000898
395.8466696613892,163.43961379818617,68.37668290795074,117.87608546303348
399.8190434030681,161.9157370185913,68.1699110352595,117.43854021712116
403.95462951173886,158.3986639004303,68.12470573010219,117.825224287916
407.05728659777697,155.60229767342287,67.46384931963624,118.40341297235781
410.8279008057109,154.23478863391165,67.27932123987044,119.17221421473741
414.978161414992,151.02196670146196,66.58507882873408,119.76853771572084
417.8963440541693,149.06003075473996,65.99645165092518,120.81002696029401
421.84666838786796,147.476444166924,65.21437985477635,120.61074047512253
425.58056524168296,144.59125902984965,64.97025014019692,120.23706635637299
427.7962480833849,141.37412826554606,64.37511780047942,119.318105641161
431.09875725567133,141.16509411275706,64.56026657039423,117.59296500234274
433.8143239028588,141.38398635448402,64.59086203384517,116.65175586713441
435.9937997284344,141.0256744939831,64.27947380063917,116.526705433116
439.147908039282,140.66629229788361,64.6637808368673,116.38234292267671
441.41667406892054,141.9959234525294,64.44070241768617,116.13357531400345
443.84603563118844,142.90596572267623,63.566077052805596,116.80839252011754
447.371173229017,143.32385757158892,62.442823419125645,116.43397127321633
448.7424062473008,144.6100097094007,61.78769014380336,115.6072947402223
451.17489507778475,146.43895761487954,61.08216056020361,114.95245622367216
451.76165907027644,147.4021286733626,61.175265454487274,113.76409172182727
454.3504583855758,147.50289610669452,61.16672061350393,112.40169721824003
455.4685531374633,145.97968789056313,60.79715181436714,111.0416765237529
457.2771016184771,143.21260166237056,60.62671363822933,111.26337867119476
458.0632202403476,139.80046158113365,59.963566514759556,111.34312348274257
458.79367186906546,137.1094353237874,59.66384545438977,110.82114023514276
459.7336749990418,133.11095597993852,59.70703147313474,110.53763449221955
459.7497295577462,127.71692900478163,59.48634894897488,109.91871269502316
458.2948912798505,123.79021304525322,59.91322129538422,110.17495629769283
457.1670084213495,118.58791885459537,60.111153037528865,111.06438749380968
454.33689110945977,113.56301314199828,60.767576403825444,110.72708187695422
450.8819377717461,105.4858822677969,61.589364102974244,112.88080301307045
447.3049916006875,96.18589617117686,62.05301553410731,114.47967058850645
442.3426227200456,89.9485170726652,62.57052227243372,117.20263516039323
435.93861644477016,82.80265246022942,63.16055250177682,119.94676471810399
428.8789236597464,79.96013164057914,63.8393350062784,121.25092097296567
420.9725055568862,73.49817161464597,64.33729391938905,122.73961987144922
410.9282474368232,68.68608140421215,65.84420899767237,123.96799771040955
396.3328612092802,62.23530763771663,67.4443820412314,126.42857233455854
383.6611851217294,56.0784054459877,67.1069012563838,130.4501765402055
367.86123926685184,50.60631662224961,68.2015371701879,131.05898445085742
351.74206185055766,47.54179388199134,68.46083993851293,130.15846387352525
336.71621670559614,42.82322396469502,70.24385534011074,127.84633194013333
321.13536780048906,39.852231594140875,71.19270455674665,126.01311198528217
301.33873512191184,39.67335260497488,72.87963783354498,125.5374033935619
285.5519642216231,37.589261365343035,72.4635386603533,125.19345315048409
268.77827032999437,32.45551484196898,72.19736866013082,125.77910212569785
251.62536782826382,28.74924427892654,71.72380821544509,126.28333589800667
232.3251047728554,28.603424611885252,72.29923540814116,127.59752773085309
215.77757301491314,29.237294061836835,71.48779550297807,130.56027122376446
197.4595181204234,23.714615768638737,71.83861934082762,130.8263825975796
183.46422651822698,21.2400739545169,72.71311462192058,132.3398525078762
168.40909342459693,18.455105708284833,72.90823400118637,133.70093829476033
153.67171237144615,16.446212760225905,73.33303917199696,136.09007478584823
141.20384596050854,13.627430081701874,74.38773135172144,136.57029114106143
129.264436139222,11.79544763798522,75.21228279082759,135.8703276943634
117.19378216041812,10.589827030324713,76.24624645331927,134.6126383453144
106.5205144366725,12.141523735202554,77.74745610916268,133.54924277674618
94.45850811732979,16.0817165364096,78.82719647267218,135.02291022097478
85.11662908488569,19.441490242836636,79.64566817008894,136.8578999593939
74.69979379095436,21.138144253538584,80.06074656135587,138.13314117878667
67.77804297620014,23.362300637429584,80.05701745368883,137.7090581023148
60.563233832759124,31.489671582102318,79.43019727908475,139.49948505474416
53.93518775812997,35.90042563490556,78.78270837680199,139.20993023363536
47.76551631917657,39.63264766168848,78.46791028839914,138.929870603237
44.019249493632316,47.274260652836304,78.26889753057392,138.03224929434396
37.2046972540674,53.14166179263519,77.28321601998752,136.36884791907906
34.381359564872106,61.16689185920336,76.14530480756956,135.64681293162806
31.882593011581775,68.06063731386587,75.59004697179353,133.9634901569126
27.215725547791905,75.13881666273645,75.08212497754121,132.756667738545
24.673648898858794,82.86410774613304,75.5580550857225,131.67605192239188
22.048363847614134,90.27137137592317,75.21268319861139,130.46730993753408
19.251420640417635,96.890490434495,74.56874796712205,128.5717433761326
16.906940001148968,103.36751375725814,73.60416592928192,126.9905327169272
14.933151862668083,109.79990204776716,72.32787000123153,125.49178296207626
13.630651512279577,114.6478497433221,70.92303126812726,124.46540328415239
12.527754641651988,121.33585633469998,69.92461655448645,122.30420689648273
11.16134410776474,127.86201056348573,68.93269737199812,119.81261755330232
8.600475180841201,133.50195393798225,68.78746213804408,117.35055974909648
9.315240112928393,136.99189943356686,68.02294765058429,115.7011243894745
8.190027997247867,139.6312901532766,67.35271223224854,114.5527907976211
10.073743594942137,142.7168689551185,66.07620780380569,113.9573765416234
8.676793115642354,145.8200853075386,65.96972324986352,113.06893452836916
10.874174333600976,149.65664816106982,64.59352579174444,111.97005886168961
12.384449748713294,152.62123099216666,63.553793246856856,111.32583617844173
14.14650763007355,156.4880855125835,62.31418759495122,110.7541624070088
16.45157590489636,161.2710074223853,61.08568258407358,110.69624311671885
18.060388534812837,164.61438666838572,60.365373723263005,110.09048477532578
19.709393347181724,169.38558509181593,60.10629332227184,109.89207875224423
20.7827593284767,174.18926471076517,60.56524997547014,109.23331195269509
22.28004959059218,178.50713122551198,61.01161714734652,108.51617375192131
24.322471502531023,182.85324900152065,60.88022697485253,108.17466674329272
27.2797296290739,187.90006308961884,60.703165143137326,108.84425238677936
28.558048294607488,192.25125937504052,60.35317785386839,109.55689360886942
31.9660258170439,194.86682450257086,60.14791169937274,109.4509260235923
34.26047514815387,198.37895298646913,60.12006764389157,109.10883268322365
35.9022412559421,202.93883046361597,60.31375344951144,108.77343262969106
37.315875506845934,204.87471258945686,60.6028987045904,107.57013213567312
39.300435719378505,208.177687807253,60.96420991252039,106.30522111410484
40.44308808885924,210.63899985283166,61.327188101719685,106.69989587412775
41.45414907663636,212.8437808815678,61.39481364491799,107.05565917347191
43.94716341373437,215.202755561794,61.66374574739089,106.16123444263522
45.56850972332687,216.38891273636344,61.298820733266496,105.2404924128412
47.281466423322314,218.63432912169242,61.15100661056428,104.433976228187
48.82028506597071,221.41120187280524,60.49555361662738,103.23363822924739
49.550450158752184,223.13660753443577,60.116990253435866,102.14083932003848
50.81410472912937,227.71149586397775,59.95178566823091,100.98673309560024
52.09613355941579,228.7379326869962,60.38081335634636,98.81657239582695
53.79970467099398,230.86208254914052,60.757692939043906,96.54386474596714
53.91658782609366,232.23265471999827,60.60669941230086,95.5001328100947
55.539241652774294,234.5247327310925,60.62231683504365,94.210628068127
55.910860349842956,233.72849409942734,60.62548430335433,93.37468777969309
57.28783251553293,236.78813456590288,60.11705814567695,93.43165062818143
57.256174459530044,236.7530917313986,60.104642817800595,92.80178385050209
59.04590236341602,237.26317328393347,59.950143918749774,92.44007196420938
58.44117425548177,238.72591638116614,59.33251024724427,93.23996546427747
59.88551496644689,239.95910957611858,59.425226646056934,93.06479305066179
61.32752796887142,239.99559974576545,58.9052171003886,93.652528750775
62.52829330936102,241.29746378791057,58.455288247115305,94.11040386123996
63.83450879108209,242.09416239600188,58.791774673586424,94.26871655086484
64.55860983818661,243.69850006221643,59.01387857078764,94.66546894744891
63.88186850616549,244.3952352923402,59.3292170307701,95.58299740002869
64.54098024348788,247.22496470787928,59.3949366681733,97.24314135170505
64.94861465977036,245.58869073536977,59.607262928018585,98.52391479171717
65.39071993491899,247.65864441594874,59.426332099036614,99.8481745060859
65.6571096345507,248.20072491532318,59.22828745511674,100.80234211981505
66.2686302400795,248.47136626375482,58.86263912303619,101.47919706654419
65.7196717790992,251.46162568102008,58.77546863187489,101.63919583082946
65.95853683356364,252.7685183935565,58.39854487834767,102.60453383462603
65.93539142793384,252.4588065848986,57.917947928133366,103.57359365857798
66.6326833214263,255.79744589580133,57.28284559158388,103.06935936755463
66.9516377156198,258.46609361226626,56.95776719716005,102.38932868915091
68.06354298053346,259.083527864219,56.11829330992743,101.41599910729121
68.44496776942813,262.8670439412979,55.621235904769115,99.58588780548388
68.55496856588897,265.44357518916047,55.33521040479105,96.95395880357495
69.3629807131286,267.1442968234188,54.76016465475067,94.63352674870823
69.62471254094339,270.0722796419977,54.23723688661561,93.11900139403102
70.55469997045154,271.5763962360046,53.24536247153601,91.96902350736396
72.47191427606387,272.0736389247176,52.5612529621522,91.06770867628771
72.78493615896066,273.7528941129804,51.61858884394664,90.72211292265797
72.44850168540671,273.47989968476554,50.88149778356912,91.54727456780813
72.87276202510998,272.56767406166284,50.49645226721521,91.80784594021804
74.15414328746996,275.0870945388081,50.15623607741561,90.87760317599816
74.67887477073944,277.6892421472561,50.0127206644144,90.46882600119505
75.35723730608089,280.1610565785186,50.11371764308441,90.03641509631197
76.7926830760237,281.55332126845235,49.73208179761958,89.62892403503446
77.4223826288369,281.95378127507115,49.66174460659735,89.37778050379373
78.36128462144757,283.09787823595633,48.26615013302502,89.90551801054173
79.56429310888612,282.48132223798353,47.66610607547044,89.23275822774697
81.14628925709385,283.12370739025016,47.58694956250987,87.71892836346149
82.97625071701384,284.1270360699881,47.232415642365474,87.85571574044216
85.94443106051952,285.9585670518053,48.361375239616635,85.85720629216847
85.4874892908766,284.72819884723464,50.24237227530037,83.33781697505049
88.06031704027305,284.0001330323855,53.56266130436849,80.34533354624892
91.01412851100756,281.1819154871079,57.54700675301591,76.82743831584902
90.9564714319996,280.23715465774524,60.151271688318275,74.64382748178681
90.07473079176964,273.64419424786104,62.260508957462505,73.01311567685396
88.7792415513724,268.90632634402033,61.603819025687514,75.83650221497183
88.53113098410537,268.7044875445736,62.18367231709396,77.29241214995974
87.27309053813808,272.31254344591184,62.185484031829894,79.7873435320994
87.52513660507067,266.2008976235566,63.08984155323845,81.87155505799385
87.38556866449903,263.58748778102665,63.262286725198756,84.07821449570382
85.29158057731757,253.8424639465054,63.04801689358611,85.85506025607174
88.21849503219687,251.6794192199487,65.32625995145064,86.9545711135508
84.68405153522471,250.6088905591664,66.1932075196279,87.5213643519428
88.77385692691145,249.11129130005867,68.26603925621501,89.85668457088869
86.87405893820441,250.01765164621077,70.5904757251962,90.46498163612215
83.28769521497792,248.67417555527277,71.24294411347103,91.36731729242584
83.40688510771301,251.424887973546,70.55632374819812,94.1650523488512
81.35461809461121,247.6816285178305,69.2638291272905,95.86167611791741
84.4302900193147,252.56747417892018,71.98572456826844,95.15259483142674
81.78268849857022,251.24145155963345,71.15688200699445,95.76587245921996
80.27376415260835,248.67075188633538,70.27753233286907,96.55096360538815
82.4274087715707,257.03448136608,71.2999900915973,96.50076109943632
73.93199238009892,255.58896352647773,72.94576565689559,94.84847750620662
74.05802244430106,262.293032842587,74.05490226786975,95.0504454314517
78.29653525747081,260.4100138815339,75.64119563568786,94.12931202193371
64.50812800336637,258.45475369725796,77.74389839971928,92.09428908512108
70.65882280855982,263.1483153588455,80.81657032739088,90.37272468052694
71.92645940856775,264.93736943643245,82.18707297948178,87.99015650952256
72.04130287961058,269.74445112558254,83.16663275650308,85.5940133383098
74.30698993300909,271.3655799050097,83.63990207329377,83.42481787438737
71.5308592852833,276.70361561726884,82.78822973204956,82.32097030379492
72.6889187790855,275.6502523451046,80.2251610054999,83.43558819301512
69.30704437911423,277.45993999961445,76.53804943314242,85.26269199279277
63.9506985176581,275.9483406276356,69.91783201455817,88.16606224785019
64.24718177251567,272.2748512276075,63.522421805761745,90.80705116627163
65.11220417513081,265.5379730128796,58.74769360599372,93.10075817117297
65.00320861505318,263.31129794592914,56.41522176401004,94.1359197392485
64.06077551435322,256.5051091682368,54.574140182239674,96.6826786933995
65.81512786690786,251.57930999276496,55.176995734343684,97.25304733972364
65.38519965522644,244.80799510954944,56.12360137983759,96.82610477407897
63.62928110491184,237.68327536192606,56.53726072356804,95.6975271876879
63.54203504158166,232.92948026568325,57.21100005060087,96.4259849405214
62.6635991936971,225.42356406999835,57.99686987381584,97.74489008612218
62.7586545159742,213.37399054890912,58.83497830924591,100.53178981575769
61.39504583690717,206.99887736023106,59.62799739041978,101.9415117656803
60.10166288987717,199.00639081823948,60.75148395172816,103.35684430938093
60.47136088499277,189.18226580559298,61.091979162226025,105.3395895485152
60.226170953845,179.98165755740138,61.49327036450839,106.49196215309061
61.11964781183612,171.80703073201283,61.73424880047864,106.94668880677145
61.857789547190805,165.75598626695512,61.73120547351317,108.85844247150871
62.229898706508195,159.42846184439497,62.441683895163095,111.51381985901313
63.96119665278262,152.68326872742674,62.74687951932751,113.18488247311267
66.07160552486238,144.57106238153438,63.463612720736016,113.58048596218026
69.10837272855728,138.5440270646836,64.26348146371498,113.6637791150502
71.91148433657634,134.3148103018184,65.16167497775406,113.27495893929003
75.83428898703141,129.9602083645795,65.34320884343256,113.02457659374701
80.32471640260705,125.91888260011334,65.723709797238,112.60391812504672
86.1053882787002,120.93756331462956,66.08473571460746,113.15757486446864
91.39442206286246,114.88379925883963,66.3321500288736,115.33466445787283
97.92988023893636,109.59241715517037,65.92073063048758,118.21029008168958
107.75606465027937,106.52205517553647,64.13922295663104,121.12401550726375
116.5793084575977,103.35712716542548,63.58378323569518,121.50354950533203
128.17803739791745,101.6700151637132,64.14606988244378,121.36023878159018
137.29006146182923,98.90415494589789,65.09367902280033,120.80069946518041
148.64806208709308,98.28387618223549,64.89047058026907,119.75503061319577
160.2156583650827,100.04543342879917,62.799456866767706,120.08644194019539
174.44923221685772,102.96300891603562,61.71868114670805,119.11184413105074
187.23569266360374,101.84421119635962,61.1097271041306,118.11088692819891
196.13824842648944,104.77585689449211,63.65127671557411,115.74462721722882
211.74641685140583,105.31497216291577,63.74290981164512,114.42983119128158
224.99379829515811,107.62172081378472,62.97318819048112,113.83666664600592
237.80749000036417,108.58450850197895,62.431818859976815,116.20091474755247
248.532088807939,112.05940927708531,61.95870551461887,116.99414864535606
258.56561808516574,114.90159901147652,61.74236082327673,120.03665556492116
268.1010796978083,117.11215891210641,62.06243570258515,121.8019848196943
274.5778986142812,120.59592266675101,63.03358541580897,122.71969890566598
284.82733598682336,126.3625366156511,62.44753241097284,123.91389778142212
289.57832581325795,132.3534719907298,63.221947335954525,125.99192201378185
294.1734118067577,136.9361485749978,64.43310150181911,127.4129841227279
296.77677744726185,142.84334145287718,65.92767812199654,127.16986254536518
300.7365846570526,148.8586100171696,66.31039014645177,127.91602726807798
303.2861258981364,155.57516432901002,66.26525078743546,127.45210375351704
304.61673480259026,161.25692637029567,65.98426357255323,125.85803651244574
304.8710004359724,165.33271438989016,65.46770975425284,125.66921995269315
303.21714181397374,169.31088113961647,65.2455984626907,124.49823429142089
301.7593868125466,172.68758072609904,65.57567098443708,123.39937958226645
298.1792574117745,176.41197429696257,65.64320444125983,122.01663194757325
295.3325028873442,178.89586466225686,65.44621058635497,120.94011856704573
292.38777755142127,180.83920637477365,64.74466549494021,119.795974881597
290.1429288588006,182.82590016633063,64.23092152278761,118.34906034025931
287.3640906949083,184.84377414424654,63.74283535013592,116.18888741553488
284.05409090008806,186.87959029151682,63.8275114168089,113.9395756700827
279.4616268221789,186.54661700364693,63.825285912844954,112.26415924053765
276.3404915123937,186.94567986371845,63.86102416607706,112.10942108713343
274.02773992640687,187.3891734917739,63.907508465037495,111.53723128342637
272.12752202842927,188.3508826283296,63.28602020381993,111.10035738914948
269.5629826932928,188.98107039099472,63.046524937957216,111.05409507878274
268.33829606039063,190.3082938623545,62.173342190560746,110.6922470058814
267.64620989164854,191.90490647799635,61.157105150721165,110.604346442199
266.9200756417705,192.95200198694346,60.112334494738604,110.84439137041934
265.11098533833103,195.5838334587165,59.49648723160491,109.63946751869213
264.07438592492315,196.52413026148446,58.99426126279258,107.59979739608713
261.57412994572326,200.16997278674035,59.26198993505698,104.97354225438707
261.95637597695696,202.1023738878518,58.83858793128027,102.93059828306664
259.7183599683715,205.18598384039348,59.082691246805496,100.47041848918317
259.0276320818435,206.81125913704295,58.79118371410321,98.67222606059184
258.2553532853557,208.4703632980679,58.61793173298281,96.85074745086149
257.0063160378807,211.82825156367113,58.71210987818215,95.32472875795544
256.4048078332097,212.2489263617236,58.757545482991574,93.44620282165579
255.60908240920057,213.8470484695679,58.49410473445168,91.69315319969274
254.70239746239852,214.77386362943528,58.186702539740345,89.42428934980471
252.98159224100363,217.22934202785532,57.95035616533936,88.35818825834536
252.61219210252193,218.9145054627163,57.46839946812733,87.25314602822979
251.89582800237335,219.8098444716622,56.92800085251173,85.97788819649895
251.2845970609799,220.80032051066684,56.30841247152406,85.10866984109997
250.01349948009363,222.8766459725718,55.87416431275338,84.43736142294085
249.01843813709735,222.49373614709708,55.738654856793815,83.0519842675401
247.76145825133275,224.48513909769372,55.40792122067393,82.37010816464047
247.5760991408919,223.3216628835931,55.17316308475839,81.75985508703937
246.38684746168968,223.33368671182637,54.885904179699565,81.27550354150549
246.38254852284584,223.03804169634492,54.44191113431798,80.62931401556182
245.36170754887905,220.97717149667218,53.919990528262446,80.14444760006444
244.74654990666585,216.9466358902847,53.36028791860177,81.5765123618611
244.8164751809707,211.92906646306008,53.03120565113218,84.81677514425513
244.67070235231796,207.00419148489954,52.58045430554856,87.61615749292409
244.17497685680075,197.22107264975244,52.372718886961266,92.72802053338013
244.14386729716796,188.4614086504531,52.2964448222676,97.46700605656144
245.05147760216872,178.6468544915632,51.688603499135105,101.55278007176742
245.21386673227119,168.32693978581955,51.657390678777105,105.1794614190739
244.86198399227234,159.22439663181632,51.76930297217193,109.24625898777143
246.31741226271058,148.44719447668245,52.926580635166204,109.69716714843669
247.08107448754077,138.1951734398184,54.0393260350431,110.0444554084984
248.14231794492875,130.29908613966293,55.93764935888563,110.45345577434834
249.23131336312684,124.74945171033882,57.05033687839955,110.61388846276574
251.37609023395356,116.30479702954051,58.96605034862627,109.88104770041099
253.8334046948955,115.53526101681919,60.19310074570596,111.09462652507187
258.4488992241669,112.6434008053638,61.04688892372617,112.1154927836199
261.81824514009116,111.31578860215872,61.56356880339759,113.91124461182588
265.30462177354275,108.61257429920553,62.37279774372047,115.62156326824174
269.7874856477884,107.50631488377296,63.51942552454534,118.43695420199143
272.7773330011028,105.17387139793227,64.53022542986477,119.77856594152613
276.714792290411,104.74787237044417,65.55872779506771,122.78073719187776
282.3198534730186,104.32277279378351,66.81708188026238,125.60059576703947
287.15330221333693,105.4295406340503,67.85593880125961,128.77782094939082
290.001217079279,108.14183605189038,68.77127414854435,132.81980123553586
292.38618797618534,110.89978458479449,70.34044910435107,136.69391309470316
294.24414275312836,114.47317071547238,72.10667924778917,141.73355427852817
294.00117480376144,119.11060535564583,74.00484053661762,146.3696681708008
293.1313631061479,122.71683821573771,75.62484244703604,150.49139037269873
292.46492088768093,130.34878827936146,76.99170316621483,154.87710122864758
288.6135026985974,134.41372335359668,78.70271147324537,159.23901150052944
282.1543250758619,146.1058132058083,81.28300817447837,162.26713498975215
274.92837416398015,153.045745609335,83.66891507821029,164.54378872760373
267.8916674786053,165.9620547040593,84.8227195207009,164.9606374597286
259.1589604391752,180.07419446646037,85.99524708557288,165.41782960710165
248.94650544639762,190.11763257232724,86.95142930383885,164.32081069561562
241.45028248253107,203.45173264235774,86.61477437986514,163.90147362191155
229.77685606537398,212.44143056817708,87.2478796639015,161.7341765387535
220.21443821885626,221.00846283538473,87.30375450854416,159.7499603793197
211.8852591975093,225.92701344675697,86.9917109972466,157.89994476764437
207.70256993587972,231.94380032629033,85.54508526480691,154.1019403491994
201.44810565474177,230.31229332923667,84.41649770249504,149.77661624177614
197.44583854403658,226.05460966387932,81.79934105733841,147.6062472196827
192.42337283509852,222.42117564570958,81.54883611287025,145.36837552031147
190.7625307825004,216.1793377927065,80.56615247167011,144.9257080559866
188.34693338556662,205.13757519419545,79.34761968295956,144.57961566765047
188.30330622483044,199.65318791448686,78.342655822388,143.74188934788455
189.52576996029208,191.39073289110635,79.2753929867397,141.9242736824204
189.5015495543877,181.83944971079165,80.34688316457017,139.6764490437951
192.04400435338502,173.32380381840892,80.75406516977161,139.11662407342163
196.50476032824253,164.5563731961926,81.09747329821181,140.7139307771086
200.4985141461009,157.8036531245677,81.31369933201594,140.51804287782778
204.77765567797456,153.10998149371866,80.29797060224104,140.95231386446773
210.42097763554125,148.01672865484232,80.03618820513961,142.60228874088622
216.16508822363392,142.91233950336166,79.64507934383532,145.0255727811561
223.70538965788077,138.10123007224823,79.47310909915878,146.53687067203668
230.70388347387393,136.7861273775962,80.4545770284104,148.9789898956781
240.45275219734685,136.36109345115557,80.52019203143574,151.26181510267557
251.06860235435448,136.47534187268488,80.28727879673701,154.2770907862029
260.6860048951861,136.25243847524195,79.92681866698928,156.7865675003439
269.19006933940267,136.63949087419655,80.76339191513993,158.93035368899893
279.87711782956035,139.14065457736345,81.54148089221201,159.56697103934363
292.7367613808269,142.90392186510036,82.24929062605119,159.25873519425
301.9632569886601,146.79768598138315,83.62559553179702,158.82873872981477
319.3247195882782,154.89337031559518,82.0287841545147,157.81838552470631
331.3927556078024,159.59453318575794,81.6622691938372,155.69791515722184
346.23546978770554,165.4223125327802,79.99946501426749,153.17483641467712
358.528059346889,167.2865150635625,80.58141470018535,150.74817319318052
369.32676808170874,168.89194726065165,81.03433236111461,147.83395445217508
382.6982222163301,170.33321406292868,80.93916853897879,145.34986615253302
393.4724451531707,170.33141502769547,80.98718473168088,142.61863275722223
403.0843346208611,169.0613780022962,80.89556924903343,140.76042007380784
412.44522515817886,168.85293548119756,80.20323127914837,139.78722107084457
420.4645486529474,164.98717168889357,79.31428562756521,138.4081719717252
426.7871684128538,161.99370159255662,78.92582631388618,138.16972319482272
429.3955912132861,157.2544981894634,77.92319272700148,138.55912214816405
430.37154977857017,153.66945900128223,76.49809383301711,139.45787799688844
429.74246417979026,148.5638950827862,76.03273983702631,138.8039334064458
426.74408571636434,145.66627898963222,76.1174858749228,138.16405868519558
420.9940272665263,142.14561878667556,76.78309793830383,137.56445828026426
412.1516897228345,137.71955297348484,77.0662243783361,137.9902536497751
401.7118861706913,133.55422503636532,77.25847949826894,138.06976273081483
390.43018602201136,130.06207757759773,77.48363763024751,139.20250458317005
373.9470759351692,126.52925947778056,78.16429956262525,139.39217230276535
357.02422624587643,124.61806760175124,79.36675832967292,139.14109157162866
335.1298600787659,120.5142828741946,79.82913802271062,139.88879131212104
314.7559479437708,118.71268135715316,81.38573052704731,140.6773497878398
290.4216929037519,115.27343870398248,82.38426867533887,142.6480701200995
261.83942934387846,110.53077911154072,84.95261170215471,139.43409405819077
235.77400846016866,117.3637862587513,85.4688378236959,144.6679503041567
200.43903071365983,115.89991904080799,88.75687691387657,144.44404011133372
172.1559040264853,119.93045531789821,89.92151513806084,145.3419658044425
136.8806069359154,116.70466965627952,91.02193060192167,146.87364699588494
105.00113122677212,123.58600861698535,97.52489139109377,147.25167067192146
76.3059160472003,125.334543269106,97.50464933950224,147.77515273348138
52.7905077599155,127.34721768721847,101.39694631722955,151.06666273568752
26.934001462647828,125.87044769850546,103.55385657807389,153.76864879839346
10.55622286685886,123.97929417276677,101.61186418101323,156.51660902035587
1.0,119.20778702546127,96.7087108330795,160.64119013139754
1.0,115.08687810661067,88.61539967374839,166.35576230642147
1.0,109.76754554299431,79.808070769586,169.82857642216956
1.0,100.95856285339445,72.35446583743662,171.9173618164595
1.0,93.52802414410391,67.95661587804433,171.23274923336464
1.0,86.54573383831824,66.7323904357522,167.89865300370636
1.0,77.28583044336813,67.65593344166413,163.07494359058632
3.5154639186117365,69.97312009576888,70.6721638842781,157.93637849933094
8.231121789306393,63.2697611580752,75.03480262953391,151.53800571882846
16.292858824023753,55.0859821619719,80.01077579234658,146.6072212693905
29.22142105228434,49.34077962682878,82.51731916603015,144.88714620800556
45.67878888723728,41.80900359217739,82.64084985443064,146.55853897552754
62.54133244673104,37.094072357265404,82.22942264357074,146.84249458799638
74.6277585649688,32.20401683264765,84.04360142314562,145.34065633633577
88.81980894303918,29.40567653384275,84.92585906880291,144.39799879528698
104.96704038777975,19.35191351827838,84.23617013646475,139.24173407979583
121.29465997047892,18.28046958738416,83.59215968783954,135.6294200612713
137.3436982070545,20.25331389105716,81.85895884086486,134.16531024430037
151.76408844171564,18.233019214691893,79.21982321719202,134.89668636892117
168.11342005188789,16.98710983714615,76.6285248233692,135.39753291283114
183.6219496768762,18.997392777712307,75.32523747362056,136.16691299526522
198.72279293014776,16.555429050140887,74.41577215779827,136.80973569141187
213.83689616195284,23.52848067456118,73.6208123024087,139.9041002235476
227.92226616818192,22.696860215889686,73.51302032301649,140.2015704343918
241.63861114218435,23.230250314859262,72.53652581426016,139.49345350581743
252.30670160486184,27.072346894412703,72.54832315779315,137.22439546672206
260.86613805691337,34.46384669774412,72.4304156202589,137.27362580296506
268.8162924121691,39.993872776386596,71.83793116115561,137.5402433019608
276.39161511374783,47.60239178014196,71.47080143841531,138.46041102105772
281.9918170801336,52.49697224222325,70.79965492020942,141.23425820563313
288.55712685350335,57.921691132797875,69.59241327039321,144.1760009859751
292.9793413870216,69.14617083078417,68.9585638483864,145.29824109064418
294.9352818109393,79.69439110787137,68.2193684633712,145.1991887107625
294.39276240583587,91.34511346178984,68.64604511233418,144.44693570646618
293.91631878329287,100.80155275590572,69.26651644823049,144.06171534859615
293.7871129713078,110.81417602489626,69.08837303953436,143.25275695687696
292.7450321307976,121.87184393534798,68.73390856748904,143.08852625615413
291.4721304950716,129.37383774358779,68.99207016457271,140.6755046463212
289.46521890105964,137.5965384770413,69.0888361548874,139.18426356137445
288.0475276837028,144.70076360727825,68.80054911795997,138.80489396019786
287.6727722638363,151.4228079239134,68.37248095877354,139.1875839756573
286.7406099562057,159.8992927179183,67.4839863766193,138.96326363045824
284.9511713084384,167.86451411144213,67.75989821493634,137.17092857917478
284.3727334805904,176.22921558878195,67.89619721509665,134.93250809467168
283.0675695835008,183.02557220795387,68.12639541224722,132.96441677492504
283.28835435856854,190.7852785988377,68.00926154493749,131.4611500725804
285.64624924434673,196.1617727216116,67.43882293674456,130.1367455804561
288.3033811696364,200.21901000746186,66.69914421327462,129.3145637594033
290.1136304645729,202.63164560741114,66.05481765800138,127.89233247483332
292.18234816412905,204.91747534890993,65.7584025496547,126.22076113671821
294.1121703535782,205.044193117727,66.4116480423612,125.31449322254628
295.3592517736359,203.66436178327382,67.43513151142956,124.878231940789
297.68464264160104,200.3548471050283,68.70850349323976,124.62909017675923
299.7921507104323,197.28746742763184,69.63406393914629,125.33859326421044
301.99605499459096,194.63475441289617,70.2617023959122,125.9369835253354
304.42578677222986,191.27546690107982,70.61596903135913,126.69085781538823
307.8031968357559,187.87962890990997,71.36931435019466,126.80209729565756
309.1288519976649,184.51327469596012,71.57875548791338,127.90701686417866
310.90546273068395,181.4149572295754,71.744671852912,129.95787157973015
312.21030664650533,178.9580462492102,72.09899419789585,132.51560989741543
312.9518805538503,176.77914805189067,72.6364985011234,135.53370058002554
313.4381944975872,175.90200191391972,73.34369209658314,137.73811479676908
312.0807507685364,175.45341487787067,74.869345498327,140.45169061407913
309.52502708108284,177.76742122106901,76.53201038568369,141.8642656775352
308.2918509449689,181.27303901923204,77.93373226181552,144.1158921207813
304.22949627529545,182.77067047531983,79.36286545783497,146.77743790805678
299.68353642440564,184.46734955410994,81.59905998055963,148.99243108216965
295.03973686941214,185.38922203965387,83.23683519802468,151.27791414239152
289.15162253496993,185.98722368583373,83.93043193482283,154.6562276911086
282.4137011366482,186.88053906270574,84.57395253074003,157.45992168700752
274.30577852025226,186.9077239178435,85.48991097326814,159.30507726336918
263.5139487457212,188.51123894221612,87.06406618557682,161.31190783435926
253.13609940776257,189.29711306101888,89.30894238613268,161.23494397309094
242.91594009520009,191.6579563949722,90.31156935230749,161.55416368596437
229.38487153966457,192.58574701982954,91.11189869239206,161.09917583624002
217.31566939113947,193.57946122173445,92.03649500207337,162.90256868868286
206.21191212864943,193.75764282604015,92.9976869909423,161.82490674794127
192.86536642806706,192.54687622595492,94.52547830703622,161.64824333946788
183.68715767769243,197.79811546054466,93.75554501096613,160.73456776489292
174.4965174078378,198.6118902548834,92.89542458902996,160.16058292215982
165.23955312240076,203.30322340611698,93.07461763826045,159.70598871819533
156.8320858647453,202.9786182705454,93.41843998633439,159.12156243388625
149.18939153863352,204.87409327281412,92.82762940904334,158.31855919550486
145.75095808271612,204.8527689898482,91.31467922148025,158.17918456023745
142.17274518518462,209.55231539185422,89.84164717686943,158.04933516878486
140.17259373578867,210.90928741321298,88.70068909478701,157.06075810517206
138.12322822984618,217.10329912105715,86.74556925304793,156.83552599832979
138.82113020812426,220.93469665850023,85.41663328950132,155.9507944820848
138.82527704815624,227.04670832950148,83.87102677382404,154.7735772111332
140.84992009954453,233.93685172341023,82.82993212038464,153.2882150386983
142.44461971049802,241.30784683721038,81.6082313292498,151.47281614843328
144.60407039562432,247.28835482913325,80.6886650722672,150.0153623946508
148.27840482792803,251.03183775295383,80.12208404350116,148.34881801677815
148.85069770064163,255.5613733032703,80.35770612049485,145.46430085913067
150.74299451393648,259.34517262206896,81.05202281109722,143.01960786443505
152.04004346250628,260.69442693909974,82.09433889795781,141.00390859706064
154.93448813288305,262.7025947274317,82.74515800273723,138.85377424338796
158.988507781093,266.14730282281175,83.54995950846529,136.15819603276077
163.5131535082917,268.08713436971703,83.0948363096926,134.37731738840225
165.34616651853128,268.08369407343645,82.45115202413551,133.34344830309226
169.94787900196715,268.7495465079437,81.84079417313019,132.5514521510306
173.93692941477227,266.00436746209067,81.21102576845237,132.76276450738047
176.1755372568985,266.4568642538835,81.06766145285398,132.06130965572646
180.3847583795618,265.1216740599476,80.92578875125466,132.53374147374768
184.54953363692138,265.0883986990174,80.5650265425042,132.8130119068643
189.93834660376655,263.91173973296344,79.99403101037237,133.80096932567082
195.26072722770738,263.4948292412925,79.43953145549372,134.99517500007696
200.195914305036,261.7598019875262,79.34034860435128,136.32067071521527
205.52655575149564,260.1429970705919,80.00526348650851,138.45545563025905
211.70625369542074,260.0976184714644,81.05677977733775,142.11666674377275
219.014921611453,255.0623680608095,82.33527609965682,144.16496159639743
226.2585840797537,254.23459168711878,84.0681513689824,147.3128288775949
234.14695542817262,253.90933429246152,84.73571126889071,148.21657258076272
244.98841216987512,250.75654650202665,85.52774540112239,150.60835308919593
258.80200570532503,248.79694514225287,84.93763867301959,151.63732533469135
270.52059634752464,245.22969627999126,84.561379026906,152.72438473545793
282.68445251100457,245.82017811709648,84.5112375019265,152.08455456746495
295.6492239052601,246.37445887177128,85.35191037210429,150.5476915529993
309.6811638953083,248.38887920800954,84.91015460977431,149.90844516572008
325.10798033808413,251.44556613732337,84.47211036594334,148.5324966300346
340.0557777644724,250.24891612504535,84.17915091381619,148.08566941397626
352.26586956415633,250.4257920319376,84.55326321725666,147.86390933448243
366.1571550379253,248.6930942273246,84.84097572677425,147.47661881555993
379.94592529223206,245.43731237286187,84.83719414195613,146.57852658010256
392.3228345553228,242.50667719753943,83.84561400811909,144.6425482041601
405.24720325065755,239.488991402322,82.9663781073591,142.51792673524693
416.1600789249854,237.33464432444276,82.32560183315368,141.46398591735843
428.95449239288195,235.62904208494098,81.6300473522059,139.48310023848418
439.22309259103025,230.9522662174479,80.78430908988443,139.3460127818381
449.778227051573,229.6239995766788,80.44384047454186,138.95917570854266
455.55253188494754,225.90610013737341,80.95457967365076,138.1771028976856
458.8897070900444,222.37156947094587,81.78480229830073,137.49104961136206
466.53135418340497,217.86478028116952,81.15850462736739,137.71452825389673
469.9015931704687,212.8573482168993,80.78643345283632,138.9477492433251
471.26353265670593,206.7481549588278,80.44885271013948,141.0667618831418
473.2562481557874,197.58394154193164,80.02502326216653,143.1592898634678
471.2216198369242,187.18037244372033,81.15702690367112,144.21147412078744
465.9433206214766,175.72974968865003,82.36070677159992,145.78816893305003
458.064907894607,163.20940085087923,83.83031965566715,146.6965445985859
452.18713451957484,147.36371419884472,82.62573767582967,150.72381118162932
440.56806609500654,131.86738915494527,83.31884710486973,152.81791192912291
429.1387737710091,115.01229542917245,84.34609298107664,154.82777031888688
414.4546202734329,96.67984258330226,85.83750239153449,159.38589499010718
395.44161840829526,81.78186932159336,87.78075976812258,165.9241340972617
374.8817140841306,59.883647342218495,90.6630885826321,169.2799073318219
350.9961862153587,49.785743273549286,93.14839125761509,174.86784733975873
330.6202415515554,30.509110051138705,93.11066488877097,178.12054172090654
308.3023471577521,20.58761480728475,95.08604262941552,175.47595981138994
286.9955181535263,15.5169748771186,96.50552414497398,174.5958499500072
263.7239129755919,8.249985279954103,96.40330446190112,175.385983659312
245.22263356553108,5.72804839393477,94.52150109370648,174.02313138116367
220.24545087646666,7.822648407748943,95.7616069188346,173.85778613737872
196.95635319756263,18.579357822737194,97.77421178257484,179.68255110032933
180.44267084352418,19.70224732855901,99.0455866406393,184.6155175469206
162.4199418768418,32.025578749851746,98.57928456842967,186.87274556055058
150.09739324387252,42.19804160223444,98.96076450102197,187.27014006842404
140.12206501616717,53.78480976376903,98.43595049298142,193.01161290301462
131.8491942607315,65.18631260552655,97.67750812091606,196.5493113821521
124.87552275689863,81.3721532365089,96.36736881227509,196.51781220174138
122.67684848889249,96.65818370965567,94.48843683483913,193.67790054377804
122.79018983619366,112.05681040516279,93.81710170213951,192.01836556802016
123.52732317544857,128.94394587183368,92.78246146737098,189.27432502921653
129.02231424125858,136.8495186491989,91.54536548707782,185.66741429832828
133.26185255647167,146.7937866385418,90.97937310243303,179.8480843899662
139.23746521826703,159.60301689959874,91.04425072755306,175.42228334326376
145.36538298823814,170.3825198254482,91.29970735470737,171.66849453262836
151.76325055621615,177.5398105056596,91.74712477532678,166.55941754917717
162.8184693188029,185.7133215373275,90.00974898309622,162.38390940010595
173.2043755869745,190.44836421998627,89.01811754931826,157.7761385370527
183.58531973130886,195.5713621000021,87.21191324310462,154.1694489406906
193.06023403792065,199.90367121726393,85.64232206239109,151.79753923962144
203.88074425153602,203.47669549181532,86.76316381825524,146.0907651499902
215.61355198276644,210.243374896589,86.91885080232629,142.2959582349106
228.66487435398201,211.96436157346523,86.6024143225198,138.87241754129514
244.91504303996197,211.65952609414563,84.15848145892198,138.29073493155465
256.63645619402666,209.87420867947978,81.81746861023889,140.36694769849674
268.75108981710184,208.8159061287447,80.66150721042366,139.91423185844008
280.42266310306945,208.2047052956814,79.75209052699424,138.56746915026366
292.2097037159465,208.4437814499625,79.09732590540725,138.92255526191832
302.37883031881864,207.55864671826646,78.7086627359341,138.05947152349043
312.4081106226337,205.61236830991953,78.00615333046801,137.89000196046155
322.25330960044465,205.28874358334042,77.5996212683334,138.62567229179024
328.4267315738332,202.97366987969184,77.890055049816,139.1120240066798
335.5687464694121,199.16263646836921,77.30960570899963,139.59751264491476
340.42187151794053,197.24191878530746,76.5723226464701,139.96005699674825
343.53341788794154,195.05056491063038,76.5354840972551,139.87187071139056
345.48080097417835,192.51754704950662,76.16229869329963,139.5158429342426
345.0947484505935,188.7369844417214,75.65082914101833,139.04339035486302
344.0067365637671,186.1864675339264,74.94362569037186,138.28488132842398
342.1032654876059,184.24987693211511,74.1323310166837,137.24621434526063
337.6001029733945,182.06323249935184,73.60622183216957,136.2793619726587
333.4717225272576,180.22374403140918,73.41145022099562,134.9742157553673
328.2843899901625,179.47826844561095,73.70215555597622,134.14883096283785
321.3514481274324,177.59294327814888,72.93416607678606,132.33741993912818
315.0768773604516,177.45979257463745,72.1819906307683,130.38520066232823
307.7743932846367,175.25205373256802,71.50223105543874,128.4897794016291
300.31326401519823,175.01516647378799,71.03454930090867,126.79808406186447
292.9171824283841,172.2028106176137,70.29413990285018,125.18674873749447
287.40411859110395,168.07820735491794,69.22531102260231,124.56655183308276
280.4478704183026,163.93976003417532,68.37142059354069,124.65300838041499
273.6128948026591,158.92640161708786,67.4405287451651,126.20441248382001
268.9799581964264,151.49355142642207,66.69295902618983,126.97408951230815
263.39243573590784,148.49301176473816,65.90538656041097,127.053003872158
258.75064472621114,144.17676580185332,64.46687157259902,128.72131390673022
253.9845427307908,136.89989125731566,63.973245504550974,130.57787416284032
247.91265777160783,131.4796069080333,64.21013619058932,130.98631609020086
242.2495218775895,127.61953656345626,64.57817860267478,130.46256581512174
235.71891881593632,121.88454189875745,65.51884528882852,129.64327421166308
230.15808864404892,117.1665558263434,65.93716090783974,129.19812027650346
224.16508587933345,113.55960179541061,66.28329786840573,130.08820265696133
217.08833802905434,107.67140183913259,67.09256530689733,130.999223302732
207.52610739996928,105.44495107217132,69.9336766872561,131.1841090078402
199.32198195654345,103.59085562831226,71.10296982367679,133.92614981118572
190.42727741036907,98.53893186163685,72.19506166076403,134.4247693221713
181.74857096074098,94.94744997435384,72.90880681905541,136.35975858061346
172.95516306509174,90.02158751326512,73.99068916099615,137.00653098118985
160.76475535285954,86.56656813428297,75.96557035879285,137.60809886627797
151.21180152598072,85.31365472832681,76.54554187326687,140.5930504622712
140.91666187690478,84.03290494433335,77.4810509899928,141.05432146819095
131.1859797359736,86.88419479687501,78.67852909937037,142.5734816389344
121.62404944777029,93.38022727253379,79.32844364078868,146.54915022165878
109.49168657185967,98.38213266564566,81.04982658893913,148.99964471338797
97.57640719292546,102.41786895337799,82.30226264924218,150.3486328200708
86.55750610252102,106.57171744039204,82.91509912229374,151.38235784119325
77.30116926428877,112.02095604478666,84.15056839815949,149.67962363820453
68.23723720578649,115.0566849327313,85.94137452674985,146.3808859907176
57.179136652093185,119.27854190466158,87.28245044029224,144.3547959285416
47.53230230886895,119.27310209516105,87.93376056411594,144.4934881887982
37.57074458095016,122.44410648590879,89.12329511654025,143.43404465471176
28.456011879034605,126.84247225921042,89.33699545803975,141.7226673525873
21.612828710200574,133.1245582181504,88.9514066691882,139.36695349753313
16.143845485841737,138.1725331010788,87.30997963306982,138.03977478189165
12.942159338598444,142.19320225245892,85.70526637131053,136.67332134861988
8.81105038872903,148.3536685994334,85.22938746616654,135.03596712642997
8.632266851108334,153.62326131607122,83.86847476328359,133.358110067297
6.462932650422104,160.05955077976307,82.76866314264774,131.73248487165523
8.03521008372121,167.8961669843759,81.26912750329154,131.78267126595685
9.65264071650926,175.75178973856316,79.0187994738983,131.98446734547204
11.067124814255827,183.1116676496738,78.18783157350245,130.05612874298222
15.852014121500126,189.8399354120516,76.7091614981051,127.85145593439952
18.76706020938471,195.32667236013606,76.38909399249162,124.32548817028325
22.44996447274999,199.83596065944175,76.61701443444377,120.945994141066
27.152951441189693,204.12552497741223,75.89425228477045,118.43314220718511
31.12477407719875,207.4528124543172,74.66452352941752,117.00731154464233
35.78849407459934,210.42221344094287,73.77038166838096,116.2206409391014
39.20206292971862,210.8591695837215,72.74284043584726,114.58810307538545
41.34819022588875,213.1752657699023,72.4156622805575,113.66176097153209
44.027967116097884,212.7841914488769,71.64689960609937,112.47577066088441
47.62515521950985,215.61462310828125,70.4686208914163,111.34223569627204
50.262156840878,215.6181165700822,69.48798670583339,110.31702081908549
52.360005241500374,216.3266293640857,68.93885993135643,108.82467440518374
53.52636207750569,215.62846327463595,67.949477734816,108.04193099984518
54.49392641995841,216.76834041104448,66.87658941304443,107.71627345610119
56.63144921324378,216.65978402915795,65.87525581369297,107.6927389296375
56.191319711082066,218.34821362370639,64.83188487202445,107.74032770551239
56.44860784435884,219.86323057594808,64.65183374858516,106.67479611785679
56.04869580525166,222.8386020960172,64.95190196910097,105.74297544322803
55.53199533754038,225.05976468999694,65.3386988541217,104.04556204008145
54.74958422580992,227.76626252661234,65.94573623889441,101.96074516259358
52.40475202429634,230.26275657332508,66.07683808968045,100.59145801849346
52.6073809050589,233.22885314505214,65.98688734246556,100.02184181918673
49.841527669337395,235.57093185970956,66.74531829434505,98.95163282562191
48.11079313803464,238.32749844922523,66.51782351987802,99.86845056795599
46.40170853777761,238.89318316797454,66.18853470011425,100.90263966502059
44.38049545552279,238.12964644215725,66.19165839611813,102.07583203641943
42.26513245830671,236.99535256949116,65.58547977251592,104.06409103543022
39.73396250112426,235.45185188150168,64.99091865529785,105.37993231084718
38.511395004183655,232.74789290448226,65.34262642864178,105.73257788792473
36.671199377685355,230.51669914967204,65.35037450371408,105.39124487735342
34.03488388962595,229.95673922002538,65.29590515665278,104.67159268618124
32.03274808616704,231.39051000456726,65.4322239235465,103.9146092881458
30.920485007146077,232.12853332199444,65.65042991172177,103.87801113329121
29.02822680103632,231.4965560480341,66.33582426359499,102.83175258957466
25.912124523358173,231.96471972924127,66.90589064400658,101.89943622567341
25.364935604954645,231.64068320114689,66.60923215360563,101.08561245567431
22.983652790818738,232.04404695480036,66.6169896026132,100.26196995843517
22.33577663440908,230.92868881633171,66.25112840707465,99.71920197716676
20.508050636519002,230.83893728730675,65.82841037610206,99.55465551151369
18.769664747570978,229.24040324731354,65.53669707945053,99.5443360204726
17.12294540782098,228.0639806158079,65.0630313657745,99.40159580007403
15.943886155546885,229.99666028175244,64.61266102327548,98.93552688620957
14.22077717840996,229.4158347825632,64.38657206616486,98.63281122055591
11.961565201687932,228.71456138376033,64.79966076748455,98.14863160680045
10.474330724697886,228.909772499076,65.10941846798083,97.91404448670659
7.699110693191791,229.74351534557587,65.46046769906859,97.62492729134638
6.326209816952705,230.14516820011488,65.63441959024462,97.78590898462119
5.519211052845591,231.67048938807898,65.67258273316735,98.27722484526842
4.459007681716244,232.66427542868507,65.92157472262687,98.37031137454063
3.902966883397788,233.67600330194884,66.060122515822,98.40140888607795
3.722131597346923,235.88187271835946,65.9872882409979,99.22758552433542
3.836543982965246,238.1445137425206,65.86470114059894,103.02146309108798
3.8976699585264,239.4209466434229,65.97343784726573,105.86209232211571
4.216074326032427,242.26507374946289,66.50572067695101,109.3358019031607
3.9995747565643214,243.34165309057047,66.98127527441659,112.1754378189931
4.418038456650997,244.6893139929711,67.71753849834116,115.03872181833432
4.148409179494493,242.98612136285044,68.84065614775577,115.7122482854868
4.631385097154038,246.69449223151904,69.53454181672461,117.40002062035472
4.924476635283078,245.85595732718198,70.45468713008069,117.94174058874917
5.575429437729213,246.56239022272936,71.45990511889465,117.98369233212036
6.1759468861154545,248.56939999265478,71.9672661677697,118.59700437546078
6.924920762392723,250.73101528739824,72.39639025794801,118.7379518998001
8.537356077509294,252.0656932026606,72.3683202353914,118.10138273289215
9.246809454748188,252.92375223085998,72.42561366742748,117.3398671822025
10.63907536680734,255.8949252456374,72.05400019292694,116.60177505399872
11.303252610511962,256.6793340827161,72.27609140002427,114.8913703837133
14.061751508800455,257.872658285315,71.76198959959487,113.83765464410646
14.243369251086165,258.44380662684057,71.78894917842781,112.74100977538941
12.951784764852768,258.7595646305607,72.70125669916263,111.65236581279402
14.77050239019421,260.0365963242937,72.37153495368634,111.33467729456798
15.75011761225307,260.430049509859,72.28010759697668,110.80378806746515
16.356140672012152,262.3112096564497,72.35562842579836,110.94667735991413
16.717779097472288,263.57812688014246,72.46243366615039,111.23978475328022
16.845144371386105,265.6579634051786,72.12388855598176,112.20686878099016
18.766494771157795,267.701613822407,72.14787967004773,113.07218002663848
18.518604728262936,268.44983878332096,72.6532007322474,112.19618386485784
19.123540330981008,269.5335869194389,72.45011633990865,112.9097031745593
20.035166640695472,269.4325686956118,72.89545830169014,112.51540881637413
20.722835679737038,271.7058626641722,72.69905947154759,113.4743636472237
20.904966067749186,273.5258565787658,72.66343410999525,114.11105795847367
22.566496499272716,271.67542018771826,73.18050291532444,115.51076502414517
23.158881110611972,275.9434398600878,73.18921419175251,116.29840681813063
24.792645505360838,273.25105742913274,73.86255734038949,117.26971154598748
25.859583699280606,275.6138206447422,74.3148510814173,118.38049974894949
26.317661495749263,274.0940526587591,75.10451316837386,119.35402191238151
28.836753769455456,274.6071288750339,76.24726987672824,120.64092988192901
30.47248673968906,273.4650380287694,76.76442670138002,120.73010640152702
33.36688234414143,274.67728836168334,76.2885834855382,121.2064478325461
35.207431450164236,273.1701487099812,76.42201804540679,121.55187143161731
37.82857816321721,272.16255001415726,76.56262760742327,122.60369204242451
40.26981002029108,271.43428101063455,77.25351373424819,122.78210930079561
42.307462114961304,269.3841127666153,77.77804905879596,124.22507486122174
45.123696044516905,269.38040236703955,77.89295416330279,125.32878928083696
46.98897800304032,266.3173614628808,78.04282722533652,126.6887521068387
48.54239243492928,264.4932405593969,78.89645064568245,126.28062910080749
51.24141299304824,261.8539378660571,79.56829948919645,127.08865388181609
52.98011536552352,259.0128225391672,80.4946166697595,127.99673811307025
55.920130246466925,256.97264919008296,81.34686884852155,129.59756957097596
59.00500705605995,252.68091791025273,82.53361805962282,131.41752093053637
62.14494661352313,248.38108767363522,84.29962719029885,130.84570247534833
64.84498615524049,247.7536323660555,86.1179551566192,130.52248576313545
67.81070589540748,245.83197440542426,88.09723367058791,130.3949625964833
70.09134595451977,243.93304702212322,89.19600694376057,132.73454809296823
73.20014961832202,242.41891756003326,90.39788005624058,135.06899909556526
77.30985890145857,241.64958979016794,90.86973857809046,138.5577286459823
82.11050685762373,241.65389429258295,91.38198743578094,142.19055641489396
86.77444994391111,239.42144123534928,92.72863626321626,145.2588591216527
92.08118257741455,237.72362024151715,93.23125648585,148.19672013673804
96.65240966143763,238.87260461591723,93.2207978166334,150.88529243735528
101.29060943780834,236.21355848628048,92.71899865246928,151.34847502870272
107.9152037867365,235.55013800981766,91.6749854362035,152.3979012320015
114.14339548851223,235.44471675744282,91.10347652731792,153.2724918454913
121.87570941042985,234.0835916403987,90.70778702461698,155.80363844120947
130.3517354357767,234.73731401191748,90.93172248425039,156.1534833981175
137.02284161683542,233.33785102469542,91.1857893906139,156.06564206199147
143.063723403997,232.97873709189452,91.7904996817299,155.56615108513438
148.33741909364056,231.31248833214093,91.78363427629657,154.5012421123384
152.33953969275257,231.78665551471278,92.38388901817548,152.461932536204
155.419614677781,228.64347303407195,94.04548798630981,150.31180103791218
161.75360945600735,227.86265865272765,94.48656694530092,148.3089940516248
166.14277006582253,224.6102252843451,95.86065945820634,146.70078819940028
172.18830459373984,222.64456114227687,94.05403628005325,146.086181671702
179.78093717525545,218.68108725644873,91.37097915291798,146.1672298518721
184.57546982149222,218.8443961973398,89.21776244134821,146.10116283148355
188.92218865652418,213.95739512073658,88.53143538084885,146.30369035647868
193.7130184480904,208.89663834609928,88.91958298862086,145.71191535558228
197.11115376266363,206.12053032080723,89.46945820189926,144.87662623216931
202.71210648795864,206.14982116759472,89.22062600592236,144.65080918725994
207.93757053767757,207.70359140592694,88.7555922348533,144.97251060300604
213.02182180076187,205.49279354230725,88.24621356163587,145.79657175600366
219.0257248863741,202.04685294595214,87.95757817985073,145.58248150338727
224.84931103407087,199.0664235786822,87.33357519514593,146.17675318086216
228.88371197286992,198.66676440964252,86.86219483680638,147.07216914475663
233.62429118382266,196.7643156826948,85.89718898354116,149.34425940949524
238.292770743115,196.81179078214535,84.98456518839124,150.44572927538152
242.70703768195312,195.6843543443216,83.97858197530505,150.5496620156016
247.06017309384947,195.22616376673903,83.402654897676,149.8461798832236
249.59332663003613,191.58649061371534,83.80045007492629,149.50764573832203
251.46552845079543,192.13022521162378,83.6340858029092,149.00524789799036
253.89123427089763,192.31970024538194,83.64596178301821,147.1596718222765
256.10972535434075,191.44479897499323,83.28582517219465,145.81895437957456
258.48405849004666,190.8038984220105,82.81116765199835,144.49233273446012
260.64360435941495,188.93810311459572,82.06161006613434,142.95953420565135
261.47780846683605,189.8085706649202,80.97228680407443,141.1409096270532
262.7151671729414,188.7256969466872,80.66768845009064,140.27109345138626
261.47531881144977,188.79523943846465,80.85370702266346,138.41485357876869
262.720416046889,185.81050680478927,80.44857857736929,137.11339169557314
262.50327822979733,185.84028032205202,80.78439543506173,137.05909933778713
261.5140543852365,183.29730530868719,81.39934557605565,137.4048451649765
259.54232260559684,183.50093206767963,82.35860062259196,137.9597326086989
258.27874587194856,181.55791630296295,83.45711184674215,138.35847521685466
256.7530633766436,179.63372858069636,85.1730720384774,139.3179027209813
254.97578672710046,177.5320613024836,87.44996576782248,140.40110694727736
254.24579827636953,173.94662115317354,88.59797021631634,142.0564282051996
252.89299924608622,172.41122564356644,90.04627949295943,144.2682721399758
251.9818634867769,168.50077245011312,91.03807142494256,146.41438324008914
252.88694267969618,166.06660767795807,91.59151056666735,148.650968809005
251.50729922314108,163.80994047605606,93.08712881776347,150.73581556012132
251.34288317051022,159.50288848088454,94.58104955233227,152.90133783225457
252.70979884293305,157.1777181594945,95.12158246126779,155.4898410458755
252.01411051965974,154.57219898009748,96.52701547035991,157.599482376988
254.08361606551523,151.47540560121124,98.20699916599472,159.41714267913397
253.68197886056555,148.6051440233158,99.3758177670542,160.5348462637337
255.01346027881257,148.3543367152172,100.60066905305739,161.30138652810294
256.8067767943483,145.49995529746417,101.92677373520982,161.79848109721468
258.5816023804957,145.7658506372484,102.24311456360326,162.86910180687153
260.9201539093475,144.61105845806782,102.47350403249405,163.45216950349766
264.5461833738692,145.10217559225816,102.89434961265829,164.6236423668135
266.9304643496536,143.33803970984619,103.07380543487658,164.81476612308256
268.5441908421938,143.8114885194023,103.58913991243108,165.72544840210662
271.7958157287093,142.49032924324644,104.26739690002984,166.2483841878846
274.9571118943917,144.72044438963337,105.85414483560575,165.2717794453256
275.68110964869123,144.62144149250753,107.28572115892972,164.313196783597
277.8399461610509,144.6704195315952,107.93003404039298,163.68198589928562
281.62653341935237,143.93998900486733,108.90259758418844,163.31890319170662
283.3151173655091,143.6078946243821,109.68282415489574,163.15844222495338
286.9485419162925,142.97017581040078,110.47853372301735,162.2844052145286
289.5066401292331,142.12144760183233,109.88014197044274,162.07898076018228
291.8526162821115,140.7744654480042,108.63063704456346,162.0936488113072
297.670128504371,140.23528853170987,105.58548061206609,163.32173707580017
301.62957791320093,138.85593799740474,102.61073787385115,164.55364240835155
303.63870540676567,136.6955397310786,100.21297561343634,165.25179208440244
304.4106818584012,134.81154247271354,98.36041186195902,164.68938216050805
305.45940068005217,132.66309825822762,97.42157799018332,164.83896673315314
306.9668514059557,130.13465295878535,96.32168304020766,165.53562413474052
308.5960377022509,127.25007752400299,95.27190937129328,165.38295530156665
307.2217261617029,125.24728598101858,94.9984432675869,164.01305884013678
306.8177548122144,123.45326121182242,95.27320767402223,163.14562416703484
307.5877194794828,121.60139271110796,95.04533199432248,162.87162080852931
307.48098839917554,120.4099356263889,94.9075284395912,162.36418621441535
307.83255548601153,119.93910797041337,94.57696641914742,161.4448845114223
306.7805724014728,119.72826425379225,94.34479911493685,160.44999784948095
308.2768351636128,119.32822043811987,93.58278710740444,159.98643933338116
307.3193172335507,119.45371156200406,92.9159574185332,159.4996128356155
307.9873724361697,118.16056738090084,92.43913950015968,158.75495629089684
306.14626379651753,118.04842042325518,91.9278269467467,158.0184862291436
307.1092654475517,117.55169086504719,91.30675708819732,156.7690227348918
305.4625689467246,117.72864190133654,91.03557791225407,154.97658586771985
305.1759597572679,116.72558040780442,90.89441125381457,153.9941801645296
304.4075453357284,116.75809787756268,90.27736730070646,153.26948944898726
302.6725115556706,116.74291675406853,90.63057964247885,152.2065603686053
302.61585517919934,117.69507046387125,90.80719708025026,151.28757613303588
301.4412579131407,115.53544916691568,90.89821014280412,151.04816236796287
301.04552037527026,114.22558381742965,91.24595063399062,150.10477703959538
300.7255420808744,115.10368581587569,91.09118052691427,149.22731267565555
299.71764803304256,111.7661579483927,91.58253828868999,148.3203324803763
297.1698645669671,113.3451961223696,91.99107504610359,147.5500559893626
296.2804521516771,111.60825576531009,93.08767981106772,147.30050727269972
295.2092222385447,110.8186845108704,94.14333069590424,146.15003082576803
294.8683642531246,111.42508601687578,94.96694545155955,144.97264510754002
295.82919179211706,110.93990685622899,94.97233171580686,144.4524038424288
295.55576205723844,110.81959616829418,94.97199684563253,144.32715125780092
295.39218848433234,110.71295268230452,95.23399414422647,143.79285043560935
296.3348781297474,110.2804468434886,95.68090190970315,143.22414582832178
297.246610360413,111.3307560194709,96.06140004701268,143.58747828922304
298.01545063328393,111.48209633718969,96.0348848768637,143.64423686843486
298.5527371428469,114.06584000824682,95.02771099251149,144.97403041670145
300.42773512248965,117.71437194300216,93.46243802599292,146.4880010093753
301.0521250074323,121.7174019797211,92.18253390562646,146.64538171056097
301.755872559768,124.59254804949512,90.53328768379282,146.61284807686422
303.71551284019677,128.08755602473826,88.47405044264806,146.65872319911196
305.3181199360474,131.42102934688384,86.78908348781715,146.31906913798252
305.2742683451304,135.1657925536577,84.90332199678167,146.26385261310892
305.7334662147067,139.51866066882704,83.46073426334746,145.84324314427818
305.95227413735404,145.2423294990867,81.97873503910853,144.89759642697032
307.28256832048135,149.89259274783836,80.12626729761736,144.75917851197792
309.26700147645374,153.84565721723072,78.40193028108192,144.61436438555404
311.4162937926506,158.1404756870072,76.92188565024055,144.68529014247028
313.04561725008693,160.66759059231796,76.69078425119,145.2022624394063
314.68595094565944,163.38548640014687,76.37804921596755,145.13587900101544
317.51719149312424,166.77942234628082,77.31148442989029,144.84874652644402
321.5999066164238,169.59183948014018,79.8163259445485,144.409975331615
324.4278930312987,170.80997417009405,81.08740623490979,143.66424546079634
328.3337254809251,171.2224354448682,82.78483725821653,143.70319484722285
331.7332209630138,173.48436799068233,85.94960104190628,143.09274107956992
337.6016197282143,172.1446399571998,88.52629929937241,143.01010919385314
344.59775828741095,173.31436193080833,91.90817707758052,142.33269239167487
349.98019927834775,173.48904686456615,95.27042136741443,141.42693899274943
358.14081182474445,174.3236409144699,99.40257307334304,141.6514828202486
367.1250197848385,175.60185522317832,104.90120378780654,142.13323033358932
374.54064852481497,175.88435228849033,108.58876667686164,143.72915708848515
384.11805829349845,175.48436762241377,111.74874228915601,146.1529647101649
395.5368196633856,173.4922539655671,112.49906705025471,148.97061064148144
407.3713240375614,172.29389891194785,113.23306825268611,151.93268382219915
418.4353574696949,170.3530758227247,112.15570702057833,153.8648250400601
428.138840536959,168.1676025218776,110.8899759641757,157.97700055757795
433.00272736054745,163.5670013469828,110.83131351093141,162.0137507971624
438.4903162986337,161.35991770479222,110.17786075475888,163.80876167301028
441.0021316846338,161.63249166422642,109.7979425725355,163.88743839921568
446.60829684492614,155.64837980056907,109.56844991345059,163.88723170091043
445.0061488729806,158.50807592940865,105.48776829898208,166.35670450219004
448.10285344175867,153.7908025996798,105.6131387494531,166.35808638443268
443.7161690571394,154.98352845429577,102.60708181418246,167.75098307885915
446.05199303717393,146.83060152780857,103.57753978951268,167.25138655809087
441.22306642275527,146.7955122063343,103.94183077776304,167.51468130913935
434.32692693883706,145.29358356151454,103.71383057524352,169.73283240531987
426.53257548976785,140.875303038224,104.35658965150564,171.2561414826527
416.1226626600677,136.042316132722,105.56516124695247,170.5574105935508
408.2620198872827,133.47248086005655,106.0577175766054,168.95613617883794
396.73558676372596,131.73877801708926,107.35578923061894,166.5873817404837
383.3589882729726,129.7395715080261,108.48051175634254,166.51878715724064
370.9115606614369,128.000424761941,109.24993535634201,167.60642788078297
359.0668693246155,123.3284754914297,110.82635955066868,167.32894841683034
349.7538786834021,123.7203084293759,111.62035122297527,166.8081829271685
339.6497143342348,118.72843888918561,111.3059457404955,166.13195489595773
329.70627787146464,117.08186603513329,109.20303123182902,165.84894998463108
324.17513730534426,112.04893388776648,109.95034872670905,164.9849157003938
317.8054290794995,111.14214578311153,110.18077494197672,164.86673981472543
309.1857950219246,111.21336270494288,109.70801819230694,165.21206319572804
305.3821708272635,106.87143464624795,109.68317705268483,164.4901867176591
298.66289301287145,106.30990429246607,107.42042164089668,164.22490413859398
298.91649536781426,105.1908833017814,107.54438524072776,164.61208386019936
298.285494219927,105.75216058965589,108.16970548188665,163.95703620495436
299.0495384593871,104.43957724907372,109.15685567464931,163.87368258337182
299.1526017665144,105.64271350491134,109.22698110936737,163.89537309631567
303.77302640305373,100.27575522386536,110.86970936602977,165.7861173764266
307.5364651152437,102.90145752981246,111.6023072564555,166.91579689815256
309.62736088043204,100.4330379278322,111.53127302837287,169.4909430175843
313.82456518326285,101.03613910052132,112.19409934515343,170.5673937399361
312.0703064893989,101.97525190478996,112.70415260235843,174.12130959531413
313.2043585463024,102.76537097344826,114.0141294040481,175.21688111857605
311.25537537821896,106.92735918622444,114.81243619294992,177.21255667137507
308.2552401161673,108.87967792076088,114.4750106904194,178.93859331377143
306.455571918413,114.60401067422595,113.79197983878099,179.80983109630506
301.49124352805273,120.88102961225117,111.42719335009556,180.6388499454939
296.3251149678156,125.66858108043488,110.27978710564012,180.28109339414715
292.48984107632714,132.1409682207209,108.72511414750764,179.54894219917247
288.62723566581263,142.36121514201454,107.34632037046151,176.51470224186025
280.0465618040326,149.5976414936745,106.61938716445115,173.5802839719363
275.4469988769768,155.22848058643007,102.90937977894377,171.068733523047
269.9875168023001,158.64797215803694,99.56924489314346,168.3375759431654
263.7893021597617,159.0994408433013,96.01996499629774,167.67210817010906
258.0411393209173,160.47810774632583,93.84054136848266,166.42450412216425
251.96585549226378,155.69608867770393,92.42230037603991,164.49932219278574
247.708237261365,151.3684485316346,90.3038144478783,164.38485867595114
244.74506549385353,146.54686815069596,87.95936796646426,163.3928825793658
241.91252936685564,142.11056280163547,85.98563107035676,162.12610886599782
240.54941563385177,132.95242150935627,84.96104867852307,163.63324008044975
240.07647830572245,126.30854309386643,84.35175786317072,164.34648815368098
238.81472701288078,120.85861823987271,83.91757939132037,165.621372744056
239.1806238339231,113.07256513369586,84.9693106666292,168.50210867917036
240.0085252669133,107.06911109896919,86.33468955489104,171.02788993799265
239.69166044163902,100.8010659408932,88.33771125789139,173.58191946273868
239.63315696604602,93.13578370646303,90.80845199023956,177.15412350756486
240.3838481565784,84.46294089893198,93.26483518172068,180.05019274740886
240.55048782798985,77.4836057058549,96.424470984051,181.2484218525791
240.00746351586685,70.55390527623663,99.3493883864135,182.3300818558286
239.85334271180588,63.68696338974519,102.59637645714332,181.3305330785101
237.7725392000883,58.70680453911879,105.88458089733838,182.13213799826406
235.37920717401374,53.2320945313528,108.83253956969703,181.45970658101413
235.0562723774422,51.71895763847907,111.36896682929395,180.31397768531147
231.9025637881249,51.067717103558564,113.89885948410509,178.40097655372503
229.97933224082544,51.88966139938708,115.22512179940364,177.0831860620978
227.243493222197,52.89013942211106,115.6816212187176,176.44146294202866
222.70136685843448,55.2660523098138,114.5391037590822,176.15481730843283
219.5772892071953,57.256489653780974,113.59970762251535,176.21395654563602
209.93711325617386,60.546771586212515,112.79928798617686,176.26562499927167
202.49230994548782,62.19265963595694,111.73659350040691,175.32706091241823
197.77633164240854,64.28935743012318,111.30557396856749,174.49726100254202
193.58893470094256,66.05518526409031,110.82133770667477,173.2926156638727
189.9613050412554,66.14632710675434,111.60514398933175,171.44643902414413
182.63233164843717,64.69948394199278,112.18427458924586,167.01236576437026
178.73570697969268,67.89609375110453,112.49644535093206,164.25654508072438
174.37526450320146,67.31383553273193,111.70557903917171,163.20986418070038
166.74830587999458,65.08788002479429,110.676800654029,160.1473957333045
161.47820545662273,64.30171053154001,108.63991025474414,158.11974046442037
157.90409778372035,64.17747714004068,105.5090566323679,156.22261085361043
152.79056292551127,62.795427768952905,103.6984158634553,154.18438583978704
151.93889731513735,61.56352946684416,101.23805741784696,153.22607387483754
151.6765130986359,61.4692222028403,98.43911942510205,153.3592979844831
150.70825246505265,61.36372922822599,96.28581298561568,153.19995463166254
150.88939991648522,59.8801524175817,94.11630020117308,152.5246424694287
150.72994769304603,56.448553035361556,92.76878606077477,152.30568637438193
150.0697413896151,56.71257393205667,92.02869803076611,150.7849511717314
151.65626521534506,53.75438353790108,90.74879570461624,150.48357986362106
152.65121162019616,54.38161051985807,89.89870572879164,148.4308763673547
153.0041177130414,51.748948257013765,89.60160616636907,146.5598057480991
152.95745995041113,52.21207369998254,89.9620844255662,143.65398248308304
155.33995896436295,51.34461567156541,90.29738619769398,142.30948737052498
156.2939342151222,50.97924046158475,90.63231799547106,140.59323808008944
156.217612646474,50.87241332220631,91.5204982094316,139.15048309287738
156.34976907107963,52.59089319757358,92.10171329139905,138.24041060380438
156.80174305456484,51.61767114924109,93.12614821358531,137.3415613739202
157.2349767283309,52.798205197107976,93.94078841919061,136.53118183448723
156.97916614728507,53.11607675850934,94.73020371345234,136.36118271308237
155.98830837043647,54.98203295076348,95.0856915352592,137.19840341780156
155.8576489880514,58.25787522849521,95.40659273265493,138.85535760031667
153.60496875306762,58.13013490675252,96.46866108062059,139.2005246242835
152.08947136681311,59.43170930279632,97.05719157864439,139.90634314540557
150.56981160666015,58.57058279986521,97.43518333132386,139.1497835720349
149.6081526936435,59.41857114677157,97.45303309071448,139.0299629249368
148.13556492647479,59.09453305996692,97.17510746567976,138.68175399117172
146.95078106212793,60.07284387159278,96.77814236974976,139.20402741358757
144.08106551906107,60.00919943530036,96.24672842464157,140.17779229816864
143.7898390788899,61.16700774371331,95.38585440922247,142.28797937055393
143.34783291495688,60.96258814996192,95.01273066530979,143.79487451462532
140.6147400598611,59.74597625418261,95.11741888465357,144.77042711659993
139.48723794977963,61.146825328998645,94.88832572625986,145.5139093387999
138.55470608619203,63.257845570371586,94.24212430473324,146.49483158523196
136.60370780732868,63.79059263816127,93.88853044962165,145.5876957656353
135.2687254364768,67.51239962497809,93.54342027143312,144.99411421561234
133.62406033748803,69.5487759410037,93.11070001907302,144.52677741513423
132.85564144743378,72.93952878584135,92.68328079951128,144.0919184960716
133.25928084468833,75.14401724554378,92.19492176423229,142.62635129006003
133.52790217528712,78.12451842992658,91.15261847993031,142.1231522810383
132.6062942826697,77.73781485577376,90.57007091631979,140.77246940729083
132.92940397843762,79.34077632127763,89.8238471856626,140.84511658231892
132.39402372258817,80.63124920186314,89.10018005751208,141.1713850243026
131.133261966338,80.72506740769931,88.86102041588165,141.1163155028652
130.75817094580324,81.87309546780328,88.01986206360704,140.83796306991357
131.31799573717151,81.81816921609646,87.22070110114697,140.83231525881098
130.9910104644898,82.63784363485834,86.73341965363177,140.76907420813654
131.21367582777094,79.61642575945606,85.93048883082045,141.1946569324378
131.50979163127602,80.30043443403957,84.75104136630458,141.5173356024382
130.92881586783423,79.98514079491895,84.09885964352942,142.28729524369913
131.5905481806204,79.24176730025376,83.38017850335677,143.36983271601
132.05062739444347,77.73630407876993,82.9433434934441,144.4440292116234
132.02058415590358,77.47240168968675,82.41591760137558,144.82760952080875
131.74222528869421,76.32054813434245,81.93575121244925,145.14413033714575
132.3131457157877,75.50027279082019,81.46055736363107,145.01479529798712
131.7564717125216,73.51615380822312,81.1382101262719,145.0522880931082
132.20945097738962,72.70938061805369,81.00314747881743,145.34820451915104
133.0059978449205,71.82676462054216,80.91193182485618,145.15655429433272
134.21832088312647,71.66043132649511,80.54939696340867,145.0731992667126
135.0998564525288,70.01818101581097,79.69805697558458,145.06634704581313
136.96037767371126,69.57126999131566,78.35620684225071,144.6607755737524
137.84377063101505,69.37318864195791,77.69496866572234,143.62722230517068
138.47795465088953,69.8254581187744,77.1962222134665,142.3193018773385
140.1719069812762,70.82065542558313,76.32036244480588,141.48520626480726
142.66835206965123,69.53568443622785,75.36610469841963,140.9139023603803
145.14230434113858,68.92155987041728,74.18816603446308,140.40299164640996
145.82283894135023,67.45305088830409,73.21282079807413,140.51315463264433
147.0322290933475,67.74510101008264,73.14122624709807,140.3258572917025
149.07221557506924,67.15201095889621,73.23388563649921,140.74609744763265
152.88064716079356,67.38275905810745,72.31025745734733,140.12788521675762
154.85677830213467,67.33103891883677,71.96984708182723,139.54916725638506
156.32617474076307,65.86861316755608,71.98059523405793,139.30603083957266
160.11287111068972,64.29068570992831,71.20963194284082,138.82925569785607
162.0953756618922,63.320839409329125,71.41006735444552,138.62834609622257
163.7405569198801,62.29961513597864,71.75136827929573,138.72339025522794
165.88075004570192,60.44706114592954,71.47015328645789,137.86548520083122
168.87797881751322,60.49199147902071,70.59111534049978,136.0342130225597
171.4711708934911,59.592093812548484,69.9727341185481,134.65621656349833
174.07546637279003,59.742345885074855,69.32950662189825,133.60757036622704
177.0062942635327,58.75709097493704,68.59630526915598,132.69206365455742
178.95402410804078,57.225783401188394,67.9268813805284,131.77894300395872
180.70829749546942,55.432242752833986,67.46278747390568,131.0380045747911
182.27479518962127,54.72038116996262,66.96402307799731,131.1771409532211
182.73413469042637,54.655488223042894,66.5854609147916,130.90109115636255
183.95623696424673,54.54419637853253,66.10306192915007,130.4750227216022
184.5207494029743,53.31923953449241,66.06789781014051,130.47378824252638
184.25294302452565,52.5093887090088,65.73526119416464,130.31051772268603
184.65984900281853,52.33811667792132,65.58833375481835,130.08810850489195
185.2171757899096,50.86801210625235,65.56621202714285,129.88781902921323
185.79453609497534,50.22055565993038,65.3928429051106,129.11227320342908
186.6593811884338,50.1491026875284,65.27629905077409,128.66866850527765
186.8511174619421,49.186321389647844,64.91294170026555,127.7635746708344
187.66786649673986,47.95428011450389,64.713294747727,126.76563154871013
188.5575508808871,48.28049286002312,64.60475716418225,125.29837104823073
189.989461176399,47.52594347939728,64.29909466007175,124.15715217342792
191.10387140074494,46.97120338148379,63.90007552025931,122.88935605574358
192.3436530912732,46.888292459956126,63.961338570559796,121.79618304461458
193.8183912030267,47.35955500416853,64.0867691116022,120.62641578751732
195.72901837307433,47.135083419435446,64.11309204608594,119.19615147985678
198.0018363301163,47.86506415199963,64.23402871605427,118.43025970980469
199.90672260858625,48.16636420203093,63.98283013830137,117.87037288280798
201.96267107873865,49.271285884914676,63.82625725556934,117.16150653014813
203.85379171898927,50.098711328795076,63.569297253864804,116.458227014051
205.31346424008996,51.05319829559704,63.286637965295064,115.81241076760915
206.90865025768193,52.38162395135798,62.94955168650209,115.18085799045238
207.9645584969328,53.35273281942479,62.43339516553327,114.65616430019239
208.7496209445449,53.11369719001493,61.97345642227536,114.1992334126196
210.3498642061181,52.65512195374981,61.61628305875844,113.87261443412046
211.29034325691632,53.231481362802995,61.04850458264759,113.92788107473848
212.03055837679426,53.407182306159044,60.75206801636753,113.84531597314393
213.10162039257608,53.007560790708425,60.29431509121082,113.715417927566
214.19357583846937,52.35418898694924,59.80701505538856,113.83713285517388
214.66993625312782,51.88021065629759,59.56505327565463,113.26173742047172
216.68688912145453,51.48305898989706,58.97793148732471,113.01880097308279
217.4545148554506,51.800426688901936,58.65634530755992,112.95227266768055
218.6022679268172,51.199260797422895,58.24482094614415,112.74453960057127
218.39546111645234,50.273112439361185,58.07877270734979,112.50961047251738
218.79195518310286,51.20684446027126,58.01444231731844,112.6858389057548
219.62816441593236,51.639509172491,57.84913610250953,112.43025171904134
218.56062548983095,50.571497296257434,57.91365403411007,112.54012524284806
219.4051823085352,50.61220125442516,57.71807304864201,112.61939657334048
218.60376062420147,50.73418275966521,57.87433946985309,112.84834396715907
218.41403577678304,50.47073510786087,57.85597199406846,112.83864184194222
217.54195218926935,51.09351565852211,57.8593759405818,112.9724052137951
217.42317626662668,50.59941980238838,57.595374358922264,113.21514506335853
215.2235091503336,51.60363687745167,57.94418541028987,113.47831192571142
213.95745961096708,51.90978183829927,58.132423912966686,113.6506326948494
212.6605459059224,52.54449156636898,58.465519322820725,113.75987049852942
212.23002579267214,52.63653700518083,58.2438795201582,114.11182722300546
212.3375529414485,52.565252672650914,57.87396056045462,113.95004591982243
211.30640031484063,53.461380602042176,57.477380200810074,114.13797862120227
210.7885652336433,53.24100020614469,57.067746688137206,114.0027888472521
210.80734107455237,53.39784999661334,56.99611319045545,113.62295742053287
210.3415512052369,52.41779296646136,56.71288202172223,113.24137613154608
211.028582812029,52.38096758836039,56.52313173876104,112.8641572923876
211.15729206252382,52.857160101596726,56.46281223217618,112.51651990340834
212.01834607980845,52.55640985861767,56.13334194802334,112.23013004677841
212.4275101255352,52.086424366423465,55.87875815585571,112.22588480423671
213.6441370500834,52.024216587684116,55.59738977885566,112.36618994005313
213.8404014482739,51.72125625228108,55.762966024839486,112.55922913792571
214.52418620989792,51.39403401535059,56.04432677384089,112.79386562781478
215.80621272221708,50.77948421544043,56.0791214710986,113.10131668433321
216.78830110120356,50.991366580683604,56.142929279049554,113.56921719997294
218.82316515903008,50.47494041455845,56.19583051177926,114.02157885033431
219.36950988112648,50.31554490856911,56.52950098502683,114.2929926503787
220.60698236463756,48.967453415307,56.86919155594149,114.77844406535304
221.14558581647717,48.61934603528894,57.30470193243208,115.6162810527155
222.71157533143463,49.24730001684961,57.60658116416123,116.72701441926912
223.03155829182754,48.645086390129656,58.34002148655057,117.99449425190058
225.1962841811869,49.056474468903,58.964788826498335,119.10162832455221
226.19384158235192,48.83756320417373,59.694721792341475,120.55577479833994
226.89808839355698,47.79829799746885,60.030634215453176,122.20946898457433
227.6971357511558,47.596453308465215,60.52653618000564,124.44732966032376
229.20449780204356,46.86801903333952,61.16281902221641,126.70523993459912
229.8376086647494,46.06437840427775,62.00164228617001,128.16099060332678
231.72503181478984,44.80341572274763,62.7612331354214,128.74557941412556
232.66415134565608,45.33042241400402,63.258741745236065,129.39879433943355
234.4985368548042,45.116857700692535,64.00537674790058,129.79166668888956
235.18776915461353,44.982231014615735,64.41215656582861,130.70305423816797
237.3364100056013,45.89115353381702,64.78287162852463,131.94993272914627
238.54016613902158,47.16322607907311,65.5545448965774,132.73468191499643
240.9204842721466,50.366219487244166,66.23642106403756,133.11973037456534
243.15575400732538,53.6297060983576,67.1523389850716,134.20534908402158
245.1955088738965,54.235349222136946,68.15681756629651,134.70137174419327
248.09235577586492,57.22672528983905,69.5077424956107,134.98554546507438
251.20986604360309,58.344692045703354,70.95099155088995,134.79875683687737
255.3503775867081,61.85292808358383,72.13153485232131,134.76625482133971
259.00060445052094,64.46518044849797,72.73158610084897,135.7710512221971
262.7769435741089,68.30887000672558,73.42278997238218,137.40748630824118
267.8888407452668,71.56850002409507,74.26859757164664,137.37192766051726
272.1482083051916,77.1597686880109,74.36855107363792,138.5091581712793
278.1207576104469,84.26087900797589,74.77230868158848,139.13115169441772
282.7199390114174,90.66993992471026,74.91765833706525,139.63451437397111
287.57066602381764,96.27563860312375,75.95023183758204,140.13010358574292
290.9460853627212,103.32193858513675,76.63943194547119,142.0533416551352
295.70765070288894,110.48541088181048,77.37897770255718,144.79334812484433
301.53371545738395,115.8196328784454,77.82122712207901,146.8080937744813
304.7354421949067,121.3286789416839,78.46050302195226,146.74908688006838
309.3454911491412,127.29980426795235,78.68948644750647,147.22285588414107
312.6669424217028,135.17663418534667,78.33257231631431,146.90396494612975
315.48134860554427,139.00337223588548,78.62515304149471,146.4302372300167
318.2679502536082,144.84733428974988,78.00692472109687,145.6651283456711
319.73520913437824,146.6005880439875,77.57114237218815,145.1653609362957
320.60086707957294,150.73625562173666,77.64096300864236,144.36510347208946
321.2904860008019,154.4087234157963,77.46284993969502,143.5146314902101
321.78215096879444,159.25572658504595,76.86893592836981,141.99215430026618
320.7830535527881,163.0359600487171,76.1545925819003,140.84343673862446
319.930916303443,165.53925887354626,75.34391280767451,140.12430444733718
319.76531601610117,168.14191441516851,74.71505140586423,139.17450212277322
318.5272752726704,170.49369506382823,74.53572965039741,137.9370800394898
317.30802395238806,173.32148945125763,74.11221598279329,137.54415517367676
316.0186594488478,175.44339019125425,73.85171462483622,136.8911195249983
315.6613299316412,179.23622389239478,73.44917324263659,135.80338218557475
314.83148071758364,182.5032940602141,72.69328086289596,135.00203827063993
313.44031077393515,185.17056446116794,72.22813215327834,134.14636649604935
314.483055659815,187.976981640778,71.56694478570964,133.1609858346668
314.24381497482347,191.48946611596466,71.21285060369493,131.97555715801477
314.76334159053795,194.72438257861185,71.02764797359833,131.20930395476404
315.09825433151804,196.60459235265108,71.08259961341773,131.0756233269221
316.7765392917789,201.46051823095675,71.0249575714569,131.64100233429662
318.2680889309222,203.62315350443396,70.84434362668088,132.25950118105936
320.31635518832684,205.4574477487956,70.5028934077497,132.77366581579423
322.3678838190793,207.8778069950294,70.68829148203874,132.9318637538931
325.7730969071343,211.2324374287769,71.23378398045283,133.36740713136007
328.58135605973115,213.44421880455076,71.96432109136715,134.26900367976825
330.46158389628386,213.46237815790715,72.23274327823589,135.3445130001526
333.64980485198305,215.2434187959891,72.7385885576977,136.1743918433657
336.34845391961096,217.47429766333948,73.3751540599435,137.044057317922
338.45495016426014,218.1428720904908,73.36503952223458,137.63015942889956
342.10175074123663,218.300588196905,73.26938244827006,137.93434224857714
344.5339663830639,218.63910891257106,74.05817556940454,138.80372361502526
346.4601705549494,218.56668616393748,74.71610953911105,139.55776133903993
347.8481332060255,220.0330596032323,75.45529849693563,139.94011565348436
349.23744479280083,217.57022494982624,76.04168650471314,140.10400963507706
349.6516102345657,217.68998510356198,76.9138920178203,140.4339651317812
349.1186561483528,218.0872590965568,76.8602368123805,140.51227615982046
349.34473292808366,217.58277953869828,77.32826004643974,140.05694846725396
347.82364127962535,217.57825467397677,77.89780966669898,139.78479697312713
347.12771681692703,218.86980455913329,78.39098689237856,139.28690808652115
346.19891201769497,218.15808895205328,78.84917573778412,139.25677881068455
344.72848806846673,217.54475746610055,79.36931762908223,138.68678298524395
