69,48,26,39
70.99425401262286,47.63528349508267,25.924619205579877,40.18034757091941
72.43357980031459,47.626614265233826,25.9411642550714,41.00042219618467
72.13812710881189,46.752424796681034,25.906004837783286,41.2914547271907
72.25974942546112,46.886395372059,25.91479319247886,41.683848085690926
72.93739559974016,46.491646448503104,25.925823443643345,42.0093523265413
72.74334839529355,47.33223931184362,25.884630544250882,42.417569076579646
73.10416868792251,46.55538383920248,25.941295666869863,42.44135504899315
72.26095653495082,47.17235734192171,25.93115715376633,42.32174706818548
72.83274270207096,46.83346656493974,25.94511733385468,41.98379604910402
72.93364780684031,47.1507958103615,25.944015767092118,41.91622593841632
73.03881841733804,47.462910182445626,25.934189160103504,41.8585373595439
73.09811967172331,47.6008786628437,26.06585260731633,41.74467535735826
73.84321699173319,47.95933303395122,26.200772869812667,41.63972403097428
74.60781600043698,47.48279059809616,26.305983310268598,41.48322898052553
75.13678382713076,48.05895730270916,26.554555544018807,41.21602945345634
77.31321766093339,47.486443072140744,26.723203081396555,41.17347549911656
76.96048432475992,47.461125441351136,26.804966512377263,40.96423804332501
79.25371744994999,48.22096361252929,26.979482043950366,40.74029134437205
80.91145332456267,48.13297998036738,27.23556005073125,40.22087229241609
83.63814767720658,49.34711348815682,27.124111441781153,39.490379763201446
88.08092508420377,50.29048890385319,26.876372836915145,39.30363482714577
91.73545172328558,51.8281886243478,26.3981459730252,39.18234295370214
91.55462498469184,51.51481876615641,26.153012302909637,39.2156237160566
95.71519867105603,53.59159453034113,26.518028287368217,39.360928079375256
100.29295722108817,54.33449682162589,26.609206064600524,38.98577250601954
102.76534549084548,55.82675405056602,27.122058936789642,38.47514944131329
108.69873287207108,55.754088177140126,27.145477127791615,38.870855599525655
112.72300162814287,55.710664609081775,27.367640072477005,39.340812279665535
113.26171329967161,56.27484347603393,27.569394366022024,39.60732019060519
116.32944992304562,55.96705112588041,27.44998192072278,39.87352369666304
121.73328203150368,55.63989230833255,26.567820250823342,39.93223163289229
125.34404900446108,54.88100756625899,26.08229232486611,40.06304851477449
128.43946035578136,55.38057723671792,26.356992777023645,39.90854815718707
131.20387668860468,54.27405126880887,26.354136336961766,39.90269289765128
131.03604058741914,54.14050485261343,26.074478013914252,39.96915039563678
133.1798841998145,53.918517101080276,25.917020185237853,40.026323802367145
135.3176575207506,54.318267596039156,25.657142393576624,40.02661239173581
137.40882092967857,54.09296404325144,25.282835549548775,40.05525864209909
138.2137221438488,53.55541703424278,24.784093103530598,39.981167664311954
139.2855318366868,53.883645584020336,24.562791996616866,39.85507614375091
139.67973944955648,54.72644341255648,24.430330373212605,39.911380415129464
140.63329023810724,54.82659742152836,24.131815067705986,39.958592221384244
140.49219658359587,55.01971137703137,24.10947220955958,39.79184274107066
140.0777803527245,54.68700240199948,23.999033898055373,39.744387010866745
140.37154267094638,54.1834069610223,23.9221403268302,39.61375447901576
140.56091021610263,54.453436593841886,23.844175141082047,39.4335305309711
140.2856806475241,54.19641091422222,23.88199443392287,39.31822422273878
139.91484309428338,54.72841509911483,23.875921256526258,39.14116687638771
140.6737719912705,54.41255092672512,23.77608291075803,39.04781331729569
139.91350708986167,54.721087418454786,23.739739099627734,38.996729244160555
140.31882072451364,55.27557237352624,23.766226257447904,38.9981933709188
140.9371245399587,54.99761481496935,23.644566167847067,38.99554467154624
140.53669773429385,55.69506977911766,23.57051505301303,38.994314101633535
141.43696556123464,55.3592247932098,23.535178387766557,38.91348702802394
140.85925150271993,55.58227855310619,23.5747686117736,39.1011967940039
140.95529432814902,55.35016586886334,23.626130007094318,39.00346781509821
141.15428594939888,55.229806224330105,23.62181705166894,39.02646984851086
141.39687858062416,55.00963144789337,23.69600094126323,39.03864699436875
141.6470394815047,54.7809752734841,23.755865648773394,39.067161285275915
140.88322754399547,55.50019586399698,23.739427846284883,39.17930433334698
141.35838677120142,55.27145832053401,23.73574729387268,39.06021707881763
142.17980473193091,55.09444390397698,23.64886963115709,38.94524363738185
141.96368998086135,55.013320752140494,23.52662825417533,38.96930701111775
141.7038793396569,56.01050697523728,23.56295628915043,39.01585605488406
142.59241852649092,55.020370075787646,23.602646207465206,38.891681501766826
142.55615121232069,56.09915193785689,23.571199664949916,39.02946870590935
142.65649072635665,55.33362577087516,23.558655807580678,39.01426006113493
142.99941145755815,55.35992707107336,23.63946541768243,38.98355762055772
142.35378844889001,55.39459080117831,23.634033233194145,38.97643504997337
142.97257457914233,55.45664547966561,23.719668605188396,38.97813633505808
142.5108955688202,55.52802416772015,23.647891204556473,39.05351584944541
143.3496050668016,55.63220754978897,23.826631721927495,39.14757247919325
142.8972081113312,55.2635125234431,23.845587271484654,39.38460099089485
144.09397603696203,55.810758695415046,24.14409471685677,39.44709285765231
143.6324382358661,55.25098661236102,24.328826759200822,39.713712106392364
144.1185881798127,55.38078092121062,24.420922378984827,40.05747971283215
144.39412783546916,55.91130717026591,24.75877470486614,40.24999122883581
144.2449743868397,55.23395494397432,24.838580689881308,40.36699270163244
144.36172811677648,55.35724092871783,25.111450924630805,40.44462022438563
144.08281041972893,55.102600730863074,25.35976254605358,40.32207912744895
143.19813606184127,55.82972546302672,25.32597133034009,40.409862134217775
143.10393505069305,55.54548648319265,25.163603077406563,40.41368449983708
142.992401423302,55.28173134174558,25.036809331092066,40.37800290086717
142.57455754835453,55.28710485901674,24.917079842249333,40.115933183032595
141.07871542230083,55.19669532268223,24.829215580920874,39.928219625281145
140.72549788208318,55.42693171373045,24.44201899665783,39.82514576664174
139.53071707381082,55.073196776093766,24.26095055204334,39.63525828185092
136.93717789910824,54.98851716915903,24.441531753123755,39.234202108596875
137.4473879000075,54.767674894064584,24.317098900390405,38.943147602139106
135.30195669955853,55.21305214640357,24.717820377693748,38.70698764353682
132.759684474912,55.26778732058584,25.1277476775578,38.36570925627143
130.47686611714508,56.102339652666956,25.503008932707495,37.835334500588026
127.74337954861659,55.84367115188165,25.30235324916525,37.81830981781943
123.91896730744426,56.015101956912375,25.07281190454803,37.813035050531916
124.0797341870746,56.226651350150995,24.81622373098967,37.70078922744621
121.84872634712612,56.11809885706778,24.51848142440488,37.64206304356683
116.81341367940858,56.97592230377439,24.73170060115499,37.26704920677322
112.60765819513045,56.68300080621003,24.742060023901992,37.261223922023
108.96260366599051,55.69933478201042,25.02210933770153,37.09128678753483
103.44159963555018,55.27390331906935,25.372003305062808,37.162749465535086
103.56861852072046,55.50497779571869,25.575273445023715,37.02098962897596
100.07078227560714,55.26732756967247,25.71809349402433,37.210685052478894
96.24421937548924,54.89554531212157,25.668633688790784,37.50469002662121
91.05699361468271,53.651837603206346,25.724673804934902,37.536981789521256
87.82257301888642,52.600463279255536,25.653300036044442,37.299570195007185
84.15334770272933,52.073037006603926,25.558295521346924,37.25117281577312
84.57414460900273,52.65736535902345,25.46973908587482,36.98917131340913
80.21576907902315,51.92337237630575,25.474639738905545,37.09676656175433
76.37375689550693,51.96202869901259,25.92243539251991,37.11864770508785
73.87161790609036,51.449466838087424,26.127447722512088,37.54574152416642
72.67679336127328,51.40676091268238,26.01933827143646,38.08850909793169
71.35319785614477,50.96910939046477,26.05271975298225,38.65661728087092
71.5571232076152,51.284678866839194,25.97462332572057,38.84039931488864
69.47590496533638,50.41648326150571,26.200227354819056,39.23775594430536
68.41082662510276,50.71321489978689,26.078197524635577,39.1563107233061
68.57110536719166,50.653136957770904,25.890139278629597,39.07071583707041
68.82440643764431,50.439063841833246,25.79059767036161,38.87869018360675
68.83319181991766,50.61246157067576,25.69957742903084,38.81677414761807
68.8367188451515,50.791241887226505,25.619251097290263,38.74340566985038
69.50185843836856,50.711302509215585,25.591328536039022,38.64666216549522
70.0515374448807,50.08773713313017,25.46851488962417,38.98232245997788
70.31222840031603,50.050338136838576,25.35776853271014,38.86900518264937
71.58214184143873,50.48045062258626,25.461557153662092,38.80711228088129
71.07189975224524,51.17142759660351,25.348149373058703,38.94960502436149
71.5591059393247,50.79147306914065,25.32969786660807,39.145018536343734
71.81376053020695,51.090810686997514,25.281116425278192,39.02285708366319
71.88216416056889,50.8676674552882,25.310455077297448,39.22471953672073
71.78917418741494,51.33618012618774,25.403033035967148,39.191660240364335
73.01479181173688,50.782600915954575,25.46294530227455,39.42301871316261
72.86662203957847,50.86981304273246,25.49614260545618,39.215030156028924
72.13325530890565,51.22482939885437,25.663296630570482,39.086800256462766
72.62550267307857,50.63122380462397,25.63747385153806,39.222392502570436
72.70687600049236,50.61892018520667,25.55523926917541,39.15309385455076
