331,39,38,42
335.52519224486974,32.60463765370001,35.85887700157892,44.935914351988906
335.8435114352902,22.74441717252292,36.365497316552606,44.57224281101491
336.557428462334,16.917447424654075,35.787182636848975,45.0153500854476
338.97444421445937,13.62715910459594,36.130221262761765,44.75258470370406
341.75727691925135,14.071032208026885,36.6890220635902,43.00261567155839
345.1260138659098,20.081408954081173,35.036300578878055,44.43656229668573
353.37404927576233,27.743970397645562,34.911913893571956,43.75010514168832
359.982998372804,34.6791222336972,34.10493545262267,45.27495576762129
364.1062391017962,42.115764540353766,32.593692542447904,46.524321569952235
368.7087954980646,51.287563528973536,34.32513332594403,44.900839466992956
369.5137494140995,57.82404729613379,35.24757738354818,44.280936787623276
367.4094555911951,60.91951313914029,35.385760691993326,43.01196703534518
369.3737136589997,57.45879617683677,34.50528486588472,43.23664346233704
356.1829002075426,50.27278417996607,35.30734511329881,42.8040434988666
349.2633477282161,42.127617495384904,35.94943138528956,42.71049558463652
339.72888064520333,32.895115645830295,35.83918252880177,42.8417905262023
333.3087038921385,25.689392728463748,37.69848523286409,40.48976523439533
327.3052643814406,22.440820944486703,36.57249988940069,39.85494978597001
320.30496195946137,18.531172202274732,36.44310348076672,39.68496244571284
322.85605768551073,16.320007817468063,36.665322418913235,38.39353415902254
325.2198820706403,20.405316515100687,36.1397642223762,39.90259933921406
326.4972310700961,26.42787403565041,32.96885160581954,42.61564160580798
327.7479370927261,29.03743325877736,32.91411551869421,42.60349707479448
331.8307555721267,30.510241794389255,32.20146109515876,42.721640517023
337.2938247421012,33.469227636225455,30.797082365136333,45.0754950490919
340.01659282127105,33.485947550708175,31.440637907063557,46.1372807177718
342.24421301044174,28.99630686463243,32.90925198435694,45.708584880074525
337.7477100367057,25.693525393982455,33.08274297062596,46.351362212858064
343.2679591040577,16.542968687538156,38.618699647526626,42.51653643537283
349.9470913327454,17.906564036128003,38.9571991551943,42.23880934286984
358.9981564982747,21.936021210150386,39.52344113065017,41.18790356276941
368.263752738269,32.5945014117379,38.7544801216743,41.994303845763625
381.86608793017376,45.638289192329125,38.10813555633375,41.535939607903636
393.99534555029174,69.24352675628006,34.97857203366379,46.851921782060955
397.5987451483408,79.14535704637328,35.40267798415637,44.56076716171428
396.30708334822464,95.63376326149418,37.34375478955192,42.490265608640954
404.54091797517316,102.26486182741255,43.24624375512361,37.73218331495468
368.95751390031376,118.33610093715001,42.16518677418187,39.53939660051002
363.21965237764414,122.06278465057478,40.90016890746648,43.24389806241637
392.45630422039915,123.74403631567048,39.73721621628963,45.332763949813696
397.868660904554,121.7075002681282,37.58022001082993,47.66638935670244
396.5871011932736,111.94480265414816,39.419669675696554,46.76175853312071
390.5499695865664,97.52702326411446,40.91476288080807,45.95838019319702
380.9037551865116,74.49570133552021,40.68297784017565,47.00763975394162
364.7134312671729,52.01342657122943,38.395542189615036,49.571836705139766
352.7964033182297,28.521414526040452,37.306238035132516,52.13415448050087
337.81100327473496,15.610334381873173,38.525034961834216,53.804863162950696
321.1345329532768,11.03907829430359,39.41699015809073,53.45627982951445
308.4690553286381,13.312330816856523,39.17100099602651,54.37688093273427
304.28463415124486,14.485161247709748,41.53488168713711,52.44395022909802
304.06925604162353,21.175319611462783,42.17430844684365,52.25349582873538
310.03931136818056,27.44827385864658,42.08674288692932,53.301150381766945
312.310562276037,26.695165437245922,42.25646190025466,52.44461897692779
314.6527920003307,28.6418398176271,43.3056649242769,53.74102980073616
310.1885632272761,21.266393933900744,44.57577392693641,52.964596500997985
309.95314447261075,19.758539792505907,44.621628918101486,55.39598071412078
302.4396070700212,14.176165939958395,43.47533714606628,57.36896028693077
299.5382721430855,10.402626803757421,45.76636315920288,57.960739779454684
298.77581856510506,11.11835786706127,45.92058549446158,60.368280632356885
297.4473890432622,12.350071321203956,46.27510573013457,62.65636657334032
302.7985049735936,12.531810188323313,46.673640372292546,64.77620977954388
313.4260437212284,4.840725589034676,48.45537018507039,64.85995547447249
325.6566221744076,2.414990385651649,49.65984984819306,65.388874934836
330.6045010667381,1.0,52.78316474899153,65.04109770494415
330.34288024080286,2.664646129052201,54.01196819217657,65.0912657099564
324.96508859285257,6.184653650126755,53.39891085654493,65.68442357698184
325.9318886728802,11.38010666180697,52.74059056359438,68.49634187743546
324.93573047122544,10.403542734768564,55.09785369308362,68.26818730813002
324.2152656846059,1.4871496962161643,57.52068642035842,67.52749579438394
316.46630878129895,2.503019423086819,57.92442755272903,66.12756943484212
316.8951434887895,1.0,61.07686585979174,63.14998844046176
312.3551725709084,1.1897114207525128,62.52775143756554,61.6422258506186
299.83194415522445,5.559509471358581,60.984292223686936,63.388493059992626
287.5471893390871,5.129923780817222,62.78084109993077,64.8129031978051
281.5228209329314,28.69277134669727,61.79519302442175,70.55873366313901
290.71324072394935,68.34487418979559,59.838770541480336,75.48689477868965
306.1421747155067,110.97077622106542,56.92204558120932,85.05610872908697
321.514576158349,145.965697643869,58.20165658769103,85.09100686499103
341.57495534414596,158.42810782362523,63.471698528222156,84.20583839895455
328.78055262932764,176.7703971401621,68.29382787333154,78.08928514923525
331.0256879948407,173.0627077871688,65.89817412864826,80.5754227871304
321.8196388805502,166.82972366248188,64.58590243005145,79.16116087580593
312.6500646185696,161.31245562506155,64.10215390579513,79.03859649276923
299.3764163648803,146.42849287801906,64.03813896234408,79.21921407583211
277.65487612159654,125.89737022879353,66.04838889482997,79.74185168669175
259.70668018508206,103.33439847716957,68.5999085440593,80.09633397738575
246.34750754008087,84.52052016851584,70.24055846726722,82.40215697628209
230.12396630212265,55.97104641142621,73.0377122634674,86.33369920919169
225.3053833458791,33.41459594162076,74.78317093058907,90.6303074930992
203.898159182457,12.865950901227137,76.89984480418681,94.34734343609671
178.44592698702053,7.465609049523586,77.17022924623535,93.94799025059058
160.24539438236292,24.00077032856938,76.088271541284,91.55454752959183
153.50605357795155,11.56611492809283,79.26792849823455,95.64678688416487
152.0053833463618,13.757057079842156,80.77532816165451,102.25274806244278
136.518301876171,23.512218139613097,73.15412156900585,110.23743617935983
152.72293850208314,26.04265952659781,77.04533503605478,111.56001597914029
168.38914548452877,30.543203953294523,82.1872519376953,113.13876120395722
174.4308422805862,26.815538559745377,86.07712028476172,116.49363087105169
167.72242533805922,17.153524948704813,88.97681558051536,120.4005770371221
