225,135,61,71
226.33293514705377,136.41087782461577,58.18207663995396,74.33685014601508
228.139340211787,135.07235861161413,56.36588195943161,76.42643866440041
224.9805907785369,132.12023014728294,56.126847905652355,77.08936381577337
221.31004480311128,128.0970076373656,57.005682955481674,75.7149675584628
220.24109219618288,128.88153406719906,57.23393679930521,73.61464309880161
218.01849026278208,126.9295328244296,57.7173346235674,71.9797406783523
217.2812953203258,123.75752977233093,57.43205339535304,71.25207085487162
215.5430088061836,119.44233151901597,57.84513286830234,70.9265873851428
212.82706778644388,113.36402251936973,58.2609164779381,69.82910200827772
210.13415262745843,108.37922318288551,58.626493638235274,68.6427394965488
206.89169397922961,103.86390123777434,59.7094053141485,67.23837280962738
202.34699155668432,101.4738835746497,61.22231674959012,66.17590040869851
201.51680188285124,96.55699914153061,61.87667215745891,65.04107632565308
199.15226486601816,93.80221772867222,63.52728644303584,63.783431498161335
196.66049595925972,91.07660328411254,66.4021288252429,62.61972802310113
192.38274543408573,90.59958351578676,66.47055278365087,62.505027790777255
191.30925525964165,89.81739191608278,66.29140189460334,63.01085262125379
189.55994375864452,89.04221783403071,64.68561966268375,63.292167515198756
189.52760948565046,88.09032599117162,63.18746939284073,63.6576763894421
191.26897723393805,88.38011496378824,61.67715889132195,64.43784053372684
191.63562176147445,88.95539114636044,61.10680392784093,65.55629724094311
191.5894900023153,91.8149048796094,60.24616010998753,67.68209381758415
191.9618906719836,92.89428122466208,59.52451397420583,68.48707658999602
193.3086932887128,95.91286080195243,59.199428409540346,68.41491896543938
193.9786597846414,99.75094893296955,58.08616461125223,69.03032268120982
195.6694734381495,104.16591710443257,57.06303850634181,70.05154293949181
197.72604903991112,107.14531091343108,56.90878252192529,70.3640035408727
199.77455840579088,109.81810935530032,56.392072516238784,71.42851358953921
203.12025258978332,108.76339899864539,56.951347930398,71.74236506538819
203.7667401714443,107.54527131756234,57.14004638217174,71.15190926657188
204.52952503541263,104.12209619187796,56.25011206878791,71.76881582679974
204.8545645395982,98.70193363534207,56.05136512911842,71.79662729443713
207.7438358887038,92.8724967869726,55.60516453199753,72.54005247893954
207.26170325717075,85.91448472625532,55.473907314981794,73.18337152039182
210.35374806941275,80.99816050301055,55.597199244759736,73.82219989479786
211.58692854570648,76.1347411857014,55.88103409742931,73.97213105887172
213.00880358657943,72.64635648712735,56.25112409120406,74.09363900367099
214.75160164712986,72.02033148412355,56.43577491976288,74.47056138088445
216.72069874812215,72.53119124274698,56.779991312066386,74.58278617968959
217.64915275018205,73.38405767177721,56.92175567606391,74.01330304677413
218.25821356809325,76.18939205055787,57.655245235289144,73.5343928026815
218.24991974379105,79.41472746331995,58.86544749947218,72.21982349390993
217.24902651349333,84.11044632819936,60.34048730577936,72.45447894791687
216.02014783400557,88.9761577388708,62.075667649414115,72.19088025052505
215.2690921735133,95.49857862142022,62.846589822273586,71.92814623677403
216.80338575386844,101.10541827145664,62.92179035742909,73.26246144718124
217.62110949542506,106.92003876727716,64.02078588663515,73.33881222243146
218.74339492279145,113.24443091515414,63.78060441285294,74.12838682358807
220.44341761010864,117.22496307048984,63.19125882928837,74.65406682181035
224.69777162213063,120.5433075171867,62.169484404828026,74.62588692568963
226.46271258398565,122.58893888987238,62.22356973189042,74.5740485827159
227.05411992527294,121.94016832721532,62.88448732411525,73.93985874119718
229.3159877681861,118.11100393156698,63.5483893333746,74.40707321961061
231.4298545377117,113.50016121948651,64.10905148048124,75.15464702398734
234.0967356765222,106.13739092560883,64.35781668464958,76.84933712537236
236.61163499790587,97.91100868099835,62.93849321493506,77.10779488138309
237.06324501810906,90.77293895909817,61.39768282811961,75.86030488230918
234.75931265173313,83.74177064130592,60.82286326653808,73.11326233156637
235.67576659537872,81.98091309243588,60.41542404412486,71.04148781957586
235.8796711887305,84.00235579007318,60.45487276704903,69.240042617939
237.54014734589174,88.73016131735505,60.16412014648449,68.24643579561551
240.43784203033587,94.15187755126776,61.493083430969634,66.58444196411213
239.7987058897631,98.34871260132172,63.06961342407696,63.057073905014036
240.9786465672464,101.0192678901336,64.38709331921514,61.63159822592726
241.51269134053516,102.83860033784447,64.86648025389746,62.8097810439745
241.67228667058856,102.88329650991982,65.38288818318053,64.11339559859803
241.32037475200505,104.09048561186344,65.73074462533991,65.75321907844597
241.65079135822356,103.45022024122629,65.40414366283562,67.42675282331018
243.2409829289212,103.79312181295995,65.0007920826041,69.20438094049399
243.99559536242387,103.79872105793015,64.46764542882651,69.66780864626946
245.8576849025413,105.61326871408363,63.848747217740936,70.79837357629356
246.44264398679456,108.18993865192712,63.057108631178934,70.3433188296865
247.6699503384424,111.99064183880093,63.0568328352189,69.66260708575831
246.46385651821822,114.37758262113292,64.6075552918114,69.19603151408664
246.31434309281033,114.67303510076042,66.22072891621865,68.13099783625763
246.91662942482517,113.7773735598501,66.31987503344754,69.07167073432748
248.31950055660604,109.15170404287781,65.85657801711741,70.38372713269428
249.3174123130042,103.78126775237466,66.1817168623939,71.25696936289339
250.70238516526462,96.37246445980881,65.09928707803952,71.48299074757841
252.842294822909,85.69402304660122,63.60701886575072,70.85365041598598
254.33644603799772,75.95946155497789,62.27767616177056,70.15653469975129
256.5915206014398,68.54055268662043,61.49956277491995,70.22629581425502
256.865326153528,63.78781248469219,61.90660778041229,70.03213535789475
257.4271563133042,62.842028118255705,62.85353049747897,69.99546940442342
256.92319643300107,62.09321292715542,63.879897119208145,69.61752330941545
257.25791004643906,62.5484100613419,64.98749211512444,69.5333503350669
257.38014726884126,61.83438325209117,65.33162895076715,69.68013865747139
258.39214551943934,62.816486353718126,65.45518511962007,69.81424540886412
258.5073847098395,64.77317493111327,65.36058916720056,70.34695674842084
259.2093856572694,67.38494766304962,65.60353645584357,70.46504510729469
259.3246364287663,69.26802081290319,65.88377835621077,70.25114530288315
259.9206071715597,73.20533794353781,66.51662107555629,69.2082215668625
259.6332213266476,76.48310340622514,66.75601581543431,68.53136821202827
258.60451770792383,80.8677112742804,66.78520160556106,68.13429604240075
256.9444332839854,84.04010338823318,66.5323690566549,68.58242017826579
255.57325676348773,89.83960193914697,65.9755824444317,69.6291351875096
253.79412436511944,95.0025938816549,66.95067569623271,70.53729400012483
249.58610935634692,96.2452131897906,67.8279159726335,71.31595719312003
245.38190669136247,97.3918562592064,69.18320259760506,69.82887830171904
241.95256585817341,97.31565991059634,69.08686208422758,69.30642160303267
237.70878538231005,93.63852842482491,69.04275020993768,68.78554256941939
236.3870374226384,87.25371121319364,67.72604122457254,70.4622654253936
237.42025099465076,74.74127551751214,66.50711005841447,72.38516850519096
240.5415805812456,65.19564049035087,64.34420934834242,74.09526268177211
244.93805058664398,56.894114526733716,63.33522689063573,73.94356808389605
245.91418075496446,52.46229140265752,64.27913207267449,72.85170433427133
246.9074026024997,55.07618067297087,65.6718062897413,73.00439218672763
250.3111162607725,65.29433043589012,66.67443183016141,72.32774002093412
253.0977381982937,72.93752161872473,67.01918529334196,68.90719053527063
254.95234897866374,79.21616118152403,67.38450423383324,66.45649957827335
255.46689364573183,84.27700924891798,67.799796736079,64.36889072096785
255.82485619808668,87.74244317946011,68.51415951789711,62.685891144396706
254.01425979809136,91.24692221966126,69.92990492230511,61.769343844667105
253.32346755221127,92.59205317363862,70.66673072668239,61.98915715637257
251.0636032877297,91.37200936598046,71.77033645748867,62.88509708411853
249.55375843210305,89.77959484620305,71.5834524160507,65.19819786640856
247.8855011633467,86.14023015882287,70.69952182274459,67.9428459752253
244.52473619370923,84.48389324486544,71.75470095016264,69.7482109891951
244.18771544076117,86.09608291025712,70.771224793791,71.85447794276689
244.33899632151793,90.76209375231765,68.90071339790278,74.079365334013
238.81730096034119,95.21069813305063,70.6326204436825,75.4424545060975
236.85708879360004,96.31693462806768,71.38124839734482,75.78914246539085
236.25724332450673,96.78891881929411,71.9551473391403,75.50598620920202
238.8242065418748,96.17740267919538,71.3740705497917,76.71095716193611
241.16957219320994,89.25046828514577,70.68331051577081,77.97292682970607
244.86662401954032,80.84077159663741,70.43619900556556,78.69947190021183
249.19398339192367,72.13392299314673,69.24787748249116,79.95107038875653
253.01131923856045,65.59085656272765,68.56417894612588,80.0201079557933
255.88672414526192,62.58243980159581,68.16206034064493,79.34657427935343
260.0223791972941,64.10463319345646,68.16998490683079,79.06536888662586
261.6882359428313,70.11228738418143,69.3284501031888,77.63227318075317
264.5088941668573,79.8541381370114,70.41923791510627,75.42274920138446
265.65489703083847,90.25324468147627,71.24498844446416,72.86214111010887
265.6749972190506,97.35468729052451,73.90118173399878,69.27263080528866
263.08797969483305,102.00499508350478,76.41274487961398,65.6314154303983
262.235830602971,103.16400343319148,78.83000767467932,62.97827871678875
259.85094711086447,104.1106575244385,80.3283703754538,61.90074090545937
258.03631430553975,104.4925245720408,80.46084709228005,62.52367211933391
258.0701743834675,102.07391081908649,78.09685149309865,64.79940950328037
255.4095714885491,101.35221276553435,75.84094033618679,66.48770472207184
254.1536092399533,101.5219725804678,73.78838091564091,68.15169529600365
253.34695269118959,103.18101647324755,72.96672402336208,69.94454702489884
248.65501245251028,105.74128319057968,74.07798953175381,70.78981344153954
243.7363445529457,106.26135099756536,73.74554307713547,70.89610446277742
239.42914492050238,113.23560882352925,72.4449488257161,75.32038107792113
235.86714037958754,113.76791543235511,70.96945013107535,77.69619232097213
235.16632445673707,110.07944332560848,69.32264447831628,79.85678713116023
235.8366776926613,104.21818343851893,67.88981215481232,81.8340554168509
238.02756838904781,93.20274257363732,67.29501986415036,83.23850459312473
242.88137635607976,84.86938184350169,65.58328944014755,82.91859886506113
247.78492477248693,75.25360559959798,64.38383943126586,83.39269161840451
248.5476662913784,68.59980792867202,65.59251382952365,82.65015570662894
251.42977121358325,63.52769438271132,67.44219263173503,81.61263944121097
254.94847098174733,67.1764389831762,68.62519160325337,79.5785803265752
256.31705298456984,77.65429576585007,69.42563572159959,77.13813381426716
258.1458815711767,85.42537394981264,69.86552641307236,74.08644184502428
258.3568072929119,94.60920328964201,70.41591885723317,72.29991491163815
257.092177817206,101.695661533275,70.77871261929795,70.88024109266313
255.79950661193365,105.63444425647887,71.46443446183793,68.33310260868939
254.683820214658,109.7890848104746,72.26971549447231,67.34033271581929
251.66207962175255,108.14623268048834,72.76610906051377,66.32688102251035
248.5375662507341,106.3046447142084,73.05498183406127,66.2354109092733
244.17726482731004,101.45074515167173,71.95764213936543,69.11277185500886
240.4286361915,96.6715662769725,71.94765163711511,71.50125149481018
236.5953004066073,94.52290080945966,72.5612908674183,72.71668474979516
233.2575043587961,94.79655720512694,71.80545315563367,74.02180258904403
233.11235715486222,96.41669135495847,71.17524645961436,76.0901357611244
229.59436819095214,99.45913010410973,72.05226931502705,77.5213361126544
226.59373234815655,104.16420953461713,72.14152362209731,79.3550154204002
224.14959208816384,105.67685030542722,71.51779288662183,79.5483770726867
223.95823922914389,105.82432968326341,69.9661548877225,81.42618845881985
226.42990914177696,99.97966688620356,69.64431273929648,84.564982212116
229.54020506656883,91.13485202757373,67.98256315791627,87.74390036258839
231.57771128714407,81.88309766751891,67.38907152608925,89.0856473717295
233.2272703668719,72.96735857577002,67.85720149829706,88.5766068426345
235.53812344558764,65.98099057126674,68.82262251257887,87.4646269426016
237.52507629760166,62.735758588782275,69.95324776604325,85.52611563937364
240.36850543119357,65.39894204120036,70.48733820738425,82.09379509069143
242.26331970658458,73.19608961575982,71.26783977849468,78.50588933849977
243.13654260384482,80.89965577276354,71.3436276580302,75.50721976769132
243.39817859578525,86.20503122521987,70.88033424926645,73.5175124462903
244.24929417055085,92.28894835151985,70.56800986504706,71.50167982588631
242.47006169868627,96.1879629183984,70.66939753610288,71.14685505310298
241.4479270757326,99.14693055871064,70.93798901325694,71.96014859211982
240.30133830403133,99.22890153799833,72.23771066085331,71.16559632224623
237.88287681519066,99.1879888904213,72.41372214596599,71.3903294877189
236.4454980802148,99.38116041228301,73.17207307650736,71.40102904572939
235.18406545417082,99.69194138211576,72.31082324789257,73.31247979625007
232.222404287092,100.51936373887935,72.55626012982495,73.78787413192258
231.88381923307563,103.22320596033418,71.63300060946567,75.14451810921189
228.47054830434143,104.75745744575076,72.8974746349635,75.42689598832662
224.93063166785012,106.67997112494379,74.55117994867243,75.65253938144745
221.60715850654907,105.96738719782132,74.2868334066767,76.80479832897895
220.60309001421757,103.68972617285704,73.40611266999517,77.46280197387432
220.26101694720685,99.5199191021774,72.94769582498317,78.2153747168262
219.35813607537978,93.37592968751943,72.40322901165273,80.12299696265615
219.99941306586697,86.62014780348761,71.75239820180113,80.81605157825513
222.17356401200715,75.84551379373569,69.72142510100807,81.26603505364946
223.10070404060772,65.83808557071583,67.04905908052882,81.52374217185101
222.48751661628182,57.21148828208695,65.38784871100539,81.71605571110135
221.81469087742772,51.46994788790103,64.3824665185447,82.17956975166538
219.43588640978254,47.8774696786339,64.32740002274649,82.30277232845796
219.21902304180617,46.83031673076517,64.89196850408499,81.94420707811439
218.36257966496993,48.07963401612355,65.81614350091004,81.4898496246249
218.82806232325225,49.53096682367566,66.8343960231963,80.74622102344144
218.0282024621262,53.34997906312894,68.07525693435808,80.65649035807556
217.67083303886616,56.39937567123903,69.24170197373121,79.81366186478388
218.26121777058435,59.723299885183756,69.91873057477089,78.62701311076209
217.59038463274118,63.412492496894,70.78785853353494,77.52894561591619
218.29341508643896,69.897630544802,71.07487119246713,76.79607848343517
217.06667966322982,77.42830594750673,71.03293767453667,77.0554365201545
215.78615831880887,83.37935627047953,72.13518025661361,77.83622830371371
216.76724560781554,90.30328204215121,72.12983819042665,79.16384928674273
219.08834274340416,95.25213447662374,72.21777182918302,79.59356805505203
219.10405647097855,99.72445191686481,72.78067080253876,79.67321115672776
218.51694192159005,104.46022546920506,73.7882942312988,79.65111079476175
217.763726882082,107.81345366944254,74.84722143018377,79.94061593340331
217.41608596913895,107.26737448296679,76.52292523771087,78.39108652257337
221.0563574920796,104.557798222922,75.98500442223282,76.96600316857518
225.9137835487097,99.4321030755052,74.50978950322138,78.25076202241607
232.01562108221668,95.8187326163149,73.15004817844817,81.58899102714449
228.507411623668,84.2182214207222,72.24004966764306,83.24067228829844
231.58785656838717,77.27687282603296,71.58018493843407,82.5678553738112
231.36670154423112,70.66879996702521,70.32598494463338,83.03547462012185
231.79579187825345,63.23196473873945,69.17834469242055,82.79587846974715
233.1909297488901,55.99042670156421,67.92174730315645,83.14750124636366
234.43724263971774,47.693397785721615,67.50631091870045,81.88095516191154
235.96423778902675,42.05557308053301,67.67814589098461,81.46049572265949
237.64280421099645,34.75076740088389,67.72663751942896,80.89281291397512
240.0422344770506,29.310203024219618,67.69955223663774,80.24646289536489
241.34252954586293,27.696012743624372,68.28584816618422,78.97348046372854
244.0332962487445,27.342233409659215,69.24699773526442,78.28269960008086
244.23303832337575,27.03367004135655,70.07554618418793,77.26916431118694
246.17063201202473,31.32639764724366,69.86384392693404,79.3456230626554
245.72840008084495,35.72052291143279,68.87591164510914,81.97458629805679
247.50768792339477,35.11536932648143,68.36872399141501,84.9867043790766
247.51173818095484,33.86911299899613,70.15910774851403,84.25018639136334
247.19838814766652,43.85482879194996,72.60611582836562,86.90797993901585
245.50996256003322,48.72452781050059,76.36573908429037,86.13989139185415
245.96981186553649,56.790441415964985,78.93962079084633,86.40648055041741
245.2087486083906,60.240982444853856,81.5605780578116,83.77767807963329
243.20529939531085,64.16576903162058,83.63812669814791,81.94681212753953
239.05206560330856,61.65594701546294,83.52454504934487,82.29640267440297
235.46502202634565,57.116564950747,85.64529078918167,80.27342678669582
231.42838506821028,49.49030408826754,85.91543234655431,79.23403670660117
226.05241806490505,41.58410148231857,85.62347375994683,78.27744882158876
219.97550548425497,35.28306358173357,84.67627012612506,77.46171795906133
216.5221216496441,32.99172594210481,84.06447825699225,78.22639659489948
209.8473552079259,34.14228195487469,79.09717358767352,84.15633143144643
206.3942162740729,32.59863804591723,76.95351828199261,87.49052237041556
205.11744740410458,33.117990235716206,74.57636184916788,89.38463831637623
202.69026168059725,35.367228725989506,73.93253230461659,90.81068876354897
200.9534906150026,36.570122786921985,73.37893805171494,91.81236562918119
197.20842935636097,38.72301440409515,73.85039553722454,91.68537255287526
193.15891560633264,41.06554106962584,74.0564622413487,91.523839018737
190.33452362955916,44.63438083586702,73.91558707270919,90.74586374426832
186.649548332949,46.749743865555985,73.84583539805428,89.47903247255942
182.91598486264877,50.77347308648028,73.79785576384131,89.06846441232409
179.01172816226247,54.51190657411011,74.08166774176026,88.1543355151601
176.23787135736816,57.35183448151486,74.12564243735176,88.02147276035845
175.00924231617972,62.52880935037575,72.98013613208852,89.07760856170151
171.91112060746144,65.93563836608462,72.11997856289824,90.12159683264123
169.58179364712583,69.9887971477007,71.67389413762699,90.69328288063764
166.48379106449062,72.41587161513536,73.54773461405988,87.97096910098442
164.5277854180867,76.06600014986465,74.40419917307385,85.5980385599565
166.6438319435424,76.8847563016603,75.70179759671784,84.63166036728879
170.1660032926191,71.87532578145422,76.28561952055388,83.77218094473571
173.39461576015015,63.91095343294782,77.4139318285785,81.90019734745525
174.15509884065523,55.11068781370113,76.57676025585434,78.88104544820787
180.5138830708966,46.77619644887657,74.38777653095985,78.26102178832961
184.58371003377826,37.70789294499767,72.3920627661894,77.03561024032777
187.14136411898463,34.603870643183235,72.16747232168073,77.2546520687355
189.39062181254292,31.859097080905066,71.56713257806749,78.87827774335729
193.59004714249775,29.740938560204825,70.81909140719559,82.03072043196676
198.13744931839153,25.46553656131003,70.96349763754566,81.92340757118131
201.55100250635394,26.011282789671185,71.92284350404891,82.15861150051285
206.23413231304798,22.427924450413173,72.91418156041858,81.78352994968579
212.6392789771505,23.23593476461285,73.03196712728924,83.62349102370553
216.4962550272151,21.653527466761567,73.7568037577771,84.14130538818418
220.15790376362506,23.074484067726786,75.24053107233834,84.36954158119579
221.04286852815528,26.210770875688688,75.9365588955757,84.96213170164673
222.26356527370086,33.16741620375177,76.64022810766495,85.87813255465468
224.30873778911769,38.320866071230526,77.13461636025542,87.52145075422251
227.464014596247,41.46830896300316,78.948973258288,88.90472866626008
229.09239186454283,48.60402439993341,80.13795382076796,90.70940318238152
232.49118724502603,60.21749883446149,79.92576506017575,94.23845197105514
229.2336107153868,69.22574569587732,79.62273278541677,96.90127833297204
228.1316828847966,69.90994017356758,81.24733399328589,92.88698321671913
224.95894412239963,76.49863067802487,80.75704223929365,92.75978655826287
218.7328050985119,74.84027922353579,82.29477345922523,91.83286095164254
215.48283620833672,66.21579197600994,82.49530407818008,93.87725626308905
209.73155954121927,52.16642266124495,81.0828435004371,95.16600574659816
209.81713223185028,40.367065852824176,78.81270120124319,96.45835436778789
201.0700082460355,26.557754330486418,78.93812524466048,95.05027524467766
193.23819264876613,22.992534842501357,77.30847365525494,95.90209785425606
188.24070219025046,19.876034710535627,74.00622405191173,97.73529403677348
185.0689748901634,18.626093551978542,72.82660194056488,96.82204969081798
181.71208219028637,19.386080553304964,72.3490982278228,94.65111938615416
180.65000363920035,21.57296857744329,71.25736016246998,92.13906384802587
178.14830259583312,25.227545617980063,73.23105462412965,89.30959109027616
175.06613202870278,31.61929941258188,75.15656654885404,87.17149850591719
172.7451187829011,35.08412335290138,76.3712189074362,85.15583843994507
170.34356435678058,38.99576948912794,77.5279389398181,83.59207910508559
167.90326214274938,41.15399054358828,77.93701105432118,82.40273091023977
164.89693533771094,44.23429549707967,78.3806502795558,82.48549331592358
162.02197113691264,47.10263895181956,78.15525506378788,81.71185940179029
158.82810735292048,50.42550272354606,78.06996387096811,81.22624524718054
157.579227781281,57.052931628679204,77.7201399032915,81.04253470703074
154.66725860918945,64.50536469351759,77.01064681132645,81.66044272137526
153.43849515013866,72.3775364103843,75.07479251324833,82.15793187892649
152.43813216639754,78.44304239425347,74.68614386704593,82.37091958852719
149.5324630553072,79.4055356900348,73.99547004508882,82.45981052059835
149.61401132687593,78.35207910945266,73.23404534877955,80.64382226104605
152.32424761638904,72.82824637575106,72.32845811250729,79.65750773135761
154.89630851062523,64.69850603651263,72.89611266240566,79.07122117738129
158.4832581744697,53.872416496419824,73.40565843799205,81.1868458286467
163.33372528781507,43.09473819745776,72.9170029297866,83.4389310779859
168.66557927938922,33.55039558248809,71.62033727779772,84.72455191947515
171.58112353558187,26.893199053548145,70.92082509293625,84.73020573314608
172.87932287714494,21.702815354973232,70.17823785983325,85.34108760790971
178.17670560029748,18.06371855246376,69.55575850890489,85.98579079359935
181.37236606259165,16.90688222429594,69.50884698515102,85.25312053224113
183.40039392657775,17.246046065376433,69.24749657072203,84.88228388633584
186.0930022208604,16.532170259275027,68.18946880176283,84.79369573423537
189.72215719865025,18.167323466725065,67.66362033794015,84.7041381723306
190.45678423448834,17.2534689878648,66.64846332877285,83.63695465223853
190.7606085518119,20.6940513278196,66.0135817213692,83.1937909252897
192.5042192687608,24.929158146198816,65.28262246386812,83.58445324674102
193.3032237177806,27.234684768657644,66.72592271809825,82.48387518588586
194.7248307353638,32.236200147534,67.59043705377431,82.85705635499731
194.4401455951728,36.22234639897003,68.96255567499733,82.34176916145347
194.93629726684375,41.79498017012533,69.06611744591139,82.49713132641133
195.13844044738775,48.50922895424465,70.00403953948533,82.53344706775198
193.85293304394543,54.66114707309823,70.33012969238328,83.29067267904973
192.99406234054092,58.45302555934023,70.98478234234581,83.24891946981563
193.5349334589629,60.78994220415542,71.49017560632957,82.60399833812451
192.63822429044046,61.19331771199907,71.62151492487007,82.53894387180128
191.73073865148083,58.78272233263498,72.01559420502629,83.16727772984116
189.8298329209052,54.09425882833089,72.02581584641786,83.73378549594769
189.5221548193709,47.799511653024894,72.46946437827097,84.33019538969072
189.16853171423497,42.08390753147506,72.67348374585643,85.1084678631438
188.71458707328955,37.26557342006277,73.11284802195058,85.1478119317362
188.9089968401973,36.07395101957062,73.16839167143503,84.38945503282405
188.3497310902612,35.002577758349965,73.36298679191918,84.19734950354758
187.49352861024346,35.055514664711325,73.53613166371873,84.51168883263813
187.57848253410305,38.6185921859866,74.65324909966424,84.8933540540068
188.19293199512308,36.470831844429725,74.98651278970281,85.09533203407307
185.7431605100307,36.72105488976052,75.28928119233073,85.0575815548698
186.06589999435818,36.279977793980706,75.02923846183063,84.76611552226754
183.98750665560772,34.12456999904576,75.06241482924577,84.19170609680273
182.769259135695,34.783399715632896,74.97406099422457,84.05325303079604
180.6724460418721,36.25411048158003,75.23256119533816,84.48309477123419
178.54008762195912,39.2645890840229,75.17743110483248,84.6239824616888
175.81309460518986,42.28032546236566,74.24911272364025,86.599276913351
172.4866585787358,47.17554142849007,73.67336735452648,87.9853434219152
168.8460631669733,52.15328713188211,73.36076736075708,88.48337362396927
165.4194322925008,63.128164119733825,72.11585684321305,90.06326030465644
162.23566674848263,68.92345712511761,70.96722092363713,88.62247294015735
160.124287998782,78.11504247786199,71.83575939524147,85.75158136381557
154.46386371571782,88.96558758455592,71.06773490534269,84.87244713918926
150.66446786118337,94.34571321199209,70.86800820458501,82.7133851436439
146.63735688710676,101.69782808437202,70.50488424585396,82.78571020845129
144.06649755383688,104.36778050819991,69.71681478840256,82.72166723605906
141.43952932261934,108.59387545310898,69.77742416520802,83.98595352116399
