302,135,67,81
302.3406150693027,138.18877974785764,68.28893483429904,83.76398448654749
299.47737950887233,140.9947614765693,70.72840504174533,85.95245909234959
299.81486866848644,145.1994372445178,71.83686555433799,87.94704876110913
300.2572646584552,145.7159812150102,72.28994322881024,90.17154743607176
303.1870312172948,146.2577589455663,73.11814895297874,90.9046539214988
306.42901116221253,144.46244205230184,73.33350758868863,90.49937170383511
309.08626635441294,143.62402353537448,73.77752585728365,90.06747287684541
308.0198008630586,144.08991624177048,75.45036027644683,90.75611782805797
306.9987162931251,147.37029431903926,77.30892131410788,92.31672251143553
307.87101500437393,147.0080153912706,78.99469278944738,93.54143428121299
309.9767222767423,146.99406072623785,81.3781093372225,94.60620457216629
314.3896543812832,143.1747043152565,83.08650866290287,96.00374860274472
324.07463415273554,135.81647902716873,82.1919382966197,96.68095761774953
328.9496146073519,130.67136644871425,80.51242957840702,95.82302472751795
331.9544612725698,129.2957039265512,80.09222636865938,95.43401216015714
332.9200444605961,128.8853313064944,80.93983042985874,95.45152404994234
331.1781274806332,127.50463659277415,83.023750669875,95.72316392230347
331.4618667961773,125.35924019451194,83.85804286053914,95.18141821050696
334.5102448089741,122.01431747276717,85.12384702135739,95.75508006173807
341.18566856081515,117.61442607281472,86.16489756003445,96.97376372484013
345.83028957155074,112.05628969365354,85.64088826379306,97.10645720470606
350.4028702133832,109.69777874511448,86.64030978288689,97.21912254817586
356.42250160952375,111.2669221080647,88.01560711003181,97.19250051480869
361.3469596960025,117.6712712563287,89.41943229503141,97.98870392933227
370.4947802884747,125.54955284905748,91.5883748678981,100.03482320228181
376.0091583099405,127.15946865598349,93.98535653538963,101.51234813462435
369.8910769109122,122.13424031714965,95.02653254156431,100.25225474147942
358.9337864272654,105.9262617101284,92.2462645735727,99.9159536884512
349.66341503785225,94.03909738780266,89.87575551676375,98.77619044604951
343.1883838338137,88.8515557223794,87.658816200062,98.81951290329857
338.1542076348182,82.89334709993119,84.99567643369383,98.80144920278127
336.3530344139474,84.60321394607651,84.79315708156147,99.2495557681228
334.8585334092339,87.05952972264122,86.07953446674415,99.33358142959898
339.5334075200236,93.7825995740007,87.19501958942594,99.13215977935737
350.0521299558719,109.42044178109325,88.1245277142122,100.7440511333482
362.7183680638318,122.51491641816239,89.9022298988886,100.26012335255724
370.09672657339655,134.38845424661378,89.83279367947003,102.527823153549
371.12472277744973,131.67586448572425,91.28972526816148,105.6954537761182
366.7748378482304,114.44564773741835,91.7146707695185,108.2075120768703
361.98323421908236,99.93851677305314,90.59469170871341,107.90426739311559
358.44087347866787,94.94329426705096,88.71739743055372,109.79409238046323
358.39573932740507,88.67774128178986,86.63107014203366,111.34595459129909
358.48976642186534,85.62379501318605,84.62010772866253,111.59751405134199
359.40064229569623,90.44204729725445,84.07515516827365,111.4745080015914
362.165004310166,91.44518282390473,83.5113889638533,108.30653882760362
367.213113837622,104.48876698423392,84.0680141005758,106.34780369714568
373.1340259999952,123.08676259293145,84.7414845155365,107.79445133501942
379.33838156821133,143.79483898526792,85.80510706273176,114.00576763545033
379.0926370811349,145.66319753712463,87.69780177377041,118.54274442057383
372.0653877367131,133.85416452675187,87.65040917693251,123.13733603632868
367.346369015187,115.98563040248325,86.39189977413803,124.51033417843007
362.12887852231654,105.55751431957628,84.36782408086444,123.03969206401608
358.6464919290907,102.53768254529292,82.71324445101416,121.90319700676147
357.3877717379943,105.32412802725584,82.40600440527298,120.0692570839029
355.066623453574,111.0390509024287,82.30778830377949,119.12963925433633
357.2360445990874,122.72276827558399,80.2713169395275,119.4253643493561
358.29976636704805,143.57788439324997,79.99145434184669,119.80416293716894
360.13545479496366,160.47864015476824,80.05016146343986,119.43413332986778
356.55836217113705,175.78014484846847,78.99983269322811,121.75840069706803
351.5947574304097,171.13121818900555,78.9758992445454,122.89991829955434
340.17157426999336,145.14919933489512,80.41765339661886,120.36250904088965
329.02031501726316,133.41679977701966,79.11098437624142,117.345654739568
321.6114341671478,122.22863807224286,78.51508111166348,111.88643373308054
313.52927210187033,119.82559492894647,76.70441333050566,107.20967108552051
309.51512319791317,117.47935772941017,75.39612719370902,101.50098907268675
306.617626645334,123.25014966898871,74.25904683335636,96.93864216400009
305.4691304118282,131.33859858859824,72.99272210711226,95.90598798737628
305.78156987606997,141.31174839783205,72.78232881812731,93.87284567209554
305.5767312801347,156.34264185941916,70.76049359340385,94.5158580818816
305.94977233502703,172.40380858462015,70.24147054858533,95.60532968070012
303.83406077872445,189.65648284910677,71.2331666667111,97.5274015131613
300.5523127307776,189.99895623060672,71.7374638000507,101.56733762072082
291.14133223282954,172.3670146605701,71.02573086020556,102.09255426536112
283.42874880949574,145.540139037009,71.46106619636335,102.82075264382553
275.2177506152945,131.97436211576968,71.89890358046559,100.60998428876772
270.99114161924274,126.81856725209167,71.19713298695203,98.31728433642304
268.6162636235027,125.15641221910815,70.03489246669021,96.4957881965927
265.51228114249705,126.73869383541462,69.45172931823572,93.85663804422992
261.89955986071664,131.00153996099954,70.07514031571492,90.88329839858326
260.77102576797495,145.98473493886104,69.43623034557748,90.75542018344402
260.80023421257863,157.5672441591405,68.45238042869704,90.39020956685133
259.78342663066735,176.4726542283861,68.02626659145946,89.49904710398769
257.70576928039753,187.98580363124177,68.59086272720857,91.64489147561463
256.4670259503179,190.3162063630626,68.06246679809135,95.38605870352563
255.18570062705587,179.63704257350463,66.82156520852145,95.32035159942723
248.56633966255075,173.00148395993915,67.48786306337678,91.26256383370551
243.79543256915508,174.62427835603182,67.68152641855907,87.24904300244374
240.8201927420539,181.1633712440542,67.6440756336643,83.4572370702187
238.5214712728833,188.05988947989675,67.38273165319657,81.42972817490991
237.6503464599985,198.66207687030357,67.46429647550534,81.02144647439704
237.73751042522946,208.16916535497143,67.49484854483136,80.96330423019381
236.00273616326808,209.0544243035788,68.31722848592435,79.12404669959031
293.9625209822825,167.40260373078763,70.13787753235395,84.62062998386335
237.3046096983744,207.34883929507527,70.30448999403919,87.22852656303951
234.86819581163442,220.8144424409494,68.9334832324352,93.1648514103151
169.2957933915071,167.21232287185623,67.99326644137248,100.75522860422468
171.00296836934206,160.10093573756268,69.51338342178511,103.73742958070903
172.27436954467444,159.10126572685363,70.56128402890971,106.55078624552519
170.92022838098018,152.48422984011262,71.49538209724695,109.77304437204856
176.36191590646234,152.04139982929684,71.83956047324905,112.80049720851035
178.04735908699394,152.47923997512322,70.52872321242664,112.70092351617133
175.59937731633585,155.477261031214,68.72873158208071,112.89225675546368
148.226550374424,217.7616424415338,68.73874950943093,114.50811202029615
95.28886492081723,238.21768288640357,70.13448131514875,117.98376646671372
94.58821410593627,243.73264988852213,74.22966697113841,117.62138431357246
86.15980162473488,243.58263852203342,71.63711113678616,118.32297625787696
88.24326349037561,241.03911606890148,76.57321428072049,118.49528264231195
104.49797346541907,236.49551782808987,79.8168576917183,122.62349153062806
116.46121257874887,228.3411910555949,82.2157452505985,125.17299514367224
108.26037045430628,214.8174926660865,84.89386073832597,127.15650689048033
94.03597243333405,209.47631879392995,89.28268999137624,124.1848992962263
100.43068437760172,201.04234030992018,91.00307982294851,122.12262314604573
106.19370912156201,209.92902774690901,95.16146476862903,125.65510215186886
67.41378154763902,223.04860390674378,98.67405157856257,129.7783273429582
48.259664913145635,228.2122284257503,106.1103971025991,129.46215724652927
45.46566544508029,232.23313874766495,108.43861085043753,128.8515890145536
21.113103405231136,227.49373608382325,117.0422044163604,127.73378935519477
10.691844506910044,241.01828201355184,124.31509659071492,122.50871892616482
22.113649733279445,223.22027369474498,130.60763701106538,128.36310755341918
3.5092582622603032,215.00785456796066,128.2640389853032,137.95466253057083
1.1815578926047152,201.35020227254574,124.1694770268738,149.46971641138035
7.380391774816772,199.6761628957667,125.04167927790368,153.1914554354939
63.99202042770132,216.7253333235876,127.57594865886693,146.9059342229695
87.7911020444723,192.3583951814357,132.37095166858882,153.62326349039185
158.50266227985037,155.75234184377794,126.35268558086173,170.3970717575874
148.51143626167038,148.998249797066,128.0809045206633,178.63106861069025
86.47106080312395,103.30295056465003,142.602462731998,160.14789312199557
169.32671014053327,124.31466509132652,140.58786587360913,173.60817837794676
299.4796224650483,3.663314290053364,139.77090688445386,174.53013465271286
278.1284839876704,1.0,147.60101658945555,173.0796671095071
310.8339941413369,9.16390041943842,140.84178628435933,179.4554898114721
318.8275613108039,8.333896998555545,137.0046525791057,182.6790916064033
301.28942834962277,2.687016730107757,139.27930503432106,179.06896150696016
295.4933339955389,24.329510969860465,139.2295923368832,188.13396632700156
278.07438369033946,28.91383152942973,141.08125863029974,196.68134839210808
287.0169427133867,10.98570517451644,145.34331835816926,201.03169423629674
283.9404418676778,8.335087493690892,149.83663233309642,201.28858483829265
280.2332079454701,1.0,159.18409235151947,186.52649868633387
261.51070418404095,9.508888776118411,163.5235913462446,189.97883365241904
254.6632025870682,21.886119984078704,161.8393393361605,199.0295033588412
228.2210497688203,32.810389169076984,160.66866348043456,215.63575030646382
268.00172902556653,2.6017495909536024,163.95302004634505,216.81062310091426
250.69464035859107,4.370721222730467,159.97729655060584,219.19238314646117
217.53230129360514,16.88713444804992,162.91868802748695,224.82940025888593
276.86731750902743,13.242957055414962,159.5601762189287,232.13823439585235
270.5325859844681,3.895544553666298,158.31538062078448,234.19529405244924
320.1822280451458,163.89939577752168,171.2538652064079,217.65711431398864
312.83155565328786,167.293256317172,185.3186294029968,204.18049860652548
312.00436392163067,166.4005207057499,189.28694546181748,199.3000093275948
312.4220535501648,179.67144851364077,190.9820634126338,190.1311323842275
311.7006440999537,180.84908235841394,193.2261833487667,184.00284813830052
447.1205968389428,159.37065643802993,189.96915452016657,192.44059819911604
459.70428817956895,151.54387193228249,184.13058109771276,197.22236923864483
477.0675870429473,162.20593083049417,172.56264820323474,199.95972235974688
476.5675235648193,165.17509299840972,166.30608625386628,198.01071318189958
477.2337361276288,175.0754303058221,164.26232510130365,191.27083950294133
481.13623390937454,179.39840266946305,160.9960364121156,186.34964834697436
485.53171464155787,150.11984760422862,154.93698624949633,197.69079373887
495.5381941535642,150.91952597480315,148.04821822059984,206.5083229955177
492.70990969915283,122.05507468835206,143.18828016963352,221.39552711906188
491.15926219659764,133.20461504875206,143.3075079941241,222.797364119198
495.8797546777859,123.33035685491333,138.7341656923726,233.3441383549199
494.234404646337,136.94053034823003,139.7272465109279,230.51031508202811
496.54065846003994,150.8524700773385,140.36319977350712,220.75868361611612
489.3186014218552,147.0158581313089,142.2961890829052,219.8659070877576
488.9796808527573,136.35434155024308,144.9505448968549,223.265436417813
497.4622694080562,129.5470987984119,140.83210179358764,229.1669634881306
488.00465962639237,123.24695092650249,143.28413867287105,231.4963592165839
483.07365806111613,136.9107351308425,148.27006404911614,226.9606143058315
493.79681736235216,135.55045370986127,148.2855915085475,220.74939372580826
482.58767369874414,159.70005129948623,151.74158900610644,211.10003737202513
452.14820563443055,157.0005511864148,158.481341995444,207.6164400517511
422.98840745591383,166.1314816382817,171.826483300824,198.70633412037233
310.0748996706624,180.2165961079774,192.16930000595983,184.54063690707733
303.0708359520122,191.3458102930992,202.0951126128793,175.81874039599208
299.0958214623446,183.0497284804643,206.67202666918752,176.66577205773368
291.76527778300186,190.44436846394677,214.9491893132869,171.46583483328436
287.4507758573256,190.3330858643766,215.4352870618236,170.1410444972392
284.43937262180407,185.33860811887578,214.29106171785253,171.72984149221946
279.72401248321046,189.45669203121517,217.41152037748049,168.8710965862602
296.51861481030414,188.20921619120358,215.71142118982715,170.85716634992394
428.60084755225773,177.371937579189,211.98536203990824,176.6866458011362
442.1909501888165,179.79153389088782,203.52828640138733,179.42442913813056
442.05292234772213,183.90445422648844,200.15713362374515,177.5966840464375
422.00386081865236,172.98185381244565,197.63014898672526,181.92942848982557
304.0987556381349,10.466061194251239,188.64778937851196,187.21995961001568
335.6660430186109,5.950830026324226,174.57375639824576,188.592349037487
340.8145152210556,1.0,171.71618699521753,177.55328955940394
368.12585977535696,13.373638919795624,157.3471915680904,182.50144802675317
360.0883266743593,2.308933988016932,153.61956270376038,178.11157111753124
364.38371946496454,4.534072818208955,143.5056714896021,178.8435288856281
355.01969422057044,1.0,139.82317030231033,170.71910436854307
358.45462558763444,1.0,132.53384540268783,172.30861537895723
352.35258070661484,1.0,129.3955245827148,168.81174878385423
323.1943844184954,1.0,138.99152955697727,155.79078439594173
314.144129791452,2.967700305968549,143.12087923675836,154.8956979114924
327.40593013758723,26.380055315681275,138.68922021892894,162.60613385458407
301.00505916873027,5.056342627640959,135.10841167294248,163.85364372954353
304.1873238951547,5.171340625826474,134.3760780693081,165.22220739625783
340.5374777581503,39.77883262384829,130.8846219890841,170.48481039728117
353.60417772492434,38.4957769895077,123.60027519212156,181.00151500906918
345.22694064782524,26.969546002697058,121.54422929278968,190.89178208434606
341.50452824916596,18.053645872397354,124.18384427039045,192.5984684253058
337.58494621311627,8.723539899887953,127.89889628324119,191.29181737861526
339.6067183825977,11.762786076093775,126.80689435994321,192.5997487803756
332.11621562136816,2.2403171017638357,128.82532260450304,191.37623698876467
338.3463241204964,45.57902898436923,124.58175012883746,198.76155241895506
325.87144539540753,15.640675368024077,127.33351506883784,197.49233235544978
327.60210430969164,11.662339806889847,126.72087607396332,197.06931244249424
317.9584742591413,11.64475526936694,125.71954325368185,202.27021840072945
318.3890191528099,24.437667018187298,122.81383773956989,208.37159679075262
304.3496078639033,13.933714748165102,123.30205263581709,213.2285927858165
296.4399199991901,1.0,125.2293415064571,205.62471193147428
294.3649986729846,1.0,125.3265460864483,202.46206002724853
287.2435895259027,4.750555331369284,126.58912371478178,196.5252233601114
288.049484842466,24.23505633586852,125.03200562250237,193.68200604548275
279.16745098125284,32.134294179383346,124.47563356051248,190.31723700061366
277.742379933018,39.73691548567476,123.57937964628566,187.347341352947
283.35859760401047,45.77215872368866,121.72259735394499,187.93648668356897
281.500596978299,44.48481050159076,120.15698578617642,193.1356392264519
274.92742029622764,48.24979038051984,122.4796453643866,199.06766205018351
175.31561392796746,160.4327404014564,124.45673386900063,189.6275139688887
168.91860794832792,152.31085255729974,131.63705208348546,170.33706432477663
170.06840087048766,168.24888214373914,136.96252599062785,155.58136135847622
159.06415798223722,179.59224518989686,133.0815316420805,153.36332714660054
165.74047890118985,176.2604756280198,130.75591553591926,163.54325056923
162.9895420748086,166.10349669202165,130.41483955659754,164.6034283474662
187.4727677105423,174.35852698582178,129.09407999564533,164.8449611095371
171.12162647320412,166.8255871938024,129.84360340043554,164.54164749550654
188.1270333855511,156.45343939779025,130.45460710394676,161.0963756572541
189.8452198876656,154.94074170882925,122.67621395882918,165.91795034290791
185.34957530857056,141.30831690312053,119.13027020216077,172.86528967219533
174.3788759029786,119.28071202168235,115.37180090531496,179.5317561206316
192.82003722641852,92.74162610452558,113.32494926347619,183.3302420242415
255.2681403006349,87.26380533916335,116.43601330304685,172.570546282233
205.66859983858654,90.54514110720866,122.49755200288084,175.30856292064956
184.07461903154996,93.85357811899715,116.40475806516318,180.27264016734324
89.10854977777802,155.67872994113173,120.89430869006698,174.4607405061314
78.49192540765455,150.09428221841253,123.98072239654658,165.8568737321052
71.29913234744309,138.99553377054454,121.50362119739324,165.79401560292592
82.8387957223388,127.58327771990173,124.99174480099389,157.950863533186
84.49442555154924,127.0509013883164,126.89633285915934,152.0882698618004
87.65283252084669,133.217970203055,127.22747861838371,150.43572039783243
78.60038108937886,139.60865981328436,124.0312883011556,154.30758351552643
9.481133630722056,93.19267764024988,122.90189973813679,159.07968514443394
1.0,88.93762976977204,108.33117099905215,166.90624118061427
1.0,64.49272612826144,99.33591793533944,169.69530865122965
9.263296318693733,82.20801960982064,99.69253494660072,163.39587963883724
1.5783563185141816,93.09416331116284,92.41204747192899,170.04565633641386
4.100803886277234,73.06532821995603,90.22737935513135,171.4234319916418
15.308303583475642,113.41166608589809,95.19047068584118,171.72934633949237
10.64413106225053,120.52777601121366,97.39312096579229,172.10855403258307
101.37146822691876,95.21749548996755,108.7050396839791,157.97154503961139
94.19891674470239,113.4338890055673,114.48726057828827,151.77566153019814
100.24765384409051,80.6902233409547,121.38539115949891,141.84328544288957
95.74897038748374,83.7702615959052,116.72624476501997,142.8436789327386
76.49918264508874,97.32080507184187,108.63295407473768,148.98169132496668
78.41466910516596,81.47221311473353,101.95075758205377,154.4426303679998
92.19186922390534,71.63274659971421,96.15540446631513,156.9833326261699
102.59163507283567,80.76728018877512,99.11093967441653,150.44092623710708
100.82945566399222,85.36308020182555,97.20717139169071,148.19667724169855
85.90516899254762,82.70202630754792,91.285398318809,152.18744922214847
86.1980494313285,62.81281482149511,84.64800825367456,159.702631240013
88.05358718168428,70.82507939024754,85.18905943577019,156.52455435351072
90.6054361877264,79.48568236480583,83.0878152097421,155.27875562371565
43.86988745395475,71.75600353049981,97.60917757053444,137.8773817201926
73.92273765543732,89.77579439407444,96.06911027468107,143.65520388399915
74.60381373483699,85.21792019780992,97.79615880735106,139.41697270348317
76.57384522089761,86.52106423594647,97.97800460244008,139.18336626195813
68.95513339835789,84.79890609301276,100.18596993131862,139.46172500599016
57.65338894673273,76.09258141471422,103.80586661617608,136.64802244404316
78.02624425446422,67.99637053545388,100.88575298156434,141.47463641766143
62.02666414708913,93.14864606912533,108.04341641799961,136.93487049114998
60.500623263268515,103.7289068912592,105.6218874413117,133.1541388158238
38.53544262831582,97.76582315306108,113.53106606081727,123.96197009064113
12.324645235641974,108.44297399577943,114.71832560800259,133.0564661449322
21.129718295520163,110.38572647165101,115.07065257590438,136.85124108944493
1.282484278285125,122.46386119019736,107.3866966109033,147.85643335082105
4.947418689681754,111.38006867666726,102.19880524488588,155.78888044945904
32.07123215962254,83.85367059685797,109.2153708930031,146.74606869246776
29.58318990596591,93.44266434820256,111.8872970201374,148.327804052595
46.858654043117,92.67947632273889,113.94594573256686,150.22900016847373
59.69177387292062,113.77009363284922,111.23039882131798,151.48021953055982
78.997876206214,99.13759434491013,112.11417192296395,152.2330271515421
81.81791123164992,93.98310761975776,110.99859312669074,161.54339952733312
82.43080328047812,94.76342649247552,108.08968262291992,163.437804185668
138.0627319898576,97.77893789738656,100.17414126549154,172.3168838930364
147.16663754087318,99.12962575440869,94.1449987149013,176.68834248268297
163.3857075389884,115.9126101502294,95.50829353242764,176.54227802182322
170.60781388496014,126.13321636604975,95.27242101727646,182.58117830201988
173.56757136016546,131.53923265717822,96.49651236728545,186.3628787726652
181.3434566927513,141.34586944595787,94.57229918999809,191.0487879771172
180.77643832054733,140.91559290676992,95.53230810566919,195.9339539214243
177.21489245568614,110.66246885997313,96.05161281875013,208.41083336952937
190.09949269463246,129.00024992074253,95.33205803090739,207.6251945925899
192.82433910211358,110.63888591382738,99.94926853390365,207.09396558417626
196.40405653691852,113.68974302285187,104.03516350076762,209.7469247717097
201.67864227844203,113.64456726963186,113.35879965737121,200.6306952723566
254.1174745567907,81.34084782513631,114.53363852808803,199.48669748615015
270.07973275317045,63.343038524532176,110.38782058050283,212.87884079216155
274.4232649234947,28.812559437587225,108.62802238869301,217.18797951644427
272.6910451283322,15.321351677011052,110.60261551205672,218.62106051183815
271.41896398657013,17.436723458950283,112.25081349053966,219.7494511429557
271.3779391750053,11.015265708032544,116.56273949007632,219.690172779065
268.8595916787266,17.787741992575448,117.7076634443614,222.15832576645445
268.1056785829444,45.527894282663425,114.2263393524293,231.11288443806978
263.1812243793377,57.46196099186288,108.82168654568886,235.9357860579324
270.65384791388954,55.44073902511789,108.03969933981406,236.01272465702806
263.4746171211096,68.95317953195317,108.70591946034963,233.60764541371867
277.39907968493,78.23616231059782,102.29286738709536,239.63368583130142
276.808247058867,72.90210691857314,98.3928437523597,248.34671695386038
266.7552214748387,52.60743601382704,102.69366442504138,247.25396754288093
259.08748842071293,82.79737938862553,108.68703517926187,242.77445970171425
237.25012224718054,95.71928466372208,115.47298240099957,242.82647080387915
226.94463955962516,125.37926084425747,122.6876329846816,239.22017005903322
249.11629546464474,104.44468550815196,123.22634146878353,240.9106017039938
228.76127199007578,112.74243392327048,130.6149711476032,240.69425379583078
228.07931260105715,110.66911684989066,135.70830786804575,242.86323382221025
251.1116406837632,99.13339200377499,130.05627595296323,249.93351888878738
264.9615601137027,95.70332046750343,121.25809289913448,258.74957328926115
240.81085385356153,106.02009233548509,127.34539083497577,254.12240931992017
241.70307237945812,111.49681578362245,128.37759688415878,251.4969998201961
206.93702855473032,121.48544507258327,134.8237348890268,247.4798571149778
212.81670282506917,128.42035160903367,140.917385517978,239.6666894670843
233.92212554227214,123.18226341206532,139.9244121149606,237.08279414228244
251.4110327132443,110.36179247195436,133.85735781946275,241.0562248147577
234.32864961897593,119.44796381306858,135.00992791408748,238.19873332159636
242.47332005808573,123.72080558862228,132.0896490954632,239.4282126417399
261.66138977204014,94.64088552578316,123.91824660525373,247.48534117946403
275.9414870570548,115.87668951941755,119.47025441010707,247.97424077511565
281.57491513878165,128.30309597704678,116.15466666675883,244.08301862664726
275.81182510914874,138.1148676032339,115.80831671378364,235.91545677118174
276.007540578677,135.2331260245806,116.4192407842593,230.654112216172
277.53341486946977,143.22975323713928,114.89520187437284,225.40464613642155
276.0572436280646,128.97035950594176,112.59281008519969,226.39741127059247
271.3943416132191,83.14554603497771,109.63654900194845,232.38075200641055
272.49859623571376,109.32008009807558,110.50810310201909,233.6901726102775
317.114262791167,124.16654728734693,118.39958040086785,232.39933632155316
315.8517157876785,118.68298595020036,125.33638193589611,228.7897756279404
357.6437002584285,131.41455864140005,122.525666137103,231.00533077141054
375.68104002093423,115.1826375674436,111.86339095193219,240.61488667204287
382.2989572493577,107.03254549056808,104.13319866694047,249.78838959519993
385.0276522016113,103.72620018033024,98.99460555445772,253.3112980454357
383.01829869390764,106.65722785519216,97.17932165037146,255.28664133090786
375.7472575621987,113.23196403887843,99.04730122822883,252.58305416033642
382.4869652662784,110.8359921976387,95.23716023804656,253.25614341832605
388.73302463494343,98.36704159978211,89.89523073054548,259.19678124587296
392.1466067168123,111.29041398358447,88.48205922214592,258.9208765648489
375.4884545218325,100.25099320968005,89.92009424346435,260.95402961550406
386.5835382257149,109.02223510964473,88.56007473579598,259.9068150517711
383.532730345133,104.57004417530925,87.55218586956994,260.2362280921948
370.9374144649279,102.03602666631551,88.80967723161399,259.2741716634031
263.0607478614612,89.5161756432696,97.94309092174461,253.33415132847335
247.36058407636412,95.99303719794814,106.6652839726709,252.26835557478287
217.29674984988162,126.56404063552196,112.8646737500634,246.3400128548592
167.03762332554686,148.1214570884777,125.6486891303412,230.5301564230781
146.15924288994728,163.46165409030732,129.86270154430724,215.10273446221052
136.33919320149562,165.8021879870908,132.32654950115474,205.75716723872708
135.84780693055285,162.66850100296125,129.46512733157888,203.17114334617827
135.08821523520382,169.04621502750967,123.51746665643168,199.54851547825646
141.00068349232595,166.78733307766845,126.00262950497847,196.1204165943234
130.54168772954876,185.5720902884833,127.23614920845262,186.70349671237526
129.9509564179167,192.5267802290511,125.04704287846997,178.12849476687177
134.94788403891124,190.63918259370132,119.03567920399979,175.94431063109946
136.1393181756186,194.1884903858621,114.35387622968511,172.97351220230667
139.25423038644388,205.4011294726262,112.43495852866971,166.00308261235483
139.03378300790297,211.13069722916472,111.548004202995,159.66235295154712
140.0046850821891,213.4023045631072,110.7762192612291,156.22916493181975
142.4768892665598,207.9141665439818,108.75220510515582,157.25092041914166
156.79482031636755,167.5930159926213,105.49922727620935,165.71658253407523
163.54166783407993,162.33817517802353,104.48124348539113,169.44098526767294
159.3283943001791,174.10663553266596,106.48392148163735,171.96545593778157
157.06463558095993,174.08076383397665,106.76284251722561,174.1573698470259
151.79233612656606,204.58402475427295,106.30472480030414,167.16931055536512
153.55301388150593,207.45229029515164,107.46243976331792,161.52857599914608
151.7355046580676,208.16882713140018,110.13292589670058,157.71223892277465
155.66415837717858,220.7198946624909,112.56681091932819,149.107212224545
164.63841034683722,221.91471435111288,112.33314986351105,145.11402065553793
168.9294046631182,217.39277438934528,111.4440434359908,145.72567886921425
174.5417242629865,219.18057321062184,111.42634494407605,144.59170136479952
179.3721839151945,215.88024528666637,112.21351600257917,146.44750061739342
181.65077584267948,220.376706670753,113.55900372999642,145.51923340490913
189.1751272798081,218.85159751359365,113.3425918652162,145.77816131471246
193.59099657396416,221.77379684323532,114.53611553910058,143.99437164631462
200.05961691502606,217.78805900302046,115.51680012599485,143.84479633459398
201.2395191085373,231.01097676321078,117.13225418116552,138.18511380142303
208.13937998742296,231.80874891180375,115.46148338447367,133.86787719443004
225.85670933851068,222.55522914870377,113.14945123031379,137.7627080755255
233.1250724338115,215.8627401869287,113.44334874087725,140.667597535631
226.52165383611825,164.43540528689533,110.90311756503279,149.85273392289864
339.1346733513602,111.17447166368125,108.31331164201328,145.43386774814812
