16,88,19,51
16.507865382130703,89.29127936903143,19.527808144125192,51.2164877211884
17.910491656766805,90.33689283386734,20.05184134241275,51.44785863284474
20.663741680252766,89.74891772695537,20.129173966187707,51.425955072733856
22.247087450256053,89.96366550632041,20.488102877040536,51.363203754132826
24.293600191621444,89.915709076685,20.38483204324291,51.61982962149706
25.97448924525608,90.02700951968829,20.248754230399967,52.27975715631777
26.59059777359184,89.5410817822848,20.834137790124043,52.595711522420004
27.514928302681458,90.36476486500429,21.12520568652989,52.82460438606601
29.061618716291097,89.94369872026543,21.43797050429169,52.993996799394864
30.720843638722187,90.3299881070779,22.417605308425752,52.57660907986288
31.733031091076718,91.30925430972162,23.408449687146497,51.96499618235487
32.38074220758533,92.30494820779776,23.986591477395198,51.34984880386724
33.783781211694574,92.11548444685421,24.35376534683794,50.78083069131424
36.02298125286083,92.25157925611094,23.826272651359403,50.79123181798819
37.966769917643305,92.78379784245932,22.89603768601474,50.73500533109535
40.466060565588975,93.16263518379046,22.029281685456915,50.94159466092786
41.98055865772514,93.28664390125692,21.32188716672711,50.896208453266546
44.0325754489012,93.13732760048724,20.968511464700825,50.90208035964813
44.51034626740835,92.78224057220362,20.62627998316639,50.94317036487398
47.00404022262218,93.27128870964344,20.373360708307274,51.911390363897816
48.230333841988575,93.53636055614857,20.161895544073577,52.20993596962809
49.54531496065957,93.31588117062039,20.066530211161783,53.012963507983066
50.856379713201676,92.74578256947187,20.631679703206096,53.25791171076659
52.99727034593174,92.59397711364805,21.253692637901786,53.84432613468496
53.860718064850325,92.14187206684926,22.636916464545767,53.46933003790572
54.95322412824581,92.54539577433749,23.86054981148755,53.278583794658985
57.82834330558131,91.87134203028451,24.775546511299076,53.36891908938208
57.40605282620852,93.1360398088361,25.0222713818274,53.37784094406804
59.053852475151686,92.75735642178876,24.566432881952064,53.02385428061886
62.34600383060132,92.33763208756726,23.506138297326427,52.99967581521207
64.88673671470534,91.54286281337194,22.224188677746696,53.05337481704211
67.27147324957895,91.00517636221744,21.190641585112502,53.446137567765014
69.52233340919798,91.83238980093084,20.70606682393062,53.48925065523364
70.55666578246004,91.15390221028352,19.926552281085662,54.355784650261825
71.90403229970673,92.13408563425568,19.74244652352975,55.33337159953699
73.77818059153945,91.5734434452329,19.769169165328965,56.44637699786087
73.723122402466,90.80851365809934,19.64625928978878,56.8933181018938
74.86957167003735,92.7926977487358,19.964820658124562,58.48696762813113
77.03983389716858,95.30698346340316,20.651861823105456,61.790824411178015
76.67154653014614,95.89891129517476,22.12979493683499,63.59056962929665
77.66807086626919,94.31287515231347,23.452308910402486,64.76459856436223
79.82981334635875,92.62911828291229,24.268742012108046,65.07227472532824
82.33760449828918,91.06536618259508,24.290787719253693,65.51821124293397
84.23270843156358,87.6508122592596,23.78034375545812,66.78682379130053
87.89538933372025,80.95182993878754,23.790160213901153,69.22752190080645
89.83532034772,76.95569895030788,24.02175734478847,70.77505291779696
92.07750053901405,74.39779009398745,23.708852499873547,73.02404467050656
91.12588281091146,73.94823332385755,24.46838241394928,75.60529793424605
90.88881626928466,76.0651150387331,25.6654889719662,77.47478908021398
92.77839142210468,76.888503632578,26.311182898603427,80.95756241910952
94.83434205388112,79.4179801785556,27.84245422823772,86.71869140688011
96.96064980797891,89.60643619414715,29.778162432380533,88.6684031350882
96.19013596993466,88.2465455661487,29.771981313247615,90.01557869854756
98.6354283132421,89.28773744326325,29.081444345469723,90.66864368561883
98.55832349373033,89.00011866988413,29.27982491678761,90.73823485425955
97.88880426127237,89.50484301313676,29.79874706409973,90.5895319412387
96.2193900781347,91.21106550995802,30.785183071554243,91.51329588266329
93.23697953931192,93.91245491048602,32.358576958766385,91.81152745583505
91.8765314564894,95.87803682727315,34.30810397743758,91.13627381805388
85.16469508493681,97.2897070441766,34.22712736083142,90.232367642645
80.2463966996392,107.34231890262897,35.42616714208468,85.50176991196784
75.73242128644041,113.34466267537016,36.415479304582114,79.47992672619489
75.73606366271954,117.84723516747351,37.21382749908993,73.40785033205339
74.39460473221946,118.78584639863448,35.962404062467975,69.5719021096217
72.99156228447586,122.63846722219259,34.36693981230576,66.01872538380724
72.03325308380707,122.77551374397267,32.453849996581724,63.483779381331175
70.10636180747815,123.92899142666343,30.195719631629444,61.923580123761226
68.3924063801189,124.83959753451735,28.009961334694594,60.52898901961217
67.67037181521658,124.67900062188008,26.113158629235038,59.61376402306814
65.2247252335274,124.69351510356839,25.038895628487104,58.69647470186976
63.78033540288753,125.18231654261304,24.118248241902613,58.055107054523916
62.299261484332405,125.76188077910156,23.345154226636232,57.59821038928241
59.498515377619555,125.47724614980731,23.536187773475348,57.471101035143036
56.29088812953326,127.24522903430905,24.780519003577012,56.41034582336064
54.13154477055527,127.54717966774516,25.69168613074349,55.672687778080714
51.972642433287746,128.89978458873864,26.90304323933693,54.77971157149655
50.278152539482775,128.49998733505092,27.627497218425372,54.50484925560943
49.12830036122112,128.58396041826794,27.84334892436963,54.289298734205076
47.097277344790264,128.423640949686,26.987688546811075,54.54453799305385
44.38841438838472,128.01356786788472,25.67898374004391,54.49752191731007
42.28589700590524,128.48533692273242,24.63279250184251,54.50423547198099
40.89376181132909,128.198886567169,24.373561411981782,54.7463701808761
38.46588495253372,127.70370323440325,23.728635824844417,55.215485394332774
36.873287275579386,127.50892862572883,23.13061114443694,54.85503056013617
34.90387750712705,127.68495359724976,22.706612740181622,55.04545216865122
32.519562136598324,126.54459346567305,22.50077015678287,54.62470564262321
29.626416472757178,126.69061074012343,22.49206858150363,55.387903263044535
28.183786213158026,126.97842996458053,22.69849230861768,55.08985451818786
24.959759566979017,126.55996833629632,23.15904556603961,53.873813601437234
23.645580747533636,127.44516197754034,23.729959179275426,53.10159585796011
20.56136958842697,127.43790177357361,24.409030725953084,52.66642578742878
18.75346533109639,127.99615754086636,24.43097411014339,52.832477984264315
16.77043008053451,127.75838945075414,24.119512971546886,53.302979499808345
13.625038605240004,128.41856049567343,22.75808763587336,54.041146843664485
12.217380585558669,127.81922708761485,21.9718357107403,53.6426801453938
10.597849356314036,127.38045256198191,21.031040439374316,53.691001538169914
7.926070333167232,126.35274004413218,20.549479597822213,53.09341747194075
5.897614656923668,125.36970722768524,20.642484894318155,51.72853710624241
3.4206227699070713,126.77219617813884,21.18875455498051,51.41121201636241
1.7748839221877155,128.49646376751707,21.131802729703672,52.04913624720396
1.2686434545199017,126.7891717565706,20.5486108389827,51.60330111337852
1.0,128.3116317526093,19.6596023331877,51.23093414804751
1.0507117913035628,129.015560472149,18.575170721590656,51.04642331189102
1.618850167115701,130.4068562864813,17.64205486577907,51.68381632112261
1.5928830846509783,130.66169926546803,15.932651395107499,52.78035097122866
1.0,143.8327507431821,14.055782719039023,53.37980177594559
1.1162922699563387,147.2266860429609,13.263470529824469,52.74376061662592
2.6779940847356194,145.83115601192193,13.81267784142192,51.70632306743958
4.805751101475523,148.2925149427513,15.967729808192749,49.30003982434578
4.380072903641761,145.19399728187375,17.643547728893118,48.305506715806956
4.407027568740027,143.7070594069226,19.227966446883492,47.9042537510248
3.98749582127442,143.42134166600795,20.850917603495716,47.725169076032316
4.139052352626862,142.94582834549507,21.748517605556202,48.11529469132548
3.1194716093869594,146.68089894538102,22.58778158212096,48.28487129672666
3.7018717593121284,147.86111680211792,23.351025349384926,48.96900823190198
4.4278247157796,150.05585770738344,23.987020990365473,49.85994574084805
3.773006977612848,148.86695688566704,24.58579463995224,50.584161048014664
3.5269196176350768,147.3959624017351,24.66736553055607,51.958676616170756
3.6582403699255863,146.4028571567718,25.12980577364287,52.97149437619684
4.40494570279631,145.765082090123,26.4600424621577,53.38580846921497
4.286829786745837,146.12243980834373,27.448079019592647,53.828871860629576
4.663595834166019,146.59356211380006,28.623865832145636,54.08467788322071
5.409622670092709,146.4633247038268,30.03142605711335,54.247386472482056
6.240386190995434,146.23603126966822,31.839209958344924,54.17887575835589
6.92814107037287,147.54222203826228,33.96111949868896,54.306218841473196
4.731856131491664,149.65747218579827,34.48545223863878,56.039951617506716
6.79009782218975,150.79908731132377,36.21712180641567,56.84780911124628
8.235735405792681,157.53416935750442,38.915215609824955,58.55339913804542
4.642969174766549,159.832641821152,39.34780659828657,61.92768191113929
5.697523158382101,164.1012432963544,40.97221462984301,63.18008662688773
1.0,169.14620256805424,39.10945622790664,65.8492100371027
1.0,180.6402584127564,37.373536568313654,67.74392029582448
1.0,189.088676234585,35.52352824574902,69.53410742327355
2.486583811215489,194.16573277597655,36.00566350843019,68.9376099371938
2.4005503920261937,195.6601140189922,35.814235853500136,69.37133326724258
3.1882296388440707,194.1331212872913,36.80793919756207,69.33243127861577
2.699888009158528,196.69040279965307,38.023864698687504,68.20686985571889
1.7512291918252743,198.7951152853923,39.15383396762407,66.99040609374669
1.4640528316415313,198.83693282671965,39.597904775595175,66.7825166007442
1.5047440381889174,197.8358513357968,41.01903886802947,66.38623596129753
1.0,199.42862625109464,42.23707583318789,65.26370623795577
1.0,199.59997579052435,41.741745523811446,65.60783311191274
1.0,198.12205043660393,40.86875438038692,66.53211453014568
1.0,199.45403386745548,39.61298437570011,66.24053254725924
1.0,199.9889676971667,39.14423917899849,65.39974699010303
1.0,199.3713566210708,37.47671998714266,66.36328429921682
1.0,199.66223217194022,36.8463781083953,66.53844000986916
1.0,198.4102154258266,35.99436050615513,67.24275556190557
1.0,197.88049244525524,34.37593476197314,67.54412830899831
1.0,197.86461832893764,34.01713685570982,66.82205954163986
1.0,197.43386076023572,33.28344391406927,66.51673039493608
1.0,199.18702146842395,32.73197708567075,65.57760610451066
1.0,199.13657614276883,33.096725264439115,65.02537871659428
1.2287619692985388,199.2899608507896,32.843752789773404,65.27039194308705
1.5833089612585027,198.71228129668748,32.86075086221718,65.35368959532732
1.0,199.64375177272896,32.537901843880604,64.96655697721394
1.0,199.90881329980328,32.797355110864395,64.62542211419614
1.0,199.9026345781466,32.88139532395097,64.48652772725784
1.0,199.84009070623983,32.959767863302844,64.31053907696796
1.0,199.74489132879813,33.19453162393219,63.8976307687975
1.7371012286174334,199.09114683938037,34.420253345676564,63.63751606744438
1.932146567381782,198.3151238844871,34.482134570543174,64.15591915219683
2.750172820297049,198.0805930782522,35.96186552091601,63.81403835302595
3.439266511410281,195.54414459824733,37.208243176659906,64.37856778761014
1.8754385466370493,201.08520729994117,37.98467969910573,63.92653541184035
1.856115983566287,199.4724495522721,38.043667435935106,64.21782059672157
2.755976119998344,200.06314101039646,38.68693597397109,64.14663830697229
2.324717639799129,201.5705379425641,39.092390761680505,64.12812030407828
1.0,200.34455964478516,39.60285587481018,63.723320158796625
1.3165061517977321,197.8539642948901,39.6898896008384,64.78690604006468
1.0,195.5084675210602,39.89187203854589,65.37622854220109
1.0,197.72648785670825,40.06554066813574,66.25972535370754
1.0,199.96040799537582,39.046984046291044,67.0339321936963
1.0,196.17625323638566,38.46566186025906,68.27471114370913
