275,137,23,26
277.69724386359167,135.90084342485352,22.644358549704897,25.438487992360912
279.6884023038428,134.37343876167918,22.508426157991266,24.94834201930206
280.04515511686685,134.99188014981297,22.42577306299544,24.693390863686872
280.71609477088157,135.7449226300771,22.26181800995193,24.598231528836564
278.3892266239108,137.93857067290742,21.894953343605483,24.226521438286696
272.638724699301,143.39157772415695,21.713758058178612,23.620092732997705
270.1306141911013,151.9979372944111,21.540403994109944,23.128297335225042
270.4932340846725,152.61032495782416,21.33804449069389,22.996029868816045
270.83090697766704,155.98896075845377,21.095406525178923,22.826442086287763
273.81346566683186,155.03790506292006,20.9241519270998,22.868243213593278
277.8283464697965,152.75277053592944,20.85631851311134,22.850039921254044
280.10860940947555,145.12951482176808,20.793390393591807,22.90637823418806
280.3185693999657,145.50520927314693,20.75905481085821,22.931807259541202
280.7142586319773,134.05976282288154,20.931784056395678,22.937447690384886
278.8072196225939,119.42068299655976,20.886833423385205,23.322057467421722
278.2362015659218,104.216197815437,21.023272558325324,23.79666388585707
275.9520364781038,88.12526658282209,20.844596156400574,23.987229444213213
276.7060901551643,88.02379660494937,20.89434056083168,23.942484296317538
276.6475309289431,75.99147523880494,20.98619622399619,24.179703713100363
279.52456217595403,67.78284582402092,21.07052413157409,24.17626960207587
281.0670670561275,59.91256637283878,21.047508060592,24.204034922813438
282.9604271597605,53.432810730244334,21.086962603926374,23.992509080998033
282.29462008118975,54.514095122263974,21.21406848686331,23.892465885150997
282.6587418601632,55.21162057806694,21.168185264838122,24.250088474203885
284.51783492808346,59.88080241893612,21.06139877006725,24.58623325033237
287.3487306133501,66.82090468252203,21.060373331584547,24.665624006262497
287.0862866969288,73.12157875102267,21.318920881018222,24.78104810851095
287.2485357249317,72.96822241436782,21.50104146363259,24.873139101512407
284.4471571066547,74.6668177188119,21.62106817622136,24.933250705714528
281.0087390328803,71.7904738758588,21.716388471600816,25.40528186829988
280.0004574986659,63.59066912763899,22.068297963688252,25.904276285756673
279.53373457698734,57.888822689376916,22.47822049476111,26.21287832789504
279.9951861082669,58.32743123246252,22.728490383012755,26.4518351401111
279.0774027821517,55.54287079237788,22.804976832075255,26.75763717011322
276.9004220068812,53.25029490104319,23.02512690522895,26.841727010679385
278.04617252368047,48.83135032705471,23.16340955881421,26.87276425092943
279.5596091679532,47.99932201102439,23.294250616940772,26.628960208816764
279.6849688413664,48.594791508075005,23.54011708986105,26.457359515704248
277.7261160147938,46.326389395363265,23.51326438754998,26.40917045726411
273.66637272912044,40.91583512470933,23.274574697499894,26.514698653841755
267.9548396517312,33.901922058233005,23.188876705681515,26.40712886726861
263.54889048658913,27.92973518285884,23.187575740649187,26.37223979154215
263.4242443755934,27.182454815898303,23.207298766666586,26.163019026376887
261.7600706406894,29.731421210858294,23.238747914377782,25.92037315605957
258.08678015242106,33.57388833935423,22.822269286819065,26.226036360369992
252.0764545073658,34.34376495256059,22.927539197456166,26.322306526243473
251.44174004763093,36.04524964043049,23.01384359053218,26.273922813658842
251.8095223750853,35.624403824367846,23.11282376178623,26.10636336322724
258.72779785204096,46.396037807833864,22.869771100865528,26.390638959255142
268.1145437221397,57.46427851642935,22.887875236674297,26.312532528990047
276.62130614311184,63.37196950763362,22.831509483335317,25.94237748966129
285.15536219966975,67.56780135703576,22.866783950003793,25.688040018567612
285.5558796593624,67.71903326486913,22.804975625945318,25.505706811511658
294.96301908658074,76.30227783781345,22.65153722640119,25.4809141285618
299.48312877061346,88.57185889192763,22.934802160380016,25.442408214506024
294.34631233441866,99.78735755647114,22.93877940251381,25.219422670417295
283.8065038744788,105.21652948008139,22.970184170196966,25.26185802158601
284.1819183508836,104.50392872400725,22.950241480854082,25.168820719044668
272.5770069025259,101.02836298977317,23.181102360307793,25.27717419461935
262.2082781631867,91.50427523515867,23.24776679910852,25.427025716629444
254.40343988912372,81.1798631901039,23.378045602720796,25.47437311228709
248.42818501607584,76.78493237794467,23.614572588921824,25.72861529950176
248.02813862707004,76.55410948930175,23.768197110826648,25.765031547928736
245.41522556888057,74.74509002312232,24.036137096840474,25.630265382224884
243.91433112683293,74.12475314288564,24.386057300749258,25.824930236806722
242.54818116531234,72.92227310891562,24.5101112026574,26.047419001030185
242.35390430354013,71.05136770667356,24.447832266217667,25.96381350561041
242.24632727968287,71.25358773384339,24.338087125827514,25.90170457043589
242.34912670238796,68.56513835265487,24.386009993743535,26.018008543213107
241.8247584381076,67.08888925303003,24.291488859614102,26.162134747357058
241.84337856415686,66.615406996053,24.254643320859245,26.325116739164457
240.69261960743484,66.05726290114363,24.14252903974854,26.45202623225121
240.5410425415817,66.86812294652374,24.069092801916568,26.73049382523771
241.55461266675826,71.18820973647256,24.124923428118798,26.654329669541703
243.59086089438492,76.63873371443931,24.26874056322911,26.779598400034676
241.6679367913403,81.8302144631599,24.33775232114232,26.969200356004528
235.70613611771543,91.73837901582898,24.43824680726751,26.48538714712135
236.3670973279972,92.26796763291036,24.54380116965409,26.275945572528403
230.86793276635484,102.10861177905898,24.63546512612354,26.43246180965327
224.5465322008565,106.20544246413709,24.715549721755607,26.607353255891205
218.21083059018355,106.5418166554767,24.848960287868003,27.01791175824274
209.76328952646674,104.71337589080223,24.903340065844482,27.22597222790061
209.8916096370239,105.3336841638054,25.020325404787933,27.10979682077701
199.6604724415528,105.57026028166081,24.98364910164544,27.119706861703726
191.86031214229658,106.86017585258568,25.04415140849488,27.599193122197764
188.66956901822763,103.60569171052558,25.177130685221982,27.701600762440954
189.36433625256743,98.7056783290589,25.262244211030367,27.982810952068093
189.66517586835278,97.63345249761929,25.12249797686466,27.628033627794892
189.97987874353993,97.04170823441063,25.075817583060342,27.499703231211257
191.79871043547166,100.74667606648399,25.138581958096267,27.104969543551324
193.7935848210416,101.85695303374554,25.283147217378108,27.087838449885208
197.51563602554032,97.65917398403391,25.20780311545382,26.989303707461872
197.91242762719142,98.18668426848991,25.030892406967226,27.299199662660563
200.67945851351158,94.5084402327545,25.204368523525165,27.66110018920821
197.26254272544722,96.80614635611614,25.11205381224339,27.697054587403954
190.2020897668869,99.6729548867947,25.156098727436863,27.75787269085841
183.12011628705625,101.47745520355525,25.2938924896524,28.27028593598395
183.34728727937576,101.73760212083931,25.45571278795715,28.741890865814717
179.71114557356756,101.5455478876614,25.53825836214289,29.43280494958961
179.14483662608,101.54496101666858,25.993412583970745,30.1129819348794
175.7988024638537,102.51125771561003,26.125386710906174,30.584893011624903
169.73675187558965,105.80455994942747,26.391410272009487,30.885102032921928
169.49363811065354,104.65162757339817,26.52530179546413,30.62366378266308
165.69476472280775,109.47586468500194,26.785659140082725,31.19792517383501
166.64486579080761,110.23522046716201,26.809092089758522,31.51987555177759
166.59113408406154,106.8125634484332,26.859010742106527,31.79447119640656
163.08822965836035,97.06585033472196,27.256921347742605,32.425834796991886
163.3490987170892,96.97612215012411,27.48347018142178,32.989281606723495
158.33202206331805,88.22613046958884,27.711323241662658,33.201749356535416
154.16334004453662,80.22600095844102,27.842504401194716,33.6614454097359
149.96823942645392,71.1000789588658,27.877862499732345,33.57623999934749
145.03858198710208,61.549255410283095,28.0432067130601,34.31359576699068
144.26180989231204,60.957095429559544,28.27304660983114,34.44730545686621
136.62300559275707,48.385631984474976,28.53017634992398,34.9771419916794
130.01836168222644,40.328202596849096,29.083437241312332,35.453118975466225
130.41999480755067,40.11151958530505,29.49930814181338,36.129112033291726
135.71205580908676,40.708098203214135,30.000225578155984,36.73165827546335
134.92697458668817,40.44945288921923,30.269784757006317,37.23542224352608
137.79218797309633,39.48967028589553,30.68619750130771,37.69349012870425
138.7383375221109,41.661474305538,31.051530603646334,37.82887678543442
143.04262241321717,48.88433708829759,31.203922386222192,38.07574671188836
150.48165673412623,59.89361020560329,31.668930945645293,38.410389944873444
149.99545299997163,59.161815076081,31.679439037420394,38.750500991349355
155.77084636523372,67.72014620390148,31.70965030062636,39.210665879516846
157.30616014151747,77.51766595619975,32.124392802928796,39.30538959402527
157.71747141014362,88.74436235708603,32.605184225478496,39.486734580142
160.65552452345068,97.47122656957379,32.886070277438584,39.946927671063264
160.71822511077536,97.28288002352159,33.04647849241205,40.39619270740367
170.20949164589203,102.16006708046639,32.999829192534115,40.48180174061688
183.22908366075043,103.75413255774713,32.717486259757514,40.40088050147463
192.1995302307912,99.08716280692768,32.59896679439842,40.823667434843976
199.76532444694047,92.33306490923617,32.946412267722096,40.32745211843749
199.66250396853255,92.33400749832174,32.931945405106106,40.32683306469953
206.70629243828128,85.27076123774494,33.07822990651754,40.271039028948735
211.43691237719042,75.9553765518277,33.125109988151465,40.96379070683027
211.14880478353905,61.798278969889886,33.31229975730967,41.32461640709987
204.58675751008724,46.89420917597275,33.48661115636392,42.07350182308883
204.85868233327605,46.01043472196623,33.599871361987354,42.68725895622846
196.7359320023619,35.13913423532239,33.62164725382948,42.965881410726475
193.13613920349286,26.46210269241944,33.70403931864995,42.8909892096864
191.36801281464912,18.62521026818782,34.24007584619585,42.26390235753436
188.01947139599696,9.022623749527622,34.279788612663715,42.116041365889174
187.71251304046555,8.376486818582485,34.352247667597496,41.85004120160589
185.33190361441345,1.40831519216308,34.37534807030903,41.46855494540573
185.78612981329422,1.7798511977824667,34.3406398024168,41.40564148183867
187.9547242549046,7.207127762212348,34.42196017686663,41.483162138987026
184.0537088184687,12.70446810332766,34.235020025993805,41.10903239126204
184.5813394326021,12.695281878053787,34.117701986834774,41.01526022227866
175.6423579601734,18.686532918318647,33.7215935540563,39.81849893603919
166.17973198679786,31.274189486761838,33.41309622788405,39.190669452480385
159.66065067541317,51.35033784705206,33.00335500486098,39.085633861693374
154.10338933630575,67.51927507323909,33.11999340870634,39.443278336905045
153.63593250034475,66.832879098352,33.1541770059984,39.512949033468395
144.83707794733533,76.89659204404965,33.47969034338715,39.18428855040523
138.11562138283327,81.03889524866358,34.007128689463514,38.97464123869883
136.4813530486777,79.0201174750265,34.60579232605059,38.11863710258715
134.92752284789796,72.7346205181331,34.755949833060825,37.698133808676204
134.66293173403815,73.298163211975,34.84842299396407,37.64091785685006
129.72086820504643,60.39964932069094,34.741227727410006,37.47273142912181
124.57775735797955,48.83111507873306,34.489355713261304,37.520303111658166
118.31494040909541,38.68023392808233,34.469702173248905,37.700874375160225
112.9047251123532,34.78871101665435,34.65285572778507,37.0913839278836
112.82851010295701,35.47221923781116,34.63685522960098,36.88326080035602
112.58249978445681,42.45872524838332,34.70374046652064,36.90554900337392
116.63690302577072,49.510479550794656,34.677328893454174,37.058899336824744
124.22339727150833,51.583792641432005,34.438090911046636,37.201337651008785
134.1654781690201,53.717216192596894,34.558570759555195,37.06851831369016
133.9035105457637,53.20717453798755,34.47801220176828,36.82374374780069
145.38069200045135,54.60952584039599,33.829269340851084,37.24014588127377
154.17022864646108,53.719976549240585,33.68158773247181,37.84984717088213
161.16645163079608,48.65410602446928,33.156653493456645,38.13536953233468
164.29886573790452,38.94891085983596,32.70755222495691,38.17626307905391
164.91347090872424,39.18709334924863,32.475752909245344,38.248657453048764
162.58427949735642,31.863871051915837,32.11719722263305,38.07066372716578
161.4960675489199,29.664934553780352,31.68917166521542,38.032280438738006
162.70549565960553,32.97629504853704,31.13314244646672,37.64874993679299
166.04350540620047,40.247659591394495,30.598522088127943,37.77773849983517
165.50116173199666,40.10456927268717,30.353204333757787,37.72333672559865
169.90255659888714,50.75718336989556,30.463636052105084,37.08266610248757
174.564739148246,65.14726565991057,30.4460776087709,36.930308273302124
178.21651471059968,76.89774114711071,30.604907846657746,36.77203266769091
182.7258088388952,84.17176226506918,30.577734974474318,37.10179209584237
182.45263916393452,83.89075552720365,30.55085469303833,37.185070394349474
185.4528951754676,85.47441854503015,30.674942130726336,36.99968608394251
185.68647348608624,86.3261898061139,30.70964509730274,37.24394550193193
184.42419392631737,86.98011615088609,30.54976510778731,37.30677601301101
184.68871334537454,86.65619635743369,30.630021021616773,37.26806686265836
183.92374531906015,86.34406510517232,30.57983878476052,37.24572146207195
184.55193974400868,88.598754585355,30.89389817291302,37.11022854102387
186.46865445843648,93.44457168893571,31.138349405729734,36.19936112776526
190.07601959168198,102.0066090086012,31.338072338805574,35.417808898150554
195.23748962456264,112.9306651221504,31.71046905271453,34.93945680913329
194.65817232396677,113.15942077821438,31.833600990205735,34.57780137529942
199.17728021205264,119.38674060458253,31.925383605296695,34.28704058202416
202.66739509643256,122.3131902104393,32.42076981084697,34.193556893567504
205.38309272677253,126.84020645299218,33.39203840499418,33.88604662126115
205.55705303010018,130.5087148948432,33.98663911271224,33.3612664962042
204.62781236768342,130.97097341457186,34.16108430598708,33.102685159278934
202.27613005198333,133.46362495731427,33.981007180355704,32.73675550097357
200.10927967014112,137.83083011818348,34.31676143921856,32.4322768136906
197.11076245957986,139.15951118491017,33.88306047235075,32.506438331451335
194.9880598845908,138.1119603781299,33.43021411521234,32.97289231780642
194.57773840191928,136.78049583991125,33.2501099196234,33.4919410382178
193.6828632390293,134.4880030284206,33.057387934232516,34.90855020252444
193.341816897858,132.24423446980265,32.24185545901784,36.91488600091537
194.62220931612075,132.23618017987812,31.996130011362922,39.01411496167297
195.63290708437248,128.48329692436457,32.08309239372466,40.87472319785285
196.79251997290078,125.80481197925491,33.4188127462799,42.12611115196057
198.48063030728602,120.07225010702766,34.291174508764605,43.62408013533026
202.29832715086388,113.55417353693356,35.66755811136498,44.680123625578666
203.84997160718092,105.10224257374713,37.52525736528951,45.25726250946778
204.79966345766982,101.6829554191441,38.72694460254941,46.351411623230945
205.86260137615335,100.37770699350608,41.04605804728038,46.68544232638318
206.97726445028502,100.3779368431345,43.81501536168888,46.8921543074388
207.32152247780834,104.55832505494116,44.884593921574634,48.25372416459007
211.945894263562,105.30899689763643,46.982306965291386,48.720009553075315
215.77788040145603,103.43122216593606,48.94421501474227,49.083165571507855
216.10910133897923,103.86184823028272,51.42888867903798,49.249579692079294
218.14576217218024,99.68247069159696,53.1382024731436,49.404247357980104
222.70991216637958,95.93858298748064,54.19197272126041,48.944889205975414
226.7285779125433,92.57774002445692,55.54960519124216,48.24316341076043
228.74055117639398,85.52215314910626,56.290200229369134,47.38299375298571
229.25612542477523,85.61984363614965,56.980208384656066,46.86909110561618
230.85392922659676,77.72829022553961,57.59193704956141,46.14731115878739
231.86471284132907,74.06036098462634,58.929801202238835,45.232382744430744
228.73895445427303,73.68279430020888,60.221669850640296,44.299725539466465
228.84698156768525,78.76368305851871,60.8774286653079,43.56225482734533
228.22054979935797,78.34941714333385,61.20629587203804,43.03683629052412
225.49933156514703,83.77375136981723,61.891410387466536,42.5845200289973
222.9602869287525,91.95831115924764,61.640262902310695,42.2096093549654
219.8728317511285,96.93708704976947,59.98491102617549,43.19179843293567
219.20905424749205,99.41641075168864,57.83289464987413,44.682359073804115
219.15060875742455,98.18366022117434,55.96214823035708,45.66262798273742
221.14999314712952,99.17851612905768,54.61591103308273,46.44338055240383
225.5149833848198,97.32457147746345,52.78836096511273,48.14604001487102
230.25320774627468,87.0632771023383,50.795544359679056,49.423520313068764
236.35322285496383,74.8637638728652,48.569441505470806,50.11547035573676
236.8826864421174,74.10147982884251,46.913986434227034,49.21264129991271
241.89954685380408,64.36920116848438,44.756523225660146,49.18945900139174
243.60896843926162,56.99884769302275,42.92819859444423,48.04691718562617
246.90671975826342,52.386181516428735,41.26177996474074,46.223325439935316
252.20189351415644,50.152580715831476,39.505746223408295,44.3248792449545
252.70203456461493,50.37656428264763,38.17740359997113,42.35814057000162
257.4508197236325,45.90264782592381,36.77188754645261,40.57487454800707
262.9069922601425,40.64215256860044,35.160862331114764,39.388280940966006
266.94824542881037,37.418965332654004,33.46561245318379,38.28054338982729
271.31062816897366,34.14917883138439,32.20898864778565,37.01987002263849
271.3428919754955,34.93571826560959,31.01290646302116,36.19089366653091
274.75057490004843,32.74916584527229,30.02961032569944,35.68666310241227
276.0722378387566,33.01166837921052,29.083140305059388,35.498914928686034
277.2708634501879,35.86296760599162,28.501803415648062,35.4077977381921
276.8753589264223,41.6479098410321,27.98705569491634,35.505894674629445
276.86703957458093,41.820590528349925,27.55578856133699,35.546837223164566
276.5127729665501,49.53810247607675,27.06866101698477,35.419568703664325
274.46842849210896,59.54980137920087,27.03586071818661,34.905495742095006
273.35991233002215,68.96291176446576,26.844386233286045,34.76885804109889
273.744018093351,74.84369288544674,26.625193837089483,34.259389079327896
273.605898416148,75.12362138593261,26.45043012660827,33.920393060686266
272.38239517788315,76.94892159518872,26.298056924877255,33.853201667478956
271.5179192804754,75.82802392392031,26.228847159764083,33.591578413930634
272.9012338419876,73.74976720445359,26.154966733272065,33.715036394943326
274.2271208580994,68.91415414301112,26.362475664185737,33.41728428655093
273.8331293282313,68.86333254900171,26.418862678997314,33.278753728838865
274.74408924887933,63.19387980661716,26.559828753957838,33.387015528620566
274.6537057287817,59.38969429736568,26.511097709539456,33.67756214073567
275.0066767660762,56.373235543316454,26.50975839365786,33.87271826527743
275.4911867451304,53.74766886602977,26.533164152310995,33.87972376980573
274.9050791555679,53.06864040842215,26.52511374255558,34.05866796546103
275.6345286332514,50.70366815844475,26.561616100171918,34.250311684331606
277.772163011548,48.093479166518186,26.682588321660585,34.2607351249885
279.9280991086058,47.55938913178209,26.553478040421503,34.41972811169829
281.49630609726734,47.47158749755618,26.59397793565968,34.23351589973255
281.4818200614297,47.82665820682986,26.58449487864257,34.11623152377894
281.1448679762464,49.40048188362217,26.464360925475347,34.147537266772204
278.62761392516575,50.69486101170814,26.49660239539972,33.79441811212805
277.50165597315146,53.175188435420786,26.619633438530023,33.56206551969093
275.7084169967973,57.751073079762705,26.6815625305439,33.53368861243167
275.8628009286649,57.14068710762666,26.75788811072494,33.473730833671624
273.2443425432963,62.18288601073472,26.71981153881736,33.192940622773854
269.99417555675444,66.66667766634059,26.766715130533466,33.33673739311522
265.7097466660452,68.48749740826703,26.819733507825074,33.18845319731278
256.9144561129734,68.22744073039772,26.89482399082346,33.279377922331655
257.1190790748283,68.00734557043398,27.018514606746578,33.35342491484152
246.85591729058032,67.26680648163746,27.17613797235977,33.44740749720066
238.68668573488907,69.69578744671495,27.54292720167566,33.31569982230601
232.60832784355424,69.83050656689777,27.702610100192125,33.44832357129644
226.05257144923695,68.25539599101126,28.023657231297857,33.26712762719637
225.25609152138344,69.40468389397111,28.366520271049055,33.18904687352186
218.28461410611226,70.55201575537703,28.36026051252074,33.04221735880351
211.7636429587295,74.90887054937234,28.67132486046768,32.359618271985596
206.66658559181155,85.37699855795992,29.122379810749933,32.59065334943904
203.9608177633427,94.1776571800292,29.221125324052828,33.242315884767905
203.14563220844823,94.23308930413152,29.49659145278634,33.69082111906971
202.33158987511652,101.06880615234192,29.9345627952885,33.909163590168035
201.53422627242358,105.24870834266656,30.26058094028127,34.479320355839256
201.6763358829548,110.48103834855641,30.710069843631054,34.86745724548133
205.84162322439204,115.42546422640497,31.60967787491782,34.91887321001493
204.8343175376386,115.4712094149684,32.33680216718502,34.99224294814185
210.09125842010593,121.75545418734835,33.17296373070685,34.65709259411679
212.371999126951,127.3314263278811,33.92082129441849,34.26544226942861
212.27187187999021,133.16766925658516,34.001381557705784,33.97188158853382
212.37707705773477,136.18600115289195,34.47471806833295,33.665272115474124
211.98231940352127,136.104914571909,34.81438863965975,33.50017029615769
211.5216479614749,136.53663451793926,34.32529657868943,33.40017426329653
211.73305093818436,136.61271446079778,33.636186607850796,33.8483518204181
211.23246517015872,139.10501164951773,32.88507310209151,34.017767164818046
212.47832569298038,140.38793728840997,32.869458871033004,34.05308819208168
212.73393516774937,140.71773573392252,32.96740561876127,33.98863975404696
212.2826965982851,142.09332765396047,32.70993495981699,34.349104224331214
211.90909648628036,143.15126042970303,32.546852165974904,34.148476519044905
210.7968767656655,143.16248210024872,32.06324058654198,34.26211736183133
210.14132117648532,145.61615573056238,31.96796931781153,34.14622475300121
210.01298451493975,145.5022194086663,31.906348707719495,34.09868054605609
211.7991400060394,145.05919612245833,32.11891061537487,34.78760930747508
212.80249120733112,148.42875907886238,32.375116987206916,35.335086859974794
215.29682094831418,152.83500090094466,32.96816323597505,36.11947025646321
214.82118726208293,160.5812192410515,33.16127458251338,36.62811236019733
215.3942949519742,160.69866224242512,33.5895721064888,36.67933454361086
215.29672562544926,164.98234675538976,33.934405228312755,36.87647959722901
215.71943922061445,167.89996320769185,34.44056333408985,36.805099179034585
219.6907191565646,166.66438944723456,35.133352249412255,36.86836647856676
224.57417094871312,162.80401761337254,35.716631289192065,36.59344785866789
224.41004513679292,162.2966664805166,36.08124113740808,36.64557916565702
228.66878099714143,153.62945663308264,36.90946901450446,36.43455392152482
227.99402014901037,145.48426615677099,37.10658997097608,35.91699714708738
229.8689028666159,136.63931621529144,37.04979873204765,35.229738641008076
233.8917049830855,126.89279587703622,36.46792027517555,34.96886546311211
233.7719880610554,127.53895328961666,36.17740876530616,34.810360363854805
238.85696959470738,120.78381916661459,35.833199262917134,35.38689392554239
241.3886814400541,113.63841477189308,35.27416290642687,35.97794240546746
243.5183855620096,104.24422742750717,34.8345172655668,36.34079054946719
246.12017206652524,96.62539862269368,34.137702318553124,37.022446925875215
246.35306175156444,95.91317460640646,33.86624438744363,37.32789051146674
251.19111622860268,88.47184047539076,33.49961062797289,37.903442559525345
256.8371045400891,83.80769910213527,32.650338222114776,38.44879477961405
262.0734207525507,77.37680050606494,32.28663852945886,38.11763099670137
265.7031040522462,72.9540675753773,32.0553656823767,38.039689179576726
265.6104639557166,73.07367026912515,31.76446038913813,38.169000347992785
268.2665555625725,66.76694869423233,31.752621346051868,38.01952888024011
270.0960808972746,60.829925704043305,31.832713298682684,38.100394388860025
272.1241042492595,57.45747833478549,31.86316761437915,37.685014831686374
272.78550359309133,56.96478598284873,31.5866529161799,37.58704710124046
272.9142776809211,56.683894046982346,31.462910691824135,37.2414821672171
272.21640221245787,57.730439307985264,31.514212466491266,36.969225464748746
271.70352154409767,61.67102808372263,31.654924035764722,36.96012909370656
273.23780359573027,64.37425205176098,31.84963573308626,36.725900144792575
277.5533642229152,68.24628277308402,31.679865061069773,36.33423717635202
278.1764190007822,68.59561828822171,31.62611980982119,36.25659681405901
283.4359776133454,70.03070863619827,31.872132347432412,35.776285660595484
289.2059968834654,71.10681467075364,31.74920116798252,35.68149809517323
295.3145321942056,70.47769038980108,31.951181954172583,35.68490390884944
299.8886084759014,70.53472117807095,31.731061833546505,35.57597215878171
299.93859692647214,71.13898369798284,31.594394924975397,35.51586627800502
306.1253446299307,72.73032105705286,31.717812432826612,35.09675396287015
313.04018998174445,77.28568571700573,31.751973149799632,34.95578347809479
322.3836314051771,81.94337828747499,31.66976144466245,34.63648907999563
331.0172897361298,82.56978499522702,31.81193565725046,34.50619661388291
330.57247323862094,82.18208736981762,31.874298756285388,34.38004677143516
340.25175770133785,81.51569454541992,32.2044996567239,34.30227854670812
348.554296801755,81.90880341872482,32.37631602066654,34.1946524947993
353.69944623743396,84.18509198596246,33.062176586464346,34.478359616046546
356.0849201975608,82.77969794478969,33.65057478643445,35.01689970552745
356.22986375742425,82.28691679422923,34.041189756984245,35.531680324979504
357.67186660261024,78.87893585497386,34.48878505868064,35.72351334269467
357.50148184125146,76.68784347270764,34.918513648697505,35.50470195266543
356.02749347249846,78.52995291521518,35.265421201508445,35.50394036896789
352.3151402833398,80.59674818227185,36.07200368619037,34.86354216816271
352.9679907518648,80.82090190809706,36.11066078532737,34.7464895989646
351.352635827745,84.6454436944149,37.031461322463905,34.11393089890114
355.3511808396899,88.02601027669374,36.65804391925883,34.70796981279023
356.5155616448104,90.73710594039414,36.62570059612366,36.618337594411315
363.9448064293895,90.49441766530201,36.724910362832446,39.96782342413497
364.48284787017604,92.08820304205723,36.787780196253564,43.14109571148654
365.40622520411245,110.30388607607462,38.41220143994445,44.157471910273536
372.8929036107345,129.02398488386936,40.49831523968933,41.958696772240486
