152,102,40,67
151.9181186933685,101.39741020925038,41.300728348766185,66.90265472940081
152.29811467749283,104.80997058807536,42.374119800806824,66.51441008514266
153.63683699785895,105.4629665381321,42.88755015950532,66.03795593782947
153.50510527262912,107.7839287858657,43.074059187186904,66.60377467150441
154.64849214961538,106.38568038995342,43.14771357779203,66.27869329262559
153.68574294774464,108.93339857414915,43.64195030059763,66.16238263583308
149.98442936898823,109.13709871947485,43.226649405974875,66.62612422125758
145.60595528718642,111.41379613892941,43.32730548851934,66.4429978062013
142.9962663403076,113.64966228057673,43.98627543926386,66.56777515099763
138.33806156080004,113.43590271960667,43.89646185054937,65.70672462397016
134.1255996166795,111.56751621825043,44.37876810153213,64.61542026444404
130.77158407168065,109.64317460620552,44.11950789251486,63.77361850551604
131.63854861356577,109.93818566730724,44.37721068782321,61.98780235910833
134.50575276747503,108.5347524224288,44.24995280579418,61.59042460505664
135.27482464561885,106.93430345906047,45.35262395290563,60.52923371828976
139.6136630491235,103.65721657528445,46.040298965341236,61.52983828326285
145.4988933703114,105.6770990968545,47.81079305172997,60.2318314807914
154.20617181541277,106.94333210720075,48.3909963201963,60.112303807109356
158.37270899602635,110.68791504959927,50.40523318952933,59.76178417035352
167.77545170641483,111.57549420136684,50.36628010474135,61.30488591347181
179.01596484407705,114.39843458406176,49.96862466975024,63.024189252261394
182.1926656547838,117.2107503891801,51.62998773498778,63.90278355986015
185.62306896654633,114.36930197560108,51.81536950064387,65.57281676898747
185.0213316731241,112.9834821212561,51.35930868365199,68.68427741366182
189.80873578209903,113.20041300960007,51.87699468189125,71.39054472067008
188.18731773217195,113.81714528664355,52.031203943656266,73.34863890224621
183.39467555261052,111.03521157291152,51.242244401003084,77.11729086334437
181.60856871768544,108.65978205247248,51.32980407467534,79.07355507663665
179.4938912115722,104.45620380114919,52.398889387727934,80.28315219498589
176.9709475196072,101.06664007489614,54.13176287050571,81.28829109585624
171.2420734747203,95.94621647853286,56.7714923081847,81.3480383008289
160.24849904976895,90.31106606703804,57.96001044347557,80.52000676792011
155.67842282744422,90.28087558354629,58.35589467582109,80.27949696649304
150.3303729372554,90.47577828601813,56.79830908345036,81.94248178964946
142.26629700121484,87.99725404802189,55.741022422285425,82.17898539982353
135.3096837655893,82.75974020950716,56.406184292322564,81.3276298802136
127.80118909053964,81.307176833406,56.14285993857786,80.31066448805369
122.00462967212081,81.02016618140016,55.12380750018656,80.41435975590709
114.87921823369612,81.76764797370404,54.86718160935759,80.1661210087872
110.37729163291394,84.35559962371705,55.028541061406074,80.17873377266207
105.0521782820692,89.13418286345737,56.132455831946785,79.93287842171323
101.73772132212076,94.32031980293769,56.374777837593456,80.28929188888185
99.72431328469055,100.18883847422234,57.68212212919059,79.3514770757156
99.61320251948173,101.62873538195313,59.65615162296129,79.02525055220093
101.07558317920338,101.78568467356837,60.874450693877485,79.81899513151548
105.16082228019553,105.28399843623382,62.53851997147616,80.71142583932597
106.61572663335299,107.94891751824503,64.66862434491506,81.28862983376742
100.89633790527103,109.09808690836996,66.79120346694401,80.81442087073157
101.03782958676938,106.33204502889139,67.10994598497169,82.54044848771898
96.18061957053143,101.67048677674259,69.55877399761495,83.40555725668304
91.99359401163836,94.59491580497487,69.71217533623482,84.27279797587624
96.72995255945048,91.26395048975826,68.47877942131322,85.99289614537923
101.73581844197403,91.98517636405829,68.05604760875103,86.57032445688682
99.94759034405156,91.37510396822398,67.81681222093485,86.26187916155038
101.67005711105728,92.45444713167882,68.24521611730967,86.09330757111668
101.30151770967598,93.56383113231075,69.02390392600022,85.6143703658578
105.0778588607904,98.72816884085168,71.02522074677711,82.62422333501763
112.3462513399221,98.0724813752401,72.84079520288292,81.54206843321828
121.38596057880422,96.78706237035553,73.03605927948522,80.58208988621423
132.3895376437926,93.52866243703512,74.47102686807476,78.36337863905013
136.91235032752968,91.88482776394008,76.60235170073355,76.57911963044323
132.624465335985,91.42539826122996,78.95455021038971,74.35117385284556
134.6300116061016,89.44811588486603,78.85013358000958,73.7497426604678
139.73777944888465,90.17149754704286,77.99210144587467,73.96856309328854
144.12159502927256,91.73187337043734,76.74115956450126,74.52260333968451
145.74263200825214,99.59475975174277,77.87606952280859,73.55962779073718
155.68802391847055,100.02173051541823,76.1906969711797,74.638518601879
162.57008721864878,105.27372513206299,74.77428683939294,74.77367980630554
168.53480353066624,113.68527146225333,74.78447740177583,74.34298587791123
174.2526759678424,116.44040410661631,74.6207788954642,75.20695492441693
185.28000525258486,115.33956951802436,72.81550357111756,76.63702302398539
195.65360160163556,113.2188407334658,71.71763861426987,77.20664692594957
206.15827303739616,111.82135650661996,70.35470002497888,79.91171411825678
215.24037325066902,113.26481107892054,68.25827646170227,82.84431295199855
220.83311045073478,111.68984294930527,68.18331984557948,83.6524019457172
221.5346112097626,115.18644337479988,71.00060316720274,82.19707281305958
222.58455027908963,115.1425592384589,71.53463029267542,81.97924163564133
222.84133567852632,113.93550475929602,69.41723535749023,84.3416118043045
217.91559583742406,114.37691455711524,69.93474099295149,84.72093486200892
217.74821444614113,105.72468984889753,67.66794338432557,89.4116109222615
214.58639155551546,99.79116369304151,66.51711000341523,92.61144841084577
211.60667049890378,92.84665999522825,63.333944723636336,98.05173345489291
205.73167089077754,93.94867185834957,62.22859017398433,100.1212208902805
204.23602065873,93.61082495517854,60.40534486524484,101.98595864257385
200.64242412057303,92.33796779578752,60.187571679729906,100.6430170019656
196.64702537000832,90.95919975444362,59.371758172887624,99.37293573014526
189.65309151222093,89.4989514268181,59.18602015859584,96.38055428585679
182.5821780627244,87.03104990002755,59.817798103764176,91.95471817183969
178.0947128596355,82.1105045379866,59.94484224346934,87.67916252765278
169.70375036539656,78.52628789342211,58.13297228984061,84.89418726052106
160.14287505427887,76.88977887574592,57.262937904250876,81.82110650579766
151.23216095471014,75.04567265858593,56.17513367817148,79.26502195899303
144.77675717196644,74.7781866430472,54.010649702267536,77.79003078149283
139.11972961303513,76.7742232133086,52.73262678992438,75.92885848429675
133.4197696433954,77.43241353681773,50.914567232512596,73.80282198727257
128.66838019674606,78.08279227969035,49.49952265828044,72.04058537985067
126.95096161805057,77.38513467876577,48.634417519072784,69.82424682917159
122.2564296369035,77.66212699248126,47.42747727033998,68.63239550160162
114.05580156161022,78.19397197762964,46.466830334546664,66.36586138297305
109.47181585554105,78.79085058659533,45.017277564388294,64.89342270737002
107.66640898677461,77.08894050201934,44.1907405000753,63.31798485900198
99.55686572479351,73.81434930934164,43.92199044000323,62.64445806519723
89.18093688720411,69.69398659183992,43.83462814424005,62.09598713331437
84.16323293877991,66.76808315809502,43.14158879415837,62.02540090115468
77.74003858928607,62.74648038795739,44.01570478098922,60.45243113078391
74.54801882914035,59.19324944803348,44.12351895635578,59.43490938095944
71.83210166467208,56.213595565790826,45.41366268354146,58.17979896629648
69.42454779769824,53.42414442261395,46.74988551987384,58.13275553123765
65.6943364052804,50.59733718544926,47.450757748299424,57.99258277444375
63.29154139301139,48.78500488990946,48.129403797251186,58.51746138389294
61.71199391094177,48.5803395988354,49.63523258964949,57.95623756591395
62.61967547317435,50.14889984124382,51.45282299128654,57.467949177131565
63.98843338604958,48.47935020191765,53.37813676237158,55.70058688284466
63.68474868062078,52.51768871334987,56.03266921695091,54.16167958059139
64.76612099563113,54.25062008157581,58.702153844920076,52.18494787944108
70.50779625567178,56.72771877126918,59.82937959332975,51.07696138840407
79.55769733564554,56.297177707989675,58.842657788286886,52.511934326823315
85.141253586095,55.88808228555794,59.86079452832106,52.18642999229431
87.2175567131897,55.660595712526735,61.60115201054992,52.42396238692315
93.21797565076648,55.78140301883177,62.44118918152604,53.09504756867622
101.23373620005779,58.85625159862541,62.97265273350837,53.02755135679895
112.47806502902436,58.29343049284499,64.30688296238921,52.50932013536135
123.38622109016768,60.301205243501286,64.85228794531184,51.66079340685911
134.0512695976058,60.1646681709223,64.66618382591479,51.02128644549847
142.32387459082076,62.81904734765407,65.10279757243354,50.841690050217906
151.2254470314863,63.49772796523187,65.91614012826028,50.39350898633499
163.24467881829838,69.19911684765358,64.39292131572547,52.52454816179931
167.8925441232765,70.16238373135886,62.76644144059599,55.01588637839076
177.40976533591905,68.07315397952422,61.91607761512121,56.06348079948549
183.60735823268774,65.84127213341881,59.84136403066283,59.182617207159204
187.81848037523886,64.2340124998882,59.031563267835345,61.36873877958932
187.11588574241088,58.13589277429729,56.40164523110691,65.40817874946075
183.92671210141373,51.142748081858,55.289300208520984,67.79222758444172
172.99125757803057,43.54048576764089,55.40031466656215,69.78496547461799
160.87962344780144,30.342877021067324,55.59242889828694,72.92051822365596
152.10571767811234,20.769280368391783,55.25441278081997,74.92773039175142
142.47054481904144,19.312151443949126,55.38991277996783,75.76399379291672
137.34976335189356,24.76301321185234,56.38622718796676,74.8446955619145
133.62352159126002,32.649510739518,57.99192884914471,73.33856961381302
130.92409609191682,36.635849966139546,58.13460404922548,72.6599755848161
127.8049178369121,36.86666925422463,58.454358227217604,70.99305118892951
124.66764946554085,40.3780049581076,58.27479751910709,69.10807033188489
118.57792380667034,44.26758211830306,58.00879240049388,67.31130017189487
110.00547789327345,43.31704843754636,59.19815247107327,65.06234092246379
99.6378494297544,42.8781715662721,58.30034458595267,63.91372298860941
94.62020828318357,41.89460410285597,59.94639636148929,61.78677242244511
83.64705623795837,39.36815461780729,59.78026851980703,60.72302672587702
77.55287785475856,36.62855295421288,59.06983591530024,60.752784309391565
69.3265628123081,32.76493482790845,59.482502840846394,60.27020948482875
62.49890225703587,32.36933875747566,59.80736582883078,60.1504941962891
55.698520082360425,34.92649154912765,59.63750677787537,60.77244434035347
50.118530549896136,33.07428132428464,59.221447155992216,61.1431587951196
43.55144694601411,33.43785622974613,59.84526674338457,60.81816311760986
39.50390660221815,36.27601034485747,59.85380610758168,60.809057469645666
33.22514041452973,33.96854802574897,59.94689654580091,61.58831128518012
31.381856520026894,33.49667564654004,60.68255182924064,62.60118495882
31.702276060026662,26.609390594962207,58.36479222272473,65.85536112364922
37.07289778448044,19.548813373053484,57.51872141189001,68.00243604764478
44.51972879129637,18.694816985603474,57.843899118352226,69.43613934000584
51.57291059499023,17.778503287714152,57.72137216931469,70.50718386080963
58.141240281069045,16.319680319849937,57.08166262386061,71.48203703274385
63.55914271165827,14.445796965459877,56.94188107034433,72.19829945323262
67.73774969036913,17.051174109194015,58.536135069512355,71.13745706520625
74.33661793405595,19.186174423370737,59.2325970677573,71.14584202150745
83.76717796237604,22.343082235547868,58.40433181549388,72.0995557048102
87.048066100384,22.994311869514206,59.7722661901564,71.17860394675901
91.98681506718586,27.75622100828224,62.40023402253881,69.34964438173358
98.78640190931635,33.36755780628375,64.21410461729542,69.06726876987484
101.32251342553165,39.58905765113467,67.16933294590311,67.13484790270988
104.19833796456885,45.05268880575351,70.2974946775297,64.19187419080352
113.81470936606503,51.99292643570027,71.75678495633727,63.177263537240606
122.17455873944061,61.31751636124256,74.48821666859148,61.55181810049889
133.58895977693055,67.69461826110268,76.97699632067386,60.87395719350246
142.5569143106366,75.19514001978717,76.38543857046486,62.340791460057446
137.5256112882637,82.97180203341912,79.05352779874553,62.40808379382112
133.73225784880714,85.87102834747454,82.2143983634277,62.65762853867704
131.84147178282035,91.99597755634886,84.75242902132325,64.05277196300315
124.87363908763766,101.34579014169513,82.88648982527711,66.06766573157725
121.90746438862764,105.92331785631731,77.62358408538543,69.14671272666017
125.06592795190016,108.26708071829918,74.32433784973053,72.76796909670351
130.947185950222,111.18919532489655,76.40942805473689,74.69314333412953
135.4415398588199,118.26387658290815,79.15410788392711,77.83189758129663
139.72553898093483,129.0272678455824,82.91049760187026,81.18668283227285
147.85917091904645,131.269389401799,86.06065207954555,84.81118307963433
176.3480650380973,125.2881518518519,88.06832877602517,87.86649472234906
176.51203233263163,125.44053319308739,88.56817418577512,92.74223025166646
167.76471631649758,120.66023505788999,90.99050644332758,96.65675810547793
167.52551568791472,114.6211602179561,91.31733794000687,102.26070447160654
156.42926943715108,110.32094126286513,90.66253168447845,107.13575149442258
147.93364707751476,110.67407669946965,90.88077540458058,108.88356388038459
140.28016590867585,110.57934462329294,90.10463210624529,109.74456095683182
125.29782464563868,108.23718659814583,88.52870633949004,109.95165050167691
109.14128209575487,106.6899527461281,88.6864578156337,107.55361626477722
98.78174843094797,102.31776138259052,87.432801628726,105.01466438007904
95.15398300506635,96.22839147692014,83.85380532900848,106.62942139371226
91.36090825042476,95.39088763246657,82.09431556309778,105.88236034887436
88.48201814402957,95.85038812964521,81.78762241885474,102.32845066824969
87.38074392776944,87.02264890284634,79.4652884975601,101.64955432825596
87.97363766392024,88.55114113800119,76.65071959574541,100.17906569143736
84.05130751140129,99.37343381474656,74.19318312238154,99.98793612938795
79.0840493072192,97.66724648413206,70.32252121058356,100.09305415146068
77.95000596447144,98.95635951738957,67.15588672175592,98.73727097542238
71.7523508036107,100.69051759413752,64.71199895480495,97.7637752353169
69.31667502409422,101.54737339548485,62.558013615583,96.31354298717216
73.33661370727407,102.21744410578,62.849291751583635,91.62417331904959
79.8754695487024,104.90636689310212,62.70923846218034,89.65522619583257
85.10243065868188,106.13984820070665,63.00331475669238,88.21309182929272
92.47780334029534,106.14368934269461,64.180153582546,86.89207386377774
106.30066723104915,109.64212869677785,68.8051283454044,83.63912441888712
114.1927820147352,113.78219969837305,73.65194805485152,81.47897074681995
121.08946003996488,114.31675148109771,78.71411052576241,78.48285401289067
131.54648793404957,114.04886093818689,81.70879289989504,76.82779631826968
143.87494594322055,113.5671927188243,82.63676570410169,76.35404074071081
157.52845361345427,112.02219206334817,83.65753573271724,76.64437228705914
178.33473678037535,112.5603964745969,82.51019703867016,80.92727714877891
192.67165939290743,116.02668042762542,82.6056825412704,83.27718885560319
205.4012021191795,110.33598189106787,85.26550825753138,84.34846939023637
224.9439766985097,105.40160797072018,86.34683852763212,86.2259610539538
235.5452606845758,93.12818714321875,84.84656365137687,89.23955210920752
238.30764513863184,89.63145902810348,83.65068317503602,91.23494199151537
233.2524293011183,86.53725212227388,84.13805672929388,93.30805945621368
216.80333318078056,88.89549659567008,86.8351593419959,94.87921252664555
208.02926350677677,88.73319480450932,88.97367888543033,96.54020100535567
198.2161260576434,86.0914064651349,88.98856744374356,98.68497022733396
185.86398101630272,85.46347099890728,84.90534813526436,102.37893344257995
168.35914476088988,82.70937519847054,82.83096090543455,104.28066089800663
156.5116372068327,86.67119111405242,79.3914405569848,104.7128000672327
150.7162944687812,89.91910795130939,75.69159977535588,106.01710667007526
138.26055401583642,83.88244994057517,71.62077632916761,107.8089864847797
123.88362597997198,76.65040791399838,69.1065050493263,107.13895221073982
111.80743617198449,80.3259921287227,66.92276341985948,106.84462618065226
102.6490506480568,77.5926206288062,65.85469226358843,106.71226545339006
80.3210929489484,81.3027497702185,70.11819531483728,102.32821945071856
67.5326092310952,86.65823575072017,70.358994444872,103.4649595365837
55.95851003596479,91.62404605895098,74.18996031198077,101.12395765736093
47.12393930753049,96.96334420563578,77.74307863459634,98.41511062767805
54.275278291215464,89.03210850192644,79.87844687252392,96.71251621652544
67.30655041367352,91.96421064698818,81.17871273476104,96.2110707458751
85.0834792207858,94.66277665472653,83.44398251941249,95.78754976600274
99.48974235870898,99.44311897070911,82.97518406694178,99.10549361665957
106.57531550780125,96.73572745746087,84.82239413832278,100.27353182927598
117.60797624186556,102.47881819335774,88.01069949387872,98.14923227937379
123.25958278304307,109.64402645259233,92.93561327910311,95.53933595947358
134.68610149543656,120.0871905010447,96.77412752754142,92.78731244211517
151.0540445159398,129.62395731156886,103.04372727841219,90.99381084823278
170.4605301847476,127.6516236169268,99.26804706599776,95.49940326688579
190.99681891280238,128.11566119515837,98.63216717637587,96.42725509149398
205.77212455025466,130.9250395937409,97.84347623814094,95.327004875379
223.70926881799386,126.66565297073355,93.1674384194429,96.62723626593217
224.28765072778117,119.05956671504899,91.67562616923536,96.98786006687783
214.72697007161665,114.17227066012794,90.83596394507646,97.90283076501139
206.37307884671782,111.79864824115604,87.34083219009293,99.53711005150237
198.05370953366972,99.29908198574397,79.82166142397568,106.25484857037023
187.5393167854214,101.27960841453944,74.9160969370983,108.68804529147782
175.66558692828323,103.72894254112369,70.32573392800131,109.01643534854216
160.43860187404488,102.49555067817289,68.26813965316904,108.26568144458001
149.45238640979488,107.61453036503215,68.96114704574462,103.22686686087525
141.24007080826433,106.71929256412537,67.40166464768494,99.93916812874943
130.27740899523275,101.50372743174741,65.68606064715024,98.24784300231889
119.12830329591168,96.53174389742719,65.23533397678177,95.93839688648545
108.76746971531504,92.34626243266308,64.42578102337822,93.73027546099866
94.73639573770356,84.9556208250919,61.95067281175347,93.37289306240456
83.53274768572479,79.4109084383721,61.216136099840895,92.59508484671338
70.90096603677296,78.15599555252798,62.3295847566021,88.96767274553275
66.61656627080028,73.3229371419859,63.818501992951866,85.4947753416812
60.72722543357074,71.3996115752753,66.72733660276867,81.32703554083128
60.981162889457416,70.37513955097997,71.35873326822927,75.78120610569772
61.75736388482974,75.57980655001752,73.83228385026084,73.10646744471805
64.73951205699217,77.1664697828664,76.17870843371749,71.3611207103813
64.58036383216387,74.09826850129893,77.53379786738242,70.65375152341329
