146,54,68,101
145.35995521495306,62.83883539181946,71.45891054643079,91.28708313284858
144.80045091678534,67.85972624465643,74.27286089044956,84.57662087867897
145.00648974952793,70.39113497999247,75.15766473182052,80.65489136590988
148.2038670468061,70.99848799431979,75.04179343676172,78.73799286825715
149.68339245958435,71.31836353022751,74.49260658939025,77.3624544929407
150.2250440359445,70.95026483437798,75.27828409982513,76.16590753620642
152.07618070475448,69.94176022928582,75.9578961053147,75.14116459617412
155.6299100348055,71.04442156847716,76.31026496398518,73.9411134950886
158.48155305727866,72.02641913216631,76.02383091645231,72.95539009076131
160.54637284505134,73.35534635577383,75.3051159998024,72.01113176718142
159.61597642535745,74.37171469991522,75.34354642407207,71.03180475610858
159.32334203596182,78.45588092673282,75.38080720047225,68.49817758380743
160.73857695181505,78.81434007577343,74.77585977916596,67.22799049066373
164.81716125385915,79.16834534286505,73.35997501448925,67.77881673422563
168.9747520032892,80.50203714406561,72.39322546824991,67.05454367764692
170.92113074648978,82.34486223444881,72.61018415538334,64.75136514973661
173.1815880724738,84.01198235769587,70.56988964882001,64.58389047811484
179.1139856259702,85.15219855480822,70.02014449237942,62.50521800768132
181.93299428547084,85.40254502191925,69.84281704896418,59.18987972403529
181.50963950599925,82.31622039336267,69.15688458214667,56.98656350032594
186.29057686109974,79.40539011195105,68.00685000623858,57.238603873402624
188.8287473771887,78.84177145203857,68.10435742612988,55.697678474184066
190.61487451896582,80.68051739013303,67.65975893571022,54.622252650700325
192.04415800533624,84.6034971538448,67.90453532852187,52.361270637665136
192.46212413904857,87.36326284233746,65.37758099245579,52.924625669849995
192.78801766066857,89.9418250162228,65.61552416588148,51.983501010516726
189.8447421010846,93.07214462437764,64.89392067918675,51.86637322863184
189.47782220974528,92.62055590410782,63.664992872266424,51.63700697522802
189.6805621593904,95.00416543122162,61.57258960337445,52.427451392591976
186.15022551665265,95.3909935252651,61.44095101467828,51.307767348656654
182.21244529992813,91.48009778085556,60.42839257767166,51.14644542249911
178.58443965009585,91.62109428088553,60.262716188041,50.52510158542296
176.20622178253853,91.0671549570248,60.17735180415594,50.972087841565525
171.60212619264794,87.94677123082509,59.31396168400512,52.36735973336488
166.21729668375337,88.55605083390469,59.271328549138765,53.0192591305136
163.05402031044062,86.63482322423019,58.183200977860515,54.32796912466583
157.77699641845584,86.21486325476371,58.78911324880184,54.5219627156565
154.0168505754735,85.83543105523161,59.95694818093199,54.59812312826896
151.8462958048503,84.97579485666003,60.04749830790936,55.20666907205104
151.62566139597138,85.05279250367212,60.0035659443799,56.00178503402387
151.11546635360799,86.0599030488743,59.794441308844284,56.43040877437697
151.5781234929326,86.62037465645037,60.36514811519814,56.181782658458545
150.1001230619188,85.98725693020529,59.822431057829135,56.258406521254116
149.33257696143605,86.89511098501848,60.159052707707744,56.418237305441764
146.56055966987378,86.97174094168012,59.91535358213564,56.03623656663958
144.441734181494,87.06036189701793,59.63392016045741,55.07888404716423
144.0203155704719,86.80474536293775,58.615433160774586,55.300831072159525
145.16954806380159,88.28199359179557,58.451266246679154,54.979051662468066
143.8957986821909,88.15317746175751,58.202471039109724,54.732890046437944
143.3882066091297,86.96355926081887,57.07704608529827,54.43931427624551
144.5973361838539,85.55687017775078,55.55439805247768,55.029572536488814
145.4582471930273,84.79656011177445,54.82088153558572,54.84681813101174
147.1196457821621,85.59350037298495,54.05737268189891,54.93243289547618
148.9611524233052,88.03332725537985,53.27838569258266,54.68834007895894
149.1709570320587,89.94226769330274,52.854526620639646,53.881892111897656
148.1101658975091,93.35888129414717,52.416201877920145,53.43124024747016
148.64445225966375,95.5792148495098,52.252321686535225,52.54129985503271
149.71815182874712,98.4858721006146,52.060619612153126,51.59317421651631
150.42648019507286,97.27413850517947,52.15124596503479,51.25768863362302
151.32513838584293,96.2036440529887,52.866645094235395,51.45039904086171
154.23451593183106,94.00218544902785,52.94235254019959,51.65715575458672
157.96522277773542,90.62053190753832,54.36112420727973,50.73894442272593
160.62759452807302,87.02705188813898,55.14557908440238,51.3439247832348
162.75288865538138,85.8176851254703,55.6243572549024,52.1388206401519
165.24532775778098,83.26943669410116,55.93260543177187,52.02442142246365
168.4015069728362,81.45743580434883,57.02884943811745,51.822732614132434
171.0592633654675,82.18750378133966,57.354789274121174,52.72227416125683
170.43283007114593,83.46347719529001,58.458286708393956,53.2848242785425
173.45765900855884,84.9543483212201,59.61363290795549,53.682919689553955
175.8729269747637,85.85685162324928,60.25531509962555,54.40502171878676
177.31971722400138,86.34952605293442,60.9700802144131,53.97149363589472
178.97426085624346,87.39819351155066,60.331820749663166,54.36147120566422
178.78230012018844,87.49377506003813,60.91266981123033,53.457669033061094
180.14613308547771,86.85376343163293,61.34163364201949,52.40317828223333
183.40161584663468,86.63439930137376,61.15387518326769,52.41696825155854
182.9489520594408,85.95031429093376,60.80161752924427,51.95066624830697
179.5382459254703,85.46045054365672,61.214265897986294,50.56293484416665
181.44728504726453,84.52010803900035,60.03650290401177,51.24419652314171
180.03867912588822,84.57934618771431,59.682127882830756,49.95176407673031
177.72475117309085,87.5513852257622,59.844289531600126,49.063498021505396
176.05914612396296,87.37854940871617,59.265841734457055,49.16910338695376
172.86587695642896,90.96409849631563,59.46338077355801,48.14171378266758
172.395491697688,89.19119551487462,58.85123830563986,48.25454006326859
171.86028380520273,88.96519685954254,57.83064106662147,49.74935604744569
171.9052102094044,87.5135848574404,56.83114143046096,50.54566894878242
168.8138691272148,87.80919200364703,56.69417399589048,51.28464784972396
169.09687053680287,86.52817355155506,55.720393333833066,52.53237600845772
166.5302391278464,84.71150099985167,56.73740804617406,51.868839298352455
165.5098422540009,83.62610379069703,57.01910865757216,52.4382709349502
163.39455795778764,81.73575925418254,57.5765172776635,53.47553882366316
159.3239916237391,80.53530614779041,57.4927553249961,54.30508912138934
155.28780354363326,78.62705116252667,57.54019597914056,55.02979042616104
153.71710779537818,75.37556405836588,57.82217690881376,55.78948327332611
154.39162732434835,78.94507539055374,57.60121069957205,55.67276092749975
155.2285639073015,83.47289341391499,57.72056142265028,54.774997389950656
153.20863717068326,86.91982411280176,58.894596378132896,52.81318792918887
154.6548025920967,89.42226240873097,58.25627570404653,52.68029247376337
153.32436305666576,90.86688124014594,58.56900875364969,51.067415709312
150.80008021660217,91.95718956493734,59.50396076520348,50.157680646147014
152.21386633894673,92.11236671135673,58.97674990873914,49.530594071906414
154.69594015392858,93.98241023665716,58.58225440467247,49.75479302929901
154.11298310543523,90.47654164206715,58.00771441133848,48.49379304556527
155.61768223959177,89.5624779388605,57.664216825729916,47.43830166531432
157.6984521090472,91.18203792162488,58.380782570584955,46.29894268854335
158.60007956079428,89.3485306363679,58.10479442407536,47.398371038869136
161.85450222582702,90.37174262994577,57.45885000993394,47.15516063648904
166.31146051765347,91.89071280543948,57.06067126920061,46.82704093334134
170.44991116628128,92.14885802662826,56.19394309367433,46.792161684324064
170.871514720538,93.6997172210432,55.24693106404647,48.35653815704657
175.8695289745961,93.3123385435102,55.39261514626409,50.05129552847816
176.45103050126733,91.6515291923805,55.71430718913652,51.4531403372786
176.55634942149615,89.79769503335552,55.73615980248172,51.574735369797246
176.24022803401238,90.04329032741846,54.433159550895795,52.58277236307234
179.93660876889453,89.96451736821444,54.20651782347332,52.958784086869414
181.48672542464118,89.9726457231492,54.52741508577337,52.96644356746128
184.92393878783977,88.45199393113205,54.98432008817299,54.29173487265592
186.23015857925478,88.07446792684411,56.09671785641113,53.893592666809326
186.38013274049797,88.2042431792685,56.698880190888985,53.392480418026594
186.89462365682166,87.09549739716316,56.91791076675327,52.921547084553765
187.0251737571809,85.58546625439091,56.249237998773154,54.10690194098479
187.16026175629332,88.11513168944523,56.47354873604836,54.077819457486875
188.01500232777138,91.00498721638638,56.78065576096462,53.26176027848411
190.0209625270643,94.27687935417192,56.1378435474611,53.653015232902675
191.00089273045603,95.66099291882776,56.01231549799504,54.039088768362475
191.30647809492044,95.09065905924123,56.116496849749716,53.63780475460927
190.51834878100794,94.36695379961266,55.30518384267241,54.244697374597735
188.72253760522972,91.20230936505742,54.73554860336802,54.27701343384084
185.46163579670025,89.94054271602509,54.36040482845364,54.6137359891072
182.6046027592284,87.42794909378594,54.948842154300905,53.845958480486075
180.2319236712211,85.22363458433679,54.59802737487105,53.52061220411805
179.05541679129686,81.68919337779447,55.466461110339225,53.49198928267168
177.62815584561002,81.0147127500319,55.809034970740186,53.31895923711432
176.4855998395789,82.21060686990788,55.284601680062714,53.54379471046236
172.55272273284436,84.76645044560797,55.280271258063884,52.99042389122259
167.00127935315913,86.50644924319724,55.55830944280868,52.61840956206717
162.8634035512706,85.62519750989838,56.066251328396994,52.04246775043987
161.47460346985758,86.25774866391046,55.42546023577617,52.41880654623728
158.2910141878359,87.13812007443886,55.36206993501685,51.70728660705852
157.53710222901705,86.34726461336423,54.82363865806825,51.56034602420644
159.57062389808658,84.9665428130452,54.79336924080062,51.24488915471886
159.83878952302123,86.26937326747243,53.639619044270376,52.30480512247041
159.6084124084977,87.91362357565436,53.28377767088207,53.28271815892183
160.44614788501497,88.6492946237386,53.54421703571427,53.91645586829647
162.17530281325128,87.6342363431427,53.394993833340486,54.851570520362635
163.66150842568354,87.1080362833219,53.660775857486904,54.855055164587995
165.91372317952732,88.16587849414482,54.462659561135496,53.91443931188146
166.4251507774037,90.41198672697523,54.53105461070781,53.21783249288065
169.36230577049815,90.12385078615588,54.02475182859544,53.362126984879154
171.91695947609202,90.53179813580705,54.24851586361396,53.23487382855692
173.34469322669852,89.19563204983734,53.85998262111864,52.93704169561026
175.67767638636252,89.1610916770266,54.69924101108934,52.33877654616345
178.9684786944532,87.56934433915258,54.307689755129076,53.45718405366634
181.0586835908369,84.41079199068396,54.42769358494634,54.33001213343092
181.90484002053287,83.74168136767258,54.931741534253824,55.02917148038864
184.67335112674954,84.47668750756543,55.43299107964744,55.817032482974795
184.47596392294335,87.27794101433977,54.59195774019226,56.19234913086473
184.26533768111983,88.54131399648588,55.620865596465165,55.17173091709985
183.01463530795405,87.67971672724428,55.580798516149116,55.41127997951277
182.49481666136867,90.94450032003382,57.70467589648881,53.57385495272817
183.31964757195746,92.02147907150847,57.4777577544247,53.966662757396456
182.0487443216285,92.91358395411874,56.43171062524449,54.22796419095657
181.58324775060044,95.30008719818639,56.4471273803068,54.39091212587603
179.98548578987868,95.26728993714867,55.435034993699134,55.16983402359879
180.06581768670756,95.18397867620453,55.26485465916519,54.7083017252003
179.01922158842677,94.46547860148965,54.7540671767582,55.052430985526215
179.0527678661016,93.55845288611069,55.240866779574546,55.64174533825031
179.30610552029216,88.53685729932033,55.44156043969792,55.30684274821003
177.64101800669764,85.63808788304434,55.91233156923674,55.21806714137493
175.66883283987116,86.1925540383773,55.10694136570244,56.332457110127244
171.92155253920623,85.28565957705788,55.458586051913784,56.30603674431902
170.5856225763739,85.09860479817905,54.63419764667619,56.83513115196869
170.16994294530406,86.97733786025603,54.422359683173894,57.04142745188339
167.7639782779759,88.85162694446514,54.274008446260744,57.36072551414898
166.46228011338138,90.354612761807,53.70953437732639,57.874589760277
163.02268762740337,89.44250502985412,52.95353761840517,56.43712454566911
157.7773642918103,89.89817353445623,53.61612106759861,55.11551476158914
155.22421897184972,87.34929993048357,53.65491491869763,54.6304268563466
154.79391121492915,87.46268581468802,53.23945303733694,55.254650900831585
153.3028319948062,86.27805574991734,53.40126276816498,54.56145591859463
153.64920879346187,86.64307991744636,53.72178425327539,52.81917182745521
153.81153892919247,88.41253310483444,54.211322936661865,51.36786272772005
156.62088231489702,88.92961464806012,54.03665722304072,50.77634014179152
159.3503477526212,92.3982399937741,54.780537673438374,49.91390144501919
161.01545992967652,96.33972970967471,53.599420233695454,50.7721808264207
163.87476032216065,98.48867860267785,53.42818123879606,50.43088530947241
165.55592116688132,101.69109103438497,52.63828224770248,50.64987440909914
169.38820885723615,101.83698834467006,53.98457879804056,48.63833438748519
169.703914089766,106.10688078784926,54.86559006289926,48.51111477042849
172.15358856207405,105.20731464559556,56.072895694097234,48.465440645178354
174.65835572870742,104.89856741265947,56.68004162559757,48.7648628036427
178.36331140995443,103.57607964840585,55.54811111960652,49.388558115069856
182.24694090293514,100.55460690759153,56.11781468768771,50.3229361244594
187.65545458440357,96.89117378546612,55.637478520486454,51.81639921994493
189.1229043732975,94.47512908520824,54.716833812505186,54.04760699944249
191.21914308199078,91.25480783779528,55.92359802715633,52.388920690446525
194.44506662374715,91.52160162703265,55.79512666406371,52.3843682617661
199.80972710795714,92.96604605657524,54.24735311694704,53.77151689483133
203.83106295259884,93.95164674628772,53.60911579796239,55.58216053140535
205.92972672535532,94.87116703043472,53.609977281995285,56.664284875995676
209.43644296569005,95.06505496281932,54.661683147667425,56.62695386491514
213.48764214038673,95.41780210215344,54.6884101597456,57.16360985294726
214.88248422297747,94.12661123142107,53.82973340285838,58.038885924825266
216.4561380696818,94.0549484143969,53.571852665831784,57.77345892225263
216.00421741151018,93.01290985850262,54.505705325506284,56.67291117742471
218.08413132606623,92.17351761500653,55.32479163828275,55.13191103055121
213.1992689940032,90.31416419910241,56.29969478531221,53.511762327391125
210.20321775765734,92.15441578568033,56.3864340105358,52.9440778173029
212.3427120591653,92.91054799119479,58.57935618732841,50.13275974071166
212.01059800104306,95.36654524113415,57.54766076372606,50.55786042209602
209.76579074574977,95.47336325967616,56.365494333034285,50.59123848224078
210.3679181331356,95.56639962739027,55.01031571416978,51.864605260442076
209.00873988156806,94.03633346375366,54.24697207745167,52.7094287309381
207.43587286229808,93.72978403923332,54.527729439307784,53.80470788018711
206.01870597436024,90.97406276853326,55.805859227644746,53.26158663491638
203.98089824827545,88.43027163797487,55.841720449238395,54.23841095198551
203.76059596968977,89.39566234521126,55.983728437432276,55.39742076140625
200.9155047459262,91.91452991527056,55.84376784513033,55.459416447014384
197.75363763571974,94.86191076230921,55.62965135085044,56.941739080685934
197.44995953421036,95.58376271586599,55.09167069140726,57.29702811688112
198.75615184815422,94.9128634252211,55.28392059862895,56.55923229240449
197.30819441197931,93.78461306376569,54.91829562108319,56.74614199515361
195.84089694482788,92.52005382007049,53.8809021551547,57.20221029576183
194.81213842625738,91.0446437414777,53.863369791636806,56.75249224293076
195.9612427346729,89.81418981846576,53.83375941360218,57.11219844184907
197.1487484258783,92.44080366792855,53.85903789977753,56.8868176198479
200.95588309088723,94.60616955881977,54.692006611211085,56.78658003343496
202.24578655023797,96.06252563357222,53.83059768080268,57.29746138342526
203.84425606358008,96.49098365251645,55.000256709705766,55.396015304423344
202.9135988744677,96.37137642612541,53.93669344453812,56.477302740023205
203.56011467615016,97.02761670515356,58.21076118257255,53.28998412540181
205.45138614460805,95.06224299536512,57.942551012960564,52.44102602760073
208.23086496346454,92.33122677633501,58.29197283894807,51.128330823312204
209.70363630328086,94.64176774418641,58.56590298340575,51.23091609663124
212.2184809640082,93.73283285016318,59.54480602832871,50.10243723095365
219.41545121870345,92.04820274137059,57.84673725444503,50.40942029622937
223.5694166756068,91.23142317335683,57.12415398349145,51.598969893860385
225.1859950216193,93.47093713680684,57.99944531043897,52.008523072264325
230.4541793860669,98.42901330766654,58.59574996120336,50.94947120885436
232.80717809531495,101.48551241518197,57.70504250305932,51.04793238299327
231.69835013666477,105.6850040721722,59.452889145184386,48.84053242800927
232.45285897719575,109.47036034836654,58.264836889317436,49.48185406897625
232.34696615272094,110.1335475074093,58.153087953643634,49.746919309846014
232.44583259517395,108.8241884535602,57.13070519704786,50.46445281298837
235.4933071959023,109.50941843016537,57.05958323566434,51.38811090601989
236.09091165051893,107.84770666410732,57.90096658207584,51.13298779276269
239.05254389215864,109.21854816141376,58.72131813813559,51.05396302695635
236.299696377898,109.20745434437222,59.19526513279662,51.70431861155929
232.84338176417256,108.72580334747823,58.982704283064834,52.623681969825725
233.4458760570497,104.18660007168762,58.193341825460365,54.98702165780274
233.11724325245154,102.9008669265213,57.87586058684472,57.427453428916905
229.96472036494055,106.34798089114811,59.075747671343706,57.89998608996061
226.20379802963353,108.61409087354708,60.69692951047966,57.618804744798716
223.32144004545833,106.87156980627813,60.94465474622094,58.267229438449064
220.9607024711241,107.0068270015772,60.01735548908471,58.896750004815246
220.1037223745024,105.7209352238018,59.9098463081951,59.23839342386986
217.47354133416093,103.27179368085658,59.699867587013856,59.73584694292226
214.3680989838866,97.11686072920074,60.86306573834686,58.666921038942476
214.23835548879214,90.45859443360436,60.66864047170379,58.8034744288279
214.009626391988,84.94032540076999,60.66531182457766,58.986912886844046
218.56014644853613,82.00767896828717,60.8118301436952,58.88559760880471
225.28661519948545,82.98892265692373,59.89562685354222,59.68245562654076
227.95592959255342,88.2799289294936,59.841283585840834,59.79451214144997
234.93716520024853,93.35013638927197,60.27791671777635,58.802690318725034
237.7767199472556,96.45466249404349,58.73534820183539,59.44980866099758
242.05475100438153,99.15729339421583,59.419434861277225,57.28898330487182
248.43064724622832,104.27850940972387,60.15895565760579,56.72643199413145
251.3029672398559,103.44477959567462,58.97332946143491,57.851820302312426
257.2898125316992,100.29286449310797,60.0503155398664,57.30791081279423
256.263361520646,91.28604962784111,58.4444988192769,57.873238583997754
261.84737362677737,86.509929295127,56.79288187711117,58.668767269920025
266.0975306493939,83.2815501697743,55.218821691058096,58.62368444621018
269.11799585284786,77.64574716301524,52.97981463050542,58.84601836852325
270.85424442401194,75.78355600524024,51.47592750930134,57.97457706596276
271.34380161531897,77.34125963779724,50.47809870610622,58.20611658483373
269.6446751677533,80.86504189117619,50.60177348474035,57.02954913146506
267.0455682004799,85.17031911691971,50.767400030291356,55.77776543243115
265.235202688787,86.81214951035815,50.791745238977576,55.48196890441431
263.85252012003366,86.469455514517,51.25108601003336,54.75510456405853
264.3501438890381,85.34528157233589,51.779026348556584,54.11288876666231
262.8558541147715,83.54268149839649,52.40104983742516,54.15273805399754
262.3671075719722,82.66665137353218,52.685452618223096,54.97722568231481
264.92443892790453,80.47110676197494,52.96479483108012,55.96955635407984
264.2155995041568,81.32433873224004,53.25447788446147,56.46260380885489
262.9134483072522,80.6463401977555,54.22720897498756,56.055395490663855
262.31323056929386,80.21033851944209,54.40020072752267,56.22438244494018
262.00867291667436,78.81604588203182,55.20138896260207,56.94822858064424
263.2474532421818,78.9451467481885,55.82025415990125,57.72686509610375
262.41608564561983,79.48879353001736,56.37067920789549,58.14932860271125
263.17864617516267,80.92924663153792,56.878209410061686,57.845896281965324
263.16744062359317,81.3257725482819,56.34501506266717,57.61592585661895
261.7587450507315,80.2358925349422,56.77720002119682,57.33363014739275
261.5795058741345,80.63599888225644,57.474078930616976,56.90150731941317
262.79000532083955,81.21187655636554,57.126678248343005,57.39606146677948
261.9197450355997,82.94018748810183,57.981234799026254,57.17258874676607
261.50302082046863,83.01488623457294,58.183738379141,57.1584341161686
256.9030513685736,85.5797850480578,59.32891048093555,55.93543374011189
249.15423225992342,88.94482088289075,58.96078052380864,55.91078834184039
242.27535120816958,90.70400572542263,59.189627405486824,55.09692654725853
235.62907853871818,90.15988396266098,60.22209928597449,55.75873757012632
229.8466237026938,90.59657438504172,61.40672940403323,54.58139618697409
221.8563545605652,89.20395840413617,60.22759901613915,55.122262425225586
220.59387830298098,89.50210837182468,59.166673415400666,54.94277176314477
214.04495893226627,88.26241689319585,58.315132724697776,55.45979938191376
213.60386711079926,88.73639005173146,56.81773255660984,57.158850554791556
212.74311384475263,87.70926453755638,56.78986181533715,58.55460327540185
209.52487744588197,88.47419160880261,55.70067595022679,59.689974160236076
205.77720178725113,89.56094423398919,57.07648634585014,60.3842627561811
200.64602003797452,90.65656713920163,58.56543844832016,59.86227419081613
199.21838933747637,91.54153671409493,59.786228311200816,59.67869957073258
194.77596049707756,89.41039176683168,60.00608626416128,59.05711024594602
189.1266164098071,88.96901593240207,59.88505203705198,58.45919622761498
185.03072944301087,87.43609954948747,60.837358921956955,57.332766478084366
180.91257206995567,86.38240502519461,60.07692627591935,57.52099712922873
172.01015376774365,83.33702386404644,59.591103816361795,58.109863516893725
163.35198709473121,81.00497876467705,58.87647091703269,58.82825346140362
156.0998226733786,76.84612012642813,57.478192186403035,59.51679298302284
148.34393790030214,77.08491077451313,56.74569171160191,59.213943980756014
142.54201712131282,74.66342365520723,56.58259809032923,59.190938534984504
140.18480523237176,73.98473552104502,56.48667955528641,58.74763965130877
138.1893629078066,75.4050931256304,55.97038671556186,58.638906437930636
134.48212014257237,76.64313757746257,56.10219448002287,58.15699317355916
131.24793288145867,75.68509128122847,55.610330612499,57.797692017783405
133.15572529601832,76.26622259171869,55.47360820298266,57.74863813069083
134.78278773814475,79.14837632651466,54.96961430531584,58.06595306874724
132.4624052290311,81.86517090715505,54.3347066838011,58.15936146756413
130.77369652511027,83.11939504818613,54.60708153303176,57.265262603901434
134.19770565497063,83.71583042401443,54.637723179827915,57.299966882428706
137.2705484343457,83.96478657557208,54.63585058026896,57.649512183892796
140.71459095677656,84.86346228331519,54.8258458315853,57.77599601007394
140.25075907454342,85.68313348936668,55.9643729169224,55.92111645016434
139.80148817981686,86.42103776709405,56.39795810590965,55.116730955323376
144.00206205002536,86.75014744751492,57.027395596295705,54.184854959070975
148.64450525491748,87.21018588552911,55.472405296991155,53.7219991218772
154.40746543650965,88.15253524834414,55.896574482809996,52.86917857181171
157.97085295656345,91.0171904074214,56.296588921629855,53.808951950172634
162.94850001953202,93.1993278652001,55.52086924509776,55.75385900814
165.92442474253073,93.1315879935916,55.242165509570334,56.68892381149007
166.6073128614504,89.7495091091132,55.50607790487623,56.999620496267084
168.65562249023108,83.78378754039888,55.11831729629402,58.19895857375959
168.13061720829467,78.18404004546863,54.402816702563285,58.17129328827213
167.83692237796578,76.2252338985719,53.028732311085335,58.822209657602514
169.90787149873915,72.6367787536552,52.60154707431467,59.19820240556335
168.33770624967596,69.891229149942,53.15918001145326,59.25079641183997
166.94253321511607,71.34709326904124,55.030842571752146,58.618126247053596
166.4556904139302,79.24041419149714,55.88553895799237,57.7606170477565
169.94685546077434,89.32397988930697,59.056558770815684,55.6837618540238
174.2257468493654,98.10551791303124,60.28986109356607,54.93943317236801
181.28582826845923,108.39992081634463,60.940704373341845,55.47487436713142
182.36739030084252,112.64814066953652,64.21350811854518,53.473872408212486
186.87534129332036,121.44806967178795,65.99540018338713,53.19696093152272
192.07513020980576,126.57700728851864,63.225896368746284,58.28745082485362
196.40413103596146,126.77551765698828,62.097559838105425,62.32683324403092
199.60693448564368,125.9705694199264,62.057040798180175,62.46281185334143
201.8518679131487,125.409825296429,61.92102033404859,61.926087877908174
204.6851846209235,124.0152358185308,60.15795507460772,63.64877434330949
203.43894040026606,122.37948650652373,59.72632935740491,64.76365380971471
201.49621868050258,120.76839187968588,58.36163469945945,64.89385298151615
199.39427579283748,119.03038006245437,57.2557465194954,64.98472529195848
198.73610360970332,110.18220701890827,56.47100518833528,64.72065187812004
193.96076560665742,103.61135476609114,57.264165940770894,62.74733382570216
189.78938226077352,102.8358831044517,56.96491518882111,62.13503611973303
184.78909098290598,96.59236227616464,55.676736161863516,61.443248638113786
179.4742306687853,94.01448542613146,53.87944651571965,61.81039998128073
179.09987401930687,90.59049730653925,52.8955676865253,60.408574715383835
175.70281514057916,91.56692122041511,52.079544633790675,59.07946498128908
173.8071015758812,92.2604992195505,50.885025660128406,58.013013084154736
173.17738242383436,93.64768836684699,50.80979972808085,56.20238514675626
172.33017909640336,95.57506733248067,51.57492716682641,54.13341718627882
171.42801215395588,100.1813999828488,50.757934476347614,53.122291500109455
171.02554007128245,103.15694598746263,50.263638083343956,52.994046246879385
170.41433663846658,101.74524413668094,49.01363124929719,53.19007311225724
168.67443531968024,102.50491651395468,48.50658194597971,52.56795312519759
167.30952430968466,100.49100529810502,48.66298642845654,52.10949284585949
166.12383518168673,99.37675506715222,49.420712745405496,50.966076140193856
165.45380943203895,95.96780855450459,49.922913993330155,49.83671350376622
165.60594052161838,97.29223405933641,51.17536723253457,49.165858788087405
165.96833639860108,94.92095383913102,50.98531045426225,50.05080737740553
166.5079622883865,93.93717812434075,50.93072450804783,51.60921171840866
170.0002704955141,92.38835627929399,51.35313094462923,51.24361119985663
171.9673238301059,88.24939437945702,50.83203088859434,52.60409862390529
181.80548310611346,89.79281493584197,50.53745681602027,52.64081584755917
183.25872140720278,93.67973051750573,50.76086205394775,52.773981769499514
191.11787448796525,101.12284177511066,50.83863241633588,53.22968025795677
196.6338407535796,102.49651511568608,52.53433417009386,53.41431414278392
200.88705568149766,102.8698873650663,53.44031103877924,53.26577360057242
205.04763675170292,100.95488266081814,54.10938267652771,53.7602846844257
207.7582918924477,97.8632788662155,54.12106174646083,54.05895628260364
212.20376208110923,95.61155896208727,54.65325275557258,54.022952824582234
211.78330227507206,91.9109822658443,55.13254104522245,53.88058207206771
209.70533077748806,87.71963046824663,54.977958692030775,53.996988587052535
206.98097662752582,86.24552832804974,55.178802853900976,54.029573677801
207.56994310094098,87.41848326252975,55.152231019284926,54.360911298614454
207.44715271617378,83.44262310646081,55.62489383632804,54.067484896820034
206.70458395527223,85.63603359832832,56.40631326512907,53.60528398205316
205.0647027730805,86.876786352413,56.57634930614667,54.16176841695366
205.71128358887327,88.1990587551443,56.89489432822088,54.63233767669624
202.7819269345143,89.26965668277285,57.596675858690034,55.08239294368782
201.20054247382438,89.60187141894939,57.7252093864132,55.404862574279555
200.2918630772643,88.11041318291281,57.738763374445575,56.10752301666204
197.55273897953543,87.25946050652934,57.77733801852482,56.62222694741858
193.70579015224115,83.1137472872579,57.33556366035713,57.408720387923445
192.21857401833955,81.34177671224288,57.17754765794959,57.88663733273812
194.06553678203326,77.75940064083366,57.46689888925836,57.83584850439129
191.80554099763398,76.18475059570723,56.32552706044914,58.85126891849375
191.0675128343624,72.58426177457427,54.93774697177111,60.39294443996715
192.07768361543725,77.06144239757417,54.216898103321114,61.14097215920402
192.20278023145093,76.93780299705955,53.76007418994625,61.602354017692406
193.33162951025255,77.80683807063551,56.67797915466973,61.30016992380513
190.72410259789055,83.39631919178609,55.49101865202978,62.032063762689816
192.41304362094996,80.85194096817992,55.41472273463761,62.63217292303249
193.138093308426,85.64979242735657,56.4179170015261,62.02750363247118
193.7148379387647,86.03655920583496,56.744320332180614,60.637468647225084
191.2655551734435,87.49704994254708,57.064258604461344,59.397890997622724
193.6012968517876,85.27371510810002,55.84030607764399,59.51302492529199
193.86221333272456,86.41753066042175,54.534379666337614,58.83829261892621
193.73934703625056,88.5300721246771,54.26083870854707,57.34401438859133
194.21795813812378,87.0613860011063,54.48497569093736,55.77886486358031
196.21945863343404,85.94745942466201,53.733206682369484,55.46640313255146
202.50288273529193,87.63925977536128,53.5318618219208,54.90945396893856
208.47976830659837,91.77379634035708,54.31003447182156,53.63061170951303
211.6024359467354,95.7165526706191,54.4150743506585,52.871005788473276
216.256450954504,99.4074114670314,55.65907725885527,50.80647811947849
218.08769567276795,103.83154795175665,55.465970881577476,50.38002351013421
217.75662165742378,104.68216157429569,53.21225678854194,51.46006842581902
216.04893982871513,106.79197220055514,52.29887693989134,51.44130342312572
214.73034287375435,106.00625117347255,50.64981199615754,51.770385318343926
209.36437335564747,106.13357089529475,50.16511229983952,51.676615804347634
202.32445490551805,104.05742423843392,50.46032184649454,50.6924964174052
195.79966030323266,101.22426957525121,51.00143267845318,50.45367300269885
191.87357699105274,99.30400693656779,49.9932220274136,51.27178934775594
187.67987997013802,95.0718106308333,49.95048243611966,51.22870866909753
185.49015615747703,93.0729767836483,50.85898771234068,50.48758031503588
185.63865459331535,95.26748767063907,50.950412497302295,49.502087078273334
188.15031346554838,96.70461445945558,50.316833405980574,48.893157743526
193.35214387838062,101.9962599642659,50.529897612710876,47.57535655874234
197.66178584639056,103.22966515672269,51.607878049660684,44.79788110608068
202.10813391522905,108.31773770069236,50.28730335602974,45.15459996076373
204.01725973283334,108.34522383599716,47.62919352719622,46.08416776412934
207.07635137511585,105.77894092166258,47.532333849486164,45.327628238801076
205.21682714873643,105.08363887346079,47.255877805983104,46.13690501295673
200.61975626233595,102.91439774069798,46.4688920943807,46.98171992459582
196.78301019432936,98.82830992011392,46.135419229541874,46.98665431311201
194.51726525045547,97.24652742396266,46.07710396604767,46.04589306019653
188.17238662278925,94.23680981210381,45.21370370907087,46.28598436643111
183.45010709027986,95.4989061598496,44.86737419982596,45.513263811806894
180.77104008818318,95.90828958518131,45.00612926315132,45.223501607052796
176.50082869462852,97.9242518327774,45.73492155335853,45.19850676077412
176.35816393338422,99.85205152851465,44.61324582265793,45.600379879901254
174.06706547039093,97.44096247024537,44.3628547927926,45.74151570584377
173.70760206016737,95.95357060727524,44.78714564718297,45.72237100329454
168.5343407787708,93.14494924163935,45.29384018699474,47.193419178018004
168.45932115242798,89.53659997149308,44.74126581311093,48.440098510612884
169.22725981332508,84.33631345958335,44.90326349298861,48.86076563248329
169.38244466924405,80.45296942101298,44.30113159930727,49.904850949189004
172.52131641483894,77.17518256309228,44.13955330134466,50.717420353016635
177.22069018198232,75.76419047717044,44.90557234546177,51.2723467620541
178.93208717667036,79.20963354128445,44.82144069562258,51.956190743006175
180.15426161679062,81.92930799868893,44.35768371682511,52.37743192295057
179.70743745836558,83.99089212814708,44.66887336927263,52.52593783831799
178.05878477340602,86.31824142637896,45.70367267502924,52.407034258391164
172.6546660498728,86.84274683341359,46.42405027487996,52.05816642505385
165.8929389647439,87.53107479673191,46.94316519161643,52.204254109618
159.49981514325503,83.83183154541061,46.89246725187502,52.92329442522227
153.5111715701245,79.75569428921769,48.23068269315979,52.73507591647481
145.5487900245026,75.67036810477268,48.250285295479046,52.87651619922828
141.2576494396432,71.58598227392139,47.46167787795763,53.274635753866434
137.4811490003317,64.37246330966187,46.662601405453245,54.10079467108609
136.22517105595722,63.231672673735616,45.91495326816832,53.878282914134566
132.82406750506766,61.96028040329859,46.41299796567884,53.838972732292106
133.9278831580747,62.135364395476984,46.98161043726155,53.39560377211225
135.66494692729134,62.914356605452085,47.19420590542122,53.85205893140997
137.08858181209584,65.28300459940209,47.193958142896115,54.47700364458966
138.10861635908725,67.25729824497043,48.56053248405973,53.784300558470925
143.79571513531934,67.9665177990775,48.9739485539194,53.819015135271286
146.68914825409473,69.07933159343209,49.42370191598286,54.03288842679649
148.5308465802231,69.27918944682952,51.3525677341612,53.247713203828354
152.47055911243194,71.20798713510908,49.85071104368052,53.979120318380154
156.80811354467622,70.52336531887724,49.89198379164257,54.60079184062813
158.23417598203582,70.78123911971414,49.0042777509305,55.3141311640191
158.76345339867356,69.88324970825694,49.39375504020284,55.83869632848493
159.55581609799404,71.334823896491,49.36267851232169,56.92656312498719
160.96321969964868,73.7529420791924,49.7909353432801,57.59653786321542
160.34145262828196,75.93479493740753,49.62663398144994,57.556417582572976
161.50994258785187,78.09973469319453,50.67775056955657,57.169642783491454
160.76310173203217,80.23578370299344,52.03839329345368,56.810420931638035
163.7995271895848,81.4105231089984,53.21305836795827,55.90557069815988
167.4212003797167,82.80790970726181,54.799950311342435,55.4443296333051
167.43682291190495,82.31365957034845,54.66277051222226,55.19666582799722
168.1938423492278,79.47920533561188,55.56537360582432,54.22538560872287
169.281573480703,76.54933929882978,55.56116621920846,54.724991888224814
171.19379501812773,71.59713737521439,55.07868168633226,54.6642871780895
168.19589465635798,69.16496556933251,54.774274246942284,55.35923260297497
164.90354006364373,68.88851655220671,54.492164165202,55.61524816647722
165.549070973226,72.80565088553352,53.35468781375989,56.173552692460476
162.09515315222566,75.90000058759938,52.5235684069848,56.024397484365366
162.27437287596644,77.28942860341164,51.37412999435439,57.03538153783951
163.059174338607,77.41273747778553,51.00670100469118,56.82161185916914
164.4974762083968,76.8102972319925,50.849278357978804,57.39685166795777
163.40702370275613,75.24722168129209,51.256532473621995,57.73610287162024
166.89537175849483,73.27949267821703,50.913686524562394,57.05031908739235
175.7707794329807,72.20744271794288,50.501785110597396,56.33464887254448
178.45972478703308,69.4831118488415,49.95115321806763,55.78436904835718
185.5012503861473,71.18915620854129,50.653680503230746,55.21213882887029
188.37200910280376,73.71872874000157,51.102441529240565,55.4686983291131
191.32411729253667,77.49654189268503,51.47470574664908,55.01446319070904
193.28053809954181,80.03078515293461,50.41710565491389,55.09882966033143
191.04923607419173,78.00428081519517,49.88411130971839,55.34164989110126
186.71929021927153,75.41524359373739,50.268693087039544,54.83564807765801
183.66148236041346,73.58794413064811,49.66827066561629,55.92180185159971
185.2393356028249,72.37293850416651,49.71253018200902,55.87364837926293
186.07654057088507,70.02632882958625,48.193143285906984,57.02674331387554
186.41442314056513,67.58477681184075,48.883960779111945,57.425028672802014
188.30177429796254,66.68668918820661,49.254019661585716,58.14449269366728
190.38751045030705,63.19584001485438,49.39781659479595,59.06693425393073
196.97098797101813,64.302323550695,49.814996162664286,58.806884846268254
196.95622199254277,67.64932666305718,50.360539091309406,58.62981800179668
194.8057217588727,73.56281179646084,51.73242616852283,57.60162372578653
190.36183795894937,78.97103537540319,51.00175929738862,59.60991508232945
184.0185672742994,86.39231207453969,52.210660507905004,58.518111416211966
175.84549218175803,88.69180078788374,51.98303142284961,58.182471699911154
163.17050912435752,85.58448876232801,52.28738508063916,58.465516277474194
153.4746927438965,80.5714630413134,52.70684133671248,58.51866410909076
142.90908672861312,73.69431795424438,52.821915096668775,58.57302434904226
140.85083821505197,69.1302217385661,52.2214983691018,59.68773772930688
138.0566069394299,65.93319561334842,52.35900611156845,59.44754280714474
135.70845172503533,63.17120407642295,53.29367164470588,59.1001832501811
136.78513927309248,64.99736579607196,53.159939506012094,59.21986465670834
136.82165220597403,69.62737271174652,53.097438155277054,59.39790116961825
140.0049947213212,73.94407230099083,53.61455971446036,58.894381105218876
143.28042305546848,78.36507373190354,54.123730659442735,58.856071203474464
143.28406691584019,82.90645808238514,53.41055141122317,59.57537894248095
141.4947519130326,88.57130716550492,53.25604067396206,59.17020415416125
143.27866079569372,89.90308247606986,53.77627904827949,58.45837772511564
146.82371191659854,86.93927511303608,54.30764552697896,58.614823956371744
149.0463455214553,81.14476911449748,54.097478231474994,57.71999564589292
151.08880113970577,76.51433890247114,54.09491741102293,57.32867230938666
154.25643405754448,77.51329740329012,53.4702346017627,56.99912942951558
156.70605879536095,77.3975088131104,52.260065405083864,57.02935607478974
156.81513935983864,79.5740909341738,51.575413774528165,57.03584001786834
157.78067130061663,82.22420884045977,51.55813223613802,57.30047284770611
156.77615745885356,86.56207241151675,51.900043759702854,57.577013948080264
153.50137099173884,90.30451011116139,51.54695888806398,57.38991294965159
153.06431726333605,93.8456884690886,51.5826624535524,58.047983372988995
151.4695671931237,96.11099073233386,51.366701636254504,58.358992384716124
144.6532648068347,93.99106567482804,51.84590558390537,57.872346661345674
141.1351742832383,93.81168370685873,53.298967284323126,56.887746951913556
137.57368005378652,90.26251567948484,53.68718001143584,56.83056910895799
136.90593063005875,83.6771478261237,53.360860857912186,57.05559270576471
135.51258596232586,76.14577564709509,53.4074358397289,56.720493956717206
136.65206219587702,71.69967356765494,53.67887214186749,57.01082829038364
137.24202755238215,70.09487687250522,53.994428218133216,57.13070319887576
138.44858553775205,70.82777922819608,54.77694211062011,57.524087207773924
138.43645249990882,73.97977467754657,56.10090350766433,56.43262060658158
137.75523695828792,78.52032497245312,55.93018503903697,56.73450783367754
137.50574841093186,83.30962484799925,56.14497164394858,57.20352590347104
136.54001175868433,87.75793559846618,56.47377238235678,57.08631643405974
136.81861683017212,88.43008131055976,56.297798406926816,57.54998126164296
135.25817785773395,88.40413719010287,56.33885456942825,57.698165227143335
137.61453557629906,89.54519592828488,55.95120051621679,57.601097864378424
138.87405638296667,87.79276103122874,55.39186503731918,57.78514316627365
141.89398166464633,86.9897041011957,55.18154760912676,57.351972429325805
148.89983946550285,84.19445917533895,55.477317291215996,56.621485812999296
156.46448912232069,80.10995950820264,55.93656555613785,56.695628292532625
162.2174658307719,78.47131225766367,55.72280889346871,57.33242043302437
169.21491497346858,76.49461744635173,56.729641502448516,57.92746363070119
172.55746292820328,78.89897824051714,57.096831811038705,58.01034344626123
179.04799813092663,82.3104350400132,57.350354270536755,58.765543450093176
179.27345762351018,85.70087765503271,58.56459559215607,59.345317093874016
