692,439,24,79
689.371820161446,438.8738800347051,24.968208623189287,80.62149765431505
684.4176344310365,439.29611404122875,27.029011085303544,81.65547668824226
678.3390326933558,439.3194601074275,30.339429750762108,81.72536170274492
672.2584286950515,439.54015936575416,34.16822465474191,81.31698628943977
670.1885822508747,438.9490326035914,36.628961673603406,81.5262489540476
666.0641934613,438.0032659706379,38.658586663011754,81.07089721077745
664.8023548870074,436.74624254195174,39.88845345498219,80.83730816528418
661.2262822720056,436.9998233812692,39.4507502697528,81.02036889583313
661.0653738670604,435.0400054483936,37.26497796125417,80.37689359781879
659.4196067814244,433.3084874014201,34.35843900619526,79.39457020003627
658.0524457717642,432.4719785238304,32.17859693924484,78.55315911760208
656.3715631464074,431.74093240115167,31.062093607863744,77.9845710129928
654.0062204253793,432.2828362080925,29.988035833711894,77.75601019674266
650.315023217298,431.16814971796987,30.19708067503195,78.31278908081154
645.5761402605943,430.731525159032,31.532732469275224,78.5672503782433
638.4809468327044,429.45367274627824,34.91297794697209,78.6525209122966
634.4372551022869,428.61577252475644,37.87928829021688,79.48740512159354
630.5332899614214,427.13849047275363,40.459517473531164,80.04294767566383
628.7524549661966,428.00145794898015,42.031973230620004,79.56828354549263
627.5001357104835,426.6665427939758,43.12706917996506,79.58383981609154
625.8409627693314,427.17015760849455,42.88864746176776,78.92988819084346
624.8700972170806,426.22012388144543,40.80743369877149,78.41164640157815
622.7420227516712,425.93956542821314,37.93438917767914,77.64509516290721
620.8584282491465,425.10513284367397,34.467925867329534,77.12930514874692
618.82233425358,425.19526796933826,31.71635230732204,76.67140755354578
616.6644357987866,424.1534628561956,29.714853137074996,76.77203480659186
614.4720966566254,423.5257354954978,28.901649138633438,76.74607106444712
610.9932075167492,424.0792029843623,29.14879863239529,76.77679121902989
606.5623985438493,425.1213268851366,30.854943189738357,76.69221468345742
602.3924511601324,424.8610979295556,33.35847236823585,76.22563746359222
598.8234620373142,425.1611776032578,35.803156908980824,75.6660024525622
596.9941389586464,424.6627489512795,37.41218364705943,75.31370752391622
594.1602554415451,423.49474151751264,38.06373902332289,75.47844871032798
593.788043313173,422.6400118436195,37.41817091321482,75.56478365559853
592.0398308399059,421.17951225136505,35.15513290517692,75.45493776576082
591.0205980044849,420.41289918341363,32.29031892044689,75.08891861413635
589.9709000751994,419.029773121154,29.52144723858028,74.5462400383208
588.8041495719084,418.0923614326375,27.956627409495102,73.98816659746154
586.6151613037345,418.0399956069229,27.18360162269597,74.35028813772443
584.4658781496213,417.3756133177913,26.95358398774365,74.28229552830905
581.5311850015368,417.5677059877953,27.240056197881284,74.03323756871848
575.0252368079151,417.5218339079154,29.83560787373701,74.12880856085059
571.6745708577588,417.4890463132811,32.34160657277938,73.68785190063439
567.4082736592391,418.4694183206726,34.85328614898759,72.74458518660516
565.3399121072016,417.86455026291287,36.63419731961904,72.09083583958983
563.8343212387031,416.8030825094405,37.172962420188796,72.174181233462
563.9008579085541,416.3211264532084,36.863354006012216,72.06754196207359
561.0085047163008,414.86437671317253,35.263065147937965,72.10860096073675
559.5988933877318,414.50654322594085,32.56920353226389,71.92333996309611
557.8926955936108,413.5155041510584,29.717062412108056,71.67268793235414
555.7886491508326,413.1527843951101,27.52491939025613,71.53575509837147
554.6148300772392,413.12664626575065,26.255382254864614,71.36934629072267
552.693946546537,412.4173038765098,25.20573548715689,71.30879177890843
548.7472832194269,412.07556657876756,25.76707479856762,71.64965962137987
545.0767984456202,413.0221290240413,27.603455225449274,71.59083991053505
541.8276324769635,412.89049671980604,29.300401370256164,71.27220332143024
540.2454728343799,412.01088729709716,30.30746948939047,70.94412971522706
536.735472867013,412.31442955226805,32.08025919308665,70.74664215012052
534.2290294577087,409.6709049489358,33.00265432534576,71.31048625592672
533.3191844782309,409.9495440094158,32.323797569803034,71.62954223646962
532.2727165745584,408.0911151902091,30.2803518490512,71.73986591243234
530.3885717483715,406.84367885807535,28.141383770699488,71.07277399436276
528.25693916518,405.58573126251406,26.245301381225616,70.39250122821437
527.7518295537526,405.4630268270714,24.85838470115943,70.13267445199003
525.3363233218432,403.978189254644,24.29041396328241,70.40040631660239
522.9679941070517,404.1043253121551,24.267261620197534,70.6826555809782
520.2671530721063,404.37450437721816,24.670027316419898,70.72566713419309
515.897992938658,403.96666668297837,26.62818169577351,70.78732980942533
511.4349544756741,404.4047870856134,29.196376319799143,70.21860948627072
508.5575556635167,403.7354908102317,31.816148705665043,70.0747073584398
507.04923972709366,404.18142152043856,33.611116937458725,69.31989582147592
505.92663352953906,404.11526047791614,34.7145123513775,69.29288596788732
504.17386346886764,403.65927471705544,34.2319509685057,69.25767358218783
503.1771319067788,402.68385090783624,32.857689468449415,68.82804135518295
500.0312600477954,401.73457110152174,30.726314669138887,68.20260718410726
498.40151454543235,400.846482194242,28.227874214414236,68.34398613423812
496.34599762706694,399.9302139709194,26.0440112478282,68.32141892082687
495.304780998545,399.9838250756885,24.54551832627275,68.24000325206786
492.71596245613875,399.55634459598053,23.574159801729287,68.76124910106445
491.3729434325415,399.57824320542585,23.34514158685037,68.99907226298527
489.24218754394246,398.6708983976505,23.45059423442684,69.28792275918605
487.9701484784613,399.79131531597653,24.08454109189396,68.49622290223616
484.8939659809248,399.2203627635801,24.778115553991462,68.52173013322336
482.62581218321407,398.7505333113669,25.765667532219737,68.5611807867271
480.3283228876349,398.40414478081675,26.28180284453417,68.81679767669567
478.5019495629385,398.57609441787866,26.569493128883778,68.69419206993915
476.1693322469437,396.30152555910064,25.91143340498624,68.58779727684427
474.1829959267407,394.4597790484017,24.284001087162522,68.72136293386461
473.01498851021967,393.14099608167635,22.47246501212158,68.37471502861914
471.273244362259,392.85726750310465,21.461614084185243,68.04521813269521
468.93607958557755,392.9104040546731,20.787920672148726,68.08795180854746
467.3742929463774,392.68141046065506,20.30979549167597,67.66643750083553
465.83874608833617,392.26342600571394,20.69654487947058,67.30189764996342
461.63118862746063,392.33579547144876,22.9347620775104,66.96741987419287
458.801914386364,392.7129561724638,25.337222211044136,66.4041538027628
455.756416261104,394.032778058668,27.86842025138234,65.59630139032157
454.2283497554922,393.8140121116505,29.725142450331706,65.26187629688965
452.7137853319196,393.7354356900763,30.749948025433163,65.12366854890396
451.69470214708514,392.5354565086226,31.165693223699336,65.38967598457026
450.30000992150093,392.1217721336825,30.805315273752825,65.05323169479018
447.31617964128003,389.9045185993182,29.200471082081407,64.97469534960919
446.0422782425385,389.7010619441649,26.64745680786259,64.93509971071538
443.8778843023224,388.75925641287154,24.71502106617465,65.2482800720212
442.4968987623117,388.2814284136964,23.207930319410885,65.37442281225553
441.9260234777318,388.1704790989762,22.070618427454455,65.5934270413507
440.03762718026985,387.8970448437877,21.945680196282694,65.39879671316454
436.80848281087106,388.23191329613354,22.585962640390274,65.46393160197923
434.3387396219479,388.01138358117083,24.076942275130605,65.55877171778478
432.481015202979,387.310360711168,25.324344467626787,65.46537839382628
430.07773824420696,387.2958753467189,25.87168445586038,65.19182197208178
429.13691160485894,387.2848423657032,25.95753016734757,64.85960003591579
426.7178094862693,386.63593382725753,25.870477595614176,65.2700881159966
426.31133767979406,386.41521939103336,24.626716684378977,65.31029197363704
425.3411685912699,384.72115609736545,23.329714507112094,64.69749006190816
423.04770129384883,384.3996434722825,22.196044973798106,64.11935125308001
422.7511457449028,383.6962212151245,21.238393983977026,63.486075313717336
421.6394668172555,383.8175487697583,20.860355658917445,63.65891538250639
419.05746106420844,382.65749154834964,20.71102012187735,64.0592864845419
417.3507600221488,382.3246947554187,20.939362677532515,63.836580797859035
413.44634325903314,382.4437955896795,22.519960770215278,64.03888958342786
409.7069712321366,383.2050384911329,24.8797833475385,63.68569685523258
407.17567463224776,383.1022124798914,26.756647882333105,63.01280607132553
405.53379582816757,382.72603102464006,28.422261691498626,62.476211351678415
404.5733686471484,382.9095197145561,29.65835370108421,62.27118041973368
403.21921389852986,382.7417982720973,29.978970617502675,61.7031907131195
402.18923212349887,382.4441135562183,29.365618643233173,61.39116202227702
400.03290575379646,382.1099561014087,27.882302643531165,61.120474290977235
398.78342112393705,381.56844985981525,25.657937662848724,61.06146829686
397.1700647247629,379.7157720750751,23.448101030937302,61.63144297074207
395.5552422516517,379.05391909621864,22.369892320187166,61.81246675816445
393.8862463514134,379.0247892218296,21.48377948760461,62.47837112165721
392.3897261650637,378.59668782053114,20.955363324688086,62.55819042239605
390.83742939980715,378.5590594703893,21.127297073655285,62.56943391076001
388.2855616683248,379.21414259829993,22.270146587921637,61.99485712349295
385.25926875466206,378.6102795272116,23.762408489484,62.11384952743004
383.70659846827,379.3385811933613,24.83136776843509,61.759993299741154
381.61656797838265,378.8478521618437,25.53602840988585,61.40457097950068
380.80848209599196,377.89852292098146,25.544974637963087,61.390562463588964
378.35367563241437,377.4786004155239,24.968487548873874,61.301344499450025
377.5967376003734,377.5409032214073,23.479834087155368,61.030179100219854
376.91943497667756,376.8892679908266,22.159222430621945,60.37115494526853
375.66498483049594,376.1240345670515,21.051483120957485,60.11672064249966
373.748551400876,374.3495137771596,20.863808359894755,60.86298082703797
372.54296962045424,373.9518100068952,20.668482300008456,61.00783749371407
370.1381099652297,374.6762516186534,21.142890167840097,60.94036091278959
368.0479819382226,373.9730772879527,22.013040969715995,61.05348060012406
363.2954240076221,375.64846720825614,24.07196861139133,60.147025809198304
361.4305043810974,375.1202213447772,25.887371685869507,59.757601062766796
359.89837880933885,375.6345402100582,27.266163559024893,59.185001843894646
357.17837359892707,376.14012314954795,28.390716096605573,58.73991245724299
356.5448992964462,375.80575390146873,29.041604614988458,58.31736144984377
356.20767770495536,375.6522720497383,28.846477642892467,58.048266146234226
354.13655853436563,374.923277779776,27.914162186391124,57.871191054765035
351.85411848431926,374.5566901861893,26.12374456784093,57.62137486193525
351.30546431688634,373.67784499476375,24.013844902510503,57.521072431048694
349.919364972816,372.48774885647356,22.627062193050662,57.65168866858369
348.8383618489627,373.3968160737087,21.828617154066755,57.75635960495097
347.53086572994687,372.1221049810082,21.27707206095684,57.898818058326526
345.48170072412654,373.46657987555443,21.171608397013017,57.27542476428852
343.4763896214489,373.897135028066,21.855016499198953,56.75507940923254
341.0973896573359,373.4675088211458,22.932696720143987,56.641971556859886
339.8570047879953,373.0786312241738,23.96115339455492,56.51120941434074
338.7295390357509,372.5759097671118,24.5220237056294,56.807506249663334
337.4344871772605,373.22649118228,24.507585590031233,56.882207617471686
336.06250407042535,372.3860821320518,23.92067142063607,57.10161980504361
334.9666138276943,370.5715048802669,22.792008605813855,56.60368252107909
333.52313569008635,370.60511909311657,21.418720190298266,56.31703631134819
332.242735286285,370.1554394994531,20.317167962750506,55.933757100219104
331.81230233727723,369.4841546557962,19.81006201081388,56.01115867152829
330.2328930903144,369.0412256717754,19.47166880681434,55.84896489792439
328.43990750968993,369.4118626546352,19.34873274745918,55.08748182304396
326.74252090416377,369.20367890479037,19.793372717961265,54.8172532622189
323.3840307335417,369.97052775304167,21.506086232023236,54.0140502582792
319.77368927299506,370.88406346604484,23.76414943129073,53.411264005367315
318.0151103813659,370.6541492638757,25.386317539821224,52.961518204410865
317.06657473592276,371.0383636839383,26.379567148313647,52.49548990134441
316.560429700979,370.04475739012116,26.811635260358976,52.49845657209521
315.85540315609063,370.7655170491855,27.208150085708166,52.235826729319314
314.15660772396365,369.84376706794336,26.397206979437655,51.971831345422885
312.44270717471517,368.26019120451684,24.895328839774994,51.87446514094573
311.0847571200061,366.3900472704457,23.17556638306945,52.45210017595409
308.9912623880945,365.2850328348643,21.786722553929955,53.090935582685894
307.61918803757044,364.8118272979678,20.957397340080714,53.52581398852041
305.9784776597289,365.615068962064,20.57252050729896,53.806485119852056
305.1145254850477,365.4006135347146,19.91777576844135,53.6204986296422
303.05759065132884,365.57433325254266,20.338677752382054,53.194008905025825
300.970525553486,366.0097807027175,21.41307080283756,52.71426148988145
299.37571396540886,366.7707035352607,22.428911784212254,52.3900047125217
297.68754210614975,365.33032593347576,23.148946631150764,52.96552458160281
296.565369530122,366.1054230931125,23.421029895444477,52.77540094094057
295.3141365601478,365.4567002409504,23.275677890803408,52.59812715555981
294.14422496269464,363.0141569432478,22.033554225429228,52.90739331918245
292.5262581947994,363.6487721958082,21.17719356788447,52.52088785145445
291.047102439236,361.6042870975664,20.599195561623993,52.86773865874964
290.1449994724838,361.00203683144554,19.643205752484718,52.84746399933502
289.4991456367314,361.55619410852705,18.96890388787442,52.59532407578658
288.1055674038049,361.7209502569028,18.421205541405264,52.19987007674726
285.9458864707263,361.97692426836267,18.626802830633334,51.98646781412857
283.23967459872586,362.0798044086042,19.851883053164922,51.94158616385943
280.5544713273074,361.80501940782864,21.75645449915265,51.50666270414471
278.26186238453937,362.74722169833365,23.71487439845805,50.832355962898745
276.6501651895187,362.9759888741247,25.31353268211941,50.40677670996346
275.7724875056346,362.780765808543,26.048205439163567,50.01156873118555
274.6272542780357,362.3175565923101,26.434194068151534,49.93644497711722
274.2702152313915,361.8650642161165,26.273394341346233,49.815437113204354
272.4135276998934,361.1470639501184,24.984839965639615,49.67813049285127
270.4068752442471,360.1207444483761,23.1239326276258,50.372257620065625
268.0987042416938,359.9062386522686,21.732657649513015,50.60680716845021
267.02129028907405,358.1687871844708,20.824377800655828,50.7667571924501
266.0681013224319,357.6919989489845,20.01683792179424,50.99535339522231
264.6209099432896,358.0266057136068,19.468757410907024,51.50025813210769
263.4421876649386,357.74946784754013,19.481736514448045,51.58912153805099
260.9935633230241,357.8583071457397,20.081500881285834,51.619459951979536
259.3535906956028,358.57567785841616,20.947961091172537,51.762190093278335
257.84598851665413,359.0762094795724,21.96610081466793,51.52052479911656
255.88950331980396,356.90827616348383,22.689325454441487,52.33221376130332
253.82425694265385,356.4520629597551,22.923155838766867,52.57446067886352
252.2359571120849,356.6747713883067,23.183726459081363,52.71151385162553
250.05881255591794,356.03364764852785,22.88689651437246,52.329611057607735
248.4991910063503,351.923637445695,22.36314318368938,49.58632446277882
247.87360250187874,352.7958101090829,21.556125748162337,47.40837504181308
247.2190172535053,353.30825331756853,20.870749531922158,45.83362955829895
245.96027656397695,356.16923186110256,20.098323898897654,46.06373651426706
243.60779091222298,355.63463859330164,19.509968336964498,46.99812943487237
242.29479436857775,356.169073719798,19.981727665632555,47.137815777495206
238.18903918140302,356.1363680005195,21.585269735739388,46.928979182009506
236.61919975059539,355.6745276216901,22.717608799828916,46.74886984130177
235.23044663569698,356.1420022368777,23.552898617325013,46.183647773616684
233.85582054996019,355.84017219636416,23.997971814000188,45.87396180846858
233.5243804764013,356.56885676873435,23.689170648534677,45.09849959739163
232.62059502790066,356.45400989006714,23.38715937827139,45.15505919939454
231.56446139409147,355.54108719262985,22.824378415469635,45.699739066177386
230.00614062388,354.8245162996359,21.612634878829127,46.366445656528256
227.44121808181285,353.3635590006756,20.51242847566367,47.22204800123205
225.18158041010258,353.5934593784586,19.70376391232034,47.754173059441435
223.91840452783083,352.35290733901024,19.00313166565253,48.85636519127068
223.63377451364425,351.9486624093306,18.87351734202251,49.140248671586306
221.72983972543622,351.49442259393976,19.298022506600237,49.48716005980941
220.3822663066035,352.29265531393787,20.153507965736857,49.134411086424656
218.4381640256799,352.84024856306144,21.021919411556688,49.05490699218757
217.63222095082642,351.52326309732416,21.74753427495157,49.50064974888572
215.53824898043757,350.9677375624227,22.148767294875007,49.7181838103419
214.09555983876223,351.2388505425222,22.13442104793375,50.10556761876978
212.46620785879168,350.91378584594895,21.290804008865344,50.043042820562505
210.67443908545846,349.6824415257971,20.316320542081915,49.788406084396286
210.1966478478283,348.98702851816137,19.28880696222457,49.55803711155047
208.80430832217354,348.3714229900795,18.529217405015316,49.383285424489564
208.2395557871821,348.8338287016516,17.988502745733314,48.614810224464854
206.81397690024173,347.7815054285404,17.660825130017106,48.895812891278624
205.92196962665204,349.529390137964,17.97166812909649,48.15797156945655
203.2489571534139,349.05974007338114,18.839629155566897,48.36479648802924
200.77115305100526,349.4557568044079,20.432102747533964,48.4251784297114
200.2229556008952,349.8943766717486,21.25849698441297,48.604991049000006
199.55455028640498,349.58595995439265,21.598759384822678,48.81048609788063
198.76581895329412,349.97258931469605,22.327383509083006,48.809294353200826
197.33136327417083,350.11444476696363,22.96023175041629,48.396086733104724
195.08575198061953,350.18913885122925,22.718654640411827,47.918880202758444
193.90977887632485,348.0907740759328,21.762896244923596,48.94378432080049
191.75641294741897,348.239974703438,20.659081364525548,49.79840835184008
189.91874120822237,345.5577677292068,19.70690400499302,50.53715670962059
189.4018780715605,346.3877108665601,18.772300929412246,51.322551851960455
187.7289723537979,345.2077794845128,18.850795678883863,51.48042772732608
186.7633727713971,345.6876855408075,18.724172015617352,51.3719478184326
185.78597897704563,346.3980281727392,18.958265078242803,50.59433617804824
183.75416024634217,346.2104245148168,19.632262808455664,49.61326851391347
182.55037408341968,346.1322324065611,20.565139188253212,48.42921831302411
181.60410513582912,346.47499691092247,21.57177161180517,47.242619401280734
179.23215187795472,345.7132741125573,21.83671502426782,46.276924764216595
178.29246159355998,346.1556579113102,21.520686019806284,46.041323917487645
177.07142089810804,346.237346348429,20.54442881364037,45.96883364362925
176.1990138659363,345.2478741554198,19.189357923837093,46.083634961463545
175.2493601777642,343.6389594921169,18.197536435753698,46.537501531142986
174.43826218608052,344.04766104465455,17.45362096112808,46.6561781091807
173.0214004663352,344.2501108655445,17.238737134455512,46.76865331514271
171.33815288161688,342.7509978101947,16.974716034397726,46.82916951609237
170.10674821373573,343.25971280756244,17.186599146476077,46.8427534268277
168.2407148112745,343.1822652550996,18.25241528306383,46.544377133952125
166.47665629412847,343.1658021974097,19.88111351127643,46.75776840172501
164.63186820915772,342.88296568439944,21.512223559933492,46.685207435704285
163.22681921638102,343.3233354701392,22.920984837543152,46.428577136426554
162.20123508570717,343.14225905356335,23.573426900618173,46.1138755481944
161.8474325996526,342.7224195375316,23.877659654799864,46.24546310279538
159.94380528819806,342.7080296114518,23.51185979874439,46.04788752510725
158.66159439344432,343.59398462057476,22.64090449844683,45.44447920276775
156.64402954130972,342.74401202311947,21.03048462558406,45.51524621465683
154.83379913835373,341.7395122606975,19.806048472933227,45.597866212486466
152.9572398957068,340.8495676180446,18.860822922909268,46.052803717033164
152.62544777372153,340.85148950888583,18.16507652805835,46.22464778819358
151.93631902073153,341.9604983202904,17.476884144250004,45.84712576826354
150.5069149928468,342.92188549134914,17.60344102476856,45.0150242741434
149.0995431768821,343.3826875547988,18.42346280318246,44.522864389634975
147.0203150492815,343.5565889206763,19.22046788427467,44.01711898068015
145.79171016475988,342.67171760814216,19.770489911583976,43.964996854594645
145.35300636403863,343.08944734345204,20.154302310836634,43.929634016810965
144.2399683708743,342.1871954015319,19.999165847674192,44.29030507227748
143.51807126980952,341.72978207675646,19.329294521987393,44.54466777748088
141.68010086068597,339.9978417805933,18.49778010787893,44.75411576432202
140.80849544986086,339.96447185360125,17.753960368249118,44.92346841561806
138.95622061223847,339.9728873090969,17.17629534364909,44.80590096093712
137.92549063560634,338.92552738484096,16.588902931725045,46.09168285689939
136.97566615018366,338.2621624732166,16.219601646613405,46.14205977035396
135.6953720767032,337.12445699092456,16.058107643312265,46.58312852066493
135.1346860341945,337.95245411353187,16.288934586572566,46.05292085534168
132.6079813906551,338.00898029849185,17.29168244925613,46.18656506835865
130.3523376115743,337.4158299773293,18.855477363378988,45.881812115406234
129.07905151590742,339.276567086752,20.396344111901026,45.004809406028095
129.07020384419081,339.0185470377632,21.1327595197642,44.686103595871444
128.4877399540401,338.97026522302104,21.549915296017673,44.64027642119457
127.27325592751941,339.52131248001365,21.840989852794102,44.25253419667432
125.93411510123404,337.9288299270284,21.518119751980837,44.208494468389404
124.40450720186054,337.48701091409174,20.71321209945129,44.15493829017387
122.57054714222559,338.04522373390665,19.80480031314819,44.018762584726986
121.05401591450408,336.56879319751243,18.380379363454654,44.320769712807646
120.3354774578337,335.86770395029424,17.606672215612345,45.01367635815271
119.69466831714902,336.9322556137922,17.10125676838738,45.00367650051256
118.71105181171569,336.03596261114654,16.819944901867004,45.354521665382165
117.7101172415941,336.9900171845402,16.81347563925064,44.594540302760876
116.60234984671135,335.9666332113824,17.014693972143192,44.803634681228104
116.21586240844965,337.7562535821849,17.265210500712243,44.05543775219439
115.19191116736332,336.9595359822837,17.53564296314811,44.08384722084756
114.12632050074421,337.3311404434652,17.7473533269617,43.64788501600994
113.17575935975343,336.1468147532071,17.82270535598595,44.02514444324389
112.21488857421969,336.10558883278975,17.218832744686345,43.76120647160092
111.37553847084732,335.2864922834658,16.45236919326172,43.72450687297709
110.07172690742725,332.90035217734317,16.124173047533606,44.093971223145616
108.92021788288616,334.59348681465667,15.68363414392385,44.11260202135307
108.06808673997412,332.5061679964886,15.246700682355968,44.20798831912198
108.03823064064959,333.2710247593519,14.910289945770309,44.25837922214318
107.28317391198559,333.0240953908296,14.93981272981938,44.46201871493909
105.81829271723161,333.15637486602657,15.391561326481252,43.8379833268736
103.54194263269531,334.3222879073771,16.462733684275207,43.28350546572885
102.14912235036249,332.96106107954427,17.43550891840432,43.30457939746742
101.64577570098956,333.05116599894177,18.459775111870382,43.34904163809593
101.54379476642573,334.0914765681507,19.371348217840897,43.12756633886946
100.43852010300739,333.3376418581597,19.778894026503433,43.035080722567415
99.06247696489035,333.16196546562776,19.700364947138024,42.924669332843195
98.24417533771853,332.4004013332186,19.429672032713516,42.937830690555046
96.501447972544,330.95543344473964,18.98306313220737,43.215967286078026
95.05944903039237,330.70240802768825,18.15468699691049,43.60806898901659
93.44657910460289,329.7331769203594,17.5758823263997,43.55356018188855
92.01532377980428,330.34647575095687,16.76410716608426,43.83652818246364
92.42185663340265,330.43457613640265,16.369170437927522,43.97814180818408
91.53613649395385,330.1946077246456,16.123894549005044,44.07223359242198
90.83686955670598,330.0562761540747,15.924301423010245,43.80591273241443
89.99393012186468,330.1619277129989,15.884300656239493,43.770177426481276
89.71265172098468,330.4917475890997,15.90334447912872,43.33395523343064
89.2191957371726,330.6395749625439,15.85370911983416,43.14788592595485
87.81551288912308,330.03329752227575,15.848184752044428,43.66019959851424
87.45450833253577,329.70619453352634,15.7314664906094,44.019631291979906
86.742292150848,329.14352807944437,15.22531763656904,43.38565515325024
84.90344501225056,329.49682522665785,14.922505756457008,42.88324014405749
84.58357077670213,328.08459830454524,14.590080193167182,42.85225094599794
83.51197366804382,328.1814625362929,14.345546202782803,43.10556893101396
82.60130442481189,328.1320700059788,14.290756371743074,43.309644927693306
82.08948947786224,328.30464274652985,14.126448324281633,43.12524391542344
81.05318774630567,327.95488013461613,14.085328412198095,42.974024626061066
79.69365449523885,328.52341961965976,14.477728316027001,42.46943659700895
77.88180577161172,327.72963483506646,15.299934047687419,42.437635157869934
76.51787629994982,328.81322641337033,16.288940776765287,41.97846533405946
76.69357096096022,329.5575290560094,16.92158343771658,41.56832062359213
75.77151194915356,329.4742468085898,17.54146121622699,41.26214033113059
75.2300035819104,328.18139164588524,18.108815766054114,41.502460363179054
74.44820618858083,328.34707404383164,18.25459631033964,41.319404288871
72.42639919151182,327.2470571774947,18.315743740898952,41.19526012570845
70.94689128206156,327.0760050532577,17.769715845801066,41.06164981390816
69.60044695535126,327.00068422670097,17.313829478292817,41.242482800006776
68.64505027960419,326.2729802918012,16.565655900142488,41.63243046179812
68.14472139624104,325.8024411097591,15.853944698224621,41.82353544711747
67.48950006694788,325.0701491369172,15.569890853689563,42.14102775564547
66.70420145219958,326.28632262727376,15.53043998949898,41.78077846110654
65.87377731768919,325.99702793981686,15.63516522281654,41.76915616337043
65.55552802940292,327.09366996147605,15.844490924101663,41.288128110317274
64.36597927495626,327.3299415834142,16.164235238491496,40.833706874080605
63.652793541454244,327.01155835443507,16.388241735608666,40.91941759367448
63.331014296346886,326.41825252703507,16.3846270947639,40.94290416435647
61.99517542768122,326.82796951854255,16.368534032711864,40.71291585163948
60.710876018232966,325.7927270222187,16.0306690216471,40.717193762461726
59.69254957710645,325.3227809432122,15.64181172215131,40.557067729020474
58.91348124724027,324.2316193092017,15.471491371854054,40.573662662352305
58.56830980433513,324.8083689014297,15.070837606500339,40.50477012529379
57.9319204566519,323.1824864372719,14.62115318513112,41.27209945140956
57.2947942456607,323.3824690706436,14.433177014247232,41.20633657395971
56.43226680553289,323.69386173721716,14.267164464122532,41.218678745047626
55.53072480382415,323.34668159170974,14.610145543643924,41.199315308673334
53.63577511154333,323.181998626838,15.293473161516857,41.21474142420032
52.27956943615245,324.4627389019452,16.38234945467738,40.86212360750089
51.77323436833324,324.1224853204085,17.147650455807007,40.70191064276506
51.113794497393116,323.2860157959225,17.33179751476089,40.92319443312188
50.589203316431025,323.431133076828,17.784425140953537,40.698582297358996
50.4578325014997,323.34011531448107,17.78831291673553,40.46175718615488
49.39860532673539,321.87861058564624,17.282103595984488,40.239647634511826
47.77278987395579,322.1572997785424,16.645137646718645,40.77598764045706
46.687051784457125,321.16665989962854,15.926022919256713,40.88873578383394
45.11190018024965,321.6628423289275,15.594868172437423,40.53159456438331
45.042562614470484,321.92762046322156,15.293791377357827,40.65436836880694
42.99830831764803,321.5414845425662,15.51919162276494,40.97511550544294
42.665838563104764,320.8422881840102,15.361506223914741,41.015970793689355
42.508189765100056,321.3063740695754,15.304602440288521,40.76294891607736
41.5015464693572,321.38136322785004,15.472636046283062,40.523857766533524
40.919546689320875,321.5844128381296,15.572582900674323,40.46832801980982
40.77950602957603,322.0544446961036,15.813803530990963,40.289421741755234
39.75983428791656,321.26093602166054,15.762432302097023,39.9792933057135
38.722135292360704,321.3347648839739,15.439540498955246,39.699545446843786
38.03369783694552,320.42740872766973,15.136558804154829,39.5413772228172
36.63851387420002,320.1578212191376,14.993131731972468,39.47651765922744
36.59452254306883,319.9988896198996,14.648994721415702,39.364840680217675
36.41592348489151,319.6626882129407,14.339434719377476,39.41869710263958
34.96502317943942,319.5481022003825,14.32383190304542,39.332510828680796
34.954002270627385,320.1221625373328,14.12014741155064,39.137121391312604
33.702036079657766,319.90641004392864,14.206298456178008,39.03960164948475
33.618749586919314,319.2898390973029,14.5924909902255,39.03705960347537
