130,132,31,115
127.92597305102991,136.51975997025508,34.16922530055532,110.63034587224446
126.54008714876352,137.63664716489166,35.91011296547816,108.38465765128095
125.86618810261402,137.97155364894311,37.24070831181518,106.66299147604963
125.06404410103904,136.99454798776097,38.04178787530807,105.89923558480086
124.05278784139932,135.69127641599533,39.03168771431143,105.43740321019514
123.31422194970843,134.52327377968675,39.47342898494113,104.84418717825187
122.18434901504965,134.591954203537,40.22789849671565,104.9331376457628
121.24291247812182,132.21176285374662,40.628027629312015,105.86133682988816
120.52194533432001,134.21665392091307,41.43205321180308,105.18959283573382
121.08203068320891,134.202409640715,42.64477035355045,104.03903793729442
119.91920130624763,132.91271950695005,42.902366335612484,104.39222285028163
119.81492021363015,132.9423713088679,43.854358365737454,104.52976848441082
118.12251329913408,132.82268698462573,44.28656322125119,105.24061428442076
117.73812834460176,132.74570213493763,44.69896878788488,104.95649583428823
114.87840211923941,130.19646704128857,45.2164821654833,105.25883112216566
114.01971135084679,130.0043172510521,46.08512690813059,105.24771329920632
113.53148629323931,129.30623380878612,46.36567730148808,104.59247274255415
113.70153697761751,128.16979696032223,46.06891117984879,105.28313385487698
114.97942221305735,128.14000385917933,44.99731834231538,104.9832271785589
116.9151892947003,127.5594770239016,43.985560680473846,104.47975729692183
118.19859035229325,128.13999550889025,43.009279067028345,103.96066796811161
118.89390117328833,128.07719334220704,42.022047629751796,102.77333668528854
119.76931338414684,128.22430005405243,40.83687186012811,101.50874245820125
119.96068280443066,128.77571579427385,40.245356511258066,100.68017883134439
119.46150211162195,128.73528622480814,39.58186424236189,100.19368606800718
119.10172820982496,128.0556553596431,39.378446238416316,99.08020644132506
118.08974057251828,126.52993284950136,39.57811286154293,99.03497912328972
117.3009022503077,125.59871079963537,39.94332189252238,99.24574262241862
116.41979330026021,125.47917481354612,40.05174391933047,99.81761987242564
115.5757880907364,124.02499817334001,41.095766834197406,100.54251250102618
113.9443351657706,124.14546248884312,42.11032802219066,99.93075492847443
114.55109754093229,124.90555081888245,43.20329131197663,99.33726043668273
114.19944398092292,123.82528596153567,43.472160797898184,99.92214934967237
113.56340979096139,124.56568309763976,43.818571622141434,100.1524750930395
113.30601517042632,123.81158736851027,44.384329962363,100.25840457670031
112.30763641603751,123.34537497365224,45.019908311242126,100.05643240619158
111.60996071457264,122.68713648788841,45.084186949810004,99.28401199467908
111.03518654921484,122.46864550572538,45.28248216931634,98.71493003329661
111.11115467462227,121.05759461612928,45.31534260406717,99.11558745959064
111.54172017186501,120.05250703346297,44.525020086469986,99.39526951637264
113.2287705099784,120.08495200797134,43.46650856576417,99.6220972437576
115.00901138194662,120.5466613542094,42.313367719534796,99.6990825427732
116.36415145434142,120.2223934210544,41.01330032488784,99.04660115505308
117.48151292762493,119.34512870283062,39.45504889199757,98.27086985769287
118.46988956628853,120.10962270135983,38.25044992285453,97.34586674949121
119.17987367192879,121.7224688915493,37.502881678587,95.79016345694541
118.4918346603662,119.76776949341358,36.768566870357034,96.4998632696394
118.45763892360705,120.42143750126718,36.62266515496562,95.87490811200792
117.3023764049375,119.09314100808488,36.83304897744543,96.08736441444816
116.5744280775502,117.64177151138203,37.90480244559447,95.38567241864499
114.75784835747137,116.59417896324646,38.76041951294628,95.30203806730037
113.95011389931551,115.93440777939031,40.43388358789798,95.21703361985779
113.00514317925536,116.34248303542384,42.19941172804555,94.45250964899152
112.45307768036656,116.03946391777015,43.43560382500324,94.2918010256214
111.31154470971262,117.1210456296256,44.43131016629599,93.59163762633335
110.6315984188801,116.97800978928665,44.840015407044085,93.72173288383411
109.74580385865008,117.34938731266911,45.11825202629183,93.65165095048297
110.03115753059186,115.04046982473962,44.923036388550045,94.38224758058394
110.22695172317097,115.81711693894091,45.04220778510664,93.66661495967278
110.6982691318194,115.07170807517635,44.35432744118591,93.58046654387547
110.9308088740512,113.96765811949336,43.37433019348144,93.89439929631601
111.71596342875597,113.12334444992108,42.23096776046275,94.30959904383903
113.08002884755462,113.95855444509716,40.473134207780106,94.52370760065415
114.62077132578379,111.82148925520472,39.68653715083294,94.67120088640874
115.87103781797256,112.42253646783224,39.009075025021055,93.60967435529724
117.01823345254557,112.8660409357669,37.81809054877598,93.66194445236259
117.93068027632737,113.26612135499636,37.11694627139785,93.01855901682798
118.27690390313185,112.2873152449002,36.55123554570077,93.3588799047831
117.15129729787029,111.75239684159094,36.506650971992315,93.5432519331633
117.17450572263267,111.65541321187766,36.73154597798472,92.58395276879457
116.18823729187821,110.79097839133463,36.674044159794036,92.68892117281305
115.19928678899967,108.74413856536198,37.09707702862669,93.11066209489465
114.56272165654302,108.87136151520991,37.167913284477,92.5225863156882
113.97321943575646,107.67850621760454,37.71882118379673,92.3000852784321
113.41932012430902,107.87649710786775,38.214776332419554,92.26737631312129
113.1296251524442,108.19656550140226,38.71382240348615,91.56133178398846
113.11225051048466,109.7893513569326,38.63630375379668,91.32840730159313
112.54959315637049,109.724724308372,38.78727436858445,90.73973611971412
112.00883079964296,109.10510675840229,39.593181363104534,90.91660176722286
111.12128248860446,108.21519312365635,39.99920338664991,91.20524923393924
110.44153467259036,108.06820091828178,40.11026653950876,91.01861239944525
110.45252116331964,107.01511470467105,39.994470916691654,91.34963301920736
111.11089873788833,105.35386143262087,40.137059402450966,91.60025319926086
111.63152059310852,105.61619716394038,39.17281801970842,92.04019092797833
112.321382414047,105.23407011160447,38.271591811775444,91.82246154936463
113.27157896703176,104.72241030369916,37.454497939981806,90.88104644237492
114.99853741995727,104.8312400372279,36.797587849036574,90.32140980901437
115.1483769590316,106.05265766844677,36.80593280300582,89.17741876482378
114.8451648353252,106.42528009072913,36.318285105774656,88.48911064220522
114.87416322946751,105.34846729221107,36.40909850486855,88.51658523098452
114.85810664182651,105.01541772576857,36.13834021734681,88.4807428940597
114.37646227778535,104.82856774444373,36.48456770772265,88.11176403248695
113.47801260329382,103.41718284855929,36.71794982863058,87.83071932286488
112.89736905896362,103.2893003307267,37.36054120839002,87.19648514663723
112.09332249167178,102.43291042864874,37.75976026536733,87.67921786239401
112.10304836979375,102.87659594600429,38.359884129671215,87.00507940047518
112.37177065192024,103.10850419559443,38.71606164445071,86.93950200249668
112.47224834350519,102.70666758527486,38.53623858628975,87.0479383991347
112.26644414076948,102.60111498804973,38.344816270751814,87.09027523245473
112.60194745219874,102.9627489853454,38.27796470507474,87.18591902213747
112.1189833213864,101.74500258967541,37.87464432258354,86.71432343302467
112.02441813040718,102.14469909592887,37.551750322071044,87.02690126690294
111.53793971088021,100.77008018278227,37.683069007694726,86.62137818896139
111.58884358070455,100.33313812854314,37.53039250833028,86.28040459158314
111.37189765899068,99.90919710501942,37.17508520599935,86.39509919667807
111.60018530492664,100.18788133782526,36.688662055569246,87.11774410579969
112.2852959331838,98.99459680554196,36.30184208061208,87.08791891127481
113.50646699735074,98.86785598262085,35.71800670769498,86.81938096418509
114.86841937988463,99.38017177587638,35.105258867197875,86.02318239354926
115.05532404649642,99.45228125870534,34.681899665673384,85.12207407208308
115.41217085140775,99.51750243308045,34.28503448338108,84.33888667800463
115.10683832245262,98.85538829591935,34.12506715199125,83.98033981617564
114.82982894217608,98.92302392019155,34.32556963574497,83.3468626435045
114.51899387662132,98.25494749001152,34.51294393391019,83.17633793154447
113.48168480335445,97.7562589757166,34.834127074510484,83.27188069480866
113.10955252323956,96.48670987588258,34.91286003348408,84.102137668681
112.75233467562782,96.59904409859844,35.20092765480506,84.32299063244866
112.24037519200235,95.83140799488775,35.38171915418788,84.34862560516612
111.62718444416592,96.38366649629695,35.69019017422499,84.91738468539941
111.52166815553663,95.53750070466312,35.95024527095703,84.79932664696335
111.61976583351216,96.0906028229931,35.92979478735715,84.4570609825185
109.7957137857563,97.02856919163241,36.15853249503709,84.31862649231692
109.23915385040479,96.04761077007379,36.39957489275146,83.45122191506869
109.05720523158831,96.35538046287023,37.03316161804584,82.57055016971285
108.58402118202088,95.566094826978,37.36531857000246,82.4282503116633
107.80631677395343,94.78716060173781,37.4665122944399,82.29397763341501
107.84137793401112,94.24067081429102,37.57317834583879,82.5979601005354
108.15179874027575,93.29378592552065,37.38309008125236,82.60809388952353
108.9336489682484,92.91107542601083,36.63398336807417,83.1967156148156
109.4711500504286,93.03216262847587,36.052840245874535,82.79596384927578
110.38813247721926,93.24495263068924,34.93618475756753,82.5295043580555
110.78702965933194,92.82785208036333,33.9160114123601,82.18039422031485
111.33934504500185,93.74828335313379,33.415908640225474,81.70936262248432
110.89001872375462,93.28580568330177,33.3273533752694,81.12969556394248
110.80038941946347,92.79522963728346,32.791405221940536,80.72831451883985
110.53243584176724,92.57995327483489,33.09022344499331,80.26997080759949
109.5001128492975,91.12158995646233,33.85021273585103,80.2732633469769
108.82509222856086,90.69599235342892,34.15831536329893,80.29447538153774
108.2363437158535,90.83792960664334,34.45513088546041,80.24594583547997
107.56258075380342,91.86587234815451,34.369359096116206,80.43926716745301
107.42644860190555,90.73627031930141,34.45942897723789,80.67995587346337
107.12482710442183,91.00124827123706,34.843927000769554,79.95109716788394
105.98215076877699,92.3212236809907,35.12931365279361,79.18755591436651
104.61805951728537,92.40522711250311,35.50986946248423,79.22307962028717
104.087383693654,91.08022326105674,35.776908049812995,79.12477435283672
103.56490178484212,91.00421913450656,36.216423333366656,78.5365060015479
102.75398385021259,90.5482911068288,36.280291599026704,78.66234872435614
102.55365669665191,89.51700997457908,36.40398417025096,78.65238588099781
102.41932895851173,88.48556060186385,36.23237951983192,79.44933505342074
102.72597049909004,88.80564189924084,35.744768824647295,79.95001576572339
103.84711337552639,89.5791919374465,34.839714285358056,80.43546388099499
105.03371275189164,88.58834040843054,33.861507819979565,80.11986401014448
106.20703452259094,89.3675058919718,33.020723123765066,79.46834144052536
106.31596497114883,89.27964994569757,31.80879880740405,79.15636945160767
106.62452750203848,89.29464556052804,31.300153244690136,78.34044850885988
107.20194827640553,89.58101544433654,31.41074148920736,77.58589662066002
107.1767781259143,88.30820746050112,31.554693697634377,76.94087501315235
106.25817158606421,87.69787179510689,31.966316975197955,76.85386325599829
105.28412285132119,87.82424287730818,32.229794496557275,76.45204576562273
104.94297285353132,86.93823892953336,32.90575482790075,75.48773823509592
104.54635840993146,87.464666625395,33.03178099034931,76.15399021130892
103.53706741778979,86.66503738352046,32.973258240210626,76.52120368735855
103.74777724022823,87.3467611089821,32.49570337277472,76.78712168351021
103.76705416798444,86.39829055142374,32.04826710809577,76.71325296158653
103.79207381929197,87.13023036952463,31.883046608384134,76.7341189045355
103.16406352443957,88.53717995432729,31.799117136628823,75.97736202379353
101.852858668296,86.13338741431635,32.15246631163684,75.99467844253351
101.51790884200317,86.21970689894322,32.386593684339346,76.16078543735853
100.16369879948806,85.4440268271309,32.77104866389144,76.67145813872555
99.75090456958365,84.0022275667338,33.044158972954826,77.32525086254012
100.4788795800378,82.76660722858085,32.6784464740868,78.14871332776497
100.87319796681878,83.87368132588466,32.72319839737373,78.19202599066968
100.8459148113725,83.84794806366041,32.39713204023745,78.13994506441392
101.61249570399237,82.79828509192342,31.742260840350685,78.05892629538722
102.5675450332178,83.53433089919497,31.45468183787518,77.8629310646227
102.70828733632024,84.06386688664902,30.703908320871815,77.39981650675008
102.69048463359744,84.54120529112382,30.207603464395135,77.35703115356785
102.58051631269615,84.30925061315618,30.31522923335194,76.92342130269552
102.655087895574,83.47123573375657,30.59021448068815,76.16580109842381
102.38244718641623,82.09104088910584,30.73302228501951,76.2943922865927
102.23457872567408,81.57578156674921,30.943364865597246,75.90953098487014
101.79314408827602,81.43904479665906,30.907717148422037,76.17331848620258
101.8482197366915,80.39132424589745,30.167182609856518,76.86175950841121
103.18685934184377,79.84208103565942,29.76710311688459,76.98234477937055
103.32356577139208,79.70373997214746,29.498943684934183,76.72606984945156
104.11619039141024,79.62431273585004,28.828702799041693,76.47427413489726
105.06211697804764,79.63391007620741,28.348055372646307,75.64536719813086
105.6726936729477,80.0013784142103,28.073458511904832,75.18355768661633
104.62342163135813,79.98667648723617,28.178352274485654,75.55970749346096
103.68425483828372,79.00192693598792,28.197688270083074,75.75298785845374
103.2173322938253,79.24675524309018,28.67175529108703,75.78365022036306
102.4086265164662,79.63658096292646,29.416372353692182,76.11787094433262
100.01676846023543,85.07537170266312,31.13850732042029,77.1692641216014
100.37811061704707,80.70052940827735,32.25622664684094,77.15928777648764
96.34304212350222,83.70352299778229,34.4027987955205,76.86614091956741
89.26886644120421,92.11168381094429,37.30311625550275,77.3934955064806
87.482539226699,99.77777812527427,37.53018289173539,81.45512418376791
88.77534140138695,93.52608081851159,37.87463495943996,85.5110373908347
89.233309443186,96.22566236574467,37.147460277653806,91.0393225208542
92.06261274443666,96.25501155154066,36.14283052739315,96.88778284037767
93.86143898575489,93.92511095110862,35.74936105300068,102.32556249805657
95.0193305409156,90.3237190781918,35.87885424294616,108.06120964513917
97.22746641532487,90.03063270203363,36.123180120005614,111.28332504545241
97.25563974455774,88.55045735977987,36.26459078161102,114.4002872143172
97.26530027317261,83.31284893632314,36.81737400460614,119.03070409046401
98.2112966157798,84.85957619796687,36.57598760355288,121.58109282851181
98.08677752334589,82.09945726285109,36.465916467029075,124.8247615485557
100.96016933737893,82.48046201028026,36.34773226283073,125.95212942132527
100.39043986478755,82.93786884833712,36.830854169912385,126.39301279953881
99.68356638522542,81.928608618554,37.12435937486539,127.34976115180136
103.38992883466577,85.51001523534462,37.673010028272095,126.84643200359594
104.87371568314781,88.10057075537472,38.26598294177136,125.85856041201947
104.22545229378179,86.67465595062598,39.60771829170625,125.72651504808937
105.55125155462932,90.09974266579496,41.05176414461714,125.38801778852604
105.28823304945337,90.93512710373241,42.14699750469487,124.66187284778078
108.30373392085697,97.56313661829472,42.91294374732926,121.48671672988775
107.01091947093904,97.94300622424299,43.7928363106442,119.62935950710754
107.0932595876549,95.96252367956717,44.33136202086631,119.64948545366146
106.98200291817541,97.15682915792189,44.63580931336431,120.25193958996302
107.92738331470397,98.4073540044937,44.955347077184896,119.45083475943653
107.4918108948015,97.78344659207568,44.47261778852683,119.71236888291351
106.49804967289126,95.06191783002052,44.15590056915204,120.464375068403
108.35487139182831,99.26127339563672,43.417269830269795,119.63959981156978
106.90452372395947,96.83072042354274,42.852755738629455,120.02731440397753
108.41086218218344,101.44452148756125,41.911335915438166,118.1649060042753
108.51653613087036,101.73144522061443,41.492080008013126,117.13468968046489
110.04562731913767,102.0419494932108,40.38554006004742,116.98121446340562
110.86307063952377,102.90403991915497,39.440227886621216,116.78413107311953
112.13335047757698,102.1473723603751,38.55956469300777,116.90993028918479
111.88758228306867,101.77030012870743,38.00783697763747,117.20741001631282
112.80339799780627,103.63139131368494,37.632666104935055,117.99922655385788
114.6723685313255,104.66303619710554,37.842562164379544,118.60478056700359
114.76838850199621,106.61187268664284,37.970658397831315,118.09165269424851
115.90199065699733,107.0113279802742,37.8316981810532,116.76677469968436
116.53985075954299,107.76511772713941,37.70692616723733,116.01639568893327
116.45818243836662,108.90884465009042,38.42510424397788,115.84113640912082
116.73521973432071,109.29168008719695,38.90186339709366,115.88254685719201
117.20701229778017,109.55499150056046,39.5282544501849,116.045442832404
116.62015143737445,109.73197028213221,40.29384921842788,116.38972863533503
116.1860489217818,110.02728102821601,40.760732058578185,116.81291654297758
116.41334163178168,111.9127324894951,41.85693265040081,117.59745614230818
116.58022694771627,111.26280761057899,43.07600041637235,117.29738895377672
116.24067235036051,113.12225959361088,44.1007377508741,118.12278164055121
117.97270921195997,114.69346729203112,43.8933805952624,118.92432924222825
117.7430616308893,113.36412271844858,43.783641942641026,119.53318603818319
117.74015662104483,115.72776145887107,43.08646221187246,119.0185074081603
119.24998864829318,115.86829703641071,42.07828660379707,118.56707918365024
120.32827449686256,116.39910387927122,41.38992553412649,118.37861545074458
119.82954777480984,115.20208355562023,40.220439811916776,118.01380242812084
120.84962299079794,115.6959124143346,39.466064546638606,117.68623269099288
120.20867520542089,115.09471140817325,38.97805335595338,117.77137105919854
120.60207255713155,115.10369289052568,38.77475776936701,118.18582190652285
121.4571358822592,114.77203147779973,38.78667233249455,118.48348958291993
122.35300414879711,115.399724464059,38.72350754342462,118.82793920179533
122.65998918922178,115.38778881442023,38.67225694227122,118.80203672040838
124.7433711233943,116.8729509315645,38.78382587255227,119.94436155061798
125.18450018369671,117.86226539094551,38.54188770140996,120.90529992302852
127.46085887978661,117.78850910143092,38.34433306866365,121.87103690536617
127.56089682182615,118.12375466191234,37.96578757310638,121.79327480136786
128.1729620317369,117.99562281951421,37.64467054530308,121.76177982075797
129.92018873444093,117.51297769474081,37.13380922930535,122.0239750260908
129.85342306799083,117.94617565612994,36.93133869069395,121.78811319289557
130.4895794381352,117.69026002619808,36.708417358235295,121.92199935780756
130.41595539357954,117.53464753526077,36.626387292408864,121.55125550357498
130.8418193800136,117.29887461838216,36.59494259467455,121.89754391142057
131.0010345335965,117.51338438105255,36.793853767486716,122.12978503611473
131.2901242818849,116.9141559828146,36.991915201322264,122.4272322529888
131.19378170474965,117.19316152476091,37.04803224136458,122.77110056728793
130.97621299133826,116.55244022696863,36.93285751504526,122.97863995327094
131.9273415123612,116.81064305790932,36.8559775309509,123.38178456621046
131.3804507882893,116.82695397884491,36.825950365587516,123.17932898701153
132.0132465955032,117.12187242677308,36.51655473425764,123.1661700773463
132.90260835544527,116.38494827277466,36.03531087795975,123.15968595356328
133.6183777576014,116.21933947634624,35.49295593780458,122.92223649251278
133.68391632844066,117.01150865864714,35.097863222037475,122.5576435400105
134.37017075914542,116.48020842350479,34.54773439770733,122.87415986480312
135.01793887642972,116.6150181750862,33.93942525078806,122.84953366292987
136.6858800646707,115.64426681869772,33.596326579676365,123.12263879550258
136.90432952997529,116.60027948657594,33.07481556997247,122.59339157567751
137.58926795198352,116.48464440709708,32.74795366443582,122.29742981173098
139.43860236245396,117.32762806595555,32.148443724080224,121.96812170724868
139.8754405802714,117.82205890815094,31.48084235603625,121.22983501210567
140.84359541057563,119.04597789265361,31.027452401854674,120.73191838363338
142.0913226446788,118.54325767243316,30.877728903343915,120.72556940028295
141.50714405561456,118.22118635605426,30.738922018833815,120.60440757657597
143.15636413466126,118.62651097323437,29.934489688814587,120.24874389568467
142.63374181710833,118.98261777592516,28.897178794709234,120.35311168171197
143.59516828250162,118.68256968454523,28.605546899789434,120.65438104468534
143.6762239991491,118.15761335410669,28.60717831160848,120.41402900180472
142.45863859028847,117.9427103804814,29.313267780884757,120.66988380146046
142.33194371033986,116.67868880377306,30.100498836730505,119.99722851642767
141.17739374930724,116.28817685959066,31.079846108265237,119.96669425044256
140.7103353984745,114.21470610144377,32.34194212063147,120.51812812794797
140.0955229768001,113.39737729129202,33.38845299229408,120.58272681653708
138.675136350789,112.96204031960616,34.33125888693607,120.32501197602079
137.84649209523482,112.1563305138728,35.70193355594977,120.38844330301731
138.26815552922545,112.06502370773889,36.32883445111163,120.07698201070278
139.22359669955267,113.05200512589616,36.712562606613744,119.30234079612336
138.40287206159636,113.76832921465673,37.01234937694945,118.32218383380157
141.2012174406444,113.51624041951317,35.65067739588911,117.4697758322899
141.92430313507148,114.09594454610814,34.43786428155512,115.81680587567286
142.6019185000339,114.90155678423713,33.45175283626314,114.79614184290449
142.16702931450655,116.01892839050407,33.350797282497126,114.30977993254346
140.99585296594194,114.12351437041622,34.58946576035505,113.66870727155958
140.92090128654726,114.59287248436885,35.2932179545637,113.51619681354511
138.45468215801705,112.96386855688894,37.459781815534086,114.2753537880388
136.95637878685991,112.31081797166718,39.212041316481404,114.1397743556222
134.98697646958374,111.5615929840107,40.92763705070112,114.17869527783233
134.88809698939667,110.76707074299605,42.22227446341948,114.27579492322997
133.98270236834566,111.00069610792939,43.090176869045024,114.34834174952212
133.4092882463639,109.5830377460955,43.486220872255686,114.59950067449056
134.37248798588323,109.52859062994489,43.37379928691951,113.70365890405589
134.38305286101502,109.8966016967962,43.35932799465192,112.72715975422338
133.99433255592155,109.32682704189004,43.1693251185781,111.37021017925727
135.14196508478176,109.60099704514312,42.35792949252445,110.1809232603394
136.21347967180392,109.47205215375982,41.801796726395914,109.3395773610339
136.96917374144726,109.10707482490226,41.06246580523545,108.90454419070588
138.3147189963538,109.17454952655915,40.203642772318226,109.49578228082149
140.0162788022568,108.88600909874529,39.42715555126862,110.38146223960268
141.4830848971995,106.99274343929704,38.7577378711185,111.20779101892111
142.29088815274255,106.7160143775713,38.38643629937774,111.66009704920559
142.91422054648206,105.81909376908384,37.91394891854198,112.10989051196967
144.53206839047377,105.84267236703957,37.14504233460828,112.49333078510028
145.51499317912842,104.86625894227278,36.91768954034736,112.94862580971991
145.8464479233238,104.82232872293736,37.30801769551127,112.87941794397979
145.66129878380355,104.33487423342912,37.526082006257866,113.11662689429082
146.9879944529756,104.63025321629598,37.503893705430606,112.39834599192916
146.51861760884128,104.64251492389548,37.46042557883282,112.040659933822
147.3526438997784,105.3258248539905,37.45755818804675,111.56623930816319
146.67660784638355,105.1085315798088,37.23436977615708,111.58555767929786
147.60774557228754,105.24656223901502,37.117394621714595,111.27036342669908
146.2446504270715,104.14514275425604,37.14894869544405,110.87577407630843
146.72851281745392,102.67644645767666,37.03839789459106,109.98280302861559
145.31960074683792,101.66618908942091,37.15419907724474,109.04180758956156
145.57097545068288,102.26446410914943,37.09978873317566,109.25558006168235
145.75702270297808,101.57521998355091,36.98216661007871,109.60972426011472
145.1012710629622,100.90340102354952,37.14226532826462,109.61584111523638
145.0224176889847,101.2672902712392,37.203107424654135,109.01559367350353
144.12443763344288,100.11801687956255,37.12934092978284,108.25519974595849
144.0392597226683,101.13690923753217,37.07207404426393,107.57537718899391
144.0459869872906,101.4649333890552,37.00178413911766,106.43770722525397
143.3686195815192,101.67960596334508,37.06909876438833,106.43524612509944
144.293487531315,102.89213400781296,37.086436150563756,105.65508082713376
143.95405143005385,102.02787513569531,37.388558393350614,105.45738371111267
142.85962857737348,101.02198173511636,37.38165232025829,105.16955800702449
143.35536897309882,100.56866536891432,37.318536713616545,104.10292057860468
143.10761955249808,99.8568444716673,37.05379864065371,103.74829324386462
143.1899113180635,99.5390054127285,36.840963774540896,104.55394606788195
143.47531616894707,98.77898798093216,36.69846490786057,105.20403614290149
143.6480816033218,97.50798106796026,36.09839108756643,105.10254082150608
142.5899623910105,97.61324596983779,35.629706990056654,104.97764953447907
142.51947298399364,96.96598357184163,35.17700384490551,104.57142267060483
141.5400740686442,96.95045762488051,34.687181651298985,103.13541594873138
141.25932145713534,97.93375386547095,34.54493068599686,102.34492043971795
139.79763338241696,97.66541025237007,34.52055583080248,101.84439643752886
139.7161842726174,97.65486249759668,34.362904614733,101.44899221783876
137.4026744768263,97.25557708033833,34.993336856033395,100.70391199207376
135.44727282324493,97.15695682636121,35.556520263172104,100.42244483165467
133.58810415178482,97.33696954635047,36.07959715228,100.8146100671566
131.24476233315494,96.1647339597017,35.692588975989715,101.19607471300301
131.55656633994408,96.04263571594153,35.061475434839544,101.33875095550994
125.66056929380842,95.79313838632746,33.856381464076016,101.63952354384185
122.08269861934448,94.203943578348,33.21669409890422,101.18231012178613
119.20281283788964,94.06712777452665,33.83986169053709,100.7586654815218
116.57215848173097,94.85371175408858,34.83287544035281,100.25414550507988
113.43380599366144,94.45369716455588,36.62741422104514,99.2420136894043
110.79647225475303,95.662575439298,39.180061053688085,98.65561301182623
107.93667474395097,97.39047604725815,41.031366855162254,98.02290070262178
105.17062626767249,98.95768944144629,43.71778403199675,97.81099213567825
101.30701686189119,100.43995262038665,45.705316425475814,96.89858665256403
99.66533178211263,101.47213084153753,46.7692840642714,96.0293973171838
95.81458646017046,96.1119207210804,44.26159549989246,97.44723628675452
94.09634864650323,91.84045846876516,40.679315357883176,101.0124512661155
92.66537346133333,80.34779387503266,35.870392877184194,107.59654673369107
90.86970727455312,79.66006762949097,33.38688355268659,110.40990675848806
91.24474224176389,75.33720309313698,32.01375795208705,113.9022486122283
87.25830009345344,85.56929081328617,34.525566507715425,111.6164932429322
79.73685758916153,88.65703818018943,39.34471576026806,109.67337350149798
74.00426870307419,93.21062943438079,44.9592752647829,107.03734094618234
72.05676679876095,95.77989610466116,48.730269051632234,104.16847659322984
67.78933038927177,98.89732561215254,51.4408981564647,101.2194190234801
65.0990964650062,96.71263906008606,52.08091654948939,101.75034462767965
61.943376557328556,94.85897555594377,50.778242980726546,103.04587027271901
56.09275763376917,93.87705166282326,47.98874151283286,105.93761428410991
53.5144343465293,97.5579908058542,43.67084165811588,112.22071029096176
54.682214329252,98.62753589076276,40.08056047383873,122.44561933362755
48.41737033727392,118.832482339743,35.91975144163217,137.5754204824122
48.45812012706662,109.19560887407934,33.07392314022832,150.8685888607822
45.683021863969714,98.53342688742293,32.8467185061667,158.397978334627
47.18530349070125,110.46656581576825,32.8461359486175,164.24245358892742
49.63032555640588,115.88386776915215,33.52285972419006,167.81378370453024
50.73565342519724,129.05731684030474,36.187961060675754,162.27015869492035
48.756670673596204,135.99015005852385,38.13552390941453,156.41269755425398
48.36764924406335,139.69301389578558,39.14346629121404,151.93076783217361
49.725471161654845,137.63625948739463,39.77718628491458,151.9185183159624
48.82648338044005,139.3991384945217,41.11406918628146,151.20804563226363
51.60982206423081,132.08842730942695,42.10774312863393,154.26714899376788
50.17652921431313,131.03319118553503,43.38816600461108,157.13259662271884
48.1994912648326,131.64833935180084,45.64789138586371,158.30181870312282
36.339113973541465,122.48558148777441,48.00930480673324,163.48718070412403
32.96868759613443,116.72890610628995,49.83477722926169,169.68906521789384
26.005987028888562,110.1807153703087,49.49645511678061,177.22031178168012
12.844007229260765,94.51091972211341,49.03677104206431,187.02618693286018
10.91229711537693,90.99956857524015,50.555301569200665,193.22963490059266
8.38685098370366,92.7410887973133,52.109838990451706,195.13593853257527
6.771077606785621,90.46525094089999,52.42933155958885,198.12561999981293
7.4162614467270735,78.36080958000939,52.11386517742965,206.13616208463415
9.376665284842996,80.05226211821798,53.40717476309201,208.42477142265597
8.151148149600026,79.64475803373341,54.75514733853588,209.58334781096187
6.090750789865563,78.00517246076267,55.470195913768585,211.68401970765186
8.423727206589994,76.33607308382611,56.50624864586911,213.1341044200601
7.899319734926415,76.56783288579072,58.30602285343325,213.70622500695146
6.159816397591651,73.6672541042123,59.447658744270534,215.70648868636107
7.855611710803281,67.4309088618536,59.39676696007518,220.38059233377294
7.049564565474839,67.13844557934685,60.29153446412447,221.82997787862362
7.543789323257251,65.64155287747708,60.47742664840753,223.20886025168065
8.065117432925014,65.03625123723171,60.763263821363765,224.31183339852691
6.5451092426981425,66.63281921838764,61.07838485159515,224.38483131347212
7.108291722140848,60.48677228053474,61.06620236271242,228.0765848168903
9.038395924113686,56.930242421584936,62.066626405326446,231.075232737831
10.16142287487083,49.37248485121714,64.6526267206035,237.4174454528332
10.618663080704309,49.04772760359516,66.28364824933709,240.73234851257322
10.522926445344638,38.372573542243885,67.90169216593316,248.34802182647599
7.648550119846838,33.399799052461034,67.01919674320371,255.05464915861555
11.572451388700465,27.84960393489132,68.78533495265444,260.2212576568042
7.782480428155409,24.501157786990717,68.95966451750772,264.6354256632797
9.413963500267165,18.36423954958053,69.15715837484487,270.08928673737665
10.198195644183414,20.312070944160695,70.17146676979479,271.68971640941174
7.10448309108785,19.72810780462268,71.2340379352421,272.96072129549344
8.378854419586943,15.746083823786222,72.45777397702541,274.42510975168574
8.00291880545668,17.755465545867423,73.48203402677933,274.67377865360737
8.577991803557467,17.549158237537227,74.4577495961259,274.7634419788639
8.930518813068765,15.453261190550364,74.91706956523801,276.1025773320044
8.27562491220258,11.139972828920492,74.84995386570523,278.52898083481756
10.552256867829456,10.659554978627625,76.88735739867133,279.2830175741963
9.860494855346602,12.461873864628188,78.39567772439918,278.74565162344254
8.565679061780635,12.385474937541659,78.61323764243392,278.82168673648397
6.304179164717922,13.292288823428493,78.84304556279956,278.5699757772403
7.477994923265577,11.961903141927365,78.47216413848503,279.70677523168655
8.663634528133208,11.276334179245737,79.11940451744178,279.6720686935412
7.156308713556321,13.2470120441576,79.57110373548255,278.5015813959119
8.228974899500543,11.839155386491058,80.67084441923907,278.94990106173435
7.374227095133634,14.893871200662772,81.22651110130269,277.9478001476783
7.143229325755932,13.76228372903168,80.32311974158853,277.7559821635674
7.612263536148589,12.192518538417659,79.8079090994813,279.0210532820162
6.3682765687054115,14.698676746919745,79.8793171428813,278.0915822343549
9.359869473023288,11.175471102769478,80.62548377211125,278.5354982953404
8.590305479346426,11.270818764328197,80.2607536181411,278.76371186077944
7.8711352781636705,12.622379512569267,80.68074946455513,278.6125495249237
6.983934594457146,14.34698557945896,81.85119016039766,277.6646150129524
6.040565455902204,14.643202638532387,80.968225028367,277.6855600905093
7.584547489436581,12.681206392629974,80.43596036320577,278.11724780893496
7.656669801262623,13.31473744474377,80.94950224042658,277.91458475547574
6.0912133290495305,16.174958970693126,81.12733319956972,276.78980860565196
6.838845547980924,9.930912063843891,80.0995237366627,278.69840951256316
8.107622386463937,9.940207675234035,79.34814936631872,280.4409820658153
7.887754010961729,9.77780605056131,79.12317883193867,280.65629349465985
8.007637205579826,9.839025613455789,78.45325244515104,281.6395132389655
8.029693001650685,10.066968288979552,78.83726569774988,281.03834358838486
8.838694724866187,9.380056170429071,79.0195114250405,281.250770290193
6.5225109992074195,9.718893247195808,79.14619645775467,281.33300153794136
7.4677241783359065,10.447420929016886,78.6498313717625,282.26314047173724
8.636091908646009,9.711108966838651,78.80484047398281,281.68780146996835
6.691853865211193,13.980814547147418,79.55601283341286,279.5357509770969
7.983749031129982,11.17740394023457,79.29761036040804,280.2386996220126
6.081728971030849,15.755118613388845,79.48575115505356,278.3514180126671
8.272072663291326,9.661563605015374,79.8396822812294,280.10125462186727
5.89266664372682,12.280230822594348,79.52452331305426,280.4704433406631
5.768537634655523,11.410603376459449,78.61212315169308,281.0719797679385
7.16305098025687,11.411888169475844,79.62564956690963,280.4085270590049
7.280210304097807,10.085117327747383,79.46525435939273,281.5559539434163
6.151280671156776,10.396395767943744,78.62962649636184,281.4964847871769
6.31926612625395,11.485808949034208,78.58297991948136,281.2199097393198
6.124371228926947,11.661550697411855,77.57928286835168,281.9048512687225
7.6444426645594135,10.086337211543025,77.36022998726368,281.7872641220068
8.178827797684825,11.814646164074503,77.72508157771694,281.0884913560426
6.684539227410816,12.9480280291925,77.5751133604331,280.40868626464726
7.3694077107569385,14.02820008381704,78.05269616422865,279.48611897393494
9.559258972678194,10.473137309517824,78.83952217091704,279.4934434707161
9.434118653782392,10.334442725614537,80.06619251909625,280.2002624610384
8.78751020336653,11.12143200541604,80.62539804454482,280.0877470853242
9.139028623158595,9.360601276788373,81.56317328618218,280.0939482698134
9.556123685825781,9.500447510767145,82.1788516086838,280.20988338721975
9.660905016319631,8.231009373117757,82.99630897716744,281.0517136024115
7.756867763230453,9.70521958595694,82.94892584841404,281.2591917366923
8.680598050308298,8.820683357515662,83.5504500773784,280.83674412898694
8.229042672597785,7.242468497452251,83.09217439934083,281.8902635258411
8.256399749112639,11.134722833539513,82.15572237461289,281.02177725527054
7.536033080823174,9.064492572929936,82.29163084685098,280.7523600094745
7.54609801859182,10.884303338144804,82.38329546116387,280.775085162374
7.234242483620143,10.250000193747297,82.70566061423143,280.61927971486006
5.948188505840172,11.838117538162493,82.65836139463539,280.4614856546342
6.169414043067121,11.000642542180685,81.09475408762484,280.1543070730286
6.980009764398254,9.168914689442857,80.3472391750145,281.0261285063732
8.983326587936965,9.487205520538339,80.73969711823217,280.93565877173074
8.761933721409406,10.472487851834899,80.89226282011285,280.80936133313213
8.931524970208592,10.200171047325455,81.42739681381494,280.5742898086173
8.313914326545962,9.015704290956705,81.37342456364703,281.0492288114251
8.812715494944456,9.477445790584767,81.73648771255807,280.9581019626839
