213,121,21,95
206.9404096547439,122.21506469004272,25.909067847689315,93.98085130303494
203.84887024079714,120.37055398867605,31.197303390702025,92.88891196446794
200.260298912893,117.17183267213666,36.649288318801915,92.45400304967191
195.43633943145045,117.52106682643893,41.70393878250185,92.20511092939091
192.56466463439838,117.12986724723808,45.35195686935525,92.82389035849758
193.58779454292025,115.22060436352137,46.124097396991644,93.43163634151944
194.4350582285769,114.93109446331654,44.37180368804101,94.6549059325221
197.01004867501376,113.97713870120003,40.774731029336515,95.575948758886
200.71620451741384,112.21800732462366,36.29128711960165,97.20649456283795
204.78882228415412,110.5884904572116,33.222459867339886,98.09945166704468
206.1355396835816,109.68804478312487,32.15746175969933,98.42141864359381
205.9705527423783,110.16543808966837,33.41331493589906,97.62752882478404
204.28023223347674,110.59941985083572,37.28487199396845,97.00054799513708
202.38712154010614,111.25136088000335,41.43802493835872,96.2076786726081
200.03836563966678,111.53967715586117,45.56441568445939,95.52673628733476
199.08510164215954,111.32192667685136,49.12168624179853,95.85113859667959
199.1239869797332,110.75474342911166,51.525802412473816,95.96278304290766
198.95618547155215,109.1501901134144,51.36456675342898,96.27447209575433
199.0418354272309,108.06904611283178,48.51227979488492,96.6783809930255
203.92048289054665,107.25524796561643,44.190790158167104,97.79221410514309
205.23783807843367,105.24031223823458,39.01548437648692,98.95632798272126
207.46945475380377,105.2328454659916,35.365494351706445,100.16257881699488
207.78418061194532,103.28648407191507,33.47429776207278,100.42365105639104
207.28654086463095,101.93614732375104,33.92736559575185,100.2497672538794
206.9349240578124,101.70224926076583,36.435198382327,99.58299407519598
205.40045116566432,102.25390887188297,39.85899061191216,98.11124733729406
205.78408664568798,102.5402805303995,43.754731395116515,97.37052485634493
205.55815599137222,100.76773790398143,46.872667629416796,96.73807949374483
207.7389327837288,100.14763544244883,47.77599830625091,96.35968433094725
207.43893400026417,98.51856011060646,46.4976016304952,97.00737501858404
209.79438052349468,97.30940620449404,42.7253535242002,97.09184351958064
212.9536006023689,97.15706753794635,38.8031673093639,98.26566361259513
214.35182872135385,97.53349025745749,36.12148090760911,99.66327758755097
215.8811728151017,97.8207825567115,34.69070762731897,100.47150169033628
214.3462772581217,98.57022528429943,35.48139695576277,100.04572609186783
209.81801150274512,99.96851038147662,38.747871734314295,98.57495087774272
208.24250696629605,100.13217271532433,42.74970481688695,97.43102678461551
209.06237316509387,100.2218704133168,46.86381515299082,96.90734286059518
208.74049423521245,99.6173376693092,50.693962207389575,97.1686260757168
209.42754872691697,100.09754128921583,52.59403479901528,97.71824590964331
208.96650597995907,102.8423830420871,51.78002372520653,98.10476697460473
210.90487904643427,104.93362722975522,48.991368738543954,99.85600258390487
215.8441294234964,106.66454600540999,44.407805927603704,100.68445946908594
217.7686136589586,108.93715466357868,40.44170236718833,101.66654336601593
217.88250975804746,110.65751806614055,36.45829436941193,102.22873694129433
215.72468292567513,110.78666642341497,34.74417393669631,101.84312763893645
211.6999366075927,111.68975440606178,36.78936586588773,100.44828313373728
207.0452884958554,112.36271583637144,40.96499279011775,98.87552568562498
203.3201758286999,113.18962169222982,45.602417584087405,97.37706416945929
200.3003292063939,114.01471237289543,49.520285549048616,96.3472927146743
198.5297695950585,113.14682488449682,52.518153447385544,96.41119848049118
195.992454812251,111.0042192770732,52.67366203800261,96.71349943420498
192.63669788924133,109.70764989836111,50.53216672840654,96.73027953002892
190.0861368705697,106.03124474961274,46.58512319398686,97.52403795851393
190.55682621224094,104.1871549200254,41.11201325479786,98.52792486774476
191.57228101306728,103.73495339333617,36.560297033152395,100.01779915248571
190.08243447387693,104.57647788682421,35.251778107630074,100.25610708436969
188.41444691465983,107.23061043862154,36.71805548872503,100.70425055482379
188.94204202258436,107.99805523057282,38.94757027835082,100.87578120733868
187.18118604612013,108.48026839535908,42.44288612151073,101.16271478256948
186.50071689998632,109.76487762967616,45.979506915651136,101.68230166820696
188.37875901020473,111.8114536831127,49.10004763838094,102.09719179310017
188.64105350945275,112.42439186956459,51.1288058857062,102.33401630951371
189.26487819181375,112.02973975716547,51.57917584086053,102.28880702035886
188.92524382291793,111.72997467594543,50.72094340655174,101.32099801651279
189.45034331870636,111.38427376628373,48.26718375862099,100.22252676140616
195.98592190502507,111.02513277140393,43.558744872194374,99.99902939833427
198.90592059333733,110.45751216416454,39.14281369577387,100.55087425886529
201.85476644165075,109.42624389150748,35.70468719128119,99.33424570133047
206.91948956109553,109.3378610210299,35.241140739004926,97.0513429349451
211.76216429275195,110.00518292285142,37.68722337599304,94.55166517201725
213.9182277925699,104.77562881985753,42.03438795466519,94.12872798985228
215.3555283922042,104.71902150892414,45.86406982948159,93.14292430013947
212.3763112744666,106.0468735257551,48.74974662852469,92.30174959973645
207.91502256501846,104.10698440695892,49.53155086781446,91.90994063004385
203.29022280998475,103.97081791183722,48.23753160158919,90.51299901822031
198.62704070739662,105.35041168432144,45.3692564493423,90.25430894203453
192.67409319805813,104.84688272468472,40.43663797628814,90.94330855574673
192.14716641896848,103.9000947508132,36.07952682849409,91.43073726668392
191.18296612448347,100.24245472501487,33.93626064055441,90.13814201268625
188.7866281017083,94.3536227024614,35.46716301509314,88.5974212818428
189.40428935557298,88.99498852345596,37.618017495300265,87.91728129717552
191.3312521151438,85.23630811396671,40.18386307286275,88.01351860595588
190.74696597160317,84.23279075819018,42.919406989532746,87.95668885995681
190.0342040298737,81.97872618575501,45.29516395556085,88.58756264975491
190.32148901887678,81.51357169688725,46.67679473688183,88.57459703361646
192.1514254702596,82.04306318861481,47.10516467975472,88.22725880768915
192.70594262823187,84.85575704664731,46.67967879873556,88.4803341953899
193.96840400868427,89.45963106850913,44.82878308421017,89.64101738734993
194.47725564139236,94.92235240883468,41.475288532706394,90.98057604769612
197.52120429759555,101.47617937606225,37.1907204454142,91.68429744774328
200.87522311105323,104.69443297222966,33.8309695529409,91.58318571497978
199.7441820016673,106.2209006837142,32.74728406583568,89.96458068940207
199.5020060656547,108.61858391867825,34.30511108595189,87.38602302795542
200.1013338117161,111.12230545278379,36.80972105373922,86.1938853852896
202.72692791874383,114.41241699399069,40.618225828298186,85.88982334313407
202.56405410714788,120.22657256759072,43.45298039033344,84.73985351130234
202.98548342332703,125.82343025804343,45.57554848236966,84.30059763710541
202.99658912014556,131.46366660361616,46.17976280635004,83.4477184137285
202.06950049645482,128.85275045795532,44.791801382533606,83.78888586729286
203.7153278998179,131.1817857619267,42.183700500750014,84.78967172840227
203.20243714086865,135.33006784846168,38.27287402558693,86.70011994641769
203.6212788157099,135.2078191198824,34.20846766291803,88.64683323835911
203.2931857882373,134.94175824475724,31.268808432985516,89.57385729411405
201.41666512899107,135.5943295241243,31.26923237958086,89.89245926582495
198.30692095698697,134.7910196842716,33.52455096326426,89.14935695681649
196.9707735430633,135.51969013310008,35.80745865527392,87.9281809603437
199.07163927378662,132.63044798597343,37.61511680856392,88.63525758074795
198.6656015317888,128.96318460667902,39.469028779304296,88.59153012428416
197.1039556423017,125.68738810841401,40.954029403447244,88.14364979854884
197.93180490703253,124.23354416477028,39.89817232777849,88.00568406863539
199.51788450983997,125.32277233796559,37.863475540907615,88.52821822051274
201.35810408425436,123.6598340552886,35.479596410651595,89.57975069480712
202.78557083423254,121.15624930548704,32.890021739801306,91.3260518901159
204.80299930420534,118.89080748649494,30.83991499025197,92.77011870844893
208.61886292992693,119.36935942249787,30.612823522712382,92.51518004645267
207.24853656271023,120.58193986358235,30.42682797194297,91.55730238744636
210.6239001151637,122.6899603849891,30.94124205449483,90.4872179524485
211.61385116999938,122.7325675390804,30.83753467729219,89.97390947539031
211.66059600826566,125.56396270524328,31.291909724000618,89.40602322205673
208.7540841840664,126.71211567736664,31.789077084873398,88.8816286144963
208.16818159193772,128.1412685092565,32.51076443686391,87.37310769227071
209.31110935089748,125.8980577566907,32.21264695107726,88.15855884484202
210.5619935047029,125.12417700473219,31.80830783457386,87.63193546330945
211.93440619722256,127.76809046507364,32.17425838825741,86.75954993153427
209.94084539992116,126.1379497436978,32.96764590922615,86.91787307676609
212.5505212300919,121.8611904629029,32.606903563577376,87.40389561498853
210.77106999310595,122.38090966520082,33.127106426827204,85.27622572434082
216.25672380071245,124.92346048482713,31.423547779825505,85.84880615175268
217.38548481186794,126.14900804875947,31.50638398061964,84.64963452462098
215.388541161528,127.33844351342421,33.65090187048072,80.96955236030307
213.55659403020755,124.59776696640992,38.20153996471739,73.49248389779967
213.3955282491708,127.93323916380187,41.181617536814706,67.86513118302125
214.40360499767604,127.32830812844738,43.19628411524573,63.18089781924353
215.0945984892003,130.87487406628435,43.74284456766334,61.214219270170226
216.86648250050686,130.4762230176729,43.50405389828917,60.10503928774614
217.95004181251687,135.5965137869534,41.738524068756846,62.36991115686072
222.98662111756474,135.94175347218402,38.81550564079248,67.05962705756818
225.7148910872832,135.3128171777235,35.50391658434392,71.65476508449899
228.9657354819494,133.2057609442529,32.0936128150323,74.69049036152903
230.7940420685202,131.90129610168174,29.691100012488025,76.97716244919528
231.873357640499,131.8749224935067,28.544222743683655,77.28231856584543
231.2870027134664,129.86491744998958,28.558842058138655,77.24029101893854
232.10608002489454,129.3008374599588,28.499523861361514,76.88243400129292
233.59503313295338,129.70264049952937,28.9130182281564,76.18995941386484
231.7668195517842,128.40189800337822,30.177601436619035,76.17149107618452
232.93699549061523,125.61988846155555,30.63665118948994,76.6323384481194
232.51275096448276,125.15106472676419,30.74512741274889,77.27881160898194
233.57481820594862,125.21459209901835,30.076585191491688,78.64657427621977
233.01858200452355,125.12382184430862,28.810565312466913,82.24025168312693
233.71925162950873,116.88617390420049,27.840241572793474,81.81797178904509
233.17744468772705,115.09519043785039,26.483957719706538,78.85685246949772
233.38687666353843,115.88548603780063,26.533521889433537,76.0583999491517
230.23487522751967,118.18065274973401,28.20967418893367,72.3723103048282
228.31049444118287,117.61950727198163,30.25072040466476,71.13397025484566
227.03790202118077,117.6274205952723,33.3532543018382,70.03644663098773
225.15375222709588,116.45212494107605,35.67996812102952,70.28353883170075
225.40728727567966,117.76194551215096,37.18913273146752,69.75742149110148
224.67280125755565,118.90064548950404,37.96470758035439,69.14331756426449
225.5139705828309,118.87895395924613,37.69102975855426,69.32866307242502
228.77541565104912,117.59957821289646,36.03189630312166,70.30577830124616
232.98605553311975,116.40660904298241,32.94516803898769,71.71385636234834
236.10368955818657,114.26547542456143,29.49656108523704,73.67008448678207
237.30788726927912,112.10612601311857,27.280856330201075,75.74241356487471
237.40985080829074,113.20667106616253,26.638738129092843,77.7993339744529
234.15864891425878,113.40886643876729,28.916311067939944,78.77612438963837
231.06676022013343,114.15246144447542,33.27490634408762,78.41004545452843
229.07498049200868,112.10164166041642,37.48688056530564,78.95381601782456
226.86272283256156,113.30838974375618,40.82720150234995,79.41046844521385
228.08158687558557,115.0567921277248,43.31701390542122,78.819892733485
227.1984489101479,115.21198507762628,44.59501029147634,79.7312973189916
227.5179079868352,114.23288576882344,43.27859157003073,80.91676650295781
225.69294880179834,113.72739806407091,40.374595606242245,81.66624040190415
225.28895210101805,112.84136858580817,35.79408822833019,82.74124385718413
224.28305805863982,112.3394313148478,31.527845772616544,84.20983087265384
222.23590273065912,111.81827881556535,29.273062240874225,85.05690588887575
218.67226607187152,111.81037616501342,29.5607090827684,85.19469586022973
215.0902146500042,112.72407115141209,32.46131518812311,83.48297179917108
213.0965977884464,108.81171592235494,35.362811514525475,83.84471928991533
212.02876629698983,108.34284173771385,38.28720007088452,84.25211057210674
210.7313980192468,108.79772718160226,40.8824409741675,84.146078456552
209.81362271853396,108.47326398273366,43.17108704407862,84.2598449789713
209.81411643955119,108.34846218716459,44.03267938568469,84.12681850218542
210.10445985170438,106.60468448822328,42.69306677628792,85.4853590396541
210.98773278947795,106.36001786222587,39.05890018017723,86.32507764767077
212.9913052419857,104.68177613482392,34.95652145940528,88.24738660663795
212.85243725819015,105.69978247696721,32.91665967425024,89.00765031288097
214.06769019564175,104.10049577082063,31.144125613530896,89.44251347269926
213.17416046878625,105.34013527520258,31.24185764853757,89.86571838142885
214.6455906032528,106.05146930312742,31.935497434661308,89.85187065767236
213.62005455075746,108.60248055392353,34.00635381288834,89.06634805911767
214.7871302183467,110.03314013175951,35.774455690029974,88.39092616929767
216.20427146660245,110.0725153713819,37.730052952490034,88.06086510377898
215.55871094315347,109.24662971660833,39.00427993599534,86.47361484419875
213.25921420202454,108.61990717644113,37.86526147358603,86.3491674107533
210.46861259093794,105.88443238623947,37.07748510119677,86.64826547846309
214.1391770622121,108.1087869410368,35.19998778305501,86.95738154302924
213.77264497036796,106.91047103058986,33.31790260835327,87.43577696985564
216.9917660287755,106.4149447615778,33.662098765057266,85.58473004006952
217.34701977512043,106.00108714654056,34.58078884375627,83.47707474331207
213.724274089696,107.91636362892196,35.6235907097774,83.05723534657344
210.39976498819556,108.86335051493924,37.21891794494232,82.16245011513455
208.08454169593165,109.12378094771509,38.496049093658684,80.16993909577731
206.1313743451953,109.60905145638502,38.831240707172554,79.13695563027156
203.18509086548886,109.99589034330415,38.967005129567625,77.79393068445836
202.96239320098223,111.16102266866959,39.03117663920017,76.68917368367974
204.4616585689673,110.03549149740526,38.30439475074455,76.27147501730272
203.80645422612258,108.95563735672931,37.63272449473307,75.74082144391956
205.0171039220001,109.87176875395853,36.195196054703146,76.47868182931975
203.553428789375,111.27689143384681,34.85618585710701,76.47213672566991
201.5922830219998,113.67408627452778,34.63055719517261,76.04412233462735
201.93497404103175,118.16610902968108,34.086650481108116,76.69601184084665
203.84691093081165,120.9715499428468,33.899562754893424,75.6418155512998
203.9477249020896,128.2787408434844,33.91627111093456,76.05787689920378
200.85836900210808,132.6036894021485,35.121024445874475,77.10679368907023
200.64444540271137,136.80528110147972,35.682786443872345,78.82944605998331
195.62868931409423,137.7786313685929,37.744249833600115,78.59757291303555
193.98223083487682,137.90339177918605,39.14146929462052,77.73137613748999
196.88798459592155,140.3780204171608,38.36187070847428,78.4502684947962
197.18989123227973,138.9659812176049,37.9072306048261,78.03907050624215
195.33759202679636,139.3296533097535,39.452395996540574,76.48223243137616
201.75223371971714,138.6597143045817,38.91128143051573,75.56050921721616
202.18646371646133,142.39531504044226,37.876937416062326,75.19810412546335
197.1493286215093,141.5909842079129,40.87814144074489,71.95051091626807
198.04043848451158,141.26162877783915,43.487089531234815,68.56632181215565
190.53874269065724,144.1835852422253,48.516297913813446,64.67689419952819
190.97549341618756,143.61005256687866,50.9469058949996,62.37371354986763
191.67897534639718,145.87189894541302,51.86948394092314,61.41361167437378
193.40367127655068,145.51297338015985,49.95948470441392,62.61101578074798
195.44513981994317,145.2402645721612,48.17183114755236,64.68629607623771
195.86721509528115,143.4497842240916,45.1202927266576,66.44008240851099
196.98429940135563,141.4338624322922,41.453993858076885,68.52592746676301
197.67316527171542,140.58312195642972,37.171654958341776,70.64485707458431
197.2148005108208,140.553209683877,33.88358228594129,71.43364770634344
195.84783445783572,139.91810634543782,31.60400200885235,72.57611381171981
195.4321415615449,139.82522639092076,29.599296632571928,73.53157071689122
192.00849533401035,139.9715098179735,30.35596912164396,73.82003763547618
188.6622285444299,141.2073225799692,32.54597033207579,73.62776793024464
187.61255180455325,142.38944686708024,34.909674113770585,74.08866054140714
188.47910606041566,142.4212906620759,36.35535132250273,74.73015844759477
190.6110255503669,141.9871314296333,37.06691242247187,75.66283032301494
193.50914156889527,141.8887477253997,37.65828413170545,76.52633295580452
192.74824194982418,140.58853671023158,35.975614419250704,77.9486653576202
196.63353211298482,140.5251601017698,33.168009274993054,78.80583687061636
198.85150788122564,141.41827215750578,31.172086212526988,80.57681957302152
204.76269249775245,140.30597635634825,29.513267351780534,83.0683048915005
207.012575070064,140.08999701621286,29.246157393563447,83.32359665328195
208.1357252643309,139.20445666288552,29.93775156211708,83.88647103172548
208.44718749619864,139.351888705127,31.920248213208787,84.455783127278
208.1366260711564,138.6943752582441,34.373204734000886,84.01507629575468
208.92482957739108,138.37670840759188,36.07663266501424,84.12948669066049
209.29326559579792,136.7974191743948,37.445204735330535,83.57498727535327
209.00219709494544,133.295514513506,38.89398130220779,83.33193108511915
208.7853859219296,131.18149532450792,38.64897915101931,83.72362082609655
207.5527219028902,128.47660955192606,38.76405880409253,83.22249664727299
209.30501814197686,127.32118627601695,37.61630633330255,82.91904826119966
209.67744922890554,126.16746356381545,36.5200405598192,83.64442983518464
211.51657901266128,125.70934661367124,35.20093519900587,84.58461779145608
212.69518663737733,123.43724061690473,33.18169378622503,84.38233860885842
212.02806507987933,123.18054971434714,31.590681735181814,84.50939198588513
210.14095016165427,123.75116576408982,32.71109618026129,84.79973041093086
209.92057664394912,123.38937820758284,33.89282672577765,85.08684309323456
209.97420316724777,124.1231056790876,35.349706508978755,85.47192238901746
208.41833863044354,123.96369004816299,36.93572203783137,85.87639842691651
208.57644414466284,124.35771669418718,37.64948108024935,86.1627735262613
207.34798458366902,124.69957299090335,37.373366551893724,85.08744831039243
206.27895254918872,125.49238103661206,36.48075755295824,84.27944528405507
205.36660109008213,126.55975601748226,34.26895877421204,85.43588374960964
202.89412182028371,124.81751060826656,32.99967099551806,84.95617869433647
203.985050999071,125.789397841702,31.465187529884673,85.2148890987371
204.2670389903013,125.50491978726373,30.840891994751864,84.49222612028625
203.7628261150466,125.03121465609446,30.915835264313984,82.87631837858689
202.49707577664304,126.45531029775367,32.024409367655835,81.59062060945114
197.1326581249349,126.00594829756506,34.73589851166646,79.93699610311205
192.80195091678794,127.01240565806023,37.93492325279226,78.67908515066857
189.59471172480758,126.9440496256659,40.315440184133,77.90041209907938
188.9556838368365,126.12120181907972,41.206328793582784,77.34561471923043
186.4222745942545,125.53846016780088,40.946455392868344,76.01980188640393
186.21596166535878,125.3748090374171,39.38383490695662,76.27784052559134
185.5173962575782,124.78789037686772,36.69787743330619,77.87798423020318
186.70636311105852,123.18797043669727,33.384020893289,80.65322654477416
185.83872916068654,119.01502028067124,30.57958060135045,81.95638662233003
183.3742600636338,119.79157870423832,28.944931313464608,82.19979871724192
181.19122857749264,117.11510221205839,28.23673232641621,82.30624346963991
181.47984412836402,115.03381256188364,28.35869068687946,81.22347232367596
181.44743234974362,113.91650595737056,27.98065413471572,81.48363274006891
181.58457341851448,111.41637043509323,27.92818061736164,80.6503625799261
179.6778505495888,110.86188320867842,27.8858914506338,79.97137925182221
177.0681728992536,111.0764085983141,27.937344489748465,78.66769041057032
172.28352546709638,108.83303078519951,27.12010762275315,78.41431170772213
172.31939157924694,104.15315042175216,26.583595153694706,76.18469960934553
174.2985188490327,103.3159746962701,25.927379004459212,73.45587587580776
174.87357270107896,99.16711495415873,24.88673601148301,70.70934369591176
173.02435304391753,98.3706163746794,25.206678711231977,67.87422327747612
171.4669317248774,97.65798358910894,27.007658275748703,65.46072532742004
170.15877551948614,97.21304077630482,28.95230795844992,63.420847248751066
166.0956890982014,96.94909887668823,31.864776683292426,61.735698895527776
162.50891725445695,98.52632904928464,34.153395991608484,59.980289132296306
160.8711339440192,97.08307755986763,36.09728351866039,58.40591690465742
159.15631232737238,96.95351849764373,37.41776517240663,57.719891476227346
156.0279805474938,98.08076916827852,38.411366484863876,56.967436481957705
154.21314486042905,97.0106907587638,38.182162947017474,56.473144311522276
153.56254694135148,98.12498174902788,36.80127426464025,56.096653655058155
156.4724898380723,97.2210967861032,33.92612031663313,56.469284642821805
157.65375687356425,95.88977147075207,31.387584916855687,56.98711431073265
156.44473693432874,95.77863061630707,28.915852314556545,56.987221324083066
155.36243932101632,96.37261859533155,26.36311492042674,56.78502438414144
154.6837052051692,98.83896126237245,25.070821867740158,56.5999614009051
152.442657236525,101.0173043361218,25.51612925672775,56.842107760043426
149.67994637766284,102.65523872750472,26.2824080231444,57.778969803991586
147.8671212889657,104.14841648867701,27.18340832493469,58.71638213581757
145.4877092495883,105.34009083435839,27.40293730041042,59.58479255210993
145.8756740203094,104.41723730725488,26.67968787801773,61.14116722503525
146.3762109552036,103.3856157208665,25.639764537793837,63.00136730514954
146.93555348185026,102.78909763141841,24.876728704776724,64.41824213399903
148.26247975509048,101.21347106467323,23.5310195919199,66.21654296898419
147.6143739936665,100.83135873981757,22.756169720408643,67.59623290720153
146.40543835155307,100.84406418444314,23.731014132657638,69.20010806960288
143.78554416033012,100.29343741699695,25.659330702297975,70.55384241310693
140.51697886183015,101.39547465312731,28.336746112284054,71.01124066002524
137.60993565201719,101.45851908966169,30.886844234408507,71.52863623540449
134.96336645439416,100.83983362174553,33.672795208185626,71.50585337873633
133.320040504878,101.83641721941035,36.28303942771434,71.71195200833318
131.7940540056192,102.27548897813068,37.789910053023334,72.08592256433103
132.14970103649108,99.88945612699987,38.30340042491023,74.17381757865536
132.4137245390276,99.69100875162563,37.85438714717632,74.90765252186739
134.47667136840857,99.07265183642704,35.616117511169904,75.9594684897167
135.73435328895957,98.25240886165568,33.11018236307897,77.39279677508983
137.09519733361577,97.72398837012491,30.534634741568166,78.69149526513813
138.45873466672032,97.85399765940636,28.586525192983892,80.0457705129182
139.99113651056027,101.5850789180317,27.59659056829495,80.2576025418737
138.76481287583067,103.7689961728274,28.707566058561795,80.03152021077368
136.74735528457006,106.4304138594973,31.5571218380617,79.39495941234034
137.74445397518053,107.8362803570019,33.749388782262386,80.76608009322825
139.73497495551192,110.70798471460063,34.73439497972184,82.13379750084543
143.17483708634578,112.15711210801503,35.16397962739808,83.77328816588911
147.7996562727342,111.54137748942522,35.622755081094006,85.3992127455538
153.01134380744685,110.27417652225715,34.98039287287227,86.15887389410969
163.36255312316862,111.13001703361338,33.4449376273361,85.57005640945638
171.21846138746525,109.10240011268611,31.25585907733508,87.06771941303654
172.03060139932649,108.40642641263197,29.882092834070786,88.72897890578261
170.19058293540292,109.23266114640539,30.996817318189667,89.1586246944498
168.85065311284012,110.04706794358262,33.11496093094313,89.12886903435862
166.50388526229384,108.79952413015961,35.196411198240945,89.64895268247105
162.3466913689868,108.14304520235348,38.32709119184861,90.50721961714402
157.46991781882014,110.31449305450312,40.793399827339954,90.26583463970395
154.49357595444127,111.62969448500841,43.2962476694639,89.82779831434047
150.295586426013,111.77872560997397,44.59869575016018,89.38103161518693
145.88758463235254,111.65261269547416,44.80952539225308,88.97980098138837
145.23292195339866,111.03289573926011,43.76230979785475,88.40142439281864
144.99001500577967,109.87227841247235,40.69347486686945,88.57703426112937
147.20403636767557,109.82085155991017,36.68220900807569,89.32092523103947
146.45281336309847,107.49405737881159,33.38158522971875,91.42012000285553
145.69565459735637,106.79370883596238,31.924583178985152,91.91326751175008
146.1376973537587,105.91645661667107,31.472205994599165,93.02275693247451
147.0210821447949,105.1773253094791,31.761228496777647,95.95104492632044
146.72529969702265,105.72042266864156,33.667501048780224,96.26112837457195
145.9480638286727,106.91168891506007,35.41763485282884,95.78743026227374
146.66899902837494,109.72829361579363,37.199791204263036,95.02360215653614
144.85734662701873,109.26386817557378,38.84823434197202,94.13485465944588
143.3750627489608,106.92398620550578,39.20308987031744,93.55017977193356
142.82828891194362,103.79452586798548,37.73166621771216,93.76277160464329
142.38914449393724,97.28830314982993,34.65796169640747,95.2586506146695
142.38412411994943,94.72234457820784,32.4538872348344,94.6696171814562
142.17236843421978,93.35087036908976,31.053665783389846,93.29278237421778
145.32251328029292,95.19035894254876,31.228694723018492,90.11077432336401
150.58680747544088,94.28415909888892,31.64556093528205,89.29115290161013
153.2401994560219,94.92389520609848,33.39663954262504,88.34271054122269
151.97282811755474,98.4230166434379,35.933879429621285,85.4094055436982
147.3258193808911,104.26491701418323,40.726377951893426,81.62167420193634
146.47068814005078,107.28297676264938,44.834324115804854,79.06809909172398
147.90924020950797,112.29318889794163,45.85751870347546,78.92763149380437
149.18293460790852,115.9932426887552,45.38531688602757,79.54574080963958
150.76017596037866,118.49910459536791,44.329558591044005,79.55531236900211
156.83328158839652,120.56693088692506,41.02239631868181,81.54347819327616
160.04172952954642,122.50595040864268,37.93757805244463,83.6434830653591
162.24077760328387,121.13438839326423,34.78649382122488,84.51875155066578
164.2600134977604,121.3222773695185,32.50824014750907,83.99542560812449
164.09987533581614,120.39858168309539,31.57575579550442,82.70677286321667
164.22163018721469,121.61135431711702,30.521071692051798,82.03289302417896
163.02358787659412,123.83572730887656,30.12240808241241,81.25666233607863
160.68201420497704,124.41293931504991,30.190408409809045,79.56144615276955
157.7430272172318,125.73375980839867,30.265446133111414,77.57324231894599
156.50165250014828,123.77315196346596,30.201397827112288,75.91532223062913
156.79826742919002,121.17257732834872,29.264134480449414,75.23462841172729
156.91738056261613,116.78736532849248,28.191543417673678,74.73206388712725
157.0342654663451,113.10999399550082,26.798374751311574,73.46155559808754
156.60315805888004,107.73414162714589,26.492130686035672,72.59509149530268
154.9231185777611,102.71616082268864,27.51809912501073,72.39445873958881
154.3115627803131,97.01799934947321,29.78927354029029,71.84064181001904
155.53270351187388,93.79163829041909,31.804703284460146,71.22631156703943
157.48842944152008,92.25543445643473,33.937487072441115,70.11831572274106
158.8282457302368,89.23933376522344,35.46405437283946,69.06731664089489
158.11865725009883,88.85012692876015,36.83947678651389,68.57536714831373
158.7886482959052,90.49030876695454,38.07594293440181,68.3934251029158
159.93242482251497,93.1452603262481,38.56751426581009,68.6453128802182
160.18575368154322,93.81060346607046,38.4174803312518,69.37181875456514
159.9334506003526,94.30212646811157,37.88111248782566,71.00214581571244
160.83060823758507,100.14378872910507,36.51384280283354,72.27451578282883
159.98085746425306,103.68749508540994,34.10318657037622,73.81985746508357
158.98684016796668,106.884019747098,31.364829004677915,75.54307891505262
156.90628930033986,111.20416573065904,29.292547423447083,76.56523895835197
152.27883134438244,116.1951638764761,28.058029785854433,78.55008566896261
147.19873045366472,120.27572389533506,28.439363543430463,81.42138854176856
140.89205095466997,123.79612941823957,30.429212857427224,82.9534561764876
138.6186593495508,124.6253117986911,31.533785241853405,84.5896491904094
138.63048986462732,126.81027727147178,32.59524721424417,85.4111240565343
138.85068543257287,127.40017506897851,32.59346162269712,85.80075697319718
140.5492529680963,126.6962275227926,32.04932434004177,87.21080399387651
143.4848554918263,126.19693857454833,31.626621227352846,88.43898399541203
147.02607571049785,122.70598874191845,30.274813359206583,89.58309107546029
148.38125941177668,122.4319160471608,29.24339243760164,90.69873878125385
148.10788019499103,122.24399759096363,29.073828171472393,90.8914466500861
146.26435522927045,119.99801622065408,29.88238738634764,91.45184883023585
146.575652621164,117.12616685721855,31.314809093759592,91.39201167480115
148.14244155824295,113.3091717371579,32.99223945625858,91.30928570326319
148.19740398215245,110.04670461647,35.02432241205776,91.85885977256842
149.00628637473687,108.23180854523568,37.01234039350882,92.90413823538262
149.17336376123606,105.15240408413793,39.04073572951237,92.4198687862789
150.34890372833414,101.82364459443774,39.87350295781495,92.46210178199246
151.43000498619273,99.69357369807588,39.40037044190272,92.00715495323243
152.4690538508013,98.57987584086192,38.81347061915196,92.958640033408
154.65970505922192,96.13953674017876,37.58029933233563,94.10453385217691
157.75985988671903,94.28761539059207,34.75776623406665,94.71222479734172
160.42154824616347,94.354849677654,31.950582417346233,94.92836909612745
160.77794097637465,92.85024252751148,30.242298402012594,94.70281509159565
161.06388558266045,92.84973680435897,29.802034335271813,94.14760756872516
158.61750510868424,93.92088724968222,30.45292704469801,93.75823462047694
155.22062384080596,94.03823196344422,32.02927974416117,93.36650317352604
154.44612698527732,95.565081515559,33.4931314800418,92.59248565892939
153.04453653967855,95.75940899377044,34.7794420844164,92.41102148056157
151.53619952807867,95.56550818619266,34.928568094614754,92.64113488631892
148.526980441973,94.53489917625876,33.976827196251804,92.31141172750283
145.96185382381435,91.6904234070532,32.43595553612572,92.33376842402782
144.48728144652534,92.62202442011021,31.786487822534983,91.43362594355105
141.5913796268647,92.91102046377284,31.2840082178171,91.42104792967433
140.64477888060603,94.34650972302103,31.481377438606486,91.01338958345531
137.90369567625285,93.613289022185,33.17495035988611,90.71645741586462
136.91137735705493,91.70794691083391,34.676554416857336,90.96333236005896
135.531846848875,88.68015187092713,36.714517224070256,90.80744808084816
136.2248503896172,85.71891831337186,38.32775487746654,90.9004289462322
137.317898880305,84.14447780455203,39.286079178508686,91.28890381370424
138.62042215069408,82.82565674153386,39.66581752778143,91.4527143929418
138.9966832650156,83.3430317653408,40.23289552028547,90.3641209977682
139.849891620888,81.10325993823827,40.54751210132134,89.59473625287671
142.66745183670756,81.19594176568987,39.993271830871734,89.23145562483529
146.7813348398668,78.80213661820642,37.68017063311138,90.01898758688391
152.68858185203632,78.91761890358022,35.18129726746894,89.79796813383746
161.39937057873328,80.62542906670498,32.96182898204361,89.47458577810804
164.90434091103498,83.93105594896804,31.503647968414924,89.0312940412201
163.89288072994964,90.26998031153013,30.710584598161923,89.66871204314833
166.30666509992952,94.27954858671679,30.303053563358866,89.32425449809946
168.04770917661133,98.53189324867658,30.512048173765017,88.75716163587472
167.37995829004612,102.78846107537724,30.87127589353601,88.98316895378272
167.5237615845321,102.25589632844034,31.20907120722797,90.17820500669329
168.20962008448217,103.40422089898027,31.562705514097537,90.25264349679588
168.87091297638742,103.51087052050343,31.51886138736525,90.32630347555177
168.1559712124784,103.10390270409827,31.203989257125016,90.4170924541373
166.58906498217257,105.40993653172919,30.875202193173223,90.17316218948804
165.839851601306,106.52584441694572,30.83416172725753,90.25863137015284
165.86440372064502,107.98081170488543,31.87469482425017,90.68069728081545
163.4748835012157,110.7446584672043,33.48660391876921,90.17674424772761
159.4189607553903,113.29472686664661,34.65019477518163,90.31410404742161
156.64287937478485,117.26053474584484,36.0321528222469,89.0758083409653
153.6230014988539,117.7015024122515,37.70063256352237,87.76977050492837
150.98390898992338,120.32269660177892,37.78707556951997,87.11976386102742
149.05450804858887,122.20314414502501,37.57571649423584,86.31241769990353
147.11215357731652,123.82309204689835,37.44991021534729,85.08316473710784
147.13742199164568,124.12600319331759,36.823088718717145,84.89389162098536
146.43547805547217,122.98283255796721,35.750583076047306,83.64777538870275
148.43382016368156,121.70293898413492,34.30845580036274,83.36806641015696
148.12426896861894,123.83681735156966,32.631260365105675,83.94001180785484
151.56769737978453,122.59861956314015,30.82465461582583,84.4089505443179
153.25150989024678,120.81862926296456,29.001786411660085,85.19276524618769
154.70065491411248,121.7860842688038,27.778449681411267,85.69590334926355
154.95571508487697,120.05656814061422,26.894639100497777,86.44619280108708
154.64043849453273,119.51251496651952,27.27246026346169,85.52182778470166
155.18876216630878,120.68764352147504,27.48787049788725,84.57703050395352
155.80818564287398,122.48411712033524,28.0501758130872,83.18017186250033
155.959742394008,120.53358310950674,28.247232940965798,82.78244153483695
156.33656851474927,117.85158407949027,28.063212218913772,82.83582720894907
156.09303401736045,114.59444343561856,27.808633658142522,82.2951760877661
156.74279893846148,113.83650227796555,27.08353002086414,81.23432839631508
156.91762379999793,112.29053189214409,26.8521670499157,80.07936893443804
156.20154416958545,110.26151170635963,27.251789590674473,79.48205742091292
155.58860280389467,109.62960654760303,28.618600098936582,77.76995590574228
156.01424947159504,108.28699451628381,30.303895955244798,77.25654728747321
157.7101121323497,104.89656682521621,31.921744162957843,76.6309172067189
159.0481207122469,103.83926746859882,33.45098210789326,75.71089787681503
159.93873537563346,102.31560981095907,34.80482892149901,74.75610064910951
159.7554625196937,100.2401935408034,36.084764944612374,74.66649650079232
160.14272824995356,99.40883324795624,36.55411160209291,74.37221279847074
161.0829108138321,99.26512295001002,36.41549244719525,73.57549264387714
161.04522038517248,99.28117015223549,35.45890488594612,73.19373788580354
162.2516743394615,97.58864793095336,34.22321716011905,73.40394827790074
163.7863860965772,97.13656134351446,32.58627762331136,74.94965231876793
164.35462218579548,96.52984106228762,30.72213282686623,76.37311339194727
166.64771150459325,94.85788077965083,29.040501095033502,77.95621115813223
166.63070857827228,97.46636728403173,27.798454381366096,77.36724672856334
165.40992161558907,96.32611496518885,27.342794634010072,77.0583305150277
164.97367244498977,96.36492806341927,28.465519361629173,76.53518701478967
165.62073504189283,95.69933616875886,28.92223377546354,76.17128850323316
167.32764099962498,96.66832605210269,29.250969783647832,76.24883242814883
169.38127910709682,95.87368751151746,29.268822892561086,76.68482909513187
168.66221632048064,94.8291495001976,29.12258420312891,77.51281713450388
169.8348496840739,94.36596299534574,28.30374368745442,77.78951400027273
169.63790188981267,94.56909614507164,27.06303983728897,78.04455073703954
169.0264720684055,95.40646927072841,26.452466292411284,76.99082457468356
165.9356941243759,96.31612916277919,27.12554755048287,76.66370773513472
162.9744344173354,96.57287368779433,28.222895307651456,76.73487477171892
159.67169890599027,97.24510358505367,29.80805635041532,76.95186502353407
155.94589214463082,96.92980004092192,30.742648363777477,77.0717497546886
153.671364513811,98.82093072404956,31.590106826856214,77.0043293652472
150.45824339974104,99.16558155191606,32.941121995403755,76.6702312122947
148.18251240175402,97.76863556848252,33.60121397146359,76.31308220258052
144.69026280353393,97.97092783857372,34.199839475366716,76.06097959772508
141.53540476017346,94.81016689511392,34.12536235881883,76.64020365158393
141.6408026516809,93.51633461163189,32.84556138830324,77.04085669095451
140.1076111947495,92.46701289882533,31.408678203119578,78.12932592078025
139.29123532087326,91.29481715332135,29.80586550056721,78.67721658597495
138.54398823671968,88.54198483337802,27.972501420443294,79.72719308933361
138.1382575979692,88.47683977615196,26.32248969297749,80.02822566280449
136.89957467364158,86.96069079462076,25.998190541236607,80.76836775104243
134.1686774661802,86.93801022945425,26.834270731829868,81.91807541588466
132.90912733875246,86.37147304851482,27.65375925262201,82.64591097227716
133.81136526580016,86.59883000930347,28.32392674624256,83.6081982189031
134.28603167764646,85.11534550903974,28.611817642753337,84.03998796816686
133.10388043373825,85.46462161729222,28.166400908928928,83.72288418575522
133.21016501472698,83.76645441338275,27.381741217199153,83.84498042845146
133.826651858157,86.41659445561949,26.5618613208058,82.71034299692226
132.76322340257883,85.42606282047915,25.84750725264191,83.29478253324334
132.19187587436667,90.01885205930988,25.629612951894376,83.23759037420521
133.71376393774906,93.84919670435197,25.966619425894404,83.69832504803296
135.7355304148977,98.82321571055468,26.901000129941202,84.50640704483573
133.77451671859092,104.74753603571793,29.50646820897616,84.0935350867076
135.90145782707262,110.53126362608296,31.43458091493792,83.73548111040844
141.00054115795305,116.76284713054548,32.58846247915864,82.84307820821084
148.15205386260797,118.36665835300451,33.35331576631141,83.01764553106771
151.38121141512707,120.84294066885111,33.16764846387871,83.08103817720738
151.23919437538612,122.08613760751246,33.00028245126417,82.53139630802917
151.6968043503944,122.15728550735673,32.45418344685415,81.35456736493364
151.42080474955668,118.57096311353959,31.843039968445947,78.98040244385878
150.71748782757493,117.3613945152388,30.319924023785397,77.92564039779809
151.73953247323212,114.94787540580165,28.847076772912008,76.81387507505345
152.74044190325102,112.05569957440937,27.20481730907045,75.79756436037195
152.5904296369277,107.4313788652906,25.917727545414962,74.69035382706753
151.37106618312626,102.98846576848203,26.11709078685308,74.1676989827816
150.4865604878437,101.93083455280957,27.67347402328729,73.8401196735517
148.84323458210807,100.80551804728502,29.380075835472166,73.46657890796982
149.0244900846959,98.93737236509246,30.268225464550056,73.14491658889838
150.30981369583537,97.32123717787798,30.337630076441407,73.34860044874152
149.43097238601584,97.52444417571947,30.56793672388394,72.86019375741833
146.46021846266538,95.95822795309846,30.215885056463133,72.55685891936544
139.10202361290183,95.4224545103252,29.081121379708932,73.63901477821126
132.1190234527866,93.23301861774347,28.274949935127275,76.60205212627116
127.61183465887056,89.77745249631886,28.713135478129438,81.17265869334868
120.81779626394493,82.18400952849561,31.337220135616867,83.65906757506048
110.1421644380761,70.9795912472396,36.96841582558581,80.80401445570527
106.34182596838006,62.23227192978908,44.174779985670824,76.11776114028524
129.27474856881645,54.58408891346292,48.78769811758753,76.26789801665066
145.12732581370705,49.15912558209215,54.644567779505124,76.07967613976545
169.29521767444098,45.3033140650365,58.25401543089208,77.85864695922209
202.18164358074313,41.94551081553545,62.41474766758168,78.67783843730713
224.79250584309355,39.32825695087747,66.0859860165114,79.15584232462616
212.98015908077326,40.11973155642204,68.3314692953941,81.57412966190157
210.1266345820897,43.289971391695516,64.61069395318245,90.78341286285695
227.97093299083397,44.25716640203131,60.42839300524584,99.65416098311995
242.98958744762655,39.49929702949761,56.885510006156416,110.93027793113183
242.65345667816365,40.22399939125662,54.31682682873485,120.2843655303465
238.55868567798987,39.812484013714545,52.34780663539315,127.21051594368713
232.7374793883603,41.932293236697234,51.839785012782684,133.72279248163085
224.42532234871305,44.32934034644154,52.90207205488154,138.12882218707261
229.59111566890675,56.845255617269544,53.55066855397273,141.3710599605755
236.9294126306438,60.043989921047,53.07214187778765,144.09735863237142
238.2051703119746,65.4177421813831,53.351205519252986,146.53925786858585
227.83087873359725,78.78180632856899,52.47017716286758,146.15323411924857
215.80257734112274,93.18793773730327,51.00751100511738,144.76341366391281
201.1498647987226,104.95213161381065,49.24285942061235,144.52833916970928
192.47451158929027,108.94334704937148,47.472081408679884,144.78920479360994
186.2363609053431,109.6429996060578,47.02768513253942,145.74378354418758
180.2988345915062,110.19010539351667,48.370844114647895,146.15842969509814
171.85259706538142,110.86384410422158,50.565882812757565,145.46170209993966
164.04882805879245,110.33874341613165,53.35577270381166,144.5478050661805
165.77933213716761,105.70043711751683,56.043303043437135,143.10439344157385
168.5631800740784,104.32200182311712,58.18445651747011,141.44915265308288
167.48243762500314,98.92877342496878,60.622622064816994,140.2587859875164
171.67536551594256,95.60181529020714,62.26447823981442,137.87024023754051
177.6252668982093,94.72438188365899,62.55422383674944,136.15370050029816
183.0887915912615,97.29322648794533,61.713153607730106,135.16468443574587
186.338917889379,96.09087787299254,59.60254555164411,135.2778680737889
188.8562249592769,98.01698941544835,56.42939778225639,135.79644450157573
189.17293619353936,100.80749712760918,53.56518492993816,135.5123744321855
185.8863445323489,103.516959456879,50.181193862739384,134.97945575550045
183.65760185245537,106.72952382719444,47.34983019228446,133.97736435156662
181.74126759034755,109.51586327268613,46.53762300155509,133.21577528338045
175.5187232011249,110.26467459771868,46.34189456990718,131.90246857867191
